0.104128 -0.000175834 -0.000756352 0.047794271 -0.000826055 -0.000107192 0.000267956 0.999999642
0.208254 -0.000352227 -0.001509618 0.095617794 -0.000854882 -0.000331492 0.000884774 0.999999166
0.312504 -0.000599568 -0.002252027 0.143403962 -0.000379945 -0.000343942 0.001515756 0.999998748
0.416625 -0.000875752 -0.003034081 0.191502944 -0.000412328 -0.000228628 0.001709943 0.999998450
0.520755 -0.001006434 -0.003828602 0.239773586 -0.000841610 -0.000282530 0.001894835 0.999997795
0.625004 -0.001492317 -0.004525207 0.288325429 -0.001443198 -0.000098663 0.002534808 0.999995768
0.729128 -0.001365855 -0.005237297 0.336804420 -0.001675258 -0.000319110 0.002300117 0.999995887
0.833252 -0.001852621 -0.005878994 0.385821283 -0.000679609 -0.000443252 0.001790844 0.999998033
0.937506 -0.002115290 -0.006581292 0.433857679 0.000359496 -0.000542943 0.000735214 0.999999523
1.041630 -0.002723085 -0.007614211 0.482996762 0.000739023 -0.000404151 -0.001097322 0.999999046
1.145875 -0.003308628 -0.008417068 0.531408370 0.000831219 -0.000346370 -0.002293255 0.999996960
1.250003 -0.003564188 -0.009227543 0.581005335 0.000369065 -0.000398904 -0.002731125 0.999996126
1.354255 -0.003819539 -0.009848554 0.629655898 -0.000881840 -0.000071993 -0.001584883 0.999998331
1.458401 -0.004038116 -0.010463693 0.679287255 -0.001675573 0.000013030 0.000419477 0.999998510
1.562526 -0.003784305 -0.011407983 0.727863729 -0.000699477 -0.000183609 0.001693387 0.999998271
1.666754 -0.004294227 -0.011786865 0.777260184 0.000584634 -0.000044641 0.002066876 0.999997675
1.771007 -0.004455758 -0.012978370 0.826939940 0.001101040 0.000218263 0.000879217 0.999998987
1.875129 -0.004924112 -0.013617893 0.876904249 0.000233367 0.000509804 -0.000499353 0.999999702
1.979377 -0.005118709 -0.014473750 0.926775634 -0.001702814 0.000823809 -0.000846566 0.999997854
2.083502 -0.005380311 -0.015103579 0.976734161 -0.002659012 0.001154336 0.000233878 0.999995768
2.187759 -0.005792161 -0.015459813 1.026745081 -0.001456280 0.001131631 0.001871803 0.999996543
2.291881 -0.005286926 -0.016274100 1.076495528 -0.000571612 0.000942350 0.002480476 0.999996305
2.396132 -0.005512840 -0.017015528 1.126959920 0.000807607 0.001252280 0.002618804 0.999995470
2.500257 -0.005558276 -0.017657991 1.177426219 0.001214267 0.001569627 0.001016085 0.999997497
2.604383 -0.006136800 -0.018471820 1.227923393 0.002458856 0.001827672 0.000447377 0.999995232
2.708628 -0.006470267 -0.019334920 1.278301358 0.002106791 0.001995912 0.000102338 0.999995768
2.812757 -0.005912783 -0.020375345 1.329839706 0.001514076 0.001613165 -0.000036716 0.999997556
2.916881 -0.006221392 -0.021160699 1.380970478 0.000732828 0.001503710 -0.000616604 0.999998391
3.021006 -0.005838146 -0.022332847 1.432486653 0.000514379 0.001225733 -0.001768070 0.999997556
3.125256 -0.006330572 -0.023343535 1.483488560 0.000632518 0.001500043 -0.003043338 0.999994040
3.229379 -0.006517913 -0.024085751 1.534861445 0.000542064 0.001448722 -0.004399399 0.999989152
3.333502 -0.006754822 -0.025238970 1.586040258 0.000388576 0.001281880 -0.004760535 0.999987781
3.437629 -0.006882682 -0.025969237 1.638036728 0.000477342 0.001127258 -0.004300769 0.999989986
3.541754 -0.006984465 -0.027199352 1.689489126 0.000575087 0.000779155 -0.003989843 0.999991596
3.645880 -0.007284173 -0.027938262 1.741275072 0.000574987 0.000274649 -0.003586967 0.999993384
3.750007 -0.007327504 -0.028968610 1.792295575 -0.000030809 -0.000279427 -0.003256803 0.999994636
3.854131 -0.007569173 -0.029629489 1.844093680 0.000340513 -0.000837382 -0.003674642 0.999992847
3.958276 -0.008109783 -0.030580178 1.895586848 -0.000117014 -0.001404315 -0.003411312 0.999993145
4.062383 -0.008640354 -0.031663347 1.947618484 -0.000659641 -0.001897938 -0.003589795 0.999991536
4.166506 -0.009083141 -0.032418035 1.999003172 -0.001083799 -0.002218528 -0.002935214 0.999992669
4.270633 -0.009637284 -0.033022285 2.051048994 -0.001065031 -0.002460057 -0.002225513 0.999993920
4.374756 -0.009851300 -0.033743702 2.103214741 -0.000857601 -0.002813816 -0.000367005 0.999995589
4.478884 -0.010585887 -0.034725565 2.155243874 -0.001008192 -0.002786631 0.000052816 0.999995589
4.583132 -0.011030894 -0.035480805 2.207070112 -0.001247112 -0.002564182 0.000322228 0.999995887
4.687259 -0.010704189 -0.035767794 2.257793903 -0.001533266 -0.002534599 0.001472760 0.999994516
4.791384 -0.011044885 -0.036010236 2.308739901 -0.001217140 -0.002209262 0.002505790 0.999993682
4.895505 -0.011641062 -0.037316330 2.360494137 -0.000888449 -0.002105313 0.003283076 0.999992013
4.999630 -0.012166229 -0.038591050 2.411576748 -0.000749363 -0.001648394 0.002785028 0.999994516
5.103758 -0.012433942 -0.039169278 2.463307381 -0.000556438 -0.001405897 0.002081879 0.999996722
5.207869 -0.013264896 -0.040760938 2.515202045 -0.001295176 -0.001064745 0.000022721 0.999998569
5.311998 -0.013675770 -0.040894374 2.565980434 -0.001938204 -0.000825202 -0.000804141 0.999997437
5.416245 -0.012232829 -0.042051569 2.615846157 -0.002283781 -0.000816066 -0.003048471 0.999992430
5.520244 -0.013215357 -0.043022729 2.665551662 -0.002181479 -0.000261168 -0.005066213 0.999984741
5.624505 -0.014932061 -0.043397237 2.717164516 -0.001798888 0.000264964 -0.006312786 0.999978423
5.728633 -0.013814400 -0.043666959 2.769548416 -0.001567799 0.000191878 -0.007592037 0.999969900
5.832639 -0.014230692 -0.044685669 2.820304155 -0.001763110 0.000380921 -0.007962498 0.999966621
5.936757 -0.015310636 -0.045486983 2.871213913 -0.001660929 0.000599877 -0.007261574 0.999972045
6.040889 -0.016064934 -0.046141371 2.921607256 -0.001169763 0.000556209 -0.006713819 0.999976635
6.145012 -0.015707171 -0.047738537 2.971225023 -0.001205008 0.000385998 -0.006682858 0.999976873
6.249010 -0.016754270 -0.047786362 3.021830797 -0.001080227 0.000530044 -0.006662862 0.999977052
6.353135 -0.017939527 -0.047693834 3.071101189 -0.000629513 0.000487314 -0.006250369 0.999980152
6.457260 -0.017407460 -0.049375840 3.121521473 -0.001091479 -0.000223688 -0.006336426 0.999979317
6.561386 -0.017230885 -0.050207458 3.170437098 -0.001522154 -0.000850659 -0.005883961 0.999981165
6.665511 -0.018033115 -0.050424471 3.221206188 -0.001957208 -0.001342513 -0.004507340 0.999987006
6.769636 -0.017754693 -0.051433630 3.269720793 -0.002140020 -0.002007842 -0.003829970 0.999988377
6.873636 -0.018559918 -0.052528445 3.319584131 -0.002216939 -0.002321782 -0.002909553 0.999990582
6.977759 -0.019249611 -0.053646691 3.368208170 -0.001943525 -0.002437623 -0.002392804 0.999992251
7.081885 -0.018894980 -0.054904293 3.416541576 -0.002015977 -0.002759116 -0.001714601 0.999992669
7.186013 -0.019942256 -0.055927027 3.465906143 -0.001655078 -0.002638774 -0.002117707 0.999992907
7.290011 -0.019969717 -0.056408331 3.513585329 -0.001456881 -0.002720535 -0.001834425 0.999993563
7.394135 -0.020719154 -0.057212047 3.563520432 -0.001019691 -0.002584457 -0.002593801 0.999992788
7.498256 -0.021586981 -0.057840027 3.611918926 -0.001040057 -0.002307646 -0.003269608 0.999991417
7.602386 -0.021521475 -0.058877729 3.660459042 -0.002004052 -0.002448216 -0.002983945 0.999990523
7.706383 -0.022373443 -0.059268318 3.708658218 -0.002479586 -0.002239507 -0.003728969 0.999987483
7.810511 -0.022788752 -0.060035232 3.756548643 -0.001697978 -0.002066613 -0.003576237 0.999990046
7.914632 -0.023134360 -0.061163340 3.805618286 -0.000690147 -0.002188231 -0.003320519 0.999991834
8.018763 -0.023602404 -0.062078264 3.854326248 -0.000112253 -0.002313402 -0.002780013 0.999993443
8.122760 -0.023734223 -0.063005738 3.902390957 -0.000773428 -0.002306101 -0.001657757 0.999995649
8.226883 -0.024533167 -0.063788220 3.950688601 -0.001743709 -0.001793538 -0.000408134 0.999996781
8.331011 -0.024455139 -0.064159796 3.999003649 -0.001923412 -0.001473359 0.000191478 0.999997020
8.435138 -0.024656225 -0.064800590 4.046185017 -0.001174782 -0.001268136 0.000689645 0.999998271
8.539282 -0.025170369 -0.065921843 4.094425678 -0.000012453 -0.000873550 -0.000314918 0.999999583
8.643387 -0.025694946 -0.066418938 4.139960766 0.000987488 -0.000216638 -0.000970169 0.999999046
8.747509 -0.025724754 -0.067222632 4.187578678 0.001073339 0.000472863 -0.002906883 0.999995112
8.851635 -0.026054248 -0.067970634 4.237052441 -0.000091521 0.001145048 -0.002705295 0.999995708
8.955763 -0.026329618 -0.069171980 4.284072399 -0.001190665 0.001584000 -0.003083389 0.999993265
9.059886 -0.026333636 -0.069958456 4.332777023 -0.001463025 0.001975413 -0.002825998 0.999992967
9.164012 -0.026419330 -0.070821531 4.379956722 -0.001209003 0.002509268 -0.003167604 0.999991059
9.268135 -0.026427500 -0.072182953 4.427627087 -0.000997363 0.003241784 -0.004274155 0.999985099
9.372259 -0.025429279 -0.073052272 4.473865986 -0.000756128 0.003887109 -0.005567756 0.999976635
9.476392 -0.026402112 -0.073071241 4.524819374 -0.000129411 0.004258265 -0.005981245 0.999972999
9.580513 -0.026445080 -0.074049443 4.573332787 0.000312507 0.004840341 -0.006820867 0.999964952
9.684640 -0.026005171 -0.074759930 4.620208740 0.000381875 0.005253259 -0.006091748 0.999967575
9.788784 -0.025825363 -0.075740255 4.668865681 -0.000247302 0.005713073 -0.005647859 0.999967694
9.892888 -0.025905561 -0.076508656 4.717913151 -0.000621752 0.006168825 -0.005208593 0.999967217
9.997010 -0.025213033 -0.077097036 4.764337540 -0.000726750 0.006240223 -0.004665919 0.999969363
10.101140 -0.024946749 -0.078050092 4.812281609 -0.000813090 0.006355302 -0.003523889 0.999973238
10.205260 -0.024450116 -0.078662291 4.860592365 -0.001133168 0.006124035 -0.002846379 0.999976516
10.309390 -0.023974895 -0.079455093 4.909252644 -0.000903800 0.005847909 -0.002139548 0.999980211
10.413390 -0.023957901 -0.079907097 4.956885338 -0.000848138 0.005336953 -0.001378920 0.999984443
10.517510 -0.023777526 -0.080793411 5.005287170 -0.001308251 0.004789231 -0.000650562 0.999987483
10.621640 -0.023201935 -0.081694707 5.053348064 -0.001477407 0.004145328 0.000061313 0.999990284
10.725760 -0.023239143 -0.082430504 5.101295948 -0.001418648 0.003642828 0.000202133 0.999992311
10.829890 -0.022864098 -0.083035938 5.149321556 -0.001013639 0.002959328 0.000238945 0.999995053
10.934020 -0.022990201 -0.084063433 5.197848797 -0.000912931 0.002513536 0.000374363 0.999996364
11.038140 -0.022963105 -0.084657647 5.246191502 0.000380207 0.001990443 0.001612341 0.999996662
11.142270 -0.022332249 -0.085605145 5.293562412 0.000494702 0.001310926 0.004506453 0.999988854
11.246390 -0.022092864 -0.086572431 5.342907906 -0.000686235 0.000756104 0.008320080 0.999964833
11.350520 -0.021887740 -0.087248914 5.389244556 -0.001465204 0.000022972 0.011670600 0.999930799
11.454640 -0.021709563 -0.088032126 5.437798977 0.000182950 -0.000510025 0.013406777 0.999909997
11.558780 -0.022283593 -0.088916145 5.486015797 0.001791810 -0.000210784 0.012983653 0.999914110
11.663020 -0.022494584 -0.090402231 5.532991409 0.002624046 0.000192151 0.011515501 0.999930203
11.767160 -0.022841426 -0.091577441 5.581378460 0.002656996 0.000602224 0.011531152 0.999929786
11.871260 -0.022915205 -0.093013413 5.629873753 0.000680791 0.000939104 0.013437794 0.999909043
11.975390 -0.022540562 -0.093300976 5.677872658 -0.000446226 0.001139634 0.015726943 0.999875546
12.079640 -0.022000402 -0.094066061 5.726913929 -0.001083717 0.001020542 0.017525071 0.999845326
12.183770 -0.021758800 -0.094800510 5.776061535 -0.000959771 0.001016901 0.018103402 0.999835134
12.287890 -0.022495812 -0.095811039 5.822896481 -0.001442072 0.001616488 0.017458383 0.999845266
12.392020 -0.022578584 -0.096544698 5.871489048 -0.001066306 0.002114649 0.015777480 0.999872744
12.496260 -0.022771450 -0.097115353 5.919841290 0.000075310 0.002557539 0.013798906 0.999901533
12.600390 -0.022876520 -0.098077677 5.968756199 0.000537252 0.003074155 0.011863549 0.999924719
12.704520 -0.022839747 -0.099383265 6.017212391 -0.000150842 0.003289069 0.010806704 0.999936163
12.808640 -0.023059677 -0.099894665 6.065918922 0.000057357 0.003129336 0.010141435 0.999943674
12.912790 -0.022886366 -0.100828007 6.114238262 0.001259820 0.002893297 0.008863850 0.999955714
13.016890 -0.022628577 -0.101693347 6.163971424 0.002694194 0.002480702 0.007110618 0.999967992
13.121140 -0.022963911 -0.102557883 6.213420868 0.003456029 0.002392253 0.004316049 0.999981821
13.225270 -0.023305394 -0.103292048 6.261610031 0.002934085 0.002636017 0.002155102 0.999989867
13.329390 -0.023214009 -0.104680933 6.312778950 0.001847506 0.002796082 0.000744023 0.999994099
13.433520 -0.023176383 -0.105434798 6.362320900 0.000804098 0.002841544 0.000155512 0.999995649
13.537640 -0.023051880 -0.106300734 6.411336422 0.000369855 0.002438034 0.001965661 0.999994993
13.641770 -0.023003211 -0.106946550 6.460381508 0.000435434 0.001607772 0.002989391 0.999994159
13.745910 -0.023006815 -0.107829534 6.509872437 0.002549571 0.000588936 0.003104887 0.999991715
13.850020 -0.023281310 -0.108417287 6.559741020 0.004782029 -0.000195383 0.002373237 0.999985695
13.954150 -0.023929352 -0.109737515 6.610531330 0.005097632 -0.000502823 -0.000082512 0.999986887
14.058400 -0.024671515 -0.110843614 6.660063267 0.004551082 -0.000546687 -0.001398007 0.999988496
14.162520 -0.024853570 -0.112808093 6.708184242 0.002588371 -0.000465998 -0.002424453 0.999993563
14.266640 -0.025616195 -0.113405623 6.758647442 0.001650943 -0.000289517 -0.002295200 0.999995947
14.370770 -0.025973927 -0.114314936 6.808498859 0.001201146 -0.000223850 -0.002322131 0.999996543
14.474890 -0.025596742 -0.115444764 6.858812332 0.000833330 -0.000377692 -0.001451541 0.999998510
14.579010 -0.025825443 -0.116205692 6.908604145 0.000638859 -0.000202380 -0.000213276 0.999999762
14.683140 -0.025991268 -0.116405636 6.960275650 0.000927272 -0.000100537 0.000825681 0.999999225
14.787290 -0.025653273 -0.117609233 7.010595798 0.000265762 -0.000007792 0.002634603 0.999996483
14.891390 -0.025982875 -0.118170813 7.060806751 -0.000360415 0.000374640 0.004473628 0.999989867
14.995520 -0.025759032 -0.119101107 7.112113476 -0.000229985 0.000495379 0.005625403 0.999984026
15.099640 -0.025527975 -0.120524347 7.163154125 0.001681678 0.000375903 0.005077021 0.999985635
15.203790 -0.026367422 -0.121525779 7.214793205 0.004247198 0.000578164 0.001503436 0.999989688
15.308020 -0.026905831 -0.122593209 7.265902519 0.004268161 0.001263823 -0.002977305 0.999985635
15.412140 -0.027794724 -0.123501532 7.317310333 0.002397957 0.001983383 -0.006947584 0.999971032
15.516270 -0.028380506 -0.124410674 7.369103909 0.001354184 0.002434548 -0.007540734 0.999967694
15.620390 -0.028348718 -0.125354767 7.419542789 0.001189383 0.002309659 -0.006674346 0.999974310
15.724520 -0.028387932 -0.126358360 7.471290588 0.001187282 0.001810804 -0.005175266 0.999984264
15.828640 -0.027695976 -0.127514675 7.523156166 0.001495607 0.001097600 -0.004068374 0.999989986
15.932650 -0.027982065 -0.128540650 7.576543808 0.001739964 0.000815283 -0.004336739 0.999988735
16.036770 -0.028131044 -0.129600197 7.629001617 0.001774111 0.000712335 -0.005274971 0.999984264
16.140900 -0.028217897 -0.130242527 7.681887150 0.001400030 0.000624201 -0.005799687 0.999981999
16.245020 -0.029287707 -0.131331891 7.732964039 0.001482734 0.000699672 -0.005156445 0.999985337
16.349140 -0.029271094 -0.132594824 7.785660744 0.001961289 0.000454016 -0.005228139 0.999984264
16.453270 -0.029501328 -0.133361042 7.838638306 0.002232468 0.000279691 -0.004915997 0.999985397
16.557390 -0.029978385 -0.134391785 7.891812801 0.002277059 0.000075961 -0.004673861 0.999986470
16.661520 -0.030363772 -0.135466948 7.945096016 0.002535510 0.000003944 -0.005130458 0.999983609
16.765650 -0.030445362 -0.136855945 7.998741150 0.002512522 -0.000229785 -0.005059720 0.999984026
16.869650 -0.030912198 -0.137579888 8.051417351 0.002703298 -0.000339431 -0.005539156 0.999980927
16.973770 -0.031110223 -0.138961121 8.104686737 0.002684157 -0.000549238 -0.005370522 0.999981821
17.077890 -0.031449437 -0.139574915 8.158167839 0.002862197 -0.000678730 -0.005952823 0.999977946
17.182030 -0.031828944 -0.141059071 8.211075783 0.002649675 -0.000717441 -0.005191854 0.999982774
17.286140 -0.032432303 -0.141955197 8.264556885 0.002977423 -0.000595023 -0.004827212 0.999983728
17.390270 -0.032034036 -0.143305182 8.318682671 0.002768345 -0.000836219 -0.003975018 0.999987900
17.494400 -0.032801196 -0.144529134 8.373049736 0.002418309 -0.000612303 -0.003362139 0.999991238
17.598420 -0.033218972 -0.145598054 8.427571297 0.002472885 -0.000663905 -0.003436320 0.999990821
17.702520 -0.032810532 -0.146883532 8.480080605 0.002414042 -0.000975102 -0.003302442 0.999991179
17.806640 -0.032696724 -0.147681803 8.533919334 0.002861629 -0.001059047 -0.003607007 0.999988854
17.910650 -0.033883531 -0.148540795 8.588624001 0.002622526 -0.000575490 -0.004078099 0.999988079
18.014770 -0.034226749 -0.149915993 8.642024994 0.001510508 -0.000196085 -0.004454754 0.999988914
18.118900 -0.034044791 -0.151135117 8.696795464 0.001298525 -0.000175195 -0.004392543 0.999989510
18.223020 -0.034517370 -0.151994139 8.750931740 0.002170299 0.000173167 -0.004454968 0.999987662
18.327020 -0.034905918 -0.153434828 8.804549217 0.002686303 0.000484030 -0.004629686 0.999985516
18.431150 -0.034655038 -0.154543996 8.859633446 0.002373497 0.000345145 -0.004775057 0.999985695
18.535360 -0.035823919 -0.155675143 8.912877083 0.001875077 0.000811657 -0.004830220 0.999986231
18.639420 -0.035953142 -0.156911239 8.967382431 0.001754145 0.000644685 -0.005205797 0.999984682
18.743480 -0.035894096 -0.158061966 9.021674156 0.001701831 0.000265793 -0.005146441 0.999985218
18.847540 -0.036126707 -0.159266517 9.076607704 0.001523012 0.000336209 -0.005888201 0.999981463
18.951650 -0.036730826 -0.159865946 9.130072594 0.001775813 0.000524648 -0.006385565 0.999977887
19.055650 -0.036890466 -0.161173671 9.184958458 0.001605165 0.000376045 -0.006584118 0.999976993
19.159650 -0.037407123 -0.162070587 9.239789963 0.001550645 0.000400800 -0.005871206 0.999981463
19.263770 -0.037629455 -0.163073659 9.294912338 0.001330807 0.000353704 -0.005161569 0.999985754
19.367870 -0.037760604 -0.163910866 9.349433899 0.000930792 0.000243962 -0.003800397 0.999992311
19.471780 -0.037808254 -0.165079772 9.404510498 0.001303320 -0.000044392 -0.003028040 0.999994576
19.575900 -0.037890103 -0.165957540 9.458169937 0.001727164 -0.000151732 -0.002111543 0.999996245
19.679910 -0.038136937 -0.166487828 9.513278961 0.001236509 0.000156235 -0.001402612 0.999998212
19.784020 -0.038033854 -0.167711988 9.567122459 0.000180524 0.000102360 -0.000298318 0.999999940
19.888070 -0.037977278 -0.168460354 9.621537209 0.000792958 0.000085540 -0.000218822 0.999999642
19.992130 -0.038556684 -0.169490844 9.675124168 0.001129305 0.000495368 0.000177051 0.999999225
20.096150 -0.038700845 -0.170708746 9.730350494 0.001221786 0.000736023 0.000113035 0.999998987
20.200150 -0.039002456 -0.171679899 9.783927917 0.001293982 0.001256603 -0.001103271 0.999997795
20.304270 -0.039652959 -0.172828317 9.837962151 0.001391956 0.001861618 -0.001705979 0.999995828
20.408270 -0.040566504 -0.173970714 9.892803192 0.001616829 0.002575644 -0.002732700 0.999991655
20.512310 -0.039999805 -0.175114542 9.946302414 0.001601632 0.002816253 -0.002640464 0.999991238
20.616400 -0.040135667 -0.176253796 10.000629425 0.002056976 0.003191439 -0.002704593 0.999989152
20.720420 -0.040581144 -0.176740050 10.055953026 0.002495867 0.003592190 -0.002467557 0.999987364
20.824520 -0.039258763 -0.178302303 10.106982231 0.001992580 0.004010244 -0.002157259 0.999987662
20.928690 -0.039622404 -0.179156810 10.162635803 0.001747482 0.004478670 -0.001958187 0.999986529
21.032780 -0.039086416 -0.180763215 10.215622902 0.001418124 0.004515616 -0.001414451 0.999987781
21.136780 -0.038436919 -0.181994230 10.270169258 0.002619605 0.004329616 -0.000860196 0.999986827
21.240880 -0.039049208 -0.183091611 10.325381279 0.003922096 0.004552137 -0.000806311 0.999981642
21.344920 -0.038172573 -0.184194952 10.378105164 0.003817640 0.003910331 -0.000764327 0.999984741
21.448900 -0.037564054 -0.186215311 10.431779861 0.003700736 0.003476747 -0.000313237 0.999987066
21.552900 -0.037479088 -0.187244058 10.486616135 0.004077167 0.002952171 -0.000505439 0.999987185
21.657020 -0.037380926 -0.188460857 10.541997910 0.004166059 0.002567848 -0.000306044 0.999988019
21.761020 -0.037376102 -0.189884305 10.594513893 0.003891187 0.002268167 -0.000123635 0.999989808
21.865030 -0.037477918 -0.190869734 10.648965836 0.003755389 0.001662892 0.001097242 0.999990940
21.969150 -0.038222574 -0.192380756 10.705533028 0.003181969 0.001393855 0.000343996 0.999993920
22.073170 -0.038120072 -0.193720654 10.755562782 0.002452809 0.001105833 -0.000586359 0.999996185
22.177150 -0.038352787 -0.194860429 10.810329437 0.002428246 0.001478411 -0.000773428 0.999995649
22.281150 -0.037486494 -0.196147263 10.864690781 0.002409121 0.001629627 -0.000475057 0.999995649
22.385270 -0.037541486 -0.196890011 10.919907570 0.002564315 0.001738870 0.000294388 0.999995172
22.489270 -0.037521150 -0.198092788 10.974788666 0.003041263 0.001877312 0.000963489 0.999993145
22.593280 -0.036661338 -0.199700445 11.028060913 0.004075256 0.001980560 0.001409163 0.999988735
22.697420 -0.036267549 -0.200826347 11.082726479 0.004636055 0.001824915 0.001585623 0.999986291
22.801400 -0.036635373 -0.202370077 11.137349129 0.005069460 0.000822861 0.001200456 0.999986053
22.905400 -0.037075479 -0.203851849 11.192490578 0.004690506 -0.000166849 0.000636298 0.999988794
23.009400 -0.037721541 -0.204555199 11.248795509 0.003291218 -0.000251707 -0.000465651 0.999994457
23.113490 -0.036723442 -0.205754265 11.302937508 0.001769839 -0.000286795 0.000604289 0.999998212
23.217420 -0.036906023 -0.206691518 11.359124184 0.001465762 -0.000321429 0.001155994 0.999998212
23.321400 -0.037474997 -0.208709240 11.414668083 0.001753262 -0.000138299 0.001924808 0.999996603
23.425400 -0.039616995 -0.209036082 11.465862274 0.002073348 0.000631572 0.001847873 0.999995947
23.529550 -0.040350180 -0.210099980 11.521655083 0.002024482 0.000927352 0.001762047 0.999995947
23.633550 -0.040916137 -0.211346924 11.577262878 0.002097213 0.001243000 0.001699477 0.999995589
23.737530 -0.038600266 -0.212722570 11.630015373 0.002451994 0.001039746 0.000939418 0.999996006
23.841660 -0.038102478 -0.213345587 11.685994148 0.002870600 0.001240907 0.000342266 0.999995053
23.945650 -0.040439151 -0.214800835 11.740850449 0.002065585 0.002198909 0.000791966 0.999995112
24.049650 -0.039613187 -0.216088668 11.797521591 0.001810456 0.002034102 0.000750289 0.999996006
24.153670 -0.039455753 -0.217166081 11.850135803 0.002238753 0.001971429 0.001841637 0.999993861
24.257780 -0.040988483 -0.219127923 11.903812408 0.002003260 0.002434999 0.000781875 0.999994695
24.361780 -0.040802270 -0.218616247 11.958148956 0.003732608 0.002343047 -0.000344265 0.999990225
24.465780 -0.039163224 -0.221083388 12.013821602 0.004747696 0.001439514 -0.000736327 0.999987423
24.569780 -0.038820956 -0.222072780 12.068376541 0.004608260 0.000917257 -0.001265389 0.999988139
24.673900 -0.039035868 -0.223783880 12.124686241 0.002707486 0.000253800 -0.001450440 0.999995232
24.777900 -0.039818097 -0.224778190 12.177441597 0.001436398 0.000092658 -0.002261259 0.999996364
24.882030 -0.039388947 -0.226269513 12.232026100 0.001996104 -0.000774261 -0.002628402 0.999994278
24.986020 -0.038608320 -0.227387547 12.285371780 0.003000219 -0.001897789 -0.002705563 0.999990046
25.090170 -0.040163472 -0.228546694 12.340714455 0.002125187 -0.002589359 -0.001697393 0.999992907
25.194150 -0.041071590 -0.229398727 12.395701408 0.002055537 -0.003012072 -0.000902876 0.999992907
25.298280 -0.041591678 -0.231181651 12.450859070 0.002386699 -0.003384704 -0.000902117 0.999991000
25.402400 -0.041680519 -0.232661903 12.503570557 0.002509334 -0.003386657 -0.001194075 0.999990404
25.506530 -0.042159911 -0.233622983 12.557362556 0.002700936 -0.003468255 -0.000868978 0.999989927
25.610540 -0.042891882 -0.234748811 12.612008095 0.002910842 -0.003339028 -0.000815746 0.999989867
25.714650 -0.042897232 -0.235606730 12.667850494 0.003514279 -0.003611085 -0.000999292 0.999986768
25.818650 -0.043843776 -0.236923039 12.722031593 0.003929197 -0.003569738 -0.000679739 0.999985635
25.922780 -0.044181082 -0.238266036 12.777311325 0.003662506 -0.003752566 -0.000050126 0.999986231
26.026980 -0.044322234 -0.239805222 12.830955505 0.004194444 -0.003681138 -0.001080218 0.999983847
26.130900 -0.044809710 -0.241252482 12.885462761 0.004889740 -0.003774396 -0.000668399 0.999980688
26.235050 -0.045903608 -0.242325217 12.940894127 0.004199486 -0.003392332 -0.000554683 0.999985278
26.339150 -0.045282621 -0.243659273 12.994314194 0.003608916 -0.003922857 0.001600623 0.999984503
26.443290 -0.046038210 -0.244975790 13.048555374 0.004107497 -0.003836164 0.001896400 0.999982417
26.547800 -0.046775401 -0.246072978 13.103181839 0.004484673 -0.003675055 0.001737201 0.999981701
26.651410 -0.047192402 -0.247253090 13.158753395 0.004346180 -0.003643288 0.000617732 0.999983728
26.757930 -0.047615394 -0.248901248 13.213224411 0.003755425 -0.003594833 0.000239944 0.999986410
26.862580 -0.049315453 -0.250485718 13.268255234 0.003656563 -0.003134500 0.000392179 0.999988317
26.963660 -0.048777912 -0.251281083 13.323613167 0.004444194 -0.003509613 0.000274346 0.999983907
27.067820 -0.049731031 -0.252731621 13.378627777 0.004716050 -0.003256070 -0.000087398 0.999983609
27.171920 -0.049938444 -0.254208803 13.433609009 0.004708418 -0.003290695 0.000052755 0.999983490
27.276060 -0.050652120 -0.255535305 13.488335609 0.004763492 -0.003067014 -0.000821870 0.999983609
27.380140 -0.051273808 -0.256661713 13.545069695 0.004629831 -0.002981091 -0.001593042 0.999983549
27.484700 -0.051846437 -0.257969856 13.600920677 0.005228087 -0.002781254 -0.002761687 0.999978662
27.588410 -0.052275974 -0.259497702 13.655040741 0.005425230 -0.002823575 -0.002629147 0.999977827
27.692530 -0.052718826 -0.261334389 13.708951950 0.005237062 -0.002721356 -0.002755280 0.999978781
27.796540 -0.053628139 -0.262309015 13.766012192 0.005156736 -0.002594857 -0.003776150 0.999976218
27.900670 -0.054678455 -0.264056921 13.822908401 0.004930475 -0.002539836 -0.003971784 0.999976754
28.005230 -0.054566719 -0.265438378 13.876285553 0.005159751 -0.002424509 -0.005029014 0.999971092
28.108940 -0.055058751 -0.267026961 13.931087494 0.005105961 -0.002497029 -0.005492453 0.999968767
