#frame chA chB nCorr nA nB MNR GNR DICE
2 0 1 0 337 139 0 0 0
3 0 1 0 275 131 0 0 0
4 0 1 0 225 135 0 0 0
5 0 1 0 257 127 0 0 0
6 0 1 1 273 143 0.00699301 0.00506117 0.00480769
7 0 1 1 311 143 0.00699301 0.00474189 0.00440529
8 0 1 0 301 139 0 0 0
9 0 1 0 309 135 0 0 0
10 0 1 0 283 146 0 0 0
11 0 1 1 281 149 0.00671141 0.00488713 0.00465116
12 0 1 1 301 171 0.00584795 0.00440777 0.00423729
13 0 1 1 229 132 0.00757576 0.00575169 0.00554017
14 0 1 1 245 154 0.00649351 0.00514821 0.00501253
15 0 1 0 241 157 0 0 0
16 0 1 0 277 151 0 0 0
17 0 1 1 294 148 0.00675676 0.00479397 0.00452489
18 0 1 0 284 165 0 0 0
19 0 1 0 307 176 0 0 0
20 0 1 0 291 159 0 0 0
21 0 1 0 216 116 0 0 0
22 0 1 0 222 105 0 0 0
23 0 1 1 203 114 0.00877193 0.00657354 0.00630915
24 0 1 0 208 94 0 0 0
25 0 1 1 211 96 0.0104167 0.00702624 0.00651466
26 0 1 0 200 118 0 0 0
27 0 1 0 204 109 0 0 0
28 0 1 0 144 77 0 0 0
29 0 1 0 155 73 0 0 0
30 0 1 0 152 108 0 0 0
31 0 1 0 111 87 0 0 0
32 0 1 0 124 93 0 0 0
33 0 1 0 86 72 0 0 0
34 0 1 0 143 69 0 0 0
35 0 1 0 108 59 0 0 0
36 0 1 0 135 70 0 0 0
37 0 1 0 101 59 0 0 0
38 0 1 0 149 68 0 0 0
39 0 1 1 131 63 0.015873 0.0110076 0.0103093
40 0 1 0 106 42 0 0 0
41 0 1 0 155 75 0 0 0
42 0 1 0 109 65 0 0 0
43 0 1 0 91 42 0 0 0
44 0 1 0 122 64 0 0 0
45 0 1 0 95 67 0 0 0
46 0 1 0 89 45 0 0 0
47 0 1 0 126 63 0 0 0
48 0 1 0 103 64 0 0 0
49 0 1 0 89 46 0 0 0
50 0 1 0 130 86 0 0 0
51 0 1 0 109 80 0 0 0
52 0 1 0 96 60 0 0 0
53 0 1 0 82 49 0 0 0
54 0 1 0 122 62 0 0 0
55 0 1 1 112 58 0.0172414 0.0124073 0.0117647
56 0 1 0 82 44 0 0 0
57 0 1 0 112 53 0 0 0
58 0 1 1 97 47 0.0212766 0.0148103 0.0138889
59 0 1 0 70 36 0 0 0
60 0 1 0 131 59 0 0 0
61 0 1 0 115 55 0 0 0
62 0 1 0 93 43 0 0 0
63 0 1 0 69 38 0 0 0
64 0 1 0 110 64 0 0 0
65 0 1 0 94 71 0 0 0
66 0 1 1 74 47 0.0212766 0.0169565 0.0165289
67 0 1 1 142 79 0.0126582 0.00944153 0.00904977
68 0 1 0 113 73 0 0 0
69 0 1 0 94 53 0 0 0
70 0 1 0 90 53 0 0 0
71 0 1 3 81 40 0.075 0.0527046 0.0495868
72 0 1 3 129 53 0.0566038 0.0362818 0.032967
73 0 1 2 114 55 0.0363636 0.0252578 0.0236686
74 0 1 0 111 44 0 0 0
75 0 1 0 100 38 0 0 0
76 0 1 0 161 69 0 0 0
77 0 1 0 129 76 0 0 0
78 0 1 0 131 66 0 0 0
79 0 1 0 118 57 0 0 0
80 0 1 0 98 54 0 0 0
81 0 1 0 72 51 0 0 0
82 0 1 0 167 84 0 0 0
83 0 1 0 136 71 0 0 0
84 0 1 0 116 66 0 0 0
85 0 1 0 93 60 0 0 0
86 0 1 1 92 48 0.0208333 0.0150482 0.0142857
87 0 1 0 75 40 0 0 0
88 0 1 0 169 70 0 0 0
89 0 1 0 141 70 0 0 0
90 0 1 0 138 61 0 0 0
91 0 1 0 108 54 0 0 0
92 0 1 0 90 42 0 0 0
93 0 1 1 185 92 0.0108696 0.00766514 0.00722022
94 0 1 1 155 97 0.0103093 0.00815546 0.00793651
95 0 1 1 136 79 0.0126582 0.00964755 0.00930233
96 0 1 0 132 63 0 0 0
97 0 1 0 205 117 0 0 0
98 0 1 0 153 109 0 0 0
99 0 1 0 141 87 0 0 0
100 0 1 0 112 71 0 0 0
101 0 1 0 161 93 0 0 0
102 0 1 0 137 95 0 0 0
103 0 1 0 110 71 0 0 0
104 0 1 0 176 98 0 0 0
105 0 1 0 149 82 0 0 0
106 0 1 0 122 77 0 0 0
107 0 1 0 193 103 0 0 0
108 0 1 0 148 97 0 0 0
109 0 1 0 128 61 0 0 0
110 0 1 0 187 91 0 0 0
111 0 1 0 157 72 0 0 0
112 0 1 0 131 52 0 0 0
113 0 1 0 174 83 0 0 0
114 0 1 0 135 74 0 0 0
115 0 1 0 97 45 0 0 0
116 0 1 0 121 64 0 0 0
117 0 1 0 91 61 0 0 0
118 0 1 0 153 83 0 0 0
119 0 1 0 113 73 0 0 0
120 0 1 0 64 45 0 0 0
121 0 1 0 99 55 0 0 0
122 0 1 0 70 42 0 0 0
123 0 1 0 115 70 0 0 0
124 0 1 0 88 59 0 0 0
125 0 1 0 52 36 0 0 0
126 0 1 0 65 48 0 0 0
127 0 1 0 32 37 0 0 0
128 0 1 0 40 33 0 0 0
129 0 1 0 22 28 0 0 0
130 0 1 0 42 40 0 0 0
131 0 1 0 30 35 0 0 0
132 0 1 0 20 25 0 0 0
133 0 1 0 39 24 0 0 0
134 0 1 1 26 16 0.0625 0.049029 0.047619
135 0 1 1 48 42 0.0238095 0.0222718 0.0222222
136 0 1 1 32 36 0.03125 0.0294628 0.0294118
137 0 1 0 23 20 0 0 0
138 0 1 0 50 36 0 0 0
139 0 1 0 38 34 0 0 0
140 0 1 0 32 22 0 0 0
141 0 1 0 80 50 0 0 0
142 0 1 0 77 51 0 0 0
143 0 1 0 59 40 0 0 0
144 0 1 0 51 36 0 0 0
145 0 1 0 104 85 0 0 0
146 0 1 0 99 94 0 0 0
147 0 1 0 86 75 0 0 0
148 0 1 0 65 62 0 0 0
149 0 1 0 62 43 0 0 0
150 0 1 0 120 95 0 0 0
151 0 1 1 110 104 0.00961538 0.00934947 0.00934579
152 0 1 1 103 88 0.0113636 0.0105036 0.0104712
153 0 1 0 82 71 0 0 0
154 0 1 0 61 58 0 0 0
155 0 1 0 97 81 0 0 0
156 0 1 0 84 83 0 0 0
157 0 1 0 91 65 0 0 0
158 0 1 0 71 56 0 0 0
159 0 1 0 130 80 0 0 0
160 0 1 1 118 70 0.0142857 0.011003 0.0106383
161 0 1 2 99 51 0.0392157 0.0281467 0.0266667
162 0 1 4 73 41 0.097561 0.073115 0.0701754
163 0 1 5 105 51 0.0980392 0.0683267 0.0641026
164 0 1 2 83 41 0.0487805 0.0342846 0.0322581
165 0 1 5 75 40 0.125 0.0912871 0.0869565
166 0 1 4 137 47 0.0851064 0.0498484 0.0434783
167 0 1 0 113 48 0 0 0
168 0 1 7 103 49 0.142857 0.0985329 0.0921053
169 0 1 4 81 30 0.133333 0.0811441 0.0720721
170 0 1 2 108 41 0.0487805 0.0300557 0.0268456
171 0 1 3 87 39 0.0769231 0.0515026 0.047619
172 0 1 2 80 38 0.0526316 0.0362738 0.0338983
173 0 1 2 65 34 0.0588235 0.0425436 0.040404
174 0 1 2 93 48 0.0416667 0.0299342 0.0283688
175 0 1 4 67 48 0.0833333 0.0705346 0.0695652
176 0 1 3 67 45 0.0666667 0.0546358 0.0535714
177 0 1 1 57 34 0.0294118 0.0227155 0.021978
178 0 1 1 76 64 0.015625 0.0143385 0.0142857
179 0 1 0 70 63 0 0 0
180 0 1 0 62 58 0 0 0
181 0 1 2 56 55 0.0363636 0.0360375 0.036036
182 0 1 0 50 47 0 0 0
183 0 1 1 42 39 0.025641 0.0247083 0.0246914
184 0 1 0 71 64 0 0 0
185 0 1 0 57 64 0 0 0
186 0 1 0 58 60 0 0 0
187 0 1 0 51 54 0 0 0
188 0 1 0 47 51 0 0 0
189 0 1 0 41 47 0 0 0
190 0 1 1 32 41 0.03125 0.0276079 0.0273973
191 0 1 0 61 55 0 0 0
192 0 1 0 56 53 0 0 0
193 0 1 0 44 46 0 0 0
194 0 1 0 43 37 0 0 0
195 0 1 0 59 71 0 0 0
196 0 1 0 48 70 0 0 0
197 0 1 0 44 55 0 0 0
198 0 1 0 45 56 0 0 0
199 0 1 0 35 51 0 0 0
200 0 1 0 75 63 0 0 0
201 0 1 0 55 51 0 0 0
202 0 1 0 69 54 0 0 0
203 0 1 0 48 69 0 0 0
204 0 1 0 64 73 0 0 0
205 0 1 0 54 83 0 0 0
206 0 1 0 61 85 0 0 0
207 0 1 0 68 71 0 0 0
208 0 1 0 66 76 0 0 0
209 0 1 0 75 88 0 0 0
210 0 1 0 81 85 0 0 0
211 0 1 0 95 83 0 0 0
212 0 1 0 119 76 0 0 0
213 0 1 0 108 83 0 0 0
214 0 1 0 117 93 0 0 0
215 0 1 0 142 122 0 0 0
216 0 1 0 113 120 0 0 0
217 0 1 0 161 126 0 0 0
218 0 1 0 125 120 0 0 0
219 0 1 0 162 148 0 0 0
220 0 1 0 143 132 0 0 0
221 0 1 0 92 86 0 0 0
222 0 1 0 147 98 0 0 0
223 0 1 0 119 86 0 0 0
224 0 1 0 185 98 0 0 0
225 0 1 0 149 84 0 0 0
226 0 1 0 180 104 0 0 0
227 0 1 0 139 96 0 0 0
228 0 1 0 189 123 0 0 0
229 0 1 0 154 110 0 0 0
230 0 1 0 202 119 0 0 0
231 0 1 0 177 102 0 0 0
232 0 1 1 211 103 0.00970874 0.00678329 0.00636943
233 0 1 2 258 122 0.0163934 0.011273 0.0105263
234 0 1 2 207 94 0.0212766 0.0143377 0.013289
235 0 1 1 222 90 0.0111111 0.00707461 0.00641026
236 0 1 0 225 85 0 0 0
237 0 1 0 190 99 0 0 0
238 0 1 0 197 117 0 0 0
239 0 1 0 217 126 0 0 0
240 0 1 1 199 126 0.00793651 0.00631522 0.00615385
241 0 1 0 199 114 0 0 0
242 0 1 0 152 100 0 0 0
243 0 1 0 159 113 0 0 0
244 0 1 1 182 147 0.00680272 0.00611372 0.00607903
245 0 1 0 158 128 0 0 0
246 0 1 0 198 143 0 0 0
247 0 1 0 166 143 0 0 0
248 0 1 1 220 144 0.00694444 0.00561833 0.00549451
249 0 1 1 176 138 0.00724638 0.00641659 0.00636943
250 0 1 0 201 149 0 0 0
251 0 1 0 159 138 0 0 0
252 0 1 0 201 156 0 0 0
253 0 1 0 168 146 0 0 0
254 0 1 0 246 154 0 0 0
255 0 1 0 192 155 0 0 0
256 0 1 0 238 154 0 0 0
257 0 1 0 184 159 0 0 0
258 0 1 0 257 168 0 0 0
259 0 1 0 218 162 0 0 0
260 0 1 1 233 163 0.00613497 0.00513131 0.00505051
261 0 1 2 203 166 0.0120482 0.010895 0.0108401
262 0 1 2 248 168 0.0119048 0.00979827 0.00961538
263 0 1 1 194 165 0.00606061 0.0055893 0.00557103
264 0 1 0 241 152 0 0 0
265 0 1 0 214 148 0 0 0
266 0 1 1 237 167 0.00598802 0.00502652 0.00495049
267 0 1 1 206 145 0.00689655 0.00578605 0.00569801
268 0 1 1 204 214 0.00490196 0.00478606 0.00478469
269 0 1 0 161 204 0 0 0
270 0 1 0 87 91 0 0 0
271 0 1 0 149 141 0 0 0
272 0 1 0 184 169 0 0 0
273 0 1 1 158 134 0.00746269 0.00687257 0.00684932
274 0 1 1 209 146 0.00684932 0.00572467 0.0056338
275 0 1 1 181 151 0.00662252 0.00604884 0.0060241
276 0 1 2 231 167 0.011976 0.0101828 0.0100503
277 0 1 2 193 134 0.0149254 0.0124365 0.0122324
278 0 1 0 227 119 0 0 0
279 0 1 1 218 126 0.00793651 0.00603374 0.00581395
280 0 1 0 263 138 0 0 0
281 0 1 1 216 116 0.00862069 0.00631748 0.0060241
282 0 1 0 279 112 0 0 0
283 0 1 0 207 109 0 0 0
284 0 1 0 259 109 0 0 0
285 0 1 1 221 98 0.0102041 0.00679502 0.00626959
286 0 1 0 246 93 0 0 0
287 0 1 0 210 93 0 0 0
288 0 1 0 228 114 0 0 0
289 0 1 0 175 105 0 0 0
290 0 1 1 220 131 0.00763359 0.00589051 0.00569801
291 0 1 1 188 122 0.00819672 0.006603 0.00645161
292 0 1 1 221 128 0.0078125 0.00594564 0.00573066
293 0 1 1 171 118 0.00847458 0.00703981 0.00692042
294 0 1 1 208 132 0.00757576 0.00603506 0.00588235
295 0 1 1 164 119 0.00840336 0.00715821 0.00706714
296 0 1 1 233 129 0.00775194 0.00576803 0.00552486
297 0 1 0 167 120 0 0 0
298 0 1 0 189 119 0 0 0
299 0 1 0 146 111 0 0 0
300 0 1 0 181 110 0 0 0
301 0 1 0 132 111 0 0 0
302 0 1 0 185 130 0 0 0
303 0 1 0 155 116 0 0 0
304 0 1 1 122 89 0.011236 0.00959677 0.00947867
305 0 1 0 175 109 0 0 0
306 0 1 0 156 100 0 0 0
307 0 1 0 120 75 0 0 0
308 0 1 0 169 98 0 0 0
309 0 1 0 140 90 0 0 0
310 0 1 0 123 67 0 0 0
311 0 1 0 193 101 0 0 0
312 0 1 0 159 86 0 0 0
313 0 1 0 128 58 0 0 0
314 0 1 0 185 92 0 0 0
315 0 1 0 155 89 0 0 0
316 0 1 0 127 61 0 0 0
317 0 1 0 189 98 0 0 0
318 0 1 0 156 97 0 0 0
319 0 1 0 134 78 0 0 0
320 0 1 0 112 56 0 0 0
321 0 1 0 159 83 0 0 0
322 0 1 0 121 77 0 0 0
323 0 1 0 124 52 0 0 0
324 0 1 0 172 80 0 0 0
325 0 1 0 167 80 0 0 0
326 0 1 0 133 66 0 0 0
327 0 1 0 115 49 0 0 0
328 0 1 0 177 59 0 0 0
329 0 1 0 137 59 0 0 0
330 0 1 0 112 42 0 0 0
331 0 1 0 187 78 0 0 0
332 0 1 0 161 68 0 0 0
333 0 1 0 131 50 0 0 0
334 0 1 0 184 82 0 0 0
335 0 1 0 133 73 0 0 0
336 0 1 0 91 45 0 0 0
337 0 1 0 148 69 0 0 0
338 0 1 0 123 66 0 0 0
339 0 1 0 96 29 0 0 0
340 0 1 0 134 47 0 0 0
341 0 1 0 75 41 0 0 0
342 0 1 0 98 57 0 0 0
343 0 1 0 68 52 0 0 0
344 0 1 0 98 61 0 0 0
345 0 1 0 74 55 0 0 0
346 0 1 0 59 40 0 0 0
347 0 1 0 76 45 0 0 0
348 0 1 0 64 37 0 0 0
349 0 1 0 113 71 0 0 0
350 0 1 0 87 64 0 0 0
351 0 1 0 70 43 0 0 0
352 0 1 0 94 58 0 0 0
353 0 1 0 74 58 0 0 0
354 0 1 0 65 53 0 0 0
355 0 1 0 130 74 0 0 0
356 0 1 0 107 68 0 0 0
357 0 1 0 99 45 0 0 0
358 0 1 0 83 37 0 0 0
359 0 1 0 161 74 0 0 0
360 0 1 0 137 88 0 0 0
361 0 1 0 131 73 0 0 0
362 0 1 0 104 63 0 0 0
363 0 1 0 97 48 0 0 0
364 0 1 0 150 88 0 0 0
365 0 1 0 123 85 0 0 0
366 0 1 0 120 66 0 0 0
367 0 1 0 103 51 0 0 0
368 0 1 1 167 80 0.0125 0.00865161 0.00809717
369 0 1 0 142 88 0 0 0
370 0 1 0 118 70 0 0 0
371 0 1 0 108 50 0 0 0
372 0 1 0 95 33 0 0 0
373 0 1 0 147 46 0 0 0
374 0 1 0 117 49 0 0 0
375 0 1 0 92 39 0 0 0
376 0 1 0 143 77 0 0 0
377 0 1 0 104 73 0 0 0
378 0 1 0 86 50 0 0 0
379 0 1 0 62 44 0 0 0
380 0 1 0 91 61 0 0 0
381 0 1 0 69 61 0 0 0
382 0 1 0 62 47 0 0 0
383 0 1 0 94 79 0 0 0
384 0 1 0 78 76 0 0 0
385 0 1 0 56 56 0 0 0
386 0 1 0 43 42 0 0 0
387 0 1 0 82 65 0 0 0
388 0 1 0 77 67 0 0 0
389 0 1 1 63 51 0.0196078 0.0176419 0.0175439
390 0 1 0 50 40 0 0 0
391 0 1 2 67 54 0.037037 0.0332503 0.0330578
392 0 1 0 55 49 0 0 0
393 0 1 2 48 37 0.0540541 0.0474579 0.0470588
394 0 1 0 77 73 0 0 0
395 0 1 0 72 81 0 0 0
396 0 1 0 60 71 0 0 0
397 0 1 0 50 54 0 0 0
398 0 1 0 54 53 0 0 0
399 0 1 0 46 46 0 0 0
400 0 1 2 95 59 0.0338983 0.0267142 0.025974
401 0 1 1 80 65 0.0153846 0.0138675 0.0137931
402 0 1 1 73 57 0.0175439 0.0155025 0.0153846
403 0 1 0 65 48 0 0 0
404 0 1 0 66 38 0 0 0
405 0 1 0 61 31 0 0 0
406 0 1 0 104 78 0 0 0
407 0 1 0 86 92 0 0 0
408 0 1 0 72 81 0 0 0
409 0 1 0 75 75 0 0 0
410 0 1 2 58 66 0.0344828 0.0323254 0.0322581
411 0 1 4 57 57 0.0701754 0.0701754 0.0701754
412 0 1 1 46 54 0.0217391 0.0200643 0.02
413 0 1 3 75 74 0.0405405 0.0402694 0.0402685
414 0 1 0 72 76 0 0 0
415 0 1 0 59 70 0 0 0
416 0 1 1 45 63 0.0222222 0.0187812 0.0185185
417 0 1 1 93 86 0.0116279 0.0111817 0.0111732
418 0 1 3 89 87 0.0344828 0.0340931 0.0340909
419 0 1 1 67 74 0.0149254 0.0142019 0.0141844
420 0 1 0 63 62 0 0 0
421 0 1 0 40 49 0 0 0
422 0 1 0 94 78 0 0 0
423 0 1 0 75 67 0 0 0
424 0 1 0 65 48 0 0 0
425 0 1 0 44 38 0 0 0
426 0 1 0 65 50 0 0 0
427 0 1 0 94 61 0 0 0
428 0 1 0 51 52 0 0 0
429 0 1 0 80 68 0 0 0
430 0 1 0 60 64 0 0 0
431 0 1 0 84 77 0 0 0
432 0 1 0 76 81 0 0 0
433 0 1 0 44 54 0 0 0
434 0 1 0 65 70 0 0 0
435 0 1 0 60 68 0 0 0
436 0 1 0 34 47 0 0 0
437 0 1 0 77 72 0 0 0
438 0 1 0 63 76 0 0 0
439 0 1 0 42 67 0 0 0
440 0 1 0 35 56 0 0 0
441 0 1 0 64 88 0 0 0
442 0 1 0 54 85 0 0 0
443 0 1 0 57 76 0 0 0
444 0 1 0 48 62 0 0 0
445 0 1 0 42 50 0 0 0
446 0 1 0 98 85 0 0 0
447 0 1 0 77 76 0 0 0
448 0 1 0 67 68 0 0 0
449 0 1 0 54 56 0 0 0
450 0 1 0 125 106 0 0 0
451 0 1 0 104 106 0 0 0
452 0 1 0 85 74 0 0 0
453 0 1 0 76 60 0 0 0
454 0 1 0 131 108 0 0 0
455 0 1 0 98 109 0 0 0
456 0 1 0 88 80 0 0 0
457 0 1 0 80 66 0 0 0
458 0 1 1 107 72 0.0138889 0.0113931 0.0111732
459 0 1 0 85 70 0 0 0
460 0 1 0 78 52 0 0 0
461 0 1 0 120 69 0 0 0
462 0 1 0 101 73 0 0 0
463 0 1 0 68 55 0 0 0
464 0 1 0 112 78 0 0 0
465 0 1 0 102 64 0 0 0
466 0 1 0 74 41 0 0 0
467 0 1 0 121 66 0 0 0
468 0 1 0 97 60 0 0 0
469 0 1 0 90 48 0 0 0
470 0 1 0 73 33 0 0 0
471 0 1 1 97 47 0.0212766 0.0148103 0.0138889
472 0 1 0 72 53 0 0 0
473 0 1 0 54 42 0 0 0
474 0 1 0 102 61 0 0 0
475 0 1 0 86 52 0 0 0
476 0 1 0 69 42 0 0 0
477 0 1 0 46 32 0 0 0
478 0 1 0 80 44 0 0 0
479 0 1 0 61 43 0 0 0
480 0 1 0 45 33 0 0 0
481 0 1 0 65 51 0 0 0
482 0 1 0 55 48 0 0 0
483 0 1 0 52 36 0 0 0
484 0 1 0 45 30 0 0 0
485 0 1 0 80 49 0 0 0
486 0 1 1 62 51 0.0196078 0.0177836 0.0176991
487 0 1 1 57 41 0.0243902 0.0206857 0.0204082
488 0 1 0 44 34 0 0 0
489 0 1 0 93 64 0 0 0
490 0 1 0 74 66 0 0 0
491 0 1 0 75 49 0 0 0
492 0 1 0 55 48 0 0 0
493 0 1 0 47 34 0 0 0
494 0 1 0 70 55 0 0 0
495 0 1 1 63 55 0.0181818 0.0169882 0.0169492
496 0 1 1 61 55 0.0181818 0.0172645 0.0172414
497 0 1 1 54 47 0.0212766 0.0198497 0.019802
498 0 1 0 46 37 0 0 0
499 0 1 0 92 70 0 0 0
500 0 1 0 70 74 0 0 0
501 0 1 0 70 61 0 0 0
502 0 1 0 62 56 0 0 0
503 0 1 0 59 52 0 0 0
504 0 1 0 52 49 0 0 0
505 0 1 0 48 39 0 0 0
506 0 1 0 94 58 0 0 0
507 0 1 0 73 67 0 0 0
508 0 1 0 76 53 0 0 0
509 0 1 0 74 47 0 0 0
510 0 1 0 60 36 0 0 0
511 0 1 1 54 32 0.03125 0.0240563 0.0232558
512 0 1 0 104 71 0 0 0
513 0 1 0 84 70 0 0 0
514 0 1 0 96 61 0 0 0
515 0 1 0 84 56 0 0 0
516 0 1 0 82 44 0 0 0
517 0 1 0 161 95 0 0 0
518 0 1 0 145 87 0 0 0
519 0 1 0 140 72 0 0 0
520 0 1 0 130 74 0 0 0
521 0 1 0 120 77 0 0 0
522 0 1 0 125 74 0 0 0
523 0 1 0 127 57 0 0 0
524 0 1 0 123 54 0 0 0
525 0 1 3 109 51 0.0588235 0.0402368 0.0375
526 0 1 2 98 46 0.0434783 0.0297878 0.0277778
527 0 1 3 209 98 0.0306122 0.0209621 0.019544
528 0 1 1 175 107 0.00934579 0.00730784 0.0070922
529 0 1 0 165 97 0 0 0
530 0 1 0 160 91 0 0 0
531 0 1 1 141 82 0.0121951 0.00930001 0.00896861
532 0 1 2 152 75 0.0266667 0.0187317 0.0176211
533 0 1 2 152 72 0.0277778 0.019118 0.0178571
534 0 1 0 144 73 0 0 0
535 0 1 0 142 69 0 0 0
536 0 1 1 125 66 0.0151515 0.0110096 0.0104712
537 0 1 1 125 58 0.0172414 0.0117444 0.010929
538 0 1 2 121 64 0.03125 0.0227273 0.0216216
539 0 1 0 121 66 0 0 0
540 0 1 0 130 61 0 0 0
541 0 1 0 119 56 0 0 0
542 0 1 0 118 63 0 0 0
543 0 1 1 120 61 0.0163934 0.0116881 0.0110497
544 0 1 0 118 55 0 0 0
545 0 1 1 117 63 0.015873 0.0116476 0.0111111
546 0 1 0 113 63 0 0 0
547 0 1 0 116 62 0 0 0
548 0 1 0 123 61 0 0 0
549 0 1 0 124 57 0 0 0
550 0 1 0 111 58 0 0 0
551 0 1 0 119 52 0 0 0
552 0 1 0 122 56 0 0 0
553 0 1 0 106 56 0 0 0
554 0 1 0 117 63 0 0 0
555 0 1 0 115 62 0 0 0
556 0 1 1 113 61 0.0163934 0.0120447 0.0114943
557 0 1 0 118 62 0 0 0
558 0 1 1 113 64 0.015625 0.011759 0.0112994
559 0 1 1 112 64 0.015625 0.0118114 0.0113636
560 0 1 1 105 60 0.0166667 0.0125988 0.0121212
561 0 1 1 110 61 0.0163934 0.0122078 0.0116959
562 0 1 0 104 61 0 0 0
563 0 1 0 93 59 0 0 0
564 0 1 1 195 142 0.00704225 0.0060095 0.00593472
565 0 1 0 207 150 0 0 0
566 0 1 0 183 132 0 0 0
567 0 1 0 177 128 0 0 0
568 0 1 0 162 123 0 0 0
569 0 1 0 138 120 0 0 0
570 0 1 0 143 115 0 0 0
571 0 1 1 118 114 0.00877193 0.00862197 0.00862069
572 0 1 0 111 101 0 0 0
573 0 1 0 93 91 0 0 0
574 0 1 1 90 74 0.0135135 0.0122536 0.0121951
575 0 1 1 182 109 0.00917431 0.00709988 0.00687285
576 0 1 1 153 107 0.00934579 0.0078156 0.00769231
577 0 1 0 135 100 0 0 0
578 0 1 0 104 95 0 0 0
579 0 1 0 76 71 0 0 0
580 0 1 0 160 113 0 0 0
581 0 1 0 139 106 0 0 0
582 0 1 0 121 83 0 0 0
583 0 1 0 100 68 0 0 0
584 0 1 0 86 55 0 0 0
585 0 1 0 124 87 0 0 0
586 0 1 1 105 79 0.0126582 0.0109797 0.0108696
587 0 1 1 95 61 0.0163934 0.0131363 0.0128205
588 0 1 1 74 45 0.0222222 0.0173292 0.0168067
589 0 1 0 111 61 0 0 0
590 0 1 1 87 53 0.0188679 0.0147266 0.0142857
591 0 1 0 65 38 0 0 0
592 0 1 0 110 57 0 0 0
593 0 1 0 84 53 0 0 0
594 0 1 0 58 27 0 0 0
595 0 1 0 112 55 0 0 0
596 0 1 0 86 48 0 0 0
597 0 1 0 62 29 0 0 0
598 0 1 0 104 44 0 0 0
599 0 1 0 133 70 0 0 0
600 0 1 1 111 56 0.0178571 0.0126837 0.011976
601 0 1 0 65 40 0 0 0
602 0 1 0 110 76 0 0 0
603 0 1 0 96 72 0 0 0
604 0 1 0 85 54 0 0 0
605 0 1 0 155 97 0 0 0
606 0 1 0 128 81 0 0 0
607 0 1 0 96 63 0 0 0
608 0 1 0 158 95 0 0 0
609 0 1 0 137 84 0 0 0
610 0 1 0 121 66 0 0 0
611 0 1 0 152 103 0 0 0
612 0 1 0 132 96 0 0 0
613 0 1 0 120 78 0 0 0
614 0 1 0 90 65 0 0 0
615 0 1 1 115 83 0.0120482 0.0102356 0.010101
616 0 1 0 80 65 0 0 0
617 0 1 0 138 87 0 0 0
618 0 1 0 106 81 0 0 0
619 0 1 0 102 47 0 0 0
620 0 1 0 131 61 0 0 0
621 0 1 0 100 62 0 0 0
622 0 1 0 171 82 0 0 0
623 0 1 0 115 74 0 0 0
624 0 1 0 81 50 0 0 0
625 0 1 0 99 57 0 0 0
626 0 1 0 66 48 0 0 0
627 0 1 0 109 67 0 0 0
628 0 1 0 85 64 0 0 0
629 0 1 0 66 40 0 0 0
630 0 1 0 106 48 0 0 0
631 0 1 0 85 45 0 0 0
632 0 1 0 64 28 0 0 0
633 0 1 0 94 40 0 0 0
634 0 1 0 70 39 0 0 0
635 0 1 0 88 62 0 0 0
636 0 1 0 74 52 0 0 0
637 0 1 0 51 34 0 0 0
638 0 1 0 70 48 0 0 0
639 0 1 0 52 41 0 0 0
640 0 1 0 87 69 0 0 0
641 0 1 0 80 60 0 0 0
642 0 1 0 118 68 0 0 0
643 0 1 0 80 61 0 0 0
644 0 1 0 110 76 0 0 0
645 0 1 0 84 68 0 0 0
646 0 1 0 107 79 0 0 0
647 0 1 0 72 69 0 0 0
648 0 1 0 101 65 0 0 0
649 0 1 0 77 60 0 0 0
650 0 1 0 103 65 0 0 0
651 0 1 0 91 58 0 0 0
652 0 1 0 104 76 0 0 0
653 0 1 0 71 60 0 0 0
654 0 1 0 94 64 0 0 0
655 0 1 0 71 59 0 0 0
656 0 1 0 117 58 0 0 0
657 0 1 1 106 54 0.0185185 0.0132175 0.0125
658 0 1 0 88 41 0 0 0
659 0 1 0 111 73 0 0 0
660 0 1 0 93 60 0 0 0
661 0 1 1 73 43 0.0232558 0.0178486 0.0172414
662 0 1 1 105 60 0.0166667 0.0125988 0.0121212
663 0 1 0 87 53 0 0 0
664 0 1 2 73 34 0.0588235 0.0401448 0.0373832
665 0 1 0 102 42 0 0 0
666 0 1 0 82 39 0 0 0
667 0 1 0 74 26 0 0 0
668 0 1 0 97 40 0 0 0
669 0 1 0 69 30 0 0 0
670 0 1 0 66 49 0 0 0
671 0 1 0 51 44 0 0 0
672 0 1 0 86 54 0 0 0
673 0 1 0 63 46 0 0 0
674 0 1 0 98 54 0 0 0
675 0 1 0 72 47 0 0 0
676 0 1 0 3 40 0 0 0
677 0 1 0 10 6 0 0 0
678 0 1 0 10 6 0 0 0
679 0 1 0 14 9 0 0 0
680 0 1 0 8 6 0 0 0
694 0 1 0 6 4 0 0 0
1177 0 1 0 4 6 0 0 0
1571 0 1 0 40 61 0 0 0
1572 0 1 1 41 48 0.0243902 0.0225417 0.0224719
1573 0 1 2 62 64 0.0322581 0.03175 0.031746
1574 0 1 2 69 63 0.031746 0.0303344 0.030303
1575 0 1 2 92 66 0.030303 0.0256663 0.0253165
1576 0 1 2 84 68 0.0294118 0.0264628 0.0263158
1577 0 1 5 98 72 0.0694444 0.0595238 0.0588235
1578 0 1 2 108 74 0.027027 0.0223719 0.021978
1579 0 1 4 119 78 0.0512821 0.0415183 0.0406091
1580 0 1 4 127 81 0.0493827 0.0394381 0.0384615
1581 0 1 3 114 88 0.0340909 0.0299521 0.029703
1582 0 1 4 187 138 0.0289855 0.0249 0.0246154
1583 0 1 5 174 155 0.0322581 0.030446 0.0303951
1584 0 1 2 149 131 0.0152672 0.0143153 0.0142857
1585 0 1 4 146 126 0.031746 0.0294916 0.0294118
1586 0 1 5 162 116 0.0431034 0.036474 0.0359712
1587 0 1 6 153 125 0.048 0.0433861 0.0431655
1588 0 1 10 166 134 0.0746269 0.0670492 0.0666667
1589 0 1 7 175 135 0.0518519 0.045542 0.0451613
1590 0 1 10 160 133 0.075188 0.0685511 0.0682594
1591 0 1 10 278 219 0.0456621 0.040528 0.0402415
1592 0 1 9 246 220 0.0409091 0.0386869 0.0386266
1593 0 1 7 222 203 0.0344828 0.0329741 0.0329412
1594 0 1 9 224 205 0.0439024 0.0419993 0.041958
1595 0 1 11 224 187 0.0588235 0.0537462 0.053528
1596 0 1 8 213 165 0.0484848 0.0426735 0.042328
1597 0 1 10 188 148 0.0675676 0.0599501 0.0595238
1598 0 1 8 186 139 0.057554 0.0497538 0.0492308
1599 0 1 8 252 176 0.0454545 0.0379869 0.0373832
1600 0 1 8 208 160 0.05 0.0438529 0.0434783
1601 0 1 10 199 146 0.0684932 0.0586674 0.057971
1602 0 1 8 371 201 0.039801 0.0292958 0.027972
1603 0 1 7 330 194 0.0360825 0.0276656 0.0267176
1604 0 1 10 285 167 0.0598802 0.0458373 0.0442478
1605 0 1 8 232 128 0.0625 0.0464238 0.0444444
1606 0 1 8 375 169 0.0473373 0.0317783 0.0294118
1607 0 1 7 291 164 0.0426829 0.0320427 0.0307692
1608 0 1 6 219 128 0.046875 0.0358364 0.0345821
1609 0 1 9 347 154 0.0584416 0.038933 0.0359281
1610 0 1 4 235 129 0.0310078 0.0229737 0.021978
1611 0 1 6 273 151 0.0397351 0.0295516 0.0283019
1612 0 1 4 227 141 0.0283688 0.0223582 0.0217391
1613 0 1 4 279 143 0.027972 0.0200258 0.0189573
1614 0 1 2 226 131 0.0152672 0.0116236 0.0112045
1615 0 1 5 239 144 0.0347222 0.0269519 0.0261097
1616 0 1 3 165 143 0.020979 0.0195304 0.0194805
1617 0 1 5 205 150 0.0333333 0.0285133 0.028169
1618 0 1 6 168 130 0.0461538 0.0405999 0.0402685
1619 0 1 3 237 153 0.0196078 0.0157544 0.0153846
1620 0 1 4 223 160 0.025 0.0211762 0.0208877
1621 0 1 0 194 141 0 0 0
1622 0 1 1 240 169 0.00591716 0.00496536 0.00488998
1623 0 1 3 207 165 0.0181818 0.0162328 0.016129
1624 0 1 5 180 141 0.035461 0.0313851 0.0311526
1625 0 1 3 214 142 0.0211268 0.0172096 0.0168539
1626 0 1 6 187 128 0.046875 0.0387816 0.0380952
1627 0 1 3 221 158 0.0189873 0.0160545 0.0158311
1628 0 1 3 187 146 0.0205479 0.0181562 0.018018
1629 0 1 6 213 173 0.0346821 0.0312564 0.0310881
1630 0 1 3 193 168 0.0178571 0.0166605 0.0166205
1631 0 1 2 155 134 0.0149254 0.0138775 0.0138408
1632 0 1 4 192 162 0.0246914 0.0226805 0.0225989
1633 0 1 1 154 153 0.00653595 0.00651469 0.00651466
1634 0 1 0 197 151 0 0 0
1635 0 1 1 172 137 0.00729927 0.00651442 0.00647249
1636 0 1 2 181 133 0.0150376 0.0128904 0.0127389
1637 0 1 0 155 110 0 0 0
1638 0 1 0 175 106 0 0 0
1639 0 1 0 139 95 0 0 0
1640 0 1 0 137 99 0 0 0
1641 0 1 0 147 119 0 0 0
1642 0 1 0 112 95 0 0 0
1643 0 1 0 156 113 0 0 0
1644 0 1 0 118 89 0 0 0
1645 0 1 0 128 104 0 0 0
1646 0 1 1 105 86 0.0116279 0.0105234 0.0104712
1647 0 1 0 141 105 0 0 0
1648 0 1 2 122 100 0.02 0.0181071 0.018018
1649 0 1 0 109 76 0 0 0
1650 0 1 0 119 94 0 0 0
1651 0 1 0 104 84 0 0 0
1652 0 1 2 145 100 0.02 0.0166091 0.0163265
1653 0 1 5 105 80 0.0625 0.0545545 0.0540541
1654 0 1 2 128 76 0.0263158 0.0202777 0.0196078
1655 0 1 2 94 61 0.0327869 0.026412 0.0258065
1656 0 1 2 108 69 0.0289855 0.0231683 0.0225989
1657 0 1 0 82 61 0 0 0
1658 0 1 1 117 68 0.0147059 0.0112112 0.0108108
1659 0 1 1 99 72 0.0138889 0.0118445 0.0116959
1660 0 1 1 98 64 0.015625 0.0126269 0.0123457
1661 0 1 0 106 78 0 0 0
1662 0 1 0 86 75 0 0 0
1663 0 1 0 126 83 0 0 0
1664 0 1 0 94 74 0 0 0
1665 0 1 0 121 79 0 0 0
1666 0 1 0 85 69 0 0 0
1667 0 1 0 108 75 0 0 0
1668 0 1 0 92 63 0 0 0
1669 0 1 0 108 72 0 0 0
1670 0 1 0 82 69 0 0 0
1671 0 1 0 116 85 0 0 0
1672 0 1 0 95 81 0 0 0
1673 0 1 0 73 58 0 0 0
1674 0 1 0 121 76 0 0 0
1675 0 1 0 101 74 0 0 0
1676 0 1 0 75 54 0 0 0
1677 0 1 0 102 65 0 0 0
1678 0 1 0 96 56 0 0 0
1679 0 1 0 66 38 0 0 0
1680 0 1 0 92 52 0 0 0
1681 0 1 0 74 46 0 0 0
1682 0 1 0 51 41 0 0 0
1683 0 1 0 73 54 0 0 0
1684 0 1 0 59 49 0 0 0
1685 0 1 0 60 41 0 0 0
1686 0 1 0 45 36 0 0 0
1687 0 1 0 68 59 0 0 0
1688 0 1 0 53 55 0 0 0
1689 0 1 0 53 48 0 0 0
1690 0 1 0 58 45 0 0 0
1691 0 1 0 41 37 0 0 0
1692 0 1 0 66 56 0 0 0
1693 0 1 0 60 53 0 0 0
1694 0 1 0 52 40 0 0 0
1695 0 1 0 39 34 0 0 0
1696 0 1 0 73 74 0 0 0
1697 0 1 0 69 70 0 0 0
1698 0 1 0 63 57 0 0 0
1699 0 1 0 53 54 0 0 0
1700 0 1 0 44 51 0 0 0
1701 0 1 1 43 39 0.025641 0.0244193 0.0243902
1702 0 1 1 36 30 0.0333333 0.030429 0.030303
1703 0 1 1 58 62 0.0172414 0.0166759 0.0166667
1704 0 1 1 44 58 0.0227273 0.0197952 0.0196078
1705 0 1 0 41 39 0 0 0
1706 0 1 0 35 33 0 0 0
1707 0 1 0 75 63 0 0 0
1708 0 1 0 66 66 0 0 0
1709 0 1 0 55 53 0 0 0
1710 0 1 0 45 40 0 0 0
1711 0 1 0 33 36 0 0 0
1712 0 1 0 55 42 0 0 0
1713 0 1 0 48 43 0 0 0
1714 0 1 0 40 31 0 0 0
1715 0 1 0 62 43 0 0 0
1716 0 1 0 57 38 0 0 0
1717 0 1 0 46 26 0 0 0
1718 0 1 0 31 16 0 0 0
1719 0 1 0 60 32 0 0 0
1720 0 1 0 44 34 0 0 0
1721 0 1 0 32 22 0 0 0
1722 0 1 0 22 19 0 0 0
1723 0 1 0 44 30 0 0 0
1724 0 1 0 32 33 0 0 0
1725 0 1 0 26 27 0 0 0
1726 0 1 0 21 23 0 0 0
1727 0 1 0 53 38 0 0 0
1728 0 1 0 40 43 0 0 0
1729 0 1 0 40 34 0 0 0
1730 0 1 0 34 26 0 0 0
1731 0 1 0 28 22 0 0 0
1732 0 1 0 52 42 0 0 0
1733 0 1 0 43 40 0 0 0
1734 0 1 1 36 31 0.0322581 0.0299342 0.0298507
1735 0 1 0 29 24 0 0 0
1736 0 1 0 40 37 0 0 0
1737 0 1 0 34 35 0 0 0
1738 0 1 0 34 27 0 0 0
1739 0 1 0 29 18 0 0 0
1740 0 1 0 42 25 0 0 0
1741 0 1 0 31 23 0 0 0
1742 0 1 0 24 15 0 0 0
1743 0 1 0 55 27 0 0 0
1744 0 1 0 36 24 0 0 0
1745 0 1 0 23 17 0 0 0
1746 0 1 0 43 32 0 0 0
1747 0 1 0 33 31 0 0 0
1748 0 1 0 21 22 0 0 0
1749 0 1 0 34 28 0 0 0
1750 0 1 0 87 53 0 0 0
1751 0 1 0 48 46 0 0 0
1752 0 1 0 26 23 0 0 0
1753 0 1 0 50 26 0 0 0
1754 0 1 0 36 21 0 0 0
1755 0 1 0 53 26 0 0 0
1756 0 1 0 42 31 0 0 0
1757 0 1 0 36 31 0 0 0
1758 0 1 0 32 23 0 0 0
1759 0 1 0 53 38 0 0 0
1760 0 1 0 53 40 0 0 0
1761 0 1 0 42 33 0 0 0
1762 0 1 0 32 26 0 0 0
1763 0 1 0 61 44 0 0 0
1764 0 1 0 50 38 0 0 0
1765 0 1 0 43 35 0 0 0
1766 0 1 0 36 32 0 0 0
1767 0 1 1 34 23 0.0434783 0.0357599 0.0350877
1768 0 1 2 60 37 0.0540541 0.0424476 0.0412371
1769 0 1 1 54 46 0.0217391 0.0200643 0.02
1770 0 1 0 41 31 0 0 0
1771 0 1 0 41 30 0 0 0
1772 0 1 0 33 24 0 0 0
1773 0 1 0 63 46 0 0 0
1774 0 1 0 52 50 0 0 0
1775 0 1 0 44 39 0 0 0
1776 0 1 0 30 35 0 0 0
1777 0 1 0 22 21 0 0 0
1778 0 1 0 42 40 0 0 0
1779 0 1 0 80 66 0 0 0
1780 0 1 0 55 69 0 0 0
1781 0 1 0 50 48 0 0 0
1782 0 1 1 39 35 0.0285714 0.0270666 0.027027
1783 0 1 0 60 72 0 0 0
1784 0 1 0 56 79 0 0 0
1785 0 1 0 52 65 0 0 0
1786 0 1 0 44 55 0 0 0
1787 0 1 0 39 45 0 0 0
1788 0 1 1 33 33 0.030303 0.030303 0.030303
1789 0 1 0 69 53 0 0 0
1790 0 1 1 111 86 0.0116279 0.010235 0.0101523
1791 0 1 1 89 84 0.0119048 0.0115655 0.0115607
1792 0 1 0 67 63 0 0 0
1793 0 1 0 59 48 0 0 0
1794 0 1 0 67 71 0 0 0
1795 0 1 0 52 64 0 0 0
1796 0 1 0 74 135 0 0 0
1797 0 1 0 52 138 0 0 0
1798 0 1 0 24 87 0 0 0
1799 0 1 0 52 70 0 0 0
1800 0 1 0 94 66 0 0 0
1801 0 1 0 74 45 0 0 0
1802 0 1 0 61 51 0 0 0
1803 0 1 0 95 50 0 0 0
1804 0 1 0 59 32 0 0 0
1805 0 1 0 73 29 0 0 0
1806 0 1 0 100 43 0 0 0
1807 0 1 0 67 37 0 0 0
1808 0 1 0 124 54 0 0 0
1809 0 1 0 105 55 0 0 0
1810 0 1 0 90 37 0 0 0
1811 0 1 0 113 54 0 0 0
1812 0 1 0 90 55 0 0 0
1813 0 1 0 69 39 0 0 0
1814 0 1 0 88 45 0 0 0
1815 0 1 0 61 41 0 0 0
1816 0 1 0 95 73 0 0 0
1817 0 1 0 56 50 0 0 0
1818 0 1 0 74 55 0 0 0
1819 0 1 0 50 48 0 0 0
1820 0 1 0 64 58 0 0 0
1821 0 1 0 69 72 0 0 0
1822 0 1 0 42 55 0 0 0
1823 0 1 0 43 39 0 0 0
1824 0 1 0 58 56 0 0 0
1825 0 1 0 35 49 0 0 0
1826 0 1 0 44 44 0 0 0
1827 0 1 0 50 52 0 0 0
1828 0 1 0 31 32 0 0 0
1829 0 1 0 44 40 0 0 0
1830 0 1 0 26 43 0 0 0
1831 0 1 0 36 47 0 0 0
1832 0 1 0 23 35 0 0 0
1833 0 1 0 38 24 0 0 0
1834 0 1 0 43 36 0 0 0
1835 0 1 0 28 27 0 0 0
1836 0 1 0 39 30 0 0 0
1837 0 1 0 59 34 0 0 0
1838 0 1 0 40 28 0 0 0
1839 0 1 0 66 44 0 0 0
1840 0 1 0 37 41 0 0 0
1841 0 1 0 48 64 0 0 0
1842 0 1 0 44 52 0 0 0
1843 0 1 0 28 34 0 0 0
1844 0 1 0 31 41 0 0 0
1845 0 1 0 20 29 0 0 0
1846 0 1 0 40 42 0 0 0
1847 0 1 0 37 32 0 0 0
1848 0 1 0 26 15 0 0 0
1849 0 1 0 39 35 0 0 0
1850 0 1 0 32 37 0 0 0
1851 0 1 0 22 20 0 0 0
1852 0 1 0 50 40 0 0 0
1853 0 1 0 43 40 0 0 0
1854 0 1 0 35 30 0 0 0
1855 0 1 0 30 27 0 0 0
1856 0 1 0 21 20 0 0 0
1857 0 1 0 44 40 0 0 0
1858 0 1 0 45 36 0 0 0
1859 0 1 0 32 27 0 0 0
1860 0 1 0 28 27 0 0 0
1861 0 1 0 25 19 0 0 0
1862 0 1 0 49 41 0 0 0
1863 0 1 0 39 37 0 0 0
1864 0 1 0 31 24 0 0 0
1865 0 1 0 24 20 0 0 0
1866 0 1 0 68 35 0 0 0
1867 0 1 0 64 32 0 0 0
1868 0 1 0 54 23 0 0 0
1869 0 1 0 35 19 0 0 0
1870 0 1 0 25 12 0 0 0
1871 0 1 0 47 24 0 0 0
1872 0 1 0 41 20 0 0 0
1873 0 1 0 36 15 0 0 0
1874 0 1 0 39 11 0 0 0
1875 0 1 0 30 16 0 0 0
1876 0 1 0 57 20 0 0 0
1877 0 1 0 50 17 0 0 0
1878 0 1 0 42 11 0 0 0
1879 0 1 0 37 9 0 0 0
1880 0 1 0 51 14 0 0 0
1881 0 1 0 43 14 0 0 0
1882 0 1 0 31 6 0 0 0
1883 0 1 0 35 15 0 0 0
1884 0 1 0 28 9 0 0 0
1885 0 1 0 77 18 0 0 0
1886 0 1 0 70 21 0 0 0
1887 0 1 0 63 16 0 0 0
1888 0 1 0 48 15 0 0 0
1889 0 1 0 54 31 0 0 0
1890 0 1 0 43 28 0 0 0
1891 0 1 1 86 37 0.027027 0.0177276 0.0162602
1892 0 1 1 63 31 0.0322581 0.0226281 0.0212766
1893 0 1 0 51 18 0 0 0
1894 0 1 0 76 31 0 0 0
1895 0 1 0 64 30 0 0 0
1896 0 1 0 53 19 0 0 0
1897 0 1 0 68 30 0 0 0
1898 0 1 0 43 27 0 0 0
1899 0 1 0 73 47 0 0 0
1900 0 1 0 56 41 0 0 0
1901 0 1 0 37 19 0 0 0
1902 0 1 0 42 23 0 0 0
1903 0 1 0 61 39 0 0 0
1904 0 1 0 37 23 0 0 0
1905 0 1 0 25 20 0 0 0
1906 0 1 0 51 21 0 0 0
1907 0 1 0 32 12 0 0 0
1908 0 1 0 35 18 0 0 0
1909 0 1 0 38 27 0 0 0
1910 0 1 0 56 43 0 0 0
1911 0 1 0 30 25 0 0 0
1912 0 1 0 48 23 0 0 0
1913 0 1 0 74 47 0 0 0
1914 0 1 0 58 45 0 0 0
1915 0 1 0 35 27 0 0 0
1916 0 1 0 57 40 0 0 0
1917 0 1 0 32 42 0 0 0
1918 0 1 1 29 34 0.0344828 0.0318465 0.031746
1919 0 1 0 48 58 0 0 0
1920 0 1 0 40 60 0 0 0
1921 0 1 0 35 48 0 0 0
1922 0 1 0 32 45 0 0 0
1923 0 1 0 24 34 0 0 0
1924 0 1 0 44 63 0 0 0
1925 0 1 0 34 61 0 0 0
1926 0 1 0 32 45 0 0 0
1927 0 1 0 31 48 0 0 0
1928 0 1 0 23 42 0 0 0
1929 0 1 0 19 35 0 0 0
1930 0 1 0 53 74 0 0 0
1931 0 1 0 49 68 0 0 0
1932 0 1 0 39 55 0 0 0
1933 0 1 0 36 50 0 0 0
1934 0 1 0 36 50 0 0 0
1935 0 1 0 31 37 0 0 0
1936 0 1 1 34 37 0.0294118 0.0281942 0.028169
1937 0 1 1 25 31 0.04 0.0359211 0.0357143
1938 0 1 1 61 55 0.0181818 0.0172645 0.0172414
1939 0 1 1 45 64 0.0222222 0.0186339 0.0183486
1940 0 1 1 44 51 0.0227273 0.02111 0.0210526
1941 0 1 2 33 45 0.0606061 0.0518999 0.0512821
1942 0 1 1 72 84 0.0138889 0.0128586 0.0128205
1943 0 1 1 75 88 0.0133333 0.0123091 0.0122699
1944 0 1 1 62 74 0.016129 0.0147635 0.0147059
1945 0 1 1 51 72 0.0196078 0.0165025 0.0162602
1946 0 1 1 43 64 0.0232558 0.0190623 0.0186916
1947 0 1 1 37 58 0.027027 0.0215866 0.0210526
1948 0 1 2 22 52 0.0909091 0.0591312 0.0540541
1949 0 1 1 49 73 0.0204082 0.0167202 0.0163934
1950 0 1 1 37 66 0.027027 0.0202361 0.0194175
1951 0 1 1 29 46 0.0344828 0.0273793 0.0266667
1952 0 1 0 51 54 0 0 0
1953 0 1 0 32 55 0 0 0
1954 0 1 0 24 40 0 0 0
1955 0 1 0 68 57 0 0 0
1956 0 1 0 53 50 0 0 0
1957 0 1 0 36 38 0 0 0
1958 0 1 0 48 46 0 0 0
1959 0 1 0 57 57 0 0 0
1960 0 1 0 32 47 0 0 0
1961 0 1 0 39 75 0 0 0
1962 0 1 0 24 57 0 0 0
1963 0 1 0 62 94 0 0 0
1964 0 1 0 56 109 0 0 0
1965 0 1 0 42 83 0 0 0
1966 0 1 0 35 58 0 0 0
1967 0 1 0 139 77 0 0 0
1968 0 1 0 119 54 0 0 0
1969 0 1 0 181 84 0 0 0
1970 0 1 0 151 69 0 0 0
1971 0 1 0 108 53 0 0 0
1972 0 1 0 164 81 0 0 0
1973 0 1 0 127 73 0 0 0
1974 0 1 0 160 84 0 0 0
1975 0 1 0 118 72 0 0 0
1976 0 1 1 174 90 0.0111111 0.00799106 0.00757576
1977 0 1 1 128 81 0.0123457 0.00982093 0.00956938
1978 0 1 0 143 81 0 0 0
1979 0 1 0 152 99 0 0 0
1980 0 1 0 107 72 0 0 0
1981 0 1 0 158 98 0 0 0
1982 0 1 0 124 79 0 0 0
1983 0 1 0 131 96 0 0 0
1984 0 1 0 140 117 0 0 0
1985 0 1 0 90 81 0 0 0
1986 0 1 0 96 78 0 0 0
1987 0 1 0 106 89 0 0 0
1988 0 1 0 59 67 0 0 0
1989 0 1 0 73 75 0 0 0
1990 0 1 0 53 61 0 0 0
1991 0 1 0 81 59 0 0 0
1992 0 1 0 60 55 0 0 0
1993 0 1 0 90 58 0 0 0
1994 0 1 0 49 53 0 0 0
1995 0 1 0 87 67 0 0 0
1996 0 1 0 78 61 0 0 0
1997 0 1 0 67 39 0 0 0
1998 0 1 0 117 54 0 0 0
1999 0 1 0 103 58 0 0 0
2000 0 1 0 89 38 0 0 0
2001 0 1 0 71 31 0 0 0
2002 0 1 0 107 41 0 0 0
2003 0 1 0 84 41 0 0 0
2004 0 1 0 55 25 0 0 0
2005 0 1 0 91 40 0 0 0
2006 0 1 0 67 34 0 0 0
2007 0 1 0 45 24 0 0 0
2008 0 1 0 43 27 0 0 0
2009 0 1 0 65 39 0 0 0
2010 0 1 0 45 29 0 0 0
2011 0 1 0 36 18 0 0 0
2012 0 1 0 58 31 0 0 0
2013 0 1 0 43 25 0 0 0
2014 0 1 0 36 17 0 0 0
2015 0 1 0 65 25 0 0 0
2016 0 1 0 51 27 0 0 0
2017 0 1 0 46 21 0 0 0
2018 0 1 0 32 13 0 0 0
2019 0 1 0 50 23 0 0 0
2020 0 1 0 36 17 0 0 0
2021 0 1 0 58 34 0 0 0
2022 0 1 0 46 38 0 0 0
2023 0 1 0 38 27 0 0 0
2024 0 1 0 26 20 0 0 0
2025 0 1 0 33 21 0 0 0
2026 0 1 0 32 10 0 0 0
2027 0 1 0 44 16 0 0 0
2028 0 1 0 41 20 0 0 0
2029 0 1 0 27 20 0 0 0
2030 0 1 0 38 23 0 0 0
2031 0 1 0 54 29 0 0 0
2032 0 1 0 41 25 0 0 0
2033 0 1 0 70 37 0 0 0
2034 0 1 0 66 28 0 0 0
2035 0 1 0 96 35 0 0 0
2036 0 1 0 72 36 0 0 0
2037 0 1 0 106 35 0 0 0
2038 0 1 0 86 37 0 0 0
2039 0 1 1 122 40 0.025 0.014315 0.0123457
2040 0 1 0 99 36 0 0 0
2041 0 1 0 124 45 0 0 0
2042 0 1 1 83 38 0.0263158 0.0178061 0.0165289
2043 0 1 1 102 47 0.0212766 0.0144428 0.0134228
2044 0 1 0 123 60 0 0 0
2045 0 1 0 82 51 0 0 0
2046 0 1 0 109 66 0 0 0
2047 0 1 0 116 67 0 0 0
2048 0 1 1 109 64 0.015625 0.0119728 0.0115607
2049 0 1 2 121 60 0.0333333 0.0234726 0.0220994
2050 0 1 0 102 58 0 0 0
2051 0 1 0 89 47 0 0 0
2052 0 1 0 85 54 0 0 0
2053 0 1 0 108 54 0 0 0
2054 0 1 0 136 69 0 0 0
2055 0 1 0 132 64 0 0 0
2056 0 1 0 136 58 0 0 0
2057 0 1 0 172 68 0 0 0
2058 0 1 0 195 58 0 0 0
2059 0 1 0 222 68 0 0 0
2060 0 1 0 215 76 0 0 0
2061 0 1 0 230 85 0 0 0
2062 0 1 0 217 89 0 0 0
2063 0 1 0 202 81 0 0 0
2064 0 1 0 194 76 0 0 0
2065 0 1 0 181 75 0 0 0
2066 0 1 0 189 68 0 0 0
2067 0 1 0 181 70 0 0 0
2068 0 1 0 186 75 0 0 0
2069 0 1 0 178 73 0 0 0
2070 0 1 0 191 74 0 0 0
2071 0 1 0 202 74 0 0 0
2072 0 1 0 206 73 0 0 0
2073 0 1 0 193 74 0 0 0
2074 0 1 0 229 71 0 0 0
2075 0 1 0 182 43 0 0 0
2076 0 1 0 187 38 0 0 0
2077 0 1 0 170 28 0 0 0
2078 0 1 1 230 42 0.0238095 0.0101745 0.00735294
2079 0 1 0 188 38 0 0 0
2080 0 1 0 220 47 0 0 0
2081 0 1 0 183 39 0 0 0
2082 0 1 0 206 51 0 0 0
2083 0 1 0 181 45 0 0 0
2084 0 1 0 221 58 0 0 0
2085 0 1 0 177 60 0 0 0
2086 0 1 0 210 87 0 0 0
2087 0 1 0 179 81 0 0 0
2088 0 1 1 241 92 0.0108696 0.0067158 0.00600601
2089 0 1 1 206 93 0.0107527 0.00722478 0.00668896
2090 0 1 0 264 97 0 0 0
2091 0 1 0 223 93 0 0 0
2092 0 1 0 278 129 0 0 0
2093 0 1 0 237 120 0 0 0
2094 0 1 0 315 130 0 0 0
2095 0 1 0 269 123 0 0 0
2096 0 1 0 325 152 0 0 0
2097 0 1 0 265 139 0 0 0
2098 0 1 0 328 178 0 0 0
2099 0 1 0 291 179 0 0 0
2100 0 1 1 267 143 0.00699301 0.00511772 0.00487805
2101 0 1 1 362 167 0.00598802 0.00406712 0.00378072
2102 0 1 0 326 161 0 0 0
2103 0 1 0 352 198 0 0 0
2104 0 1 0 304 185 0 0 0
2105 0 1 0 358 193 0 0 0
2106 0 1 0 326 191 0 0 0
2107 0 1 0 364 201 0 0 0
2108 0 1 0 371 219 0 0 0
2109 0 1 0 413 235 0 0 0
2110 0 1 0 419 266 0 0 0
2111 0 1 2 330 222 0.00900901 0.00738919 0.00724638
2112 0 1 1 368 223 0.00448431 0.00349079 0.00338409
2113 0 1 1 352 197 0.00507614 0.00379748 0.00364299
2114 0 1 1 294 175 0.00571429 0.00440867 0.00426439
2115 0 1 2 289 191 0.0104712 0.00851264 0.00833333
2116 0 1 1 285 181 0.00552486 0.00440289 0.00429185
2117 0 1 1 314 168 0.00595238 0.00435392 0.00414938
2118 0 1 1 284 144 0.00694444 0.00494492 0.0046729
2119 0 1 1 208 130 0.00769231 0.0060813 0.00591716
2120 0 1 1 252 131 0.00763359 0.00550382 0.00522193
2121 0 1 0 258 139 0 0 0
2122 0 1 0 266 135 0 0 0
2123 0 1 0 181 110 0 0 0
2124 0 1 1 192 106 0.00943396 0.00700965 0.00671141
2125 0 1 2 178 109 0.0183486 0.0143584 0.0139373
2126 0 1 0 185 108 0 0 0
2127 0 1 1 208 119 0.00840336 0.00635616 0.00611621
2128 0 1 0 219 130 0 0 0
2129 0 1 1 153 99 0.010101 0.00812525 0.00793651
2130 0 1 1 194 102 0.00980392 0.00710884 0.00675676
2131 0 1 0 135 85 0 0 0
2132 0 1 1 186 91 0.010989 0.0076864 0.00722022
2133 0 1 1 153 80 0.0125 0.00903877 0.00858369
2134 0 1 0 188 85 0 0 0
2135 0 1 0 155 78 0 0 0
2136 0 1 1 171 85 0.0117647 0.00829454 0.0078125
2137 0 1 3 220 113 0.0265487 0.019027 0.018018
2138 0 1 2 179 92 0.0217391 0.0155851 0.0147601
2139 0 1 1 233 87 0.0114943 0.00702364 0.00625
2140 0 1 1 171 82 0.0121951 0.00844491 0.00790514
2141 0 1 1 237 98 0.0102041 0.00656165 0.00597015
2142 0 1 1 196 84 0.0119048 0.0077935 0.00714286
2143 0 1 2 247 107 0.0186916 0.0123024 0.0112994
2144 0 1 1 205 101 0.00990099 0.00694964 0.00653595
2145 0 1 0 261 125 0 0 0
2146 0 1 0 210 110 0 0 0
2147 0 1 0 225 133 0 0 0
2148 0 1 0 192 115 0 0 0
2149 0 1 0 230 145 0 0 0
2150 0 1 1 200 138 0.00724638 0.00601929 0.00591716
2151 0 1 1 158 94 0.0106383 0.00820555 0.00793651
2152 0 1 0 200 107 0 0 0
2153 0 1 0 174 88 0 0 0
2154 0 1 0 203 90 0 0 0
2155 0 1 0 155 84 0 0 0
2156 0 1 0 216 83 0 0 0
2157 0 1 0 173 83 0 0 0
2158 0 1 0 219 94 0 0 0
2159 0 1 0 176 79 0 0 0
2160 0 1 0 229 78 0 0 0
2161 0 1 0 185 71 0 0 0
2162 0 1 0 267 89 0 0 0
2163 0 1 0 227 79 0 0 0
2164 0 1 1 167 51 0.0196078 0.0108357 0.00917431
2165 0 1 1 223 87 0.0114943 0.0071794 0.00645161
2166 0 1 1 185 78 0.0128205 0.00832467 0.00760456
2167 0 1 1 140 51 0.0196078 0.0118345 0.0104712
2168 0 1 2 185 85 0.0235294 0.015949 0.0148148
2169 0 1 1 150 79 0.0126582 0.0091863 0.00873362
2170 0 1 1 120 67 0.0149254 0.0111525 0.0106952
2171 0 1 1 156 84 0.0119048 0.00873571 0.00833333
2172 0 1 0 123 63 0 0 0
2173 0 1 0 149 77 0 0 0
2174 0 1 0 109 77 0 0 0
2175 0 1 1 159 67 0.0149254 0.00968867 0.00884956
2176 0 1 1 120 68 0.0147059 0.0110702 0.0106383
2177 0 1 0 189 87 0 0 0
2178 0 1 0 145 81 0 0 0
2179 0 1 0 195 94 0 0 0
2180 0 1 0 156 89 0 0 0
2181 0 1 0 183 90 0 0 0
2182 0 1 0 210 103 0 0 0
2183 0 1 0 155 77 0 0 0
2184 0 1 0 176 150 0 0 0
2185 0 1 0 137 167 0 0 0
2186 0 1 0 105 137 0 0 0
2187 0 1 0 166 126 0 0 0
2188 0 1 0 120 104 0 0 0
2189 0 1 0 174 97 0 0 0
2190 0 1 0 112 82 0 0 0
2191 0 1 0 163 94 0 0 0
2192 0 1 0 114 79 0 0 0
2193 0 1 0 141 90 0 0 0
2194 0 1 0 182 111 0 0 0
2195 0 1 0 129 88 0 0 0
2196 0 1 0 178 89 0 0 0
2197 0 1 0 206 115 0 0 0
2198 0 1 0 150 88 0 0 0
2199 0 1 0 159 99 0 0 0
2200 0 1 0 142 119 0 0 0
2201 0 1 0 176 121 0 0 0
2202 0 1 0 205 134 0 0 0
2203 0 1 0 228 120 0 0 0
2204 0 1 0 239 119 0 0 0
2205 0 1 0 184 92 0 0 0
2206 0 1 0 212 97 0 0 0
2207 0 1 0 160 88 0 0 0
2208 0 1 0 167 87 0 0 0
2209 0 1 2 201 112 0.0178571 0.0133298 0.0127796
2210 0 1 3 159 91 0.032967 0.0249403 0.024
2211 0 1 4 182 101 0.039604 0.0295028 0.0282686
2212 0 1 1 213 111 0.00900901 0.00650352 0.00617284
2213 0 1 2 179 87 0.0229885 0.0160267 0.0150376
2214 0 1 2 208 100 0.02 0.0138675 0.012987
2215 0 1 0 187 86 0 0 0
2216 0 1 1 251 76 0.0131579 0.0072403 0.00611621
2217 0 1 0 202 77 0 0 0
2218 0 1 0 212 92 0 0 0
2219 0 1 1 205 87 0.0114943 0.00748796 0.00684932
2220 0 1 0 216 101 0 0 0
2221 0 1 0 186 111 0 0 0
2222 0 1 0 241 130 0 0 0
2223 0 1 0 201 114 0 0 0
2224 0 1 1 270 137 0.00729927 0.00519946 0.004914
2225 0 1 1 228 142 0.00704225 0.00555761 0.00540541
2226 0 1 1 212 115 0.00869565 0.00640447 0.00611621
2227 0 1 1 266 133 0.0075188 0.00531659 0.00501253
2228 0 1 1 243 135 0.00740741 0.00552116 0.00529101
2229 0 1 1 278 160 0.00625 0.00474152 0.00456621
2230 0 1 2 264 172 0.0116279 0.00938564 0.00917431
2231 0 1 1 249 139 0.00719424 0.00537518 0.00515464
2232 0 1 1 335 169 0.00591716 0.00420276 0.00396825
2233 0 1 1 302 165 0.00606061 0.00447976 0.00428266
2234 0 1 1 388 179 0.00558659 0.00379453 0.00352734
2235 0 1 2 344 184 0.0108696 0.00794954 0.00757576
2236 0 1 2 322 166 0.0120482 0.00865064 0.00819672
2237 0 1 2 424 203 0.00985222 0.00681709 0.00637959
2238 0 1 1 397 207 0.00483092 0.00348835 0.00331126
2239 0 1 1 370 188 0.00531915 0.00379158 0.00358423
2240 0 1 2 432 204 0.00980392 0.0067371 0.00628931
2241 0 1 2 414 208 0.00961538 0.00681551 0.00643087
2242 0 1 1 380 194 0.00515464 0.00368305 0.00348432
2243 0 1 0 446 209 0 0 0
2244 0 1 1 413 220 0.00454545 0.00331752 0.00315956
2245 0 1 1 464 221 0.00452489 0.00312281 0.00291971
2246 0 1 2 437 227 0.00881057 0.00635004 0.0060241
2247 0 1 2 467 264 0.00757576 0.00569599 0.00547196
2248 0 1 2 456 269 0.00743494 0.00571046 0.00551724
2249 0 1 1 491 279 0.00358423 0.00270182 0.0025974
2250 0 1 3 449 287 0.010453 0.00835713 0.00815217
2251 0 1 4 492 300 0.0133333 0.0104116 0.010101
2252 0 1 3 463 302 0.00993378 0.00802282 0.00784314
2253 0 1 3 483 288 0.0104167 0.00804362 0.0077821
2254 0 1 4 481 282 0.0141844 0.0108608 0.0104849
2255 0 1 5 436 267 0.0187266 0.0146545 0.0142248
2256 0 1 4 480 285 0.0140351 0.0108148 0.0104575
2257 0 1 2 443 281 0.00711744 0.00566859 0.00552486
2258 0 1 1 383 246 0.00406504 0.00325786 0.00317965
2259 0 1 2 419 252 0.00793651 0.00615492 0.00596125
2260 0 1 2 363 243 0.00823045 0.00673401 0.00660066
2261 0 1 1 321 197 0.00507614 0.00397662 0.003861
2262 0 1 2 355 189 0.010582 0.0077212 0.00735294
2263 0 1 3 325 182 0.0164835 0.0123351 0.0118343
2264 0 1 1 275 130 0.00769231 0.00528886 0.00493827
2265 0 1 2 335 146 0.0136986 0.00904339 0.00831601
2266 0 1 3 274 133 0.0225564 0.0157152 0.014742
2267 0 1 3 229 110 0.0272727 0.018902 0.0176991
2268 0 1 1 273 125 0.008 0.00541332 0.00502513
2269 0 1 1 215 127 0.00787402 0.00605172 0.00584795
2270 0 1 1 162 110 0.00909091 0.00749111 0.00735294
2271 0 1 1 189 129 0.00775194 0.00640434 0.00628931
2272 0 1 1 160 120 0.00833333 0.00721688 0.00714286
2273 0 1 1 195 121 0.00826446 0.00651014 0.00632911
2274 0 1 1 167 123 0.00813008 0.00697733 0.00689655
2275 0 1 2 132 98 0.0204082 0.0175845 0.0173913
2276 0 1 1 167 105 0.00952381 0.00755174 0.00735294
2277 0 1 0 145 112 0 0 0
2278 0 1 0 181 124 0 0 0
2279 0 1 1 155 123 0.00813008 0.00724238 0.00719424
2280 0 1 0 126 86 0 0 0
2281 0 1 0 156 118 0 0 0
2282 0 1 1 127 97 0.0103093 0.00900974 0.00892857
2283 0 1 1 155 115 0.00869565 0.00749006 0.00740741
2284 0 1 1 137 108 0.00925926 0.00822106 0.00816326
2285 0 1 2 178 109 0.0183486 0.0143584 0.0139373
2286 0 1 0 137 95 0 0 0
2287 0 1 0 179 105 0 0 0
2288 0 1 0 139 95 0 0 0
2289 0 1 0 170 94 0 0 0
2290 0 1 0 139 87 0 0 0
2291 0 1 1 172 84 0.0119048 0.00831948 0.0078125
2292 0 1 0 146 71 0 0 0
2293 0 1 0 180 81 0 0 0
2294 0 1 0 142 84 0 0 0
2295 0 1 0 184 89 0 0 0
2296 0 1 0 148 73 0 0 0
2297 0 1 0 182 82 0 0 0
2298 0 1 0 131 67 0 0 0
2299 0 1 0 151 73 0 0 0
2300 0 1 0 169 104 0 0 0
2301 0 1 0 134 85 0 0 0
2302 0 1 0 151 83 0 0 0
2303 0 1 1 178 109 0.00917431 0.00717921 0.00696864
2304 0 1 1 119 88 0.0113636 0.00977204 0.00966184
2305 0 1 0 132 75 0 0 0
2306 0 1 0 146 94 0 0 0
2307 0 1 0 133 83 0 0 0
2308 0 1 2 156 79 0.0253165 0.0180158 0.0170213
2309 0 1 0 191 89 0 0 0
2310 0 1 0 142 70 0 0 0
2311 0 1 0 164 74 0 0 0
2312 0 1 0 160 94 0 0 0
2313 0 1 0 173 106 0 0 0
2314 0 1 0 185 116 0 0 0
2315 0 1 0 179 115 0 0 0
2316 0 1 1 197 133 0.0075188 0.0061779 0.00606061
2317 0 1 0 216 133 0 0 0
2318 0 1 0 212 136 0 0 0
2319 0 1 0 209 129 0 0 0
2320 0 1 0 238 132 0 0 0
2321 0 1 1 229 151 0.00662252 0.00537767 0.00526316
2322 0 1 2 234 161 0.0124224 0.0103041 0.0101266
2323 0 1 2 230 145 0.0137931 0.0109517 0.0106667
2324 0 1 1 252 154 0.00649351 0.00507621 0.00492611
2325 0 1 1 254 157 0.00636943 0.00500764 0.00486618
2326 0 1 2 259 163 0.0122699 0.00973389 0.00947867
2327 0 1 0 265 153 0 0 0
2328 0 1 1 209 128 0.0078125 0.00611395 0.00593472
2329 0 1 4 229 121 0.0330578 0.0240298 0.0228571
2330 0 1 0 184 94 0 0 0
2331 0 1 0 214 99 0 0 0
2332 0 1 0 171 91 0 0 0
2333 0 1 0 192 114 0 0 0
2334 0 1 0 161 102 0 0 0
2335 0 1 0 188 122 0 0 0
2336 0 1 0 144 104 0 0 0
2337 0 1 0 123 110 0 0 0
2338 0 1 0 136 118 0 0 0
2339 0 1 0 100 95 0 0 0
2340 0 1 0 102 115 0 0 0
2341 0 1 0 72 93 0 0 0
2342 0 1 0 90 103 0 0 0
2343 0 1 1 72 98 0.0138889 0.0119048 0.0117647
2344 0 1 0 110 103 0 0 0
2345 0 1 0 97 88 0 0 0
2346 0 1 0 130 106 0 0 0
2347 0 1 0 99 104 0 0 0
2348 0 1 0 80 77 0 0 0
2349 0 1 0 101 95 0 0 0
2350 0 1 0 72 83 0 0 0
2351 0 1 0 104 84 0 0 0
2352 0 1 0 105 83 0 0 0
2353 0 1 0 81 65 0 0 0
2354 0 1 0 120 79 0 0 0
2355 0 1 0 105 70 0 0 0
2356 0 1 1 82 56 0.0178571 0.014757 0.0144928
2357 0 1 2 98 52 0.0384615 0.0280166 0.0266667
2358 0 1 0 85 56 0 0 0
2359 0 1 0 129 80 0 0 0
2360 0 1 0 92 70 0 0 0
2361 0 1 0 76 47 0 0 0
2362 0 1 0 101 66 0 0 0
2363 0 1 0 76 65 0 0 0
2364 0 1 0 66 42 0 0 0
2365 0 1 0 119 57 0 0 0
2366 0 1 0 91 54 0 0 0
2367 0 1 0 72 35 0 0 0
2368 0 1 0 119 36 0 0 0
2369 0 1 1 89 35 0.0285714 0.0179172 0.016129
2370 0 1 0 120 49 0 0 0
2371 0 1 0 86 43 0 0 0
2372 0 1 0 67 27 0 0 0
2373 0 1 0 95 54 0 0 0
2374 0 1 0 81 53 0 0 0
2375 0 1 0 68 39 0 0 0
2376 0 1 0 55 27 0 0 0
2377 0 1 1 60 42 0.0238095 0.0199205 0.0196078
2378 0 1 1 47 44 0.0227273 0.02199 0.021978
2379 0 1 1 33 33 0.030303 0.030303 0.030303
2380 0 1 0 50 50 0 0 0
2381 0 1 0 74 68 0 0 0
2382 0 1 0 51 59 0 0 0
2383 0 1 0 41 40 0 0 0
2384 0 1 0 51 40 0 0 0
2385 0 1 0 70 74 0 0 0
2386 0 1 1 51 72 0.0196078 0.0165025 0.0162602
2387 0 1 0 42 52 0 0 0
2388 0 1 1 57 54 0.0185185 0.0180246 0.018018
2389 0 1 1 50 42 0.0238095 0.0218218 0.0217391
2390 0 1 1 68 41 0.0243902 0.0189389 0.0183486
2391 0 1 0 60 37 0 0 0
2392 0 1 0 48 25 0 0 0
2393 0 1 1 75 34 0.0294118 0.019803 0.0183486
2394 0 1 0 54 34 0 0 0
2395 0 1 0 89 46 0 0 0
2396 0 1 0 70 47 0 0 0
2397 0 1 0 53 31 0 0 0
2398 0 1 0 74 43 0 0 0
2399 0 1 0 60 44 0 0 0
2400 0 1 0 48 28 0 0 0
2401 0 1 0 74 44 0 0 0
2402 0 1 0 62 40 0 0 0
2403 0 1 0 44 32 0 0 0
2404 0 1 0 65 51 0 0 0
2405 0 1 0 63 45 0 0 0
2406 0 1 0 50 34 0 0 0
2407 0 1 0 54 46 0 0 0
2408 0 1 0 40 42 0 0 0
2409 0 1 0 54 50 0 0 0
2410 0 1 0 41 57 0 0 0
2411 0 1 0 37 44 0 0 0
2412 0 1 0 74 95 0 0 0
2413 0 1 0 73 99 0 0 0
2414 0 1 0 56 73 0 0 0
2415 0 1 0 55 67 0 0 0
2416 0 1 0 49 49 0 0 0
2417 0 1 0 117 95 0 0 0
2418 0 1 2 107 97 0.0206186 0.0196314 0.0196078
2419 0 1 0 95 79 0 0 0
2420 0 1 0 76 67 0 0 0
2421 0 1 0 77 55 0 0 0
2422 0 1 0 63 45 0 0 0
2423 0 1 0 46 24 0 0 0
2424 0 1 0 86 48 0 0 0
2425 0 1 0 77 65 0 0 0
2426 0 1 0 70 67 0 0 0
2427 0 1 0 63 57 0 0 0
2428 0 1 1 52 45 0.0222222 0.0206725 0.0206186
2429 0 1 1 36 36 0.0277778 0.0277778 0.0277778
2430 0 1 1 31 19 0.0526316 0.0412043 0.04
2431 0 1 0 57 60 0 0 0
2432 0 1 0 45 71 0 0 0
2433 0 1 0 25 57 0 0 0
2434 0 1 0 21 43 0 0 0
2435 0 1 0 17 19 0 0 0
2436 0 1 0 49 48 0 0 0
2437 0 1 0 47 49 0 0 0
2438 0 1 0 37 44 0 0 0
2439 0 1 0 30 35 0 0 0
2440 0 1 0 18 29 0 0 0
2441 0 1 0 16 19 0 0 0
2442 0 1 0 12 14 0 0 0
2443 0 1 0 34 36 0 0 0
2444 0 1 0 75 66 0 0 0
2445 0 1 0 61 66 0 0 0
2446 0 1 0 49 49 0 0 0
2447 0 1 0 44 37 0 0 0
2448 0 1 0 72 65 0 0 0
2449 0 1 1 55 74 0.0181818 0.0156748 0.0155039
2450 0 1 1 52 57 0.0192308 0.018368 0.0183486
2451 0 1 0 37 51 0 0 0
2452 0 1 0 36 38 0 0 0
2453 0 1 0 61 62 0 0 0
2454 0 1 0 65 69 0 0 0
2455 0 1 0 59 66 0 0 0
2456 0 1 0 129 109 0 0 0
2457 0 1 0 110 112 0 0 0
2458 0 1 0 92 93 0 0 0
2459 0 1 0 70 68 0 0 0
2460 0 1 1 118 90 0.0111111 0.00970371 0.00961538
2461 0 1 0 92 93 0 0 0
2462 0 1 0 84 76 0 0 0
2463 0 1 0 128 112 0 0 0
2464 0 1 0 106 97 0 0 0
2465 0 1 0 85 74 0 0 0
2466 0 1 0 111 83 0 0 0
2467 0 1 0 91 85 0 0 0
2468 0 1 0 70 64 0 0 0
2469 0 1 0 97 82 0 0 0
2470 0 1 0 84 85 0 0 0
2471 0 1 0 69 58 0 0 0
2472 0 1 0 113 79 0 0 0
2473 0 1 0 86 87 0 0 0
2474 0 1 0 77 55 0 0 0
2475 0 1 0 100 69 0 0 0
2476 0 1 0 78 64 0 0 0
2477 0 1 0 110 76 0 0 0
2478 0 1 0 84 62 0 0 0
2479 0 1 0 70 42 0 0 0
2480 0 1 0 106 75 0 0 0
2481 0 1 0 87 78 0 0 0
2482 0 1 0 75 53 0 0 0
2483 0 1 0 75 36 0 0 0
2484 0 1 0 99 61 0 0 0
2485 0 1 0 75 60 0 0 0
2486 0 1 0 66 51 0 0 0
2487 0 1 0 104 65 0 0 0
2488 0 1 0 89 68 0 0 0
2489 0 1 0 72 59 0 0 0
2490 0 1 1 59 38 0.0263158 0.0211194 0.0206186
2491 0 1 1 99 47 0.0212766 0.01466 0.0136986
2492 0 1 0 77 41 0 0 0
2493 0 1 0 59 25 0 0 0
2494 0 1 0 78 54 0 0 0
2495 0 1 0 59 54 0 0 0
2496 0 1 0 45 38 0 0 0
2497 0 1 0 78 70 0 0 0
2498 0 1 0 46 59 0 0 0
2499 0 1 0 37 39 0 0 0
2500 0 1 0 90 62 0 0 0
2501 0 1 0 75 57 0 0 0
2502 0 1 0 63 43 0 0 0
2503 0 1 0 41 33 0 0 0
2504 0 1 0 71 43 0 0 0
2505 0 1 1 59 39 0.025641 0.0208469 0.0204082
2506 0 1 1 47 27 0.037037 0.0280717 0.027027
2507 0 1 0 83 54 0 0 0
2508 0 1 0 64 53 0 0 0
2509 0 1 0 48 27 0 0 0
2510 0 1 0 83 48 0 0 0
2511 0 1 0 71 45 0 0 0
2512 0 1 0 59 34 0 0 0
2513 0 1 0 45 24 0 0 0
2514 0 1 0 83 56 0 0 0
2515 0 1 0 64 57 0 0 0
2516 0 1 0 56 39 0 0 0
2517 0 1 0 46 30 0 0 0
2518 0 1 0 34 16 0 0 0
2519 0 1 0 54 27 0 0 0
2520 0 1 0 104 63 0 0 0
2521 0 1 0 79 50 0 0 0
2522 0 1 0 48 26 0 0 0
2523 0 1 0 82 52 0 0 0
2524 0 1 0 63 45 0 0 0
2525 0 1 0 44 30 0 0 0
2526 0 1 0 62 40 0 0 0
2527 0 1 0 113 70 0 0 0
2528 0 1 0 72 48 0 0 0
2529 0 1 0 43 28 0 0 0
2530 0 1 0 59 56 0 0 0
2531 0 1 0 48 44 0 0 0
2532 0 1 0 44 23 0 0 0
2533 0 1 0 78 52 0 0 0
2534 0 1 0 70 50 0 0 0
2535 0 1 0 48 32 0 0 0
2536 0 1 0 41 28 0 0 0
2537 0 1 0 67 49 0 0 0
2538 0 1 0 131 84 0 0 0
2539 0 1 0 107 82 0 0 0
2540 0 1 0 76 45 0 0 0
2541 0 1 0 113 68 0 0 0
2542 0 1 0 91 57 0 0 0
2543 0 1 0 73 35 0 0 0
2544 0 1 1 120 66 0.0151515 0.0112367 0.0107527
2545 0 1 0 106 54 0 0 0
2546 0 1 0 83 35 0 0 0
2547 0 1 0 67 28 0 0 0
2548 0 1 0 94 48 0 0 0
2549 0 1 0 86 51 0 0 0
2550 0 1 1 68 37 0.027027 0.0199363 0.0190476
2551 0 1 0 110 65 0 0 0
2552 0 1 0 92 57 0 0 0
2553 0 1 0 71 37 0 0 0
2554 0 1 0 121 65 0 0 0
2555 0 1 0 92 68 0 0 0
2556 0 1 0 85 56 0 0 0
2557 0 1 0 66 43 0 0 0
2558 0 1 0 108 65 0 0 0
2559 0 1 0 94 58 0 0 0
2560 0 1 1 80 50 0.02 0.0158114 0.0153846
2561 0 1 0 70 41 0 0 0
2562 0 1 0 124 61 0 0 0
2563 0 1 0 96 54 0 0 0
2564 0 1 0 83 39 0 0 0
2565 0 1 0 66 38 0 0 0
2566 0 1 0 123 66 0 0 0
2567 0 1 0 110 60 0 0 0
2568 0 1 0 82 42 0 0 0
2569 0 1 0 53 38 0 0 0
2570 0 1 0 103 64 0 0 0
2571 0 1 0 84 67 0 0 0
2572 0 1 0 78 44 0 0 0
2573 0 1 0 72 39 0 0 0
2574 0 1 0 59 28 0 0 0
2575 0 1 1 105 41 0.0243902 0.015241 0.0136986
2576 0 1 0 93 44 0 0 0
2577 0 1 1 90 35 0.0285714 0.0178174 0.016
2578 0 1 1 81 24 0.0416667 0.0226805 0.0190476
2579 0 1 0 64 16 0 0 0
2580 0 1 0 121 33 0 0 0
2581 0 1 0 110 34 0 0 0
2582 0 1 0 99 30 0 0 0
2583 0 1 0 83 26 0 0 0
2584 0 1 0 72 14 0 0 0
2585 0 1 0 58 14 0 0 0
2586 0 1 0 125 36 0 0 0
2587 0 1 0 110 40 0 0 0
2588 0 1 0 112 29 0 0 0
2589 0 1 0 93 28 0 0 0
2590 0 1 0 82 25 0 0 0
2591 0 1 0 72 24 0 0 0
2592 0 1 0 64 21 0 0 0
2593 0 1 0 61 21 0 0 0
2594 0 1 0 50 16 0 0 0
2595 0 1 0 109 50 0 0 0
2596 0 1 0 102 51 0 0 0
2597 0 1 0 93 45 0 0 0
2598 0 1 0 78 43 0 0 0
2599 0 1 0 71 37 0 0 0
2600 0 1 0 63 29 0 0 0
2601 0 1 0 47 25 0 0 0
2602 0 1 0 38 18 0 0 0
2603 0 1 0 100 58 0 0 0
2604 0 1 0 95 57 0 0 0
2605 0 1 0 82 51 0 0 0
2606 0 1 0 66 42 0 0 0
2607 0 1 0 60 33 0 0 0
2608 0 1 0 115 62 0 0 0
2609 0 1 0 95 56 0 0 0
2610 0 1 0 85 42 0 0 0
2611 0 1 0 68 32 0 0 0
2612 0 1 0 60 14 0 0 0
2613 0 1 0 110 42 0 0 0
2614 0 1 0 108 40 0 0 0
2615 0 1 0 88 33 0 0 0
2616 0 1 0 71 30 0 0 0
2617 0 1 0 59 21 0 0 0
2618 0 1 0 45 10 0 0 0
2619 0 1 0 105 30 0 0 0
2620 0 1 0 97 41 0 0 0
2621 0 1 0 90 33 0 0 0
2622 0 1 0 81 28 0 0 0
2623 0 1 0 55 21 0 0 0
2624 0 1 0 49 14 0 0 0
2625 0 1 0 105 28 0 0 0
2626 0 1 0 75 30 0 0 0
2627 0 1 0 63 29 0 0 0
2628 0 1 0 57 24 0 0 0
2629 0 1 0 85 30 0 0 0
2630 0 1 0 78 28 0 0 0
2631 0 1 0 68 21 0 0 0
2632 0 1 0 40 16 0 0 0
2633 0 1 0 90 38 0 0 0
2634 0 1 0 73 46 0 0 0
2635 0 1 0 64 36 0 0 0
2636 0 1 0 59 25 0 0 0
2637 0 1 0 38 18 0 0 0
2638 0 1 0 75 30 0 0 0
2639 0 1 0 58 38 0 0 0
2640 0 1 0 119 59 0 0 0
2641 0 1 0 106 54 0 0 0
2642 0 1 0 91 45 0 0 0
2643 0 1 0 75 32 0 0 0
2644 0 1 0 117 37 0 0 0
2645 0 1 0 93 39 0 0 0
2646 0 1 0 81 24 0 0 0
2647 0 1 0 162 48 0 0 0
2648 0 1 0 121 42 0 0 0
2649 0 1 0 107 26 0 0 0
2650 0 1 0 87 16 0 0 0
2651 0 1 0 123 31 0 0 0
2652 0 1 1 102 28 0.0357143 0.018712 0.0153846
2653 0 1 1 88 18 0.0555556 0.0251259 0.0188679
2654 0 1 1 163 66 0.0151515 0.00964127 0.00873362
2655 0 1 1 135 61 0.0163934 0.0110197 0.0102041
2656 0 1 0 100 38 0 0 0
2657 0 1 0 150 56 0 0 0
2658 0 1 1 124 47 0.0212766 0.0130991 0.0116959
2659 0 1 0 97 30 0 0 0
2660 0 1 0 169 49 0 0 0
2661 0 1 0 147 44 0 0 0
2662 0 1 0 129 30 0 0 0
2663 0 1 1 186 47 0.0212766 0.0106953 0.00858369
2664 0 1 0 156 42 0 0 0
2665 0 1 0 138 31 0 0 0
2666 0 1 0 170 51 0 0 0
2667 0 1 0 157 51 0 0 0
2668 0 1 0 127 38 0 0 0
2669 0 1 1 198 67 0.0149254 0.0086822 0.00754717
2670 0 1 1 168 55 0.0181818 0.0104031 0.00896861
2671 0 1 2 153 45 0.0444444 0.0241034 0.020202
2672 0 1 1 122 43 0.0232558 0.0138066 0.0121212
2673 0 1 0 209 81 0 0 0
2674 0 1 3 175 72 0.0416667 0.0267261 0.0242915
2675 0 1 2 153 53 0.0377358 0.0222099 0.0194175
2676 0 1 1 131 49 0.0204082 0.0124815 0.0111111
2677 0 1 0 188 80 0 0 0
2678 0 1 0 163 69 0 0 0
2679 0 1 0 145 46 0 0 0
2680 0 1 0 221 97 0 0 0
2681 0 1 0 197 99 0 0 0
2682 0 1 0 164 79 0 0 0
2683 0 1 0 135 57 0 0 0
2684 0 1 0 232 80 0 0 0
2685 0 1 0 201 76 0 0 0
2686 0 1 0 162 59 0 0 0
2687 0 1 0 130 50 0 0 0
2688 0 1 0 199 89 0 0 0
2689 0 1 0 184 82 0 0 0
2690 0 1 0 139 54 0 0 0
2691 0 1 0 200 91 0 0 0
2692 0 1 0 160 82 0 0 0
2693 0 1 0 111 64 0 0 0
2694 0 1 0 158 86 0 0 0
2695 0 1 0 127 74 0 0 0
2696 0 1 0 106 55 0 0 0
2697 0 1 0 136 73 0 0 0
2698 0 1 0 120 52 0 0 0
2699 0 1 0 174 62 0 0 0
2700 0 1 0 117 53 0 0 0
2701 0 1 0 153 71 0 0 0
2702 0 1 0 96 50 0 0 0
2703 0 1 0 104 56 0 0 0
2704 0 1 0 94 68 0 0 0
2705 0 1 0 108 82 0 0 0
2706 0 1 0 96 92 0 0 0
2707 0 1 0 105 86 0 0 0
2708 0 1 0 132 95 0 0 0
2709 0 1 0 175 116 0 0 0
2710 0 1 0 178 117 0 0 0
2711 0 1 0 117 115 0 0 0
2712 0 1 1 155 130 0.00769231 0.0070447 0.00701754
2713 0 1 1 129 110 0.00909091 0.00839477 0.0083682
2714 0 1 0 174 117 0 0 0
2715 0 1 0 202 130 0 0 0
2716 0 1 0 208 137 0 0 0
2717 0 1 0 225 139 0 0 0
2718 0 1 0 253 145 0 0 0
2719 0 1 0 258 151 0 0 0
2720 0 1 0 246 144 0 0 0
2721 0 1 0 245 143 0 0 0
2722 0 1 0 264 144 0 0 0
2723 0 1 0 262 137 0 0 0
2724 0 1 0 210 119 0 0 0
2725 0 1 0 273 126 0 0 0
2726 0 1 0 199 113 0 0 0
2727 0 1 1 242 108 0.00925926 0.00618558 0.00571429
2728 0 1 1 183 102 0.00980392 0.00731938 0.00701754
2729 0 1 1 211 97 0.0103093 0.00698993 0.00649351
2730 0 1 0 192 69 0 0 0
2731 0 1 0 219 91 0 0 0
2732 0 1 0 204 82 0 0 0
2733 0 1 0 164 84 0 0 0
2734 0 1 0 152 77 0 0 0
2735 0 1 0 173 81 0 0 0
2736 0 1 0 122 76 0 0 0
2737 0 1 0 142 82 0 0 0
2738 0 1 0 102 78 0 0 0
2739 0 1 0 134 80 0 0 0
2740 0 1 0 101 69 0 0 0
2741 0 1 0 122 72 0 0 0
2742 0 1 0 86 56 0 0 0
2743 0 1 0 87 56 0 0 0
2744 0 1 0 126 80 0 0 0
2745 0 1 0 90 42 0 0 0
2746 0 1 0 103 58 0 0 0
2747 0 1 0 60 47 0 0 0
2748 0 1 0 76 71 0 0 0
2749 0 1 0 68 82 0 0 0
2750 0 1 0 49 63 0 0 0
2751 0 1 0 69 76 0 0 0
2752 0 1 0 46 61 0 0 0
2753 0 1 0 96 69 0 0 0
2754 0 1 0 66 73 0 0 0
2755 0 1 0 49 41 0 0 0
2756 0 1 0 86 40 0 0 0
2757 0 1 0 52 31 0 0 0
2758 0 1 0 74 30 0 0 0
2759 0 1 0 51 29 0 0 0
2760 0 1 0 99 35 0 0 0
2761 0 1 0 80 34 0 0 0
2762 0 1 0 64 25 0 0 0
2763 0 1 0 116 47 0 0 0
2764 0 1 0 94 34 0 0 0
2765 0 1 0 69 19 0 0 0
2766 0 1 0 111 41 0 0 0
2767 0 1 0 82 38 0 0 0
2768 0 1 0 65 31 0 0 0
2769 0 1 0 124 45 0 0 0
2770 0 1 0 87 40 0 0 0
2771 0 1 0 74 25 0 0 0
2772 0 1 0 121 41 0 0 0
2773 0 1 0 102 42 0 0 0
2774 0 1 0 77 22 0 0 0
2775 0 1 0 104 41 0 0 0
2776 0 1 0 85 39 0 0 0
2777 0 1 0 67 33 0 0 0
2778 0 1 2 108 49 0.0408163 0.0274929 0.0254777
2779 0 1 2 86 51 0.0392157 0.0301992 0.0291971
2780 0 1 2 81 43 0.0465116 0.0338886 0.0322581
2781 0 1 1 60 37 0.027027 0.0212238 0.0206186
2782 0 1 1 73 43 0.0232558 0.0178486 0.0172414
2783 0 1 2 52 46 0.0434783 0.040893 0.0408163
2784 0 1 1 85 53 0.0188679 0.0148988 0.0144928
2785 0 1 0 68 51 0 0 0
2786 0 1 0 57 33 0 0 0
2787 0 1 0 74 41 0 0 0
2788 0 1 2 69 38 0.0526316 0.0390583 0.0373832
2789 0 1 0 56 27 0 0 0
2790 0 1 0 77 34 0 0 0
2791 0 1 0 60 36 0 0 0
2792 0 1 0 47 27 0 0 0
2793 0 1 0 81 27 0 0 0
2794 0 1 0 59 28 0 0 0
2795 0 1 0 83 39 0 0 0
2796 0 1 0 66 30 0 0 0
2797 0 1 0 72 41 0 0 0
2798 0 1 0 47 39 0 0 0
2799 0 1 0 78 63 0 0 0
2800 0 1 0 58 77 0 0 0
2801 0 1 0 46 52 0 0 0
2802 0 1 0 83 48 0 0 0
2803 0 1 1 102 67 0.0149254 0.0120966 0.0118343
2804 0 1 0 93 59 0 0 0
2805 0 1 0 69 36 0 0 0
2806 0 1 1 125 46 0.0217391 0.0131876 0.0116959
2807 0 1 0 102 44 0 0 0
2808 0 1 0 94 27 0 0 0
2809 0 1 1 117 51 0.0196078 0.0129456 0.0119048
2810 0 1 1 109 47 0.0212766 0.0139713 0.0128205
2811 0 1 1 96 26 0.0384615 0.020016 0.0163934
2812 0 1 1 130 47 0.0212766 0.0127932 0.0112994
2813 0 1 0 134 50 0 0 0
2814 0 1 0 120 37 0 0 0
2815 0 1 0 113 32 0 0 0
2816 0 1 0 97 28 0 0 0
2817 0 1 0 129 36 0 0 0
2818 0 1 0 107 33 0 0 0
2819 0 1 0 131 54 0 0 0
2820 0 1 0 118 58 0 0 0
2821 0 1 0 108 32 0 0 0
2822 0 1 0 107 25 0 0 0
2823 0 1 0 150 28 0 0 0
2824 0 1 0 125 30 0 0 0
2825 0 1 0 116 24 0 0 0
2826 0 1 0 183 49 0 0 0
2827 0 1 0 158 44 0 0 0
2828 0 1 0 126 27 0 0 0
2829 0 1 0 197 59 0 0 0
2830 0 1 0 177 59 0 0 0
2831 0 1 0 154 46 0 0 0
2832 0 1 0 133 38 0 0 0
2833 0 1 0 189 41 0 0 0
2834 0 1 0 164 45 0 0 0
2835 0 1 0 130 28 0 0 0
2836 0 1 0 214 48 0 0 0
2837 0 1 0 187 50 0 0 0
2838 0 1 0 164 41 0 0 0
2839 0 1 0 138 33 0 0 0
2840 0 1 0 231 53 0 0 0
2841 0 1 0 206 55 0 0 0
2842 0 1 0 150 43 0 0 0
2843 0 1 0 258 62 0 0 0
2844 0 1 1 209 56 0.0178571 0.00924342 0.00754717
2845 0 1 1 192 59 0.0169492 0.00939558 0.00796813
2846 0 1 2 167 52 0.0384615 0.021462 0.0182648
2847 0 1 1 155 36 0.0277778 0.013387 0.0104712
2848 0 1 0 239 60 0 0 0
2849 0 1 0 185 61 0 0 0
2850 0 1 0 144 49 0 0 0
2851 0 1 1 260 68 0.0147059 0.00752071 0.00609756
2852 0 1 0 224 76 0 0 0
2853 0 1 0 314 98 0 0 0
2854 0 1 1 276 99 0.010101 0.00604962 0.00533333
2855 0 1 1 236 94 0.0106383 0.00671398 0.00606061
2856 0 1 0 363 116 0 0 0
2857 0 1 0 294 123 0 0 0
2858 0 1 0 259 109 0 0 0
2859 0 1 0 338 123 0 0 0
2860 0 1 1 269 121 0.00826446 0.00554282 0.00512821
2861 0 1 1 326 133 0.0075188 0.00480248 0.0043573
2862 0 1 0 259 138 0 0 0
2863 0 1 2 318 143 0.013986 0.00937882 0.00867679
2864 0 1 0 247 153 0 0 0
2865 0 1 1 311 153 0.00653595 0.00458431 0.00431034
2866 0 1 0 244 151 0 0 0
2867 0 1 0 298 155 0 0 0
2868 0 1 0 215 139 0 0 0
2869 0 1 0 286 129 0 0 0
2870 0 1 0 274 133 0 0 0
2871 0 1 0 252 136 0 0 0
2872 0 1 0 255 122 0 0 0
2873 0 1 0 259 123 0 0 0
2874 0 1 0 228 122 0 0 0
2875 0 1 0 215 116 0 0 0
2876 0 1 1 206 116 0.00862069 0.006469 0.00621118
2877 0 1 1 207 127 0.00787402 0.00616755 0.00598802
2878 0 1 2 212 113 0.0176991 0.0129218 0.0123077
2879 0 1 0 185 111 0 0 0
2880 0 1 0 191 115 0 0 0
2881 0 1 0 177 137 0 0 0
2882 0 1 0 169 155 0 0 0
2883 0 1 0 188 170 0 0 0
2884 0 1 1 191 177 0.00564972 0.00543872 0.00543478
2885 0 1 0 144 145 0 0 0
2886 0 1 0 168 154 0 0 0
2887 0 1 0 172 146 0 0 0
2888 0 1 0 171 172 0 0 0
2889 0 1 0 128 139 0 0 0
2890 0 1 0 115 133 0 0 0
2891 0 1 1 69 109 0.0144928 0.0115309 0.011236
2892 0 1 0 89 95 0 0 0
2893 0 1 1 64 94 0.015625 0.0128928 0.0126582
2894 0 1 0 86 102 0 0 0
2895 0 1 0 71 80 0 0 0
2896 0 1 2 83 93 0.0240964 0.022764 0.0227273
2897 0 1 0 62 74 0 0 0
2898 0 1 0 75 77 0 0 0
2899 0 1 0 62 68 0 0 0
2900 0 1 0 84 78 0 0 0
2901 0 1 0 63 80 0 0 0
2902 0 1 0 45 58 0 0 0
2903 0 1 0 68 67 0 0 0
2904 0 1 0 56 68 0 0 0
2905 0 1 0 42 43 0 0 0
2906 0 1 0 64 47 0 0 0
2907 0 1 0 89 74 0 0 0
2908 0 1 0 60 64 0 0 0
2909 0 1 0 93 61 0 0 0
2910 0 1 0 59 54 0 0 0
2911 0 1 0 68 72 0 0 0
2912 0 1 0 52 61 0 0 0
2913 0 1 0 70 66 0 0 0
2914 0 1 0 52 56 0 0 0
2915 0 1 0 71 56 0 0 0
2916 0 1 0 57 59 0 0 0
2917 0 1 1 42 38 0.0263158 0.0250313 0.025
2918 0 1 0 64 47 0 0 0
2919 0 1 0 42 55 0 0 0
2920 0 1 0 41 31 0 0 0
2921 0 1 0 58 44 0 0 0
2922 0 1 0 50 36 0 0 0
2923 0 1 0 40 24 0 0 0
2924 0 1 0 51 41 0 0 0
2925 0 1 0 42 37 0 0 0
2926 0 1 0 28 26 0 0 0
2927 0 1 0 46 43 0 0 0
2928 0 1 0 65 48 0 0 0
2929 0 1 0 41 47 0 0 0
2930 0 1 0 73 56 0 0 0
2931 0 1 0 51 46 0 0 0
2932 0 1 0 83 56 0 0 0
2933 0 1 0 60 51 0 0 0
2934 0 1 1 40 31 0.0322581 0.0283981 0.028169
2935 0 1 0 62 49 0 0 0
2936 0 1 0 37 47 0 0 0
2937 0 1 0 22 38 0 0 0
2938 0 1 0 51 59 0 0 0
2939 0 1 0 39 50 0 0 0
2940 0 1 0 29 34 0 0 0
2941 0 1 0 53 54 0 0 0
2942 0 1 0 38 43 0 0 0
2943 0 1 0 31 20 0 0 0
2944 0 1 0 48 46 0 0 0
2945 0 1 0 29 36 0 0 0
2946 0 1 0 19 21 0 0 0
2947 0 1 0 34 33 0 0 0
2948 0 1 0 27 20 0 0 0
2949 0 1 0 18 8 0 0 0
2950 0 1 0 33 17 0 0 0
2951 0 1 0 71 44 0 0 0
2952 0 1 0 41 33 0 0 0
2953 0 1 0 19 14 0 0 0
2954 0 1 0 19 29 0 0 0
2955 0 1 0 13 23 0 0 0
2956 0 1 0 31 37 0 0 0
2957 0 1 0 22 24 0 0 0
2958 0 1 0 13 12 0 0 0
2959 0 1 0 25 19 0 0 0
2960 0 1 0 21 19 0 0 0
2961 0 1 0 15 11 0 0 0
3289 0 1 0 75 82 0 0 0
3290 0 1 0 94 61 0 0 0
3291 0 1 0 111 93 0 0 0
3292 0 1 0 128 93 0 0 0
3293 0 1 1 140 90 0.0111111 0.00890871 0.00869565
3294 0 1 0 136 89 0 0 0
3295 0 1 1 131 92 0.0108696 0.00910899 0.00896861
3296 0 1 4 148 91 0.043956 0.0344674 0.0334728
3297 0 1 1 139 95 0.0105263 0.00870224 0.00854701
3298 0 1 1 141 94 0.0106383 0.00868613 0.00851064
3299 0 1 2 142 95 0.0210526 0.0172196 0.0168776
3300 0 1 1 177 130 0.00769231 0.00659237 0.00651466
3301 0 1 4 166 133 0.0300752 0.0269203 0.0267559
3302 0 1 3 161 110 0.0272727 0.022543 0.0221402
3303 0 1 5 137 114 0.0438596 0.040009 0.0398406
3304 0 1 5 196 147 0.0340136 0.0294566 0.0291545
3305 0 1 2 186 140 0.0142857 0.0123939 0.0122699
3306 0 1 5 181 108 0.0462963 0.0357618 0.0346021
3307 0 1 3 162 98 0.0306122 0.0238095 0.0230769
3308 0 1 4 223 130 0.0307692 0.0234929 0.0226629
3309 0 1 3 193 119 0.0252101 0.0197956 0.0192308
3310 0 1 3 165 92 0.0326087 0.0243492 0.0233463
3311 0 1 5 215 130 0.0384615 0.0299074 0.0289855
3312 0 1 3 182 117 0.025641 0.0205586 0.0200669
3313 0 1 3 176 105 0.0285714 0.0220684 0.0213523
3314 0 1 2 194 120 0.0166667 0.0131081 0.0127389
3315 0 1 3 258 161 0.0186335 0.0147197 0.0143198
3316 0 1 3 187 141 0.0212766 0.0184753 0.0182927
3317 0 1 2 176 130 0.0153846 0.0132221 0.0130719
3318 0 1 3 202 160 0.01875 0.0166873 0.0165746
3319 0 1 2 211 166 0.0120482 0.0106865 0.0106101
3320 0 1 0 224 160 0 0 0
3321 0 1 2 182 167 0.011976 0.0114719 0.0114613
3322 0 1 4 198 173 0.0231214 0.0216125 0.0215633
3323 0 1 1 169 142 0.00704225 0.00645524 0.00643087
3324 0 1 1 169 145 0.00689655 0.00638811 0.00636943
3325 0 1 1 145 125 0.008 0.00742781 0.00740741
3326 0 1 0 146 126 0 0 0
3327 0 1 1 181 165 0.00606061 0.00578654 0.00578035
3328 0 1 1 130 137 0.00769231 0.00749321 0.00749064
3329 0 1 1 134 119 0.00840336 0.00791907 0.00790514
3330 0 1 0 137 128 0 0 0
3331 0 1 1 180 154 0.00649351 0.00600625 0.00598802
3332 0 1 0 150 134 0 0 0
3333 0 1 1 185 120 0.00833333 0.00671156 0.00655738
3334 0 1 0 146 97 0 0 0
3335 0 1 0 184 117 0 0 0
3336 0 1 0 151 109 0 0 0
3337 0 1 0 187 117 0 0 0
3338 0 1 1 165 125 0.008 0.00696311 0.00689655
3339 0 1 1 143 106 0.00943396 0.0081223 0.00803213
3340 0 1 0 204 125 0 0 0
3341 0 1 1 158 127 0.00787402 0.00705943 0.00701754
3342 0 1 3 120 102 0.0294118 0.0271163 0.027027
3343 0 1 3 187 129 0.0232558 0.0193155 0.0189873
3344 0 1 2 157 128 0.015625 0.0141083 0.0140351
3345 0 1 2 111 112 0.018018 0.0179374 0.0179372
3346 0 1 1 146 145 0.00689655 0.00687289 0.00687285
3347 0 1 1 134 143 0.00746269 0.00722403 0.00722022
3348 0 1 1 115 121 0.00869565 0.00847732 0.00847458
3349 0 1 0 142 155 0 0 0
3350 0 1 0 128 153 0 0 0
3351 0 1 0 107 127 0 0 0
3352 0 1 0 168 164 0 0 0
3353 0 1 0 135 157 0 0 0
3354 0 1 0 120 126 0 0 0
3355 0 1 0 180 198 0 0 0
3356 0 1 1 162 194 0.00617284 0.00564081 0.00561798
3357 0 1 1 147 156 0.00680272 0.00660357 0.00660066
3358 0 1 0 124 137 0 0 0
3359 0 1 1 195 194 0.00515464 0.0051414 0.00514139
3360 0 1 3 182 199 0.0164835 0.0157637 0.015748
3361 0 1 4 176 198 0.0227273 0.0214275 0.0213904
3362 0 1 4 162 174 0.0246914 0.0238247 0.0238095
3363 0 1 3 149 147 0.0204082 0.0202707 0.0202703
3364 0 1 4 237 206 0.0194175 0.0181031 0.0180587
3365 0 1 2 191 203 0.0104712 0.010157 0.0101523
3366 0 1 1 185 194 0.00540541 0.00527853 0.00527705
3367 0 1 2 160 155 0.0129032 0.0127 0.0126984
3368 0 1 2 216 215 0.00930233 0.00928077 0.00928074
3369 0 1 2 189 232 0.010582 0.00955114 0.00950119
3370 0 1 2 165 214 0.0121212 0.0106434 0.0105541
3371 0 1 3 144 187 0.0208333 0.0182818 0.0181269
3372 0 1 1 206 224 0.00485437 0.00465524 0.00465116
3373 0 1 4 170 242 0.0235294 0.019721 0.0194175
3374 0 1 1 157 206 0.00636943 0.00556053 0.00550964
3375 0 1 1 223 259 0.00448431 0.004161 0.00414938
3376 0 1 2 195 271 0.0102564 0.00870018 0.00858369
3377 0 1 1 171 246 0.00584795 0.00487567 0.00479616
3378 0 1 1 177 202 0.00564972 0.00528856 0.00527705
3379 0 1 2 213 216 0.00938967 0.00932424 0.00932401
3380 0 1 1 169 222 0.00591716 0.00516274 0.00511509
3381 0 1 1 230 273 0.00434783 0.00399075 0.00397614
3382 0 1 2 201 253 0.00995025 0.00886894 0.00881057
3383 0 1 2 160 187 0.0125 0.0115624 0.0115274
3384 0 1 3 219 222 0.0136986 0.0136058 0.0136054
3385 0 1 1 172 225 0.00581395 0.00508329 0.00503778
3386 0 1 2 185 207 0.0108108 0.0102202 0.0102041
3387 0 1 3 213 234 0.0140845 0.0134377 0.0134228
3388 0 1 3 170 207 0.0176471 0.0159923 0.0159151
3389 0 1 3 225 237 0.0133333 0.0129914 0.012987
3390 0 1 3 198 220 0.0151515 0.014374 0.0143541
3391 0 1 3 249 253 0.0120482 0.0119526 0.0119522
3392 0 1 1 240 253 0.00416667 0.00405821 0.0040568
3393 0 1 5 221 221 0.0226244 0.0226244 0.0226244
3394 0 1 2 236 228 0.00877193 0.00862197 0.00862069
3395 0 1 3 205 201 0.0149254 0.014779 0.0147783
3396 0 1 5 231 241 0.021645 0.0211912 0.0211864
3397 0 1 1 208 236 0.00480769 0.00451349 0.0045045
3398 0 1 5 284 242 0.0206612 0.0190723 0.0190114
3399 0 1 6 258 217 0.0276498 0.0253578 0.0252632
3400 0 1 5 258 232 0.0215517 0.020437 0.0204082
3401 0 1 7 299 253 0.027668 0.0254508 0.0253623
3402 0 1 8 230 226 0.0353982 0.0350891 0.0350877
3403 0 1 3 254 237 0.0126582 0.0122273 0.01222
3404 0 1 4 194 206 0.0206186 0.020009 0.02
3405 0 1 3 164 150 0.02 0.0191273 0.0191083
3406 0 1 3 224 178 0.0168539 0.0150241 0.0149254
3407 0 1 4 243 203 0.0197044 0.0180098 0.0179372
3408 0 1 5 242 197 0.0253807 0.0228997 0.022779
3409 0 1 5 236 205 0.0243902 0.022732 0.0226757
3410 0 1 6 229 197 0.0304569 0.0282488 0.028169
3411 0 1 3 287 227 0.0132159 0.0117535 0.0116732
3412 0 1 8 276 253 0.0316206 0.0302744 0.0302457
3413 0 1 7 236 267 0.029661 0.027886 0.027833
3414 0 1 9 244 233 0.0386266 0.0377459 0.0377358
3415 0 1 5 299 254 0.019685 0.0181434 0.0180832
3416 0 1 7 266 268 0.0263158 0.0262174 0.0262172
3417 0 1 6 245 252 0.0244898 0.0241473 0.0241449
3418 0 1 10 296 260 0.0384615 0.0360469 0.0359712
3419 0 1 5 272 260 0.0192308 0.0188018 0.018797
3420 0 1 4 254 260 0.015748 0.0155653 0.0155642
3421 0 1 1 307 254 0.00393701 0.00358108 0.00356506
3422 0 1 2 283 266 0.0075188 0.00728947 0.00728597
3423 0 1 3 333 287 0.010453 0.00970417 0.00967742
3424 0 1 2 290 269 0.00743494 0.00716069 0.00715563
3425 0 1 2 326 275 0.00727273 0.00667967 0.00665557
3426 0 1 5 301 262 0.019084 0.0178048 0.017762
3427 0 1 2 254 235 0.00851064 0.00818614 0.00817996
3428 0 1 1 350 239 0.0041841 0.00345754 0.00339559
3429 0 1 1 296 230 0.00434783 0.00383257 0.00380228
3430 0 1 2 338 227 0.00881057 0.00722036 0.00707965
3431 0 1 3 270 200 0.015 0.0129099 0.012766
3432 0 1 1 297 222 0.0045045 0.00389444 0.00385356
3433 0 1 1 233 234 0.00429185 0.00428266 0.00428266
3434 0 1 3 251 251 0.0119522 0.0119522 0.0119522
3435 0 1 2 215 260 0.00930233 0.0084591 0.00842105
3436 0 1 1 243 278 0.00411523 0.00384746 0.00383877
3437 0 1 2 192 238 0.0104167 0.00935602 0.00930233
3438 0 1 0 232 243 0 0 0
3439 0 1 0 181 212 0 0 0
3440 0 1 0 202 215 0 0 0
3441 0 1 0 214 229 0 0 0
3442 0 1 1 183 228 0.00546448 0.00489561 0.00486618
3443 0 1 1 233 238 0.00429185 0.00424652 0.00424628
3444 0 1 1 203 229 0.00492611 0.00463804 0.00462963
3445 0 1 2 196 222 0.0102041 0.00958794 0.00956938
3446 0 1 2 285 248 0.00806452 0.00752284 0.00750469
3447 0 1 2 261 255 0.00784314 0.00775246 0.00775194
3448 0 1 2 242 236 0.00847458 0.00836886 0.0083682
3449 0 1 4 225 213 0.0187793 0.0182717 0.0182648
3450 0 1 1 309 241 0.00414938 0.00366448 0.00363636
3451 0 1 3 270 225 0.0133333 0.0121716 0.0121212
3452 0 1 4 241 204 0.0196078 0.01804 0.0179775
3453 0 1 1 248 204 0.00490196 0.00444589 0.00442478
3454 0 1 1 226 202 0.00495049 0.00468026 0.0046729
3455 0 1 1 316 237 0.00421941 0.00365412 0.00361664
3456 0 1 5 280 253 0.0197628 0.0187858 0.0187617
3457 0 1 4 266 237 0.0168776 0.0159311 0.0159046
3458 0 1 1 215 190 0.00526316 0.00494771 0.00493827
3459 0 1 0 296 202 0 0 0
3460 0 1 2 265 217 0.00921659 0.00834021 0.00829876
3461 0 1 2 239 169 0.0118343 0.00995148 0.00980392
3462 0 1 1 301 202 0.00495049 0.00405547 0.00397614
3463 0 1 2 266 205 0.0097561 0.0085647 0.00849257
3464 0 1 1 222 165 0.00606061 0.00522494 0.00516796
3465 0 1 0 271 196 0 0 0
3466 0 1 1 220 187 0.00534759 0.00493024 0.004914
3467 0 1 1 257 189 0.00529101 0.00453735 0.00448431
3468 0 1 2 214 162 0.0123457 0.0107415 0.0106383
3469 0 1 1 239 160 0.00625 0.00511377 0.00501253
3470 0 1 3 209 148 0.0202703 0.0170576 0.0168067
3471 0 1 4 246 174 0.0229885 0.0193338 0.0190476
3472 0 1 2 222 165 0.0121212 0.0104499 0.0103359
3473 0 1 2 236 163 0.0122699 0.0101972 0.0100251
3474 0 1 1 192 163 0.00613497 0.0056527 0.0056338
3475 0 1 2 206 144 0.0138889 0.0116122 0.0114286
3476 0 1 2 175 134 0.0149254 0.0130605 0.012945
3477 0 1 2 250 155 0.0129032 0.01016 0.00987654
3478 0 1 1 198 146 0.00684932 0.00588154 0.00581395
3479 0 1 2 234 143 0.013986 0.0109334 0.0106101
3480 0 1 3 271 163 0.0184049 0.0142739 0.0138249
3481 0 1 2 185 134 0.0149254 0.0127026 0.0125392
3482 0 1 4 180 142 0.028169 0.0250196 0.0248447
3483 0 1 4 189 185 0.0216216 0.0213916 0.0213904
3484 0 1 4 161 165 0.0248447 0.0245417 0.0245399
3485 0 1 2 247 155 0.0129032 0.0102215 0.00995025
3486 0 1 4 93 106 0.0430108 0.0402871 0.040201
3487 0 1 3 120 143 0.025 0.0229014 0.0228137
3488 0 1 3 107 160 0.0280374 0.0229282 0.0224719
3489 0 1 3 103 146 0.0291262 0.0244639 0.0240964
3490 0 1 3 83 139 0.0361446 0.0279302 0.027027
3491 0 1 2 73 113 0.0273973 0.0220206 0.0215054
3492 0 1 2 153 148 0.0135135 0.0132909 0.013289
3493 0 1 2 140 141 0.0142857 0.014235 0.0142349
3494 0 1 2 135 118 0.0169492 0.0158461 0.0158103
3495 0 1 1 177 147 0.00680272 0.00619947 0.00617284
3496 0 1 2 174 138 0.0144928 0.0129067 0.0128205
3497 0 1 3 160 127 0.023622 0.0210455 0.0209059
3498 0 1 5 206 173 0.0289017 0.0264858 0.0263852
3499 0 1 8 215 169 0.0473373 0.0419689 0.0416667
3500 0 1 9 196 155 0.0580645 0.0516355 0.0512821
3501 0 1 8 201 144 0.0555556 0.047023 0.0463768
3502 0 1 9 199 149 0.0604027 0.0522664 0.0517241
3503 0 1 10 185 129 0.0775194 0.064732 0.0636943
3504 0 1 6 233 164 0.0365854 0.0306938 0.0302267
3505 0 1 5 213 171 0.0292398 0.0261988 0.0260417
3506 0 1 4 200 161 0.0248447 0.0222911 0.0221607
3507 0 1 11 223 153 0.0718954 0.0595518 0.0585106
3508 0 1 7 208 145 0.0482759 0.0403072 0.0396601
3509 0 1 11 277 185 0.0594595 0.0485922 0.047619
3510 0 1 11 247 194 0.056701 0.0502508 0.0498866
3511 0 1 8 255 187 0.0427807 0.0366352 0.0361991
3512 0 1 7 263 188 0.037234 0.0314805 0.0310421
3513 0 1 9 263 186 0.0483871 0.0406919 0.0400891
3514 0 1 10 242 183 0.0546448 0.0475189 0.0470588
3515 0 1 13 266 183 0.0710383 0.0589219 0.0579065
3516 0 1 8 246 171 0.0467836 0.0390054 0.0383693
3517 0 1 5 350 249 0.0200803 0.016937 0.0166945
3518 0 1 6 349 249 0.0240964 0.0203535 0.0200669
3519 0 1 4 351 223 0.0179372 0.0142973 0.0139373
3520 0 1 5 346 218 0.0229358 0.0182055 0.0177305
3521 0 1 2 320 213 0.00938967 0.00766064 0.00750469
3522 0 1 3 300 199 0.0150754 0.0122782 0.012024
3523 0 1 1 291 205 0.00487805 0.00409427 0.00403226
3524 0 1 2 301 199 0.0100503 0.00817185 0.008
3525 0 1 1 292 197 0.00507614 0.00416942 0.00408998
3526 0 1 4 286 194 0.0206186 0.0169815 0.0166667
3527 0 1 3 270 204 0.0147059 0.0127827 0.0126582
3528 0 1 6 256 192 0.03125 0.0270633 0.0267857
3529 0 1 3 339 263 0.0114068 0.0100472 0.00996678
3530 0 1 0 323 280 0 0 0
3531 0 1 2 315 266 0.0075188 0.0069093 0.00688468
3532 0 1 4 300 254 0.015748 0.0144905 0.0144404
3533 0 1 3 304 252 0.0119048 0.0108389 0.0107914
3534 0 1 7 276 236 0.029661 0.0274276 0.0273438
3535 0 1 5 355 271 0.0184502 0.0161202 0.0159744
3536 0 1 3 344 249 0.0120482 0.0102504 0.010118
3537 0 1 2 302 259 0.00772201 0.00715116 0.00713012
3538 0 1 3 283 237 0.0126582 0.0115839 0.0115385
3539 0 1 5 316 258 0.0193798 0.0175112 0.0174216
3540 0 1 4 282 234 0.017094 0.0155714 0.0155039
3541 0 1 4 349 241 0.0165975 0.0137924 0.0135593
3542 0 1 3 303 229 0.0131004 0.0113889 0.0112782
3543 0 1 2 339 240 0.00833333 0.00701172 0.00690846
3544 0 1 2 329 252 0.00793651 0.00694595 0.00688468
3545 0 1 2 325 233 0.00858369 0.00726792 0.00716846
3546 0 1 2 322 239 0.0083682 0.00720947 0.00713012
3547 0 1 1 296 208 0.00480769 0.00403016 0.00396825
3548 0 1 2 326 204 0.00980392 0.00775543 0.00754717
3549 0 1 3 337 217 0.0138249 0.0110937 0.0108303
3550 0 1 2 298 191 0.0104712 0.00838311 0.00817996
3551 0 1 1 307 201 0.00497512 0.00402562 0.00393701
3552 0 1 1 277 178 0.00561798 0.0045035 0.0043956
3553 0 1 0 313 194 0 0 0
3554 0 1 3 318 168 0.0178571 0.0129794 0.0123457
3555 0 1 1 264 148 0.00675676 0.00505903 0.00485437
3556 0 1 4 311 185 0.0216216 0.0166761 0.016129
3557 0 1 3 317 192 0.015625 0.0121602 0.0117878
3558 0 1 6 266 173 0.0346821 0.0279697 0.0273349
3559 0 1 1 267 198 0.00505051 0.00434922 0.00430108
3560 0 1 7 284 213 0.0328638 0.0284609 0.028169
3561 0 1 6 259 194 0.0309278 0.0267671 0.0264901
3562 0 1 6 307 228 0.0263158 0.0226785 0.0224299
3563 0 1 6 280 224 0.0267857 0.0239579 0.0238095
3564 0 1 10 261 191 0.052356 0.0447881 0.0442478
3565 0 1 5 328 223 0.0224215 0.0184876 0.0181488
3566 0 1 11 307 212 0.0518868 0.0431177 0.0423892
3567 0 1 2 250 174 0.0114943 0.00958927 0.00943396
3568 0 1 7 303 211 0.0331754 0.0276844 0.0272374
3569 0 1 8 272 211 0.0379147 0.0333937 0.0331263
3570 0 1 4 256 169 0.0236686 0.0192308 0.0188235
3571 0 1 4 304 206 0.0194175 0.0159842 0.0156863
3572 0 1 3 273 216 0.0138889 0.0123542 0.0122699
3573 0 1 1 226 182 0.00549451 0.00493072 0.00490196
3574 0 1 1 243 182 0.00549451 0.00475512 0.00470588
3575 0 1 1 290 219 0.00456621 0.00396807 0.00392927
3576 0 1 0 280 199 0 0 0
3577 0 1 3 240 160 0.01875 0.0153093 0.015
3578 0 1 2 306 192 0.0104167 0.00825123 0.00803213
3579 0 1 4 229 169 0.0236686 0.0203329 0.0201005
3580 0 1 1 233 151 0.00662252 0.00533131 0.00520833
3581 0 1 5 212 156 0.0320513 0.0274941 0.0271739
3582 0 1 3 258 162 0.0185185 0.0146742 0.0142857
3583 0 1 2 214 138 0.0144928 0.0116381 0.0113636
3584 0 1 1 254 146 0.00684932 0.00519286 0.005
3585 0 1 2 214 121 0.0165289 0.0124288 0.0119403
3586 0 1 0 234 122 0 0 0
3587 0 1 0 296 170 0 0 0
3588 0 1 0 249 135 0 0 0
3589 0 1 1 212 107 0.00934579 0.00663957 0.00626959
3590 0 1 2 235 116 0.0172414 0.0121134 0.011396
3591 0 1 0 198 130 0 0 0
3592 0 1 0 239 154 0 0 0
3593 0 1 1 226 158 0.00632911 0.00529197 0.00520833
3594 0 1 2 201 146 0.0136986 0.011675 0.0115274
3595 0 1 1 193 131 0.00763359 0.00628906 0.00617284
3596 0 1 1 244 171 0.00584795 0.00489561 0.00481928
3597 0 1 2 207 178 0.011236 0.0104192 0.0103896
3598 0 1 1 214 171 0.00584795 0.00522751 0.00519481
3599 0 1 2 199 145 0.0137931 0.0117739 0.0116279
3600 0 1 2 233 173 0.0115607 0.0099616 0.00985222
3601 0 1 2 223 168 0.0119048 0.0103329 0.0102302
3602 0 1 2 186 132 0.0151515 0.012764 0.0125786
3603 0 1 2 250 166 0.0120482 0.00981761 0.00961538
3604 0 1 2 211 153 0.0130719 0.0111312 0.010989
3605 0 1 1 182 119 0.00840336 0.00679502 0.00664452
3606 0 1 1 231 133 0.0075188 0.00570516 0.00549451
3607 0 1 2 202 116 0.0172414 0.0130655 0.0125786
3608 0 1 0 244 159 0 0 0
3609 0 1 1 215 144 0.00694444 0.00568329 0.00557103
3610 0 1 1 164 110 0.00909091 0.00744529 0.00729927
3611 0 1 1 209 165 0.00606061 0.00538499 0.00534759
3612 0 1 1 167 140 0.00714286 0.00654 0.00651466
3613 0 1 2 147 94 0.0212766 0.017014 0.0165975
3614 0 1 1 154 110 0.00909091 0.00768322 0.00757576
3615 0 1 0 136 107 0 0 0
3616 0 1 0 188 126 0 0 0
3617 0 1 2 143 118 0.0169492 0.0153965 0.0153257
3618 0 1 2 169 124 0.016129 0.0138158 0.0136519
3619 0 1 0 139 103 0 0 0
3620 0 1 1 169 94 0.0106383 0.00793401 0.00760456
3621 0 1 0 205 143 0 0 0
3622 0 1 0 120 111 0 0 0
3623 0 1 0 125 90 0 0 0
3624 0 1 1 154 94 0.0106383 0.00831143 0.00806452
3625 0 1 0 93 54 0 0 0
3626 0 1 0 100 49 0 0 0
3627 0 1 0 116 53 0 0 0
3628 0 1 0 93 39 0 0 0
3629 0 1 0 114 45 0 0 0
3630 0 1 0 79 35 0 0 0
3631 0 1 0 97 49 0 0 0
3632 0 1 1 73 40 0.025 0.0185058 0.0176991
3633 0 1 0 105 49 0 0 0
3634 0 1 0 76 40 0 0 0
3635 0 1 0 102 52 0 0 0
3636 0 1 0 78 48 0 0 0
3637 0 1 0 101 70 0 0 0
3638 0 1 0 85 57 0 0 0
3639 0 1 0 66 43 0 0 0
3640 0 1 0 92 66 0 0 0
3641 0 1 0 75 62 0 0 0
3642 0 1 0 76 50 0 0 0
3643 0 1 0 119 69 0 0 0
3644 0 1 0 106 62 0 0 0
3645 0 1 0 82 46 0 0 0
3646 0 1 0 166 83 0 0 0
3647 0 1 0 146 86 0 0 0
3648 0 1 1 124 65 0.0153846 0.0111386 0.010582
3649 0 1 1 106 43 0.0232558 0.014812 0.0134228
3650 0 1 0 196 74 0 0 0
3651 0 1 0 169 72 0 0 0
3652 0 1 0 151 61 0 0 0
3653 0 1 0 136 51 0 0 0
3654 0 1 0 111 36 0 0 0
3655 0 1 1 149 56 0.0178571 0.0109474 0.0097561
3656 0 1 1 147 52 0.0192308 0.0114377 0.0100503
3657 0 1 1 117 46 0.0217391 0.013631 0.0122699
3658 0 1 0 107 36 0 0 0
3659 0 1 0 228 90 0 0 0
3660 0 1 0 190 86 0 0 0
3661 0 1 0 174 62 0 0 0
3662 0 1 0 161 57 0 0 0
3663 0 1 0 145 54 0 0 0
3664 0 1 0 141 45 0 0 0
3665 0 1 0 133 38 0 0 0
3666 0 1 0 102 33 0 0 0
3667 0 1 0 208 83 0 0 0
3668 0 1 0 179 76 0 0 0
3669 0 1 0 145 58 0 0 0
3670 0 1 0 142 51 0 0 0
3671 0 1 0 131 45 0 0 0
3672 0 1 0 116 41 0 0 0
3673 0 1 1 111 39 0.025641 0.0151987 0.0133333
3674 0 1 0 97 23 0 0 0
3675 0 1 1 154 89 0.011236 0.00854171 0.00823045
3676 0 1 0 147 91 0 0 0
3677 0 1 0 119 72 0 0 0
3678 0 1 0 105 68 0 0 0
3679 0 1 0 88 57 0 0 0
3680 0 1 0 82 42 0 0 0
3681 0 1 1 65 41 0.0243902 0.019371 0.0188679
3682 0 1 1 109 70 0.0142857 0.0114482 0.0111732
3683 0 1 0 84 65 0 0 0
3684 0 1 0 139 73 0 0 0
3685 0 1 0 100 63 0 0 0
3686 0 1 0 62 34 0 0 0
3687 0 1 0 140 62 0 0 0
3688 0 1 0 96 55 0 0 0
3689 0 1 0 60 39 0 0 0
3690 0 1 0 86 64 0 0 0
3691 0 1 0 69 69 0 0 0
3692 0 1 0 36 42 0 0 0
3693 0 1 0 71 62 0 0 0
3694 0 1 0 109 91 0 0 0
3695 0 1 0 76 76 0 0 0
3696 0 1 0 156 105 0 0 0
3697 0 1 0 120 84 0 0 0
3698 0 1 0 189 101 0 0 0
3699 0 1 0 156 91 0 0 0
3700 0 1 0 121 43 0 0 0
3701 0 1 0 161 62 0 0 0
3702 0 1 0 130 60 0 0 0
3703 0 1 0 166 71 0 0 0
3704 0 1 0 128 61 0 0 0
3705 0 1 0 139 64 0 0 0
3706 0 1 0 151 78 0 0 0
3707 0 1 1 99 49 0.0204082 0.0143577 0.0135135
3708 0 1 1 129 46 0.0217391 0.0129815 0.0114286
3709 0 1 2 115 37 0.0540541 0.0306606 0.0263158
3710 0 1 0 152 47 0 0 0
3711 0 1 0 110 46 0 0 0
3712 0 1 0 91 35 0 0 0
3713 0 1 0 133 52 0 0 0
3714 0 1 0 99 52 0 0 0
3715 0 1 0 76 30 0 0 0
3716 0 1 0 90 41 0 0 0
3717 0 1 0 59 31 0 0 0
3718 0 1 0 122 57 0 0 0
3719 0 1 0 93 50 0 0 0
3720 0 1 0 66 17 0 0 0
3721 0 1 0 83 28 0 0 0
3722 0 1 0 58 23 0 0 0
3723 0 1 0 28 8 0 0 0
3724 0 1 0 47 20 0 0 0
3725 0 1 0 24 22 0 0 0
3726 0 1 0 19 13 0 0 0
3727 0 1 0 52 29 0 0 0
3728 0 1 0 38 29 0 0 0
3729 0 1 0 29 22 0 0 0
3730 0 1 0 26 17 0 0 0
3731 0 1 0 19 14 0 0 0
3732 0 1 0 40 27 0 0 0
3733 0 1 0 33 22 0 0 0
3734 0 1 0 38 22 0 0 0
3735 0 1 0 32 21 0 0 0
3736 0 1 0 24 17 0 0 0
3737 0 1 0 16 12 0 0 0
3738 0 1 0 45 32 0 0 0
3739 0 1 0 37 31 0 0 0
3740 0 1 0 35 28 0 0 0
3741 0 1 0 33 28 0 0 0
3742 0 1 0 30 17 0 0 0
3743 0 1 0 26 18 0 0 0
3744 0 1 0 22 13 0 0 0
3745 0 1 1 61 26 0.0384615 0.0251101 0.0229885
3746 0 1 1 61 31 0.0322581 0.0229961 0.0217391
3747 0 1 1 57 26 0.0384615 0.0259762 0.0240964
3748 0 1 1 50 24 0.0416667 0.0288675 0.027027
3749 0 1 0 44 24 0 0 0
3750 0 1 0 42 22 0 0 0
3751 0 1 1 40 21 0.047619 0.0345033 0.0327869
3752 0 1 2 34 17 0.117647 0.083189 0.0784314
3753 0 1 1 30 14 0.0714286 0.048795 0.0454545
3754 0 1 0 56 27 0 0 0
3755 0 1 0 51 34 0 0 0
3756 0 1 0 47 33 0 0 0
3757 0 1 0 45 27 0 0 0
3758 0 1 0 41 24 0 0 0
3759 0 1 0 44 23 0 0 0
3760 0 1 0 31 20 0 0 0
3761 0 1 0 27 20 0 0 0
3762 0 1 0 23 12 0 0 0
3763 0 1 0 56 39 0 0 0
3764 0 1 0 50 40 0 0 0
3765 0 1 0 41 23 0 0 0
3766 0 1 0 43 27 0 0 0
3767 0 1 0 41 24 0 0 0
3768 0 1 0 41 18 0 0 0
3769 0 1 0 31 13 0 0 0
3770 0 1 0 26 9 0 0 0
3771 0 1 0 82 47 0 0 0
3772 0 1 0 80 58 0 0 0
3773 0 1 0 67 49 0 0 0
3774 0 1 0 59 37 0 0 0
3775 0 1 0 45 33 0 0 0
3776 0 1 0 32 25 0 0 0
3777 0 1 0 27 14 0 0 0
3778 0 1 0 58 38 0 0 0
3779 0 1 0 56 32 0 0 0
3780 0 1 0 51 24 0 0 0
3781 0 1 0 41 21 0 0 0
3782 0 1 0 37 22 0 0 0
3783 0 1 0 30 18 0 0 0
3784 0 1 0 26 12 0 0 0
3785 0 1 0 63 25 0 0 0
3786 0 1 0 56 30 0 0 0
3787 0 1 0 48 23 0 0 0
3788 0 1 0 43 17 0 0 0
3789 0 1 0 36 14 0 0 0
3790 0 1 0 37 9 0 0 0
3791 0 1 0 20 6 0 0 0
3792 0 1 0 58 23 0 0 0
3793 0 1 0 54 21 0 0 0
3794 0 1 0 42 19 0 0 0
3795 0 1 0 34 13 0 0 0
3796 0 1 0 26 8 0 0 0
3797 0 1 0 23 5 0 0 0
4450 0 1 0 195 120 0 0 0
4451 0 1 1 242 144 0.00694444 0.00535687 0.00518135
4452 0 1 1 320 177 0.00564972 0.00420183 0.00402414
4453 0 1 2 330 203 0.00985222 0.00772725 0.00750469
4454 0 1 3 313 201 0.0149254 0.0119605 0.0116732
4455 0 1 6 335 200 0.03 0.02318 0.0224299
4456 0 1 3 321 190 0.0157895 0.0121476 0.0117417
4457 0 1 4 317 190 0.0210526 0.0162987 0.0157791
4458 0 1 2 319 162 0.0123457 0.00879786 0.00831601
4459 0 1 2 274 175 0.0114286 0.00913347 0.00890869
4460 0 1 3 264 160 0.01875 0.0145969 0.0141509
4461 0 1 1 296 184 0.00543478 0.00428494 0.00416667
4462 0 1 2 297 192 0.0104167 0.00837531 0.00817996
4463 0 1 1 257 197 0.00507614 0.00444427 0.00440529
4464 0 1 2 303 234 0.00854701 0.00751105 0.00744879
4465 0 1 4 315 226 0.0176991 0.0149917 0.0147874
4466 0 1 6 278 204 0.0294118 0.025195 0.0248963
4467 0 1 5 331 218 0.0229358 0.0186135 0.0182149
4468 0 1 3 305 188 0.0159574 0.0125283 0.0121704
4469 0 1 2 275 166 0.0120482 0.00936073 0.00907029
4470 0 1 2 304 186 0.0107527 0.00841079 0.00816326
4471 0 1 0 304 200 0 0 0
4472 0 1 0 278 185 0 0 0
4473 0 1 0 320 226 0 0 0
4474 0 1 1 285 214 0.0046729 0.00404921 0.00400802
4475 0 1 0 261 186 0 0 0
4476 0 1 2 286 213 0.00938967 0.00810321 0.00801603
4477 0 1 0 253 203 0 0 0
4478 0 1 0 275 217 0 0 0
4479 0 1 1 236 191 0.0052356 0.00471007 0.00468384
4480 0 1 0 254 190 0 0 0
4481 0 1 1 239 162 0.00617284 0.0050821 0.00498753
4482 0 1 0 261 161 0 0 0
4483 0 1 2 248 146 0.0136986 0.0105106 0.0101523
4484 0 1 4 261 141 0.0283688 0.0208512 0.0199005
4485 0 1 3 239 131 0.0229008 0.0169546 0.0162162
4486 0 1 2 262 154 0.012987 0.00995678 0.00961538
4487 0 1 3 236 141 0.0212766 0.0164458 0.0159151
4488 0 1 4 305 161 0.0248447 0.0180508 0.0171674
4489 0 1 3 271 153 0.0196078 0.014733 0.0141509
4490 0 1 6 231 143 0.041958 0.0330124 0.0320856
4491 0 1 2 249 165 0.0121212 0.00986707 0.00966184
4492 0 1 3 244 142 0.0211268 0.0161169 0.015544
4493 0 1 6 308 162 0.037037 0.0268608 0.0255319
4494 0 1 3 268 162 0.0185185 0.0143978 0.0139535
4495 0 1 2 233 129 0.0155039 0.0115361 0.0110497
4496 0 1 4 266 178 0.0224719 0.0183827 0.018018
4497 0 1 2 233 159 0.0125786 0.0103909 0.0102041
4498 0 1 1 204 121 0.00826446 0.00636491 0.00615385
4499 0 1 5 296 149 0.033557 0.0238084 0.0224719
4500 0 1 4 279 131 0.0305344 0.0209229 0.0195122
4501 0 1 5 244 109 0.0458716 0.0306593 0.0283286
4502 0 1 1 306 141 0.0070922 0.00481426 0.00447427
4503 0 1 2 267 117 0.017094 0.0113157 0.0104167
4504 0 1 3 303 146 0.0205479 0.0142634 0.013363
4505 0 1 4 254 143 0.027972 0.0209882 0.0201511
4506 0 1 3 281 174 0.0172414 0.0135673 0.0131868
4507 0 1 4 233 161 0.0248447 0.0206523 0.0203046
4508 0 1 3 307 192 0.015625 0.0123567 0.012024
4509 0 1 4 247 174 0.0229885 0.0192946 0.0190024
4510 0 1 2 296 198 0.010101 0.00826136 0.00809717
4511 0 1 1 237 175 0.00571429 0.00491029 0.00485437
4512 0 1 2 295 155 0.0129032 0.00935305 0.00888889
4513 0 1 3 241 154 0.0194805 0.0155723 0.0151899
4514 0 1 2 326 167 0.011976 0.00857162 0.00811359
4515 0 1 3 255 157 0.0191083 0.0149934 0.0145631
4516 0 1 1 350 187 0.00534759 0.00390882 0.00372439
4517 0 1 4 294 171 0.0233918 0.0178397 0.0172043
4518 0 1 1 328 194 0.00515464 0.00396426 0.00383142
4519 0 1 2 288 168 0.0119048 0.00909241 0.00877193
4520 0 1 2 371 193 0.0103627 0.00747419 0.0070922
4521 0 1 0 290 181 0 0 0
4522 0 1 1 372 201 0.00497512 0.00365705 0.0034904
4523 0 1 1 328 209 0.00478469 0.00381935 0.00372439
4524 0 1 1 391 243 0.00411523 0.00324421 0.00315457
4525 0 1 0 328 231 0 0 0
4526 0 1 1 343 242 0.00413223 0.00347093 0.0034188
4527 0 1 0 292 234 0 0 0
4528 0 1 1 328 216 0.00462963 0.00375696 0.00367647
4529 0 1 1 238 181 0.00552486 0.00481806 0.00477327
4530 0 1 2 217 171 0.0116959 0.0103825 0.0103093
4531 0 1 2 178 127 0.015748 0.013302 0.0131148
4532 0 1 1 186 108 0.00925926 0.00705556 0.00680272
4533 0 1 0 208 127 0 0 0
4534 0 1 0 142 89 0 0 0
4535 0 1 0 182 82 0 0 0
4536 0 1 0 121 70 0 0 0
4537 0 1 1 151 68 0.0147059 0.00986863 0.00913242
4538 0 1 1 123 61 0.0163934 0.0115447 0.0108696
4539 0 1 0 160 66 0 0 0
4540 0 1 0 125 59 0 0 0

# ---------- Global Summary ----------
# CorrFrames: 2672
avg_CorrEdges: 0.743263
avg_match_A: 133.943
avg_match_B: 87.0187
global_RI_MNR: 0.00854142
global_RI_GNR: 0.00688456
global_RI_DICE: 0.00672753

# ---------- Per-Channel Summary ----------
chA: 0 chB: 1 | avgC: 0.743263 avgA: 133.943 avgB: 87.0187 MNR: 0.00649396 GNR: 0.00521189 DICE: 0.00505809
