#frame chA chB nCorr nA nB MNR GNR DICE
6 0 1 0 124 293 0 0 0
7 0 1 0 128 313 0 0 0
8 0 1 0 127 301 0 0 0
9 0 1 0 125 268 0 0 0
10 0 1 17 117 245 0.145299 0.100409 0.0939227
11 0 1 24 114 305 0.210526 0.128709 0.114558
12 0 1 19 109 297 0.174312 0.1056 0.0935961
13 0 1 25 104 279 0.240385 0.146765 0.130548
14 0 1 24 105 281 0.228571 0.139722 0.124352
15 0 1 25 107 264 0.233645 0.148746 0.134771
16 0 1 23 98 249 0.234694 0.147236 0.132565
17 0 1 23 116 321 0.198276 0.119192 0.105263
18 0 1 33 113 292 0.292035 0.18167 0.162963
19 0 1 31 115 270 0.269565 0.175926 0.161039
20 0 1 28 107 255 0.261682 0.16951 0.154696
21 0 1 25 101 246 0.247525 0.158603 0.144092
22 0 1 31 128 353 0.242188 0.145838 0.128898
23 0 1 30 127 306 0.23622 0.15218 0.138568
24 0 1 21 106 288 0.198113 0.12019 0.106599
25 0 1 25 98 229 0.255102 0.166882 0.152905
26 0 1 20 149 368 0.134228 0.0854108 0.0773694
27 0 1 8 135 276 0.0592593 0.0414447 0.0389294
28 0 1 7 82 201 0.0853659 0.0545247 0.04947
29 0 1 2 91 252 0.021978 0.0132071 0.0116618
30 0 1 1 58 170 0.0172414 0.0100707 0.00877193
31 0 1 2 45 178 0.0444444 0.0223467 0.0179372
32 0 1 0 36 137 0 0 0
33 0 1 1 42 144 0.0238095 0.0128586 0.0107527
34 0 1 1 35 111 0.0285714 0.0160437 0.0136986
35 0 1 1 50 137 0.02 0.0120824 0.0106952
36 0 1 2 41 112 0.0487805 0.0295141 0.0261438
37 0 1 6 50 144 0.12 0.0707107 0.0618557
38 0 1 3 44 124 0.0681818 0.0406148 0.0357143
39 0 1 4 42 100 0.0952381 0.0617213 0.056338
40 0 1 3 64 126 0.046875 0.0334077 0.0315789
41 0 1 4 63 92 0.0634921 0.0525407 0.0516129
42 0 1 2 80 128 0.025 0.0197642 0.0192308
43 0 1 2 64 86 0.03125 0.0269582 0.0266667
44 0 1 1 88 149 0.0113636 0.00873304 0.00843882
45 0 1 0 60 103 0 0 0
46 0 1 0 88 155 0 0 0
47 0 1 0 56 113 0 0 0
48 0 1 0 91 179 0 0 0
49 0 1 0 77 128 0 0 0
50 0 1 4 101 195 0.039604 0.0285024 0.027027
51 0 1 3 79 161 0.0379747 0.0266008 0.025
52 0 1 8 114 261 0.0701754 0.0463786 0.0426667
53 0 1 5 97 209 0.0515464 0.0351165 0.0326797
54 0 1 3 77 196 0.038961 0.0244201 0.021978
55 0 1 2 94 257 0.0212766 0.0128677 0.011396
56 0 1 4 75 192 0.0533333 0.0333333 0.0299625
57 0 1 5 108 285 0.0462963 0.0284994 0.0254453
58 0 1 5 90 211 0.0555556 0.0362834 0.0332226
59 0 1 4 79 161 0.0506329 0.0354677 0.0333333
60 0 1 3 114 238 0.0263158 0.018213 0.0170455
61 0 1 4 101 180 0.039604 0.0296663 0.0284698
62 0 1 10 122 260 0.0819672 0.0561479 0.052356
63 0 1 4 119 198 0.0336134 0.0260588 0.0252366
64 0 1 5 144 252 0.0347222 0.0262475 0.0252525
65 0 1 5 125 209 0.04 0.0309344 0.0299401
66 0 1 4 166 302 0.0240964 0.017865 0.017094
67 0 1 4 160 236 0.025 0.0205847 0.020202
68 0 1 3 139 208 0.0215827 0.0176434 0.0172911
69 0 1 4 152 274 0.0263158 0.0196003 0.0187793
70 0 1 3 141 243 0.0212766 0.0162072 0.015625
71 0 1 3 160 300 0.01875 0.0136931 0.0130435
72 0 1 4 149 254 0.0268456 0.0205613 0.0198511
73 0 1 7 203 343 0.0344828 0.0265279 0.025641
74 0 1 4 167 288 0.0239521 0.0182392 0.0175824
75 0 1 7 191 374 0.0366492 0.0261906 0.0247788
76 0 1 3 160 292 0.01875 0.0138794 0.0132743
77 0 1 1 203 386 0.00492611 0.00357239 0.00339559
78 0 1 5 177 346 0.0282486 0.0202044 0.0191205
79 0 1 3 195 410 0.0153846 0.0106099 0.00991736
80 0 1 4 187 357 0.0213904 0.0154812 0.0147059
81 0 1 3 204 432 0.0147059 0.0101057 0.00943396
82 0 1 2 196 341 0.0102041 0.00773615 0.00744879
83 0 1 4 209 373 0.0191388 0.0143262 0.0137457
84 0 1 8 190 341 0.0421053 0.0314294 0.0301318
85 0 1 10 193 364 0.0518135 0.0377286 0.0359066
86 0 1 6 190 319 0.0315789 0.0243713 0.0235756
87 0 1 9 211 362 0.042654 0.0325647 0.0314136
88 0 1 4 187 326 0.0213904 0.0162006 0.0155945
89 0 1 10 240 418 0.0416667 0.0315723 0.0303951
90 0 1 10 216 359 0.0462963 0.0359109 0.0347826
91 0 1 13 269 396 0.0483271 0.0398309 0.0390977
92 0 1 8 241 332 0.033195 0.0282822 0.0279232
93 0 1 10 275 397 0.0363636 0.0302648 0.0297619
94 0 1 11 224 309 0.0491071 0.0418109 0.0412758
95 0 1 7 198 277 0.0353535 0.02989 0.0294737
96 0 1 10 242 322 0.0413223 0.0358232 0.035461
97 0 1 4 177 261 0.0225989 0.0186103 0.0182648
98 0 1 9 162 227 0.0555556 0.0469323 0.0462725
99 0 1 9 167 288 0.0538922 0.0410382 0.0395604
100 0 1 7 132 201 0.0530303 0.0429747 0.042042
101 0 1 3 108 173 0.0277778 0.0219476 0.0213523
102 0 1 2 112 190 0.0178571 0.0137102 0.013245
103 0 1 0 103 172 0 0 0
104 0 1 1 108 201 0.00925926 0.00678719 0.00647249
105 0 1 0 99 162 0 0 0
106 0 1 1 85 157 0.0117647 0.00865647 0.00826446
107 0 1 2 106 218 0.0188679 0.0131568 0.0123457
108 0 1 1 89 191 0.011236 0.00766988 0.00714286
109 0 1 1 87 176 0.0114943 0.00808135 0.00760456
110 0 1 1 134 270 0.00746269 0.00525734 0.00495049
111 0 1 3 128 252 0.0234375 0.0167038 0.0157895
112 0 1 5 117 246 0.042735 0.029472 0.0275482
113 0 1 6 110 216 0.0545455 0.0389249 0.0368098
114 0 1 7 108 192 0.0648148 0.0486111 0.0466667
115 0 1 7 138 264 0.0507246 0.0366739 0.0348259
116 0 1 7 130 251 0.0538462 0.0387516 0.0367454
117 0 1 7 122 233 0.057377 0.0415184 0.0394366
118 0 1 7 102 210 0.0686275 0.0478287 0.0448718
119 0 1 9 123 279 0.0731707 0.0485834 0.0447761
120 0 1 9 105 254 0.0857143 0.0551101 0.0501393
121 0 1 9 105 238 0.0857143 0.0569324 0.0524781
122 0 1 9 101 212 0.0891089 0.0615055 0.057508
123 0 1 8 129 336 0.0620155 0.038426 0.0344086
124 0 1 9 132 314 0.0681818 0.044207 0.0403587
125 0 1 9 124 304 0.0725806 0.0463548 0.0420561
126 0 1 9 107 247 0.0841122 0.0553608 0.0508475
127 0 1 14 128 304 0.109375 0.0709719 0.0648148
128 0 1 15 127 264 0.11811 0.0819195 0.0767263
129 0 1 12 164 300 0.0731707 0.0541002 0.0517241
130 0 1 12 136 253 0.0882353 0.0646921 0.0616967
131 0 1 13 148 279 0.0878378 0.063975 0.0608899
132 0 1 11 130 229 0.0846154 0.0637534 0.0612813
133 0 1 13 155 278 0.083871 0.0626261 0.0600462
134 0 1 9 131 234 0.0687023 0.0514042 0.0493151
135 0 1 12 151 270 0.0794702 0.0594307 0.0570071
136 0 1 8 141 235 0.0567376 0.0439487 0.0425532
137 0 1 16 133 269 0.120301 0.0845898 0.079602
138 0 1 17 115 197 0.147826 0.112945 0.108974
139 0 1 12 126 211 0.0952381 0.0735961 0.0712166
140 0 1 11 133 195 0.0827068 0.0683045 0.0670732
141 0 1 6 109 154 0.0550459 0.0463103 0.0456274
142 0 1 2 109 185 0.0183486 0.0140842 0.0136054
143 0 1 1 120 200 0.00833333 0.00645497 0.00625
144 0 1 1 111 210 0.00900901 0.00654981 0.00623053
145 0 1 2 79 148 0.0253165 0.0184963 0.0176211
146 0 1 3 90 161 0.0333333 0.0249222 0.0239044
147 0 1 2 63 124 0.031746 0.0226281 0.0213904
148 0 1 3 78 157 0.0384615 0.0271097 0.0255319
149 0 1 5 73 126 0.0684932 0.0521343 0.0502513
150 0 1 1 104 189 0.00961538 0.00713267 0.00682594
151 0 1 3 90 147 0.0333333 0.026082 0.0253165
152 0 1 1 75 141 0.0133333 0.00972433 0.00925926
153 0 1 4 66 125 0.0606061 0.0440385 0.0418848
154 0 1 4 71 190 0.056338 0.0344393 0.0306513
155 0 1 2 71 167 0.028169 0.0183672 0.0168067
156 0 1 3 49 142 0.0612245 0.0359649 0.0314136
157 0 1 3 81 206 0.037037 0.0232244 0.0209059
158 0 1 3 80 171 0.0375 0.0256495 0.0239044
159 0 1 3 75 162 0.04 0.0272166 0.0253165
160 0 1 2 76 138 0.0263158 0.0195292 0.0186916
161 0 1 1 113 235 0.00884956 0.00613659 0.00574713
162 0 1 0 105 198 0 0 0
163 0 1 0 88 162 0 0 0
164 0 1 0 130 230 0 0 0
165 0 1 1 129 200 0.00775194 0.00622573 0.00607903
166 0 1 1 105 169 0.00952381 0.00750692 0.00729927
167 0 1 0 116 247 0 0 0
168 0 1 0 95 198 0 0 0
169 0 1 0 144 302 0 0 0
170 0 1 0 120 242 0 0 0
171 0 1 1 100 200 0.01 0.00707107 0.00666667
172 0 1 3 138 238 0.0217391 0.0165536 0.0159574
173 0 1 2 105 212 0.0190476 0.013405 0.0126183
174 0 1 2 123 224 0.0162602 0.0120491 0.0115274
175 0 1 3 98 183 0.0306122 0.0224018 0.0213523
176 0 1 1 101 228 0.00990099 0.00658979 0.00607903
177 0 1 1 82 158 0.0121951 0.00878546 0.00833333
178 0 1 2 98 200 0.0204082 0.0142857 0.0134228
179 0 1 2 70 155 0.0285714 0.0192006 0.0177778
180 0 1 2 103 187 0.0194175 0.0144109 0.0137931
181 0 1 3 70 121 0.0428571 0.0325971 0.0314136
182 0 1 1 75 113 0.0133333 0.0108625 0.0106383
183 0 1 3 55 92 0.0545455 0.0421741 0.0408163
184 0 1 4 62 100 0.0645161 0.0508 0.0493827
185 0 1 1 48 89 0.0208333 0.0152998 0.0145985
186 0 1 3 68 111 0.0441176 0.0345307 0.0335196
187 0 1 2 69 92 0.0289855 0.0251022 0.0248447
188 0 1 3 58 83 0.0517241 0.0432383 0.0425532
189 0 1 4 85 100 0.0470588 0.0433861 0.0432432
190 0 1 2 82 85 0.0243902 0.023956 0.0239521
191 0 1 3 98 147 0.0306122 0.0249948 0.0244898
192 0 1 3 81 116 0.037037 0.0309492 0.0304569
193 0 1 2 76 100 0.0263158 0.0229416 0.0227273
194 0 1 2 63 82 0.031746 0.0278261 0.0275862
195 0 1 4 94 110 0.0425532 0.0393369 0.0392157
196 0 1 2 73 111 0.0273973 0.0222181 0.0217391
197 0 1 2 64 90 0.03125 0.0263523 0.025974
198 0 1 4 92 157 0.0434783 0.0332825 0.0321285
199 0 1 3 82 119 0.0365854 0.0303697 0.0298507
200 0 1 4 78 110 0.0512821 0.0431834 0.0425532
201 0 1 5 71 87 0.0704225 0.0636182 0.0632911
202 0 1 3 84 130 0.0357143 0.0287085 0.0280374
203 0 1 4 71 99 0.056338 0.0477104 0.0470588
204 0 1 4 104 162 0.0384615 0.0308167 0.0300752
205 0 1 4 74 145 0.0540541 0.0386154 0.0365297
206 0 1 1 76 133 0.0131579 0.00994643 0.00956938
207 0 1 5 72 128 0.0694444 0.0520833 0.05
208 0 1 6 65 106 0.0923077 0.0722839 0.0701754
209 0 1 7 95 181 0.0736842 0.0533823 0.0507246
210 0 1 5 86 157 0.0581395 0.04303 0.0411523
211 0 1 3 77 119 0.038961 0.0313402 0.0306122
212 0 1 3 109 201 0.0275229 0.020268 0.0193548
213 0 1 2 83 144 0.0240964 0.018294 0.0176211
214 0 1 2 125 253 0.016 0.0112464 0.010582
215 0 1 1 108 201 0.00925926 0.00678719 0.00647249
216 0 1 2 89 159 0.0224719 0.0168127 0.016129
217 0 1 3 104 215 0.0288462 0.0200625 0.0188088
218 0 1 3 102 168 0.0294118 0.0229175 0.0222222
219 0 1 4 112 218 0.0357143 0.025599 0.0242424
220 0 1 4 101 184 0.039604 0.029342 0.0280702
221 0 1 5 116 214 0.0431034 0.0317347 0.030303
222 0 1 6 89 165 0.0674157 0.0495124 0.0472441
223 0 1 3 107 194 0.0280374 0.0208223 0.0199336
224 0 1 2 114 159 0.0175439 0.0148552 0.014652
225 0 1 2 116 198 0.0172414 0.0131968 0.0127389
226 0 1 1 105 170 0.00952381 0.00748481 0.00727273
227 0 1 4 121 182 0.0330578 0.0269545 0.0264026
228 0 1 3 107 153 0.0280374 0.0234468 0.0230769
229 0 1 3 134 206 0.0223881 0.0180566 0.0176471
230 0 1 4 129 190 0.0310078 0.0255498 0.0250784
231 0 1 0 119 165 0 0 0
232 0 1 6 132 212 0.0454545 0.0358671 0.0348837
233 0 1 8 116 182 0.0689655 0.0550586 0.0536913
234 0 1 11 129 210 0.0852713 0.0668326 0.0648968
235 0 1 11 133 190 0.0827068 0.0691974 0.0681115
236 0 1 11 151 232 0.0728477 0.0587706 0.0574413
237 0 1 9 151 189 0.0596026 0.053275 0.0529412
238 0 1 5 127 171 0.0393701 0.0339289 0.033557
239 0 1 5 151 189 0.0331126 0.0295972 0.0294118
240 0 1 8 119 152 0.0672269 0.0594833 0.0590406
241 0 1 6 121 162 0.0495868 0.042855 0.0424028
242 0 1 4 138 196 0.0289855 0.0243216 0.0239521
243 0 1 12 129 169 0.0930233 0.0812724 0.0805369
244 0 1 13 152 233 0.0855263 0.0690786 0.0675325
245 0 1 11 132 181 0.0833333 0.071165 0.0702875
246 0 1 9 136 223 0.0661765 0.0516798 0.0501393
247 0 1 5 116 176 0.0431034 0.0349933 0.0342466
248 0 1 6 151 265 0.0397351 0.0299944 0.0288462
249 0 1 3 155 232 0.0193548 0.0158202 0.0155039
250 0 1 4 138 219 0.0289855 0.023009 0.022409
251 0 1 5 133 186 0.037594 0.0317898 0.031348
252 0 1 5 123 156 0.0406504 0.0360957 0.0358423
253 0 1 3 137 243 0.0218978 0.0164421 0.0157895
254 0 1 2 130 201 0.0153846 0.0123726 0.0120846
255 0 1 2 108 155 0.0185185 0.015458 0.0152091
256 0 1 5 131 259 0.0381679 0.0271447 0.025641
257 0 1 1 123 232 0.00813008 0.00591975 0.0056338
258 0 1 5 108 190 0.0462963 0.0349045 0.033557
259 0 1 6 123 256 0.0487805 0.0338126 0.0316623
260 0 1 7 120 231 0.0583333 0.0420437 0.039886
261 0 1 6 112 206 0.0535714 0.039501 0.0377358
262 0 1 6 127 260 0.0472441 0.0330189 0.0310078
263 0 1 9 105 218 0.0857143 0.0594867 0.0557276
264 0 1 6 147 279 0.0408163 0.0296272 0.028169
265 0 1 6 139 246 0.0431655 0.0324471 0.0311688
266 0 1 6 127 204 0.0472441 0.0372764 0.0362538
267 0 1 3 150 261 0.02 0.015162 0.0145985
268 0 1 1 153 228 0.00653595 0.00535411 0.00524934
269 0 1 4 126 181 0.031746 0.0264872 0.0260586
270 0 1 7 154 265 0.0454545 0.0346509 0.0334129
271 0 1 7 146 247 0.0479452 0.0368615 0.0356234
272 0 1 6 123 206 0.0487805 0.0376934 0.0364742
273 0 1 3 151 264 0.0198676 0.0150256 0.0144578
274 0 1 6 144 224 0.0416667 0.0334077 0.0326087
275 0 1 6 136 177 0.0441176 0.0386719 0.0383387
276 0 1 4 172 243 0.0232558 0.0195656 0.0192771
277 0 1 7 168 215 0.0416667 0.0368319 0.0365535
278 0 1 4 162 193 0.0246914 0.0226216 0.0225352
279 0 1 5 142 184 0.0352113 0.0309326 0.0306748
280 0 1 7 179 244 0.0391061 0.0334947 0.0330969
281 0 1 7 137 197 0.0510949 0.0426093 0.0419162
282 0 1 10 183 281 0.0546448 0.0440982 0.0431034
283 0 1 12 179 215 0.0670391 0.0611696 0.0609137
284 0 1 9 156 205 0.0576923 0.0503273 0.0498615
285 0 1 13 214 306 0.0607477 0.0508014 0.05
286 0 1 10 201 266 0.0497512 0.0432475 0.0428266
287 0 1 6 204 246 0.0294118 0.0267836 0.0266667
288 0 1 8 182 206 0.043956 0.0413162 0.0412371
289 0 1 10 238 328 0.0420168 0.0357911 0.0353357
290 0 1 17 222 291 0.0765766 0.0668846 0.0662768
291 0 1 12 208 265 0.0576923 0.0511124 0.05074
292 0 1 14 201 245 0.0696517 0.063088 0.0627803
293 0 1 14 271 378 0.0516605 0.0437419 0.0431433
294 0 1 16 267 340 0.0599251 0.0531037 0.0527183
295 0 1 17 256 317 0.0664062 0.0596759 0.0593368
296 0 1 20 241 301 0.0829876 0.0742571 0.0738007
297 0 1 22 230 274 0.0956522 0.0876362 0.0873016
298 0 1 27 211 264 0.127962 0.114399 0.113684
299 0 1 23 268 440 0.0858209 0.0669783 0.0649718
300 0 1 18 264 402 0.0681818 0.0552532 0.0540541
301 0 1 15 236 369 0.0635593 0.0508302 0.0495868
302 0 1 19 220 349 0.0863636 0.0685693 0.0667838
303 0 1 15 211 336 0.0710901 0.0563353 0.0548446
304 0 1 22 193 322 0.11399 0.0882503 0.0854369
305 0 1 23 274 542 0.0839416 0.0596833 0.0563725
306 0 1 28 261 495 0.10728 0.0778996 0.0740741
307 0 1 21 248 451 0.0846774 0.0627921 0.0600858
308 0 1 17 233 426 0.0729614 0.0539593 0.0515933
309 0 1 38 217 406 0.175115 0.128024 0.12199
310 0 1 40 228 403 0.175439 0.131959 0.126783
311 0 1 33 216 374 0.152778 0.116105 0.111864
312 0 1 37 211 350 0.175355 0.136153 0.131907
313 0 1 28 178 307 0.157303 0.119778 0.115464
314 0 1 28 233 523 0.120172 0.0802101 0.0740741
315 0 1 29 215 493 0.134884 0.0890749 0.0819209
316 0 1 24 186 422 0.129032 0.085664 0.0789474
317 0 1 17 147 362 0.115646 0.0736947 0.0667976
318 0 1 16 178 516 0.0898876 0.0527941 0.0461095
319 0 1 7 163 467 0.0429448 0.0253715 0.0222222
320 0 1 7 116 376 0.0603448 0.0335178 0.0284553
321 0 1 5 130 490 0.0384615 0.0198107 0.016129
322 0 1 11 116 419 0.0948276 0.049895 0.0411215
323 0 1 10 94 401 0.106383 0.0515067 0.040404
324 0 1 9 133 542 0.0676692 0.033521 0.0266667
325 0 1 14 125 451 0.112 0.0589637 0.0486111
326 0 1 13 105 415 0.12381 0.0622766 0.05
327 0 1 15 163 537 0.0920245 0.0507003 0.0428571
328 0 1 24 137 474 0.175182 0.0941807 0.0785597
329 0 1 18 106 382 0.169811 0.0894516 0.0737705
330 0 1 13 157 516 0.0828025 0.045674 0.038633
331 0 1 18 144 433 0.125 0.0720854 0.0623917
332 0 1 14 112 349 0.125 0.0708119 0.0607375
333 0 1 12 152 418 0.0789474 0.0476071 0.0421053
334 0 1 13 115 339 0.113043 0.0658407 0.0572687
335 0 1 8 144 355 0.0555556 0.035383 0.0320641
336 0 1 10 116 282 0.0862069 0.05529 0.0502513
337 0 1 7 138 294 0.0507246 0.0347524 0.0324074
338 0 1 5 133 266 0.037594 0.026583 0.0250627
339 0 1 3 171 303 0.0175439 0.0131796 0.0126582
340 0 1 3 111 210 0.027027 0.0196494 0.0186916
341 0 1 2 107 275 0.0186916 0.0116593 0.0104712
342 0 1 6 83 221 0.0722892 0.0443013 0.0394737
343 0 1 2 83 316 0.0240964 0.0123494 0.0100251
344 0 1 3 73 240 0.0410959 0.0226649 0.0191693
345 0 1 5 115 306 0.0434783 0.0266539 0.023753
346 0 1 3 94 259 0.0319149 0.0192268 0.0169972
347 0 1 2 80 223 0.025 0.0149738 0.0132013
348 0 1 3 109 314 0.0275229 0.016216 0.0141844
349 0 1 5 102 261 0.0490196 0.0306443 0.0275482
350 0 1 7 96 246 0.0729167 0.0455507 0.0409357
351 0 1 7 88 219 0.0795455 0.0504237 0.0456026
352 0 1 3 121 297 0.0247934 0.0158252 0.0143541
353 0 1 9 120 263 0.075 0.050661 0.0469974
354 0 1 8 107 231 0.0747664 0.0508853 0.0473373
355 0 1 6 123 285 0.0487805 0.0320462 0.0294118
356 0 1 13 125 242 0.104 0.0747447 0.0708447
357 0 1 7 111 202 0.0630631 0.0467478 0.0447284
358 0 1 12 138 305 0.0869565 0.0584914 0.0541761
359 0 1 7 122 239 0.057377 0.0409939 0.0387812
360 0 1 11 123 222 0.0894309 0.0665677 0.0637681
361 0 1 6 144 310 0.0416667 0.0283981 0.0264317
362 0 1 3 119 263 0.0252101 0.0169578 0.0157068
363 0 1 4 101 224 0.039604 0.0265935 0.0246154
364 0 1 5 148 285 0.0337838 0.0243454 0.0230947
365 0 1 8 123 223 0.0650406 0.0483042 0.0462428
366 0 1 9 162 281 0.0555556 0.0421825 0.0406321
367 0 1 7 145 218 0.0482759 0.0393718 0.0385675
368 0 1 7 178 252 0.0393258 0.0330512 0.0325581
369 0 1 6 156 234 0.0384615 0.0314037 0.0307692
370 0 1 8 189 277 0.042328 0.0349638 0.0343348
371 0 1 8 163 240 0.0490798 0.0404474 0.0397022
372 0 1 8 194 296 0.0412371 0.0333844 0.0326531
373 0 1 9 176 277 0.0511364 0.0407611 0.0397351
374 0 1 9 147 222 0.0612245 0.0498204 0.0487805
375 0 1 10 163 303 0.0613497 0.0449971 0.0429185
376 0 1 8 165 268 0.0484848 0.0380435 0.0369515
377 0 1 7 125 237 0.056 0.0406695 0.038674
378 0 1 8 144 267 0.0555556 0.0407993 0.0389294
379 0 1 9 132 254 0.0681818 0.0491517 0.0466321
380 0 1 10 133 301 0.075188 0.0499794 0.046083
381 0 1 8 119 237 0.0672269 0.0476368 0.0449438
382 0 1 11 142 315 0.0774648 0.0520108 0.04814
383 0 1 12 125 267 0.096 0.0656857 0.0612245
384 0 1 12 117 238 0.102564 0.0719118 0.0676056
385 0 1 10 124 325 0.0806452 0.0498135 0.0445434
386 0 1 6 116 258 0.0517241 0.0346827 0.0320856
387 0 1 3 124 337 0.0241935 0.0146756 0.0130152
388 0 1 3 114 261 0.0263158 0.017392 0.016
389 0 1 2 136 343 0.0147059 0.00926005 0.00835073
390 0 1 2 117 287 0.017094 0.0109143 0.00990099
391 0 1 1 143 350 0.00699301 0.0044699 0.0040568
392 0 1 3 133 273 0.0225564 0.015744 0.0147783
393 0 1 5 157 335 0.0318471 0.0218021 0.0203252
394 0 1 4 133 284 0.0300752 0.0205814 0.0191847
395 0 1 2 139 298 0.0143885 0.00982685 0.00915332
396 0 1 2 129 239 0.0155039 0.0113903 0.0108696
397 0 1 2 141 303 0.0141844 0.00967607 0.00900901
398 0 1 2 118 245 0.0169492 0.0117627 0.0110193
399 0 1 2 131 269 0.0152672 0.0106541 0.01
400 0 1 1 106 212 0.00943396 0.00667082 0.00628931
401 0 1 3 126 261 0.0238095 0.0165431 0.0155039
402 0 1 3 105 205 0.0285714 0.0204479 0.0193548
403 0 1 3 93 173 0.0322581 0.0236514 0.0225564
404 0 1 5 109 211 0.0458716 0.0329697 0.03125
405 0 1 2 92 185 0.0217391 0.0153303 0.0144404
406 0 1 2 86 168 0.0232558 0.016639 0.015748
407 0 1 5 102 186 0.0490196 0.0363006 0.0347222
408 0 1 6 89 182 0.0674157 0.0471434 0.0442804
409 0 1 3 79 159 0.0379747 0.0267676 0.0252101
410 0 1 4 102 211 0.0392157 0.0272658 0.0255591
411 0 1 4 90 182 0.0444444 0.0312538 0.0294118
412 0 1 6 85 173 0.0705882 0.0494788 0.0465116
413 0 1 5 92 209 0.0543478 0.0360581 0.0332226
414 0 1 5 81 195 0.0617284 0.0397842 0.0362319
415 0 1 5 93 237 0.0537634 0.0336786 0.030303
416 0 1 8 87 208 0.091954 0.0594701 0.0542373
417 0 1 10 102 233 0.0980392 0.0648667 0.0597015
418 0 1 9 98 182 0.0918367 0.0673897 0.0642857
419 0 1 7 95 206 0.0736842 0.0500383 0.0465116
420 0 1 7 82 182 0.0853659 0.0573001 0.0530303
421 0 1 6 99 231 0.0606061 0.039676 0.0363636
422 0 1 5 90 188 0.0555556 0.0384388 0.0359712
423 0 1 1 109 217 0.00917431 0.00650215 0.00613497
424 0 1 3 91 163 0.032967 0.0246324 0.023622
425 0 1 3 117 232 0.025641 0.0182089 0.017192
426 0 1 4 112 197 0.0357143 0.0269289 0.02589
427 0 1 5 102 193 0.0490196 0.0356362 0.0338983
428 0 1 4 80 147 0.05 0.0368856 0.0352423
429 0 1 6 108 223 0.0555556 0.0386622 0.0362538
430 0 1 4 98 212 0.0408163 0.027751 0.0258065
431 0 1 7 95 195 0.0736842 0.0514303 0.0482759
432 0 1 7 99 154 0.0707071 0.0566918 0.055336
433 0 1 8 124 277 0.0645161 0.0431657 0.0399003
434 0 1 9 123 241 0.0731707 0.0522735 0.0494506
435 0 1 8 120 221 0.0666667 0.0491251 0.0469208
436 0 1 8 116 193 0.0689655 0.0534666 0.0517799
437 0 1 3 97 166 0.0309278 0.0236418 0.0228137
438 0 1 6 121 245 0.0495868 0.0348478 0.0327869
439 0 1 5 125 220 0.04 0.0301511 0.0289855
440 0 1 1 118 203 0.00847458 0.00646117 0.00623053
441 0 1 2 108 175 0.0185185 0.0145479 0.0141343
442 0 1 3 103 155 0.0291262 0.0237431 0.0232558
443 0 1 4 132 213 0.030303 0.0238552 0.0231884
444 0 1 4 133 215 0.0300752 0.0236546 0.0229885
445 0 1 2 120 187 0.0166667 0.0133511 0.0130293
446 0 1 5 110 176 0.0454545 0.035935 0.034965
447 0 1 4 141 293 0.0283688 0.0196796 0.0184332
448 0 1 7 136 270 0.0514706 0.0365297 0.0344828
449 0 1 6 131 233 0.0458015 0.034343 0.032967
450 0 1 6 116 232 0.0517241 0.0365745 0.0344828
451 0 1 7 103 195 0.0679612 0.0493926 0.0469799
452 0 1 4 135 313 0.0296296 0.019459 0.0178571
453 0 1 2 126 286 0.015873 0.0105357 0.00970874
454 0 1 2 124 261 0.016129 0.0111173 0.0103896
455 0 1 2 92 211 0.0217391 0.0143547 0.0132013
456 0 1 3 126 316 0.0238095 0.0150346 0.0135747
457 0 1 4 117 267 0.034188 0.0226314 0.0208333
458 0 1 2 106 244 0.0188679 0.012436 0.0114286
459 0 1 2 103 201 0.0194175 0.0139 0.0131579
460 0 1 3 126 300 0.0238095 0.0154303 0.0140845
461 0 1 6 109 259 0.0550459 0.0357099 0.0326087
462 0 1 5 111 230 0.045045 0.0312928 0.0293255
463 0 1 6 100 208 0.06 0.0416025 0.038961
464 0 1 10 144 304 0.0694444 0.0477949 0.0446429
465 0 1 8 136 273 0.0588235 0.0415183 0.0391198
466 0 1 6 114 231 0.0526316 0.0369737 0.0347826
467 0 1 6 95 173 0.0631579 0.0468022 0.0447761
468 0 1 6 112 226 0.0535714 0.0377127 0.035503
469 0 1 7 95 198 0.0736842 0.0510392 0.0477816
470 0 1 3 83 165 0.0361446 0.0256354 0.0241935
471 0 1 3 96 210 0.03125 0.0211289 0.0196078
472 0 1 2 88 171 0.0227273 0.0163039 0.015444
473 0 1 2 99 213 0.020202 0.0137728 0.0128205
474 0 1 1 78 158 0.0128205 0.00900791 0.00847458
475 0 1 2 90 204 0.0222222 0.0147602 0.0136054
476 0 1 2 60 122 0.0333333 0.0233762 0.021978
477 0 1 5 76 170 0.0657895 0.0439885 0.0406504
478 0 1 1 55 112 0.0181818 0.0127412 0.011976
479 0 1 2 60 150 0.0333333 0.0210818 0.0190476
480 0 1 2 49 101 0.0408163 0.0284296 0.0266667
481 0 1 3 52 132 0.0576923 0.0362103 0.0326087
482 0 1 1 39 85 0.025641 0.0173683 0.016129
483 0 1 2 48 146 0.0416667 0.0238909 0.0206186
484 0 1 2 31 120 0.0645161 0.0327913 0.0264901
485 0 1 0 23 82 0 0 0
486 0 1 1 34 120 0.0294118 0.0156556 0.012987
487 0 1 0 29 94 0 0 0
488 0 1 2 26 75 0.0769231 0.0452911 0.039604
489 0 1 2 53 157 0.0377358 0.0219251 0.0190476
490 0 1 1 44 122 0.0227273 0.0136488 0.0120482
491 0 1 1 41 118 0.0243902 0.014377 0.0125786
492 0 1 0 32 91 0 0 0
493 0 1 0 68 194 0 0 0
494 0 1 1 61 159 0.0163934 0.010154 0.00909091
495 0 1 1 48 127 0.0208333 0.0128079 0.0114286
496 0 1 2 46 109 0.0434783 0.0282448 0.0258065
497 0 1 3 42 100 0.0714286 0.046291 0.0422535
498 0 1 1 68 190 0.0147059 0.00879769 0.00775194
499 0 1 1 72 167 0.0138889 0.00911959 0.0083682
500 0 1 1 69 151 0.0144928 0.00979686 0.00909091
501 0 1 1 65 129 0.0153846 0.0109206 0.0103093
502 0 1 0 93 229 0 0 0
503 0 1 5 80 183 0.0625 0.0413237 0.0380228
504 0 1 3 72 168 0.0416667 0.0272772 0.025
505 0 1 4 66 130 0.0606061 0.0431834 0.0408163
506 0 1 7 87 204 0.0804598 0.052544 0.04811
507 0 1 6 84 171 0.0714286 0.0500626 0.0470588
508 0 1 7 82 157 0.0853659 0.0616938 0.0585774
509 0 1 7 85 142 0.0823529 0.0637154 0.061674
510 0 1 8 78 141 0.102564 0.0762839 0.0730594
511 0 1 13 98 201 0.132653 0.0926259 0.0869565
512 0 1 12 83 189 0.144578 0.0958101 0.0882353
513 0 1 8 71 172 0.112676 0.072393 0.0658436
514 0 1 16 80 163 0.2 0.140114 0.131687
515 0 1 17 81 150 0.209877 0.154227 0.147186
516 0 1 10 106 227 0.0943396 0.0644665 0.0600601
517 0 1 17 105 181 0.161905 0.123315 0.118881
518 0 1 10 92 187 0.108696 0.0762404 0.0716846
519 0 1 9 81 163 0.111111 0.078326 0.0737705
520 0 1 9 109 244 0.0825688 0.0551867 0.0509915
521 0 1 11 103 194 0.106796 0.0778168 0.0740741
522 0 1 8 95 176 0.0842105 0.0618688 0.0590406
523 0 1 2 99 254 0.020202 0.0126123 0.0113314
524 0 1 6 87 195 0.0689655 0.0460653 0.0425532
525 0 1 5 101 262 0.049505 0.0307368 0.0275482
526 0 1 3 92 201 0.0326087 0.0220612 0.0204778
527 0 1 6 127 283 0.0472441 0.0316487 0.0292683
528 0 1 6 117 227 0.0512821 0.0368167 0.0348837
529 0 1 6 109 198 0.0550459 0.0408418 0.0390879
530 0 1 6 129 260 0.0465116 0.0327619 0.0308483
531 0 1 8 123 222 0.0650406 0.0484129 0.0463768
532 0 1 4 158 304 0.0253165 0.0182513 0.017316
533 0 1 5 142 255 0.0352113 0.0262758 0.0251889
534 0 1 6 116 234 0.0517241 0.0364179 0.0342857
535 0 1 8 137 292 0.0583942 0.039998 0.037296
536 0 1 8 126 275 0.0634921 0.0429772 0.0399003
537 0 1 5 124 232 0.0403226 0.0294792 0.0280899
538 0 1 3 170 298 0.0176471 0.0133287 0.0128205
539 0 1 4 153 262 0.0261438 0.0199785 0.0192771
540 0 1 7 151 238 0.0463576 0.036925 0.0359897
541 0 1 7 181 303 0.038674 0.0298908 0.0289256
542 0 1 10 173 285 0.0578035 0.0450355 0.0436681
543 0 1 9 167 246 0.0538922 0.0444035 0.0435835
544 0 1 11 145 215 0.0758621 0.0623002 0.0611111
545 0 1 5 147 274 0.0340136 0.0249136 0.023753
546 0 1 6 144 255 0.0416667 0.0313112 0.0300752
547 0 1 5 115 192 0.0434783 0.0336489 0.0325733
548 0 1 1 110 253 0.00909091 0.00599437 0.00550964
549 0 1 3 97 197 0.0309278 0.0217021 0.0204082
550 0 1 0 121 223 0 0 0
551 0 1 3 109 187 0.0275229 0.021013 0.0202703
552 0 1 2 130 261 0.0153846 0.0108577 0.0102302
553 0 1 0 123 226 0 0 0
554 0 1 3 115 198 0.026087 0.0198811 0.0191693
555 0 1 2 86 161 0.0232558 0.0169968 0.0161943
556 0 1 2 124 269 0.016129 0.0109507 0.0101781
557 0 1 0 110 234 0 0 0
558 0 1 3 98 208 0.0306122 0.0210124 0.0196078
559 0 1 2 138 263 0.0144928 0.0104981 0.00997506
560 0 1 1 116 242 0.00862069 0.00596847 0.00558659
561 0 1 0 102 231 0 0 0
562 0 1 2 114 287 0.0175439 0.011057 0.00997506
563 0 1 1 116 244 0.00862069 0.00594396 0.00555556
564 0 1 3 163 330 0.0184049 0.0129351 0.0121704
565 0 1 2 142 278 0.0140845 0.0100662 0.00952381
566 0 1 3 131 258 0.0229008 0.0163183 0.0154242
567 0 1 2 162 318 0.0123457 0.00881168 0.00833333
568 0 1 3 133 232 0.0225564 0.0170786 0.0164384
569 0 1 3 146 275 0.0205479 0.014972 0.0142518
570 0 1 5 129 218 0.0387597 0.0298158 0.0288184
571 0 1 2 145 260 0.0137931 0.0103005 0.00987654
572 0 1 1 116 213 0.00862069 0.00636182 0.00607903
573 0 1 0 123 254 0 0 0
574 0 1 1 94 155 0.0106383 0.00828458 0.00803213
575 0 1 1 101 191 0.00990099 0.00719984 0.00684932
576 0 1 1 76 126 0.0131579 0.010219 0.00990099
577 0 1 1 85 148 0.0117647 0.00891579 0.00858369
578 0 1 1 57 107 0.0175439 0.0128047 0.0121951
579 0 1 0 54 127 0 0 0
580 0 1 0 75 144 0 0 0
581 0 1 2 65 128 0.0307692 0.0219264 0.0207254
582 0 1 0 83 173 0 0 0
583 0 1 0 69 136 0 0 0
584 0 1 0 93 197 0 0 0
585 0 1 0 69 129 0 0 0
586 0 1 0 76 156 0 0 0
587 0 1 0 56 133 0 0 0
588 0 1 1 60 146 0.0166667 0.0106843 0.00970874
589 0 1 1 40 87 0.025 0.0169516 0.015748
590 0 1 2 47 101 0.0425532 0.0290282 0.027027
591 0 1 1 41 85 0.0243902 0.0169394 0.015873
592 0 1 1 63 100 0.015873 0.0125988 0.0122699
593 0 1 2 52 97 0.0384615 0.0281606 0.0268456
594 0 1 1 44 84 0.0227273 0.0164488 0.015625
595 0 1 2 59 137 0.0338983 0.0222456 0.0204082
596 0 1 1 46 113 0.0217391 0.0138702 0.0125786
597 0 1 2 41 98 0.0487805 0.0315519 0.028777
598 0 1 1 69 196 0.0144928 0.00859899 0.00754717
599 0 1 2 60 163 0.0333333 0.0202237 0.0179372
600 0 1 2 56 153 0.0357143 0.0216068 0.0191388
601 0 1 1 46 126 0.0217391 0.0131352 0.0116279
602 0 1 2 40 98 0.05 0.0319438 0.0289855
603 0 1 1 54 144 0.0185185 0.0113402 0.010101
604 0 1 2 42 124 0.047619 0.0277137 0.0240964
605 0 1 2 39 110 0.0512821 0.0305352 0.0268456
606 0 1 2 61 159 0.0327869 0.020308 0.0181818
607 0 1 0 57 135 0 0 0
608 0 1 0 45 119 0 0 0
609 0 1 0 67 189 0 0 0
610 0 1 0 60 167 0 0 0
611 0 1 0 48 144 0 0 0
612 0 1 0 74 215 0 0 0
613 0 1 0 64 161 0 0 0
614 0 1 3 55 135 0.0545455 0.0348155 0.0315789
615 0 1 1 81 191 0.0123457 0.00803972 0.00735294
616 0 1 3 78 148 0.0384615 0.0279218 0.0265487
617 0 1 1 94 182 0.0106383 0.0076454 0.00724638
618 0 1 2 78 157 0.025641 0.0180731 0.0170213
619 0 1 3 74 127 0.0405405 0.0309459 0.0298507
620 0 1 5 108 186 0.0462963 0.0352778 0.0340136
621 0 1 6 101 179 0.0594059 0.0446235 0.0428571
622 0 1 2 89 163 0.0224719 0.0166051 0.015873
623 0 1 5 91 155 0.0549451 0.0421001 0.0406504
624 0 1 8 81 134 0.0987654 0.0767883 0.0744186
625 0 1 7 119 215 0.0588235 0.0437628 0.0419162
626 0 1 4 114 200 0.0350877 0.0264906 0.0254777
627 0 1 5 108 202 0.0462963 0.0338519 0.0322581
628 0 1 6 105 188 0.0571429 0.0427049 0.0409556
629 0 1 6 101 161 0.0594059 0.047052 0.0458015
630 0 1 7 80 141 0.0875 0.0659088 0.0633484
631 0 1 5 83 190 0.060241 0.0398157 0.03663
632 0 1 3 75 192 0.04 0.025 0.0224719
633 0 1 3 71 170 0.0422535 0.0273066 0.0248963
634 0 1 1 130 241 0.00769231 0.00564963 0.00539084
635 0 1 1 113 210 0.00884956 0.00649159 0.00619195
636 0 1 1 106 183 0.00943396 0.00717995 0.00692042
637 0 1 1 81 134 0.0123457 0.00959854 0.00930233
638 0 1 4 76 137 0.0526316 0.0392006 0.0375587
639 0 1 5 77 124 0.0649351 0.0511698 0.0497512
640 0 1 3 75 128 0.04 0.0306186 0.0295567
641 0 1 4 80 148 0.05 0.0367607 0.0350877
642 0 1 6 81 148 0.0740741 0.0547997 0.0524017
643 0 1 5 86 135 0.0581395 0.0464038 0.0452489
644 0 1 8 138 262 0.057971 0.0420726 0.04
645 0 1 8 131 266 0.0610687 0.0428562 0.0403023
646 0 1 13 168 298 0.077381 0.0581006 0.055794
647 0 1 12 187 290 0.0641711 0.0515302 0.0503145
648 0 1 18 173 281 0.104046 0.0816387 0.0792952
649 0 1 26 171 262 0.152047 0.122836 0.120092
650 0 1 27 169 274 0.159763 0.125472 0.121896
651 0 1 27 180 272 0.15 0.122023 0.119469
652 0 1 36 174 274 0.206897 0.164874 0.160714
653 0 1 37 172 248 0.215116 0.179148 0.17619
654 0 1 35 162 244 0.216049 0.176042 0.172414
655 0 1 35 157 263 0.22293 0.172243 0.166667
656 0 1 34 150 241 0.226667 0.178824 0.173913
657 0 1 11 134 216 0.0820896 0.0646567 0.0628571
658 0 1 10 114 198 0.0877193 0.0665603 0.0641026
659 0 1 27 185 411 0.145946 0.0979168 0.090604
660 0 1 34 202 399 0.168317 0.119761 0.113145
661 0 1 37 219 418 0.16895 0.12229 0.11617
662 0 1 34 206 410 0.165049 0.116991 0.11039
663 0 1 48 205 424 0.234146 0.16281 0.152623
664 0 1 53 202 398 0.262376 0.186921 0.176667
665 0 1 63 194 413 0.324742 0.222569 0.207578
666 0 1 50 195 366 0.25641 0.18716 0.178253
667 0 1 47 170 363 0.276471 0.1892 0.17636
668 0 1 53 184 375 0.288043 0.201768 0.189624
669 0 1 55 172 388 0.319767 0.212903 0.196429
670 0 1 54 173 381 0.312139 0.210333 0.194946
671 0 1 56 181 372 0.309392 0.215813 0.202532
672 0 1 54 191 382 0.282723 0.199915 0.188482
673 0 1 50 187 385 0.26738 0.186345 0.174825
674 0 1 50 182 390 0.274725 0.187673 0.174825
675 0 1 41 171 358 0.239766 0.165708 0.155009
676 0 1 33 161 332 0.204969 0.142735 0.133874
677 0 1 40 160 348 0.25 0.169516 0.15748
678 0 1 50 187 386 0.26738 0.186104 0.17452
679 0 1 55 201 397 0.273632 0.194702 0.183946
680 0 1 61 208 419 0.293269 0.206629 0.194577
681 0 1 61 202 413 0.30198 0.211193 0.198374
682 0 1 64 202 415 0.316832 0.221045 0.207455
683 0 1 67 208 403 0.322115 0.231415 0.219313
684 0 1 76 206 417 0.368932 0.259306 0.243981
685 0 1 67 201 403 0.333333 0.23541 0.221854
686 0 1 79 210 420 0.37619 0.266007 0.250794
687 0 1 73 205 416 0.356098 0.249977 0.235105
688 0 1 74 214 421 0.345794 0.246538 0.233071
689 0 1 75 214 413 0.350467 0.252278 0.239234
690 0 1 72 208 416 0.346154 0.244768 0.230769
691 0 1 71 207 406 0.342995 0.244912 0.231648
692 0 1 68 213 405 0.319249 0.231522 0.220065
693 0 1 63 204 404 0.308824 0.21945 0.207237
694 0 1 67 195 404 0.34359 0.238708 0.223706
695 0 1 54 188 393 0.287234 0.198664 0.185886
696 0 1 62 198 391 0.313131 0.222828 0.210526
697 0 1 58 201 399 0.288557 0.204806 0.193333
698 0 1 63 207 405 0.304348 0.217584 0.205882
699 0 1 59 197 398 0.299492 0.210706 0.198319
700 0 1 56 191 385 0.293194 0.20651 0.194444
701 0 1 63 189 389 0.333333 0.232346 0.217993
702 0 1 67 192 396 0.348958 0.242983 0.227891
703 0 1 70 188 396 0.37234 0.25655 0.239726
704 0 1 70 193 387 0.362694 0.256132 0.241379
705 0 1 69 189 378 0.365079 0.25815 0.243386
706 0 1 69 185 385 0.372973 0.258543 0.242105
707 0 1 71 187 378 0.379679 0.267049 0.251327
708 0 1 65 178 378 0.365169 0.250586 0.233813
709 0 1 69 176 379 0.392045 0.267161 0.248649
710 0 1 64 180 390 0.355556 0.241552 0.224561
711 0 1 71 181 396 0.392265 0.265199 0.246101
712 0 1 75 185 399 0.405405 0.276051 0.256849
713 0 1 73 191 401 0.382199 0.263775 0.246622
714 0 1 72 191 397 0.376963 0.261469 0.244898
715 0 1 77 190 412 0.405263 0.275211 0.255814
716 0 1 75 189 401 0.396825 0.272432 0.254237
717 0 1 59 187 404 0.315508 0.214655 0.199662
718 0 1 61 185 383 0.32973 0.229163 0.214789
719 0 1 55 183 382 0.300546 0.20802 0.19469
720 0 1 64 174 377 0.367816 0.249882 0.232305
721 0 1 65 179 372 0.363128 0.251893 0.235935
722 0 1 50 174 360 0.287356 0.199776 0.187266
723 0 1 56 163 368 0.343558 0.22865 0.210923
724 0 1 53 166 354 0.319277 0.218635 0.203846
725 0 1 52 160 354 0.325 0.218495 0.202335
726 0 1 54 160 355 0.3375 0.226579 0.209709
727 0 1 58 160 350 0.3625 0.245095 0.227451
728 0 1 44 146 344 0.30137 0.196335 0.179592
729 0 1 51 158 319 0.322785 0.227168 0.213836
730 0 1 49 152 319 0.322368 0.222525 0.208068
731 0 1 48 150 294 0.32 0.228571 0.216216
732 0 1 43 145 290 0.296552 0.209694 0.197701
733 0 1 44 148 292 0.297297 0.211656 0.2
734 0 1 50 150 299 0.333333 0.236096 0.222717
735 0 1 46 144 294 0.319444 0.223565 0.210046
736 0 1 48 146 276 0.328767 0.239117 0.227488
737 0 1 46 134 276 0.343284 0.239194 0.22439
738 0 1 46 126 255 0.365079 0.256627 0.24147
739 0 1 40 120 257 0.333333 0.227773 0.212202
740 0 1 48 124 251 0.387097 0.272078 0.256
741 0 1 40 120 249 0.333333 0.231403 0.216802
742 0 1 40 125 237 0.32 0.232397 0.220994
743 0 1 38 115 220 0.330435 0.238904 0.226866
744 0 1 34 113 225 0.300885 0.21323 0.201183
745 0 1 34 114 220 0.298246 0.214692 0.203593
746 0 1 37 111 215 0.333333 0.239509 0.226994
747 0 1 43 114 213 0.377193 0.275947 0.262997
748 0 1 36 100 196 0.36 0.257143 0.243243
749 0 1 36 139 255 0.258993 0.191216 0.182741
750 0 1 21 127 222 0.165354 0.125066 0.120344
751 0 1 17 114 195 0.149123 0.11402 0.110032
752 0 1 15 105 174 0.142857 0.110974 0.107527
753 0 1 11 156 308 0.0705128 0.0501828 0.0474138
754 0 1 8 136 251 0.0588235 0.0432996 0.0413437
755 0 1 11 114 186 0.0964912 0.0755412 0.0733333
756 0 1 4 75 133 0.0533333 0.0400501 0.0384615
757 0 1 0 85 187 0 0 0
758 0 1 4 54 123 0.0740741 0.0490807 0.0451977
759 0 1 4 78 164 0.0512821 0.0353664 0.0330578
760 0 1 2 59 110 0.0338983 0.024826 0.0236686
761 0 1 1 86 151 0.0116279 0.00877531 0.00843882
762 0 1 0 67 114 0 0 0
763 0 1 2 102 198 0.0196078 0.0140733 0.0133333
764 0 1 1 81 150 0.0123457 0.00907218 0.00865801
765 0 1 1 72 92 0.0138889 0.0122868 0.0121951
766 0 1 0 100 158 0 0 0
767 0 1 0 72 100 0 0 0
768 0 1 0 95 158 0 0 0
769 0 1 0 71 112 0 0 0
770 0 1 2 80 135 0.025 0.019245 0.0186047
771 0 1 1 89 192 0.011236 0.00764988 0.00711744
772 0 1 0 69 126 0 0 0
773 0 1 1 79 174 0.0126582 0.00852927 0.00790514
774 0 1 1 67 110 0.0149254 0.0116484 0.0112994
775 0 1 0 79 173 0 0 0
776 0 1 0 75 134 0 0 0
777 0 1 0 89 167 0 0 0
778 0 1 0 71 133 0 0 0
779 0 1 1 81 179 0.0123457 0.00830483 0.00769231
780 0 1 1 51 122 0.0196078 0.0126775 0.0115607
781 0 1 0 71 138 0 0 0
782 0 1 0 76 165 0 0 0
783 0 1 1 120 193 0.00833333 0.00657099 0.00638978
784 0 1 0 87 126 0 0 0
785 0 1 1 102 190 0.00980392 0.00718329 0.00684932
786 0 1 3 104 132 0.0288462 0.0256046 0.0254237
787 0 1 5 121 224 0.0413223 0.0303706 0.0289855
788 0 1 3 96 154 0.03125 0.0246732 0.024
789 0 1 1 118 187 0.00847458 0.00673191 0.00655738
790 0 1 2 106 214 0.0188679 0.0132791 0.0125
791 0 1 1 84 172 0.0119048 0.00831948 0.0078125
792 0 1 0 86 185 0 0 0
793 0 1 0 107 191 0 0 0
794 0 1 0 86 133 0 0 0
795 0 1 0 93 187 0 0 0
796 0 1 0 82 148 0 0 0
797 0 1 1 115 188 0.00869565 0.00680099 0.00660066
798 0 1 1 97 132 0.0103093 0.00883745 0.00873362
799 0 1 1 121 193 0.00826446 0.00654378 0.00636943
800 0 1 1 100 138 0.01 0.00851256 0.00840336
801 0 1 1 111 198 0.00900901 0.00674537 0.00647249
802 0 1 0 86 128 0 0 0
803 0 1 0 93 170 0 0 0
804 0 1 0 69 132 0 0 0
805 0 1 0 68 165 0 0 0
806 0 1 0 73 170 0 0 0
807 0 1 0 54 134 0 0 0
808 0 1 0 67 179 0 0 0
809 0 1 0 109 228 0 0 0
810 0 1 0 93 182 0 0 0
811 0 1 0 133 259 0 0 0
812 0 1 0 103 194 0 0 0
813 0 1 1 116 255 0.00862069 0.00581435 0.00539084
814 0 1 1 87 189 0.0114943 0.00779847 0.00724638
815 0 1 1 82 225 0.0121951 0.0073621 0.00651466
816 0 1 2 93 224 0.0215054 0.0138568 0.0126183
817 0 1 0 53 164 0 0 0
818 0 1 1 62 150 0.016129 0.0103695 0.00943396
819 0 1 0 50 117 0 0 0
820 0 1 0 57 119 0 0 0
821 0 1 0 41 95 0 0 0
822 0 1 0 48 151 0 0 0
823 0 1 0 45 105 0 0 0
824 0 1 0 50 121 0 0 0
825 0 1 0 45 110 0 0 0
826 0 1 0 56 165 0 0 0
827 0 1 0 61 148 0 0 0
828 0 1 0 50 139 0 0 0
829 0 1 0 71 182 0 0 0
830 0 1 0 71 169 0 0 0
831 0 1 0 63 132 0 0 0
832 0 1 1 65 194 0.0153846 0.00890518 0.00772201
833 0 1 0 59 152 0 0 0
834 0 1 1 76 201 0.0131579 0.00809087 0.00722022
835 0 1 0 68 167 0 0 0
836 0 1 2 82 208 0.0243902 0.0153141 0.0137931
837 0 1 2 74 176 0.027027 0.017525 0.016
838 0 1 0 79 201 0 0 0
839 0 1 1 62 172 0.016129 0.00968367 0.00854701
840 0 1 0 80 187 0 0 0
841 0 1 1 72 157 0.0138889 0.00940554 0.00873362
842 0 1 0 89 185 0 0 0
843 0 1 0 69 149 0 0 0
844 0 1 1 86 219 0.0116279 0.00728666 0.00655738
845 0 1 0 83 175 0 0 0
846 0 1 2 117 228 0.017094 0.0122453 0.0115942
847 0 1 1 97 182 0.0103093 0.00752625 0.00716846
848 0 1 0 106 236 0 0 0
849 0 1 4 91 186 0.043956 0.0307456 0.0288809
850 0 1 6 99 262 0.0606061 0.0372549 0.033241
851 0 1 3 70 205 0.0428571 0.0250435 0.0218182
852 0 1 1 97 254 0.0103093 0.00637085 0.00569801
853 0 1 1 88 211 0.0113636 0.00733867 0.00668896
854 0 1 0 100 244 0 0 0
855 0 1 0 99 208 0 0 0
856 0 1 1 120 248 0.00833333 0.00579674 0.00543478
857 0 1 1 114 221 0.00877193 0.00630016 0.00597015
858 0 1 0 136 289 0 0 0
859 0 1 1 114 245 0.00877193 0.00598363 0.00557103
860 0 1 1 149 314 0.00671141 0.00462319 0.00431965
861 0 1 1 117 262 0.00854701 0.00571158 0.00527705
862 0 1 1 161 304 0.00621118 0.00452012 0.00430108
863 0 1 2 150 273 0.0133333 0.00988332 0.00945626
864 0 1 2 164 302 0.0121951 0.00898679 0.00858369
865 0 1 1 136 245 0.00735294 0.00547832 0.00524934
866 0 1 0 168 281 0 0 0
867 0 1 2 138 223 0.0144928 0.0114009 0.0110803
868 0 1 3 128 252 0.0234375 0.0167038 0.0157895
869 0 1 2 88 194 0.0227273 0.0153069 0.0141844
870 0 1 5 97 194 0.0515464 0.0364488 0.0343643
871 0 1 2 77 162 0.025974 0.0179072 0.0167364
872 0 1 2 95 196 0.0210526 0.0146568 0.0137457
873 0 1 1 70 141 0.0142857 0.0100656 0.00947867
874 0 1 0 90 189 0 0 0
875 0 1 3 83 145 0.0361446 0.0273463 0.0263158
876 0 1 0 112 188 0 0 0
877 0 1 2 94 166 0.0212766 0.0160108 0.0153846
878 0 1 2 94 203 0.0212766 0.0144783 0.013468
879 0 1 0 96 174 0 0 0
880 0 1 3 121 232 0.0247934 0.0179054 0.0169972
881 0 1 1 104 198 0.00961538 0.00696868 0.00662252
882 0 1 2 94 195 0.0212766 0.0147723 0.0138408
883 0 1 1 131 277 0.00763359 0.00524958 0.00490196
884 0 1 3 116 230 0.0258621 0.0183666 0.017341
885 0 1 1 110 219 0.00909091 0.0064429 0.00607903
886 0 1 2 106 181 0.0188679 0.014439 0.0139373
887 0 1 7 116 237 0.0603448 0.0422177 0.0396601
888 0 1 5 113 198 0.0442478 0.0334271 0.0321543
889 0 1 3 120 238 0.025 0.0177518 0.0167598
890 0 1 3 117 207 0.025641 0.0192772 0.0185185
891 0 1 1 142 276 0.00704225 0.00505128 0.00478469
892 0 1 2 140 252 0.0142857 0.0106479 0.0102041
893 0 1 3 100 191 0.03 0.0217072 0.0206186
894 0 1 1 102 211 0.00980392 0.00681646 0.00638978
895 0 1 1 88 175 0.0113636 0.00805823 0.00760456
896 0 1 1 85 209 0.0117647 0.0075027 0.00680272
897 0 1 2 65 158 0.0307692 0.0197353 0.0179372
898 0 1 2 69 187 0.0289855 0.017607 0.015625
899 0 1 1 70 153 0.0142857 0.00966285 0.00896861
900 0 1 4 66 145 0.0606061 0.0408888 0.0379147
901 0 1 2 41 118 0.0487805 0.0287539 0.0251572
902 0 1 1 34 77 0.0294118 0.0195441 0.018018
903 0 1 0 33 104 0 0 0
904 0 1 0 19 80 0 0 0
905 0 1 0 20 67 0 0 0
906 0 1 0 19 60 0 0 0
907 0 1 0 15 75 0 0 0
908 0 1 0 11 64 0 0 0
909 0 1 0 13 105 0 0 0
910 0 1 0 9 82 0 0 0
911 0 1 0 5 49 0 0 0
912 0 1 0 12 65 0 0 0
913 0 1 0 12 49 0 0 0
914 0 1 0 11 43 0 0 0
915 0 1 0 18 60 0 0 0
916 0 1 0 8 50 0 0 0
917 0 1 0 5 38 0 0 0
918 0 1 0 14 60 0 0 0
919 0 1 2 12 54 0.166667 0.0785674 0.0606061
920 0 1 2 9 48 0.222222 0.096225 0.0701754
921 0 1 2 8 41 0.25 0.110432 0.0816327
922 0 1 2 20 115 0.1 0.0417029 0.0296296
923 0 1 2 16 90 0.125 0.0527046 0.0377358
924 0 1 2 14 84 0.142857 0.0583212 0.0408163
925 0 1 2 14 67 0.142857 0.0653023 0.0493827
926 0 1 2 10 61 0.2 0.0809776 0.056338
927 0 1 2 8 50 0.25 0.1 0.0689655
928 0 1 3 24 110 0.125 0.0583874 0.0447761
929 0 1 3 23 87 0.130435 0.0670653 0.0545455
930 0 1 3 21 92 0.142857 0.0682524 0.0530973
931 0 1 2 21 81 0.0952381 0.0484929 0.0392157
932 0 1 2 18 67 0.111111 0.0575912 0.0470588
933 0 1 5 12 63 0.416667 0.181848 0.133333
934 0 1 2 15 44 0.133333 0.0778499 0.0677966
935 0 1 4 18 74 0.222222 0.109599 0.0869565
936 0 1 1 18 57 0.0555556 0.0312195 0.0266667
937 0 1 2 14 52 0.142857 0.0741249 0.0606061
938 0 1 2 40 112 0.05 0.0298807 0.0263158
939 0 1 0 33 104 0 0 0
940 0 1 2 32 74 0.0625 0.0410997 0.0377358
941 0 1 2 28 70 0.0714286 0.0451754 0.0408163
942 0 1 0 27 56 0 0 0
943 0 1 2 21 36 0.0952381 0.0727393 0.0701754
944 0 1 0 45 94 0 0 0
945 0 1 0 33 73 0 0 0
946 0 1 0 37 68 0 0 0
947 0 1 0 29 53 0 0 0
948 0 1 0 50 135 0 0 0
949 0 1 0 42 106 0 0 0
950 0 1 0 34 86 0 0 0
951 0 1 1 28 73 0.0357143 0.0221187 0.019802
952 0 1 1 22 69 0.0454545 0.0256663 0.021978
953 0 1 2 37 159 0.0540541 0.0260754 0.0204082
954 0 1 1 34 118 0.0294118 0.0157877 0.0131579
955 0 1 0 31 104 0 0 0
956 0 1 0 20 89 0 0 0
957 0 1 0 50 153 0 0 0
958 0 1 0 48 129 0 0 0
959 0 1 0 44 107 0 0 0
960 0 1 0 43 92 0 0 0
961 0 1 0 59 164 0 0 0
962 0 1 0 52 142 0 0 0
963 0 1 1 45 109 0.0222222 0.0142784 0.012987
964 0 1 0 62 170 0 0 0
965 0 1 3 58 145 0.0517241 0.0327132 0.0295567
966 0 1 2 54 131 0.037037 0.0237792 0.0216216
967 0 1 0 51 111 0 0 0
968 0 1 4 72 181 0.0555556 0.0350392 0.0316206
969 0 1 3 54 141 0.0555556 0.0343807 0.0307692
970 0 1 2 53 127 0.0377358 0.0243776 0.0222222
971 0 1 4 54 197 0.0740741 0.038782 0.0318725
972 0 1 1 55 164 0.0181818 0.0105292 0.00913242
973 0 1 2 47 160 0.0425532 0.0230633 0.0193237
974 0 1 4 72 241 0.0555556 0.0303658 0.0255591
975 0 1 2 58 198 0.0344828 0.0186631 0.015625
976 0 1 2 61 170 0.0327869 0.01964 0.017316
977 0 1 0 74 229 0 0 0
978 0 1 2 69 195 0.0289855 0.017242 0.0151515
979 0 1 0 59 168 0 0 0
980 0 1 1 85 247 0.0117647 0.00690148 0.0060241
981 0 1 5 72 195 0.0694444 0.0421975 0.0374532
982 0 1 3 63 186 0.047619 0.0277137 0.0240964
983 0 1 3 85 260 0.0352941 0.0201802 0.0173913
984 0 1 2 90 218 0.0222222 0.0142784 0.012987
985 0 1 6 70 182 0.0857143 0.0531577 0.047619
986 0 1 6 93 278 0.0645161 0.0373153 0.032345
987 0 1 8 86 234 0.0930233 0.056394 0.05
988 0 1 1 69 208 0.0144928 0.00834726 0.00722022
989 0 1 5 100 290 0.05 0.029361 0.025641
990 0 1 4 99 220 0.040404 0.0271039 0.0250784
991 0 1 6 113 293 0.0530973 0.0329745 0.0295567
992 0 1 6 96 213 0.0625 0.0419591 0.038835
993 0 1 5 104 266 0.0480769 0.0300616 0.027027
994 0 1 10 95 205 0.105263 0.0716574 0.0666667
995 0 1 9 124 253 0.0725806 0.0508126 0.0477454
996 0 1 11 110 237 0.1 0.0681275 0.0634006
997 0 1 9 111 202 0.0810811 0.0601043 0.057508
998 0 1 13 142 279 0.0915493 0.0653126 0.0617577
999 0 1 11 123 239 0.0894309 0.0641566 0.0607735
1000 0 1 15 123 205 0.121951 0.094463 0.0914634
1001 0 1 10 172 307 0.0581395 0.0435178 0.0417537
1002 0 1 7 146 250 0.0479452 0.0366397 0.0353535
1003 0 1 15 143 237 0.104895 0.0814796 0.0789474
1004 0 1 9 120 206 0.075 0.0572425 0.0552147
1005 0 1 13 147 268 0.0884354 0.0654964 0.0626506
1006 0 1 15 133 260 0.112782 0.0806638 0.0763359
1007 0 1 13 125 254 0.104 0.0729578 0.0686016
1008 0 1 15 124 219 0.120968 0.0910245 0.0874636
1009 0 1 11 153 325 0.0718954 0.0493293 0.0460251
1010 0 1 10 139 268 0.0719424 0.0518114 0.04914
1011 0 1 13 134 245 0.0970149 0.0717477 0.0686016
1012 0 1 10 151 325 0.0662252 0.0451409 0.0420168
1013 0 1 15 143 330 0.104895 0.0690504 0.0634249
1014 0 1 13 130 293 0.1 0.0666098 0.0614657
1015 0 1 7 119 268 0.0588235 0.0391974 0.0361757
1016 0 1 9 134 306 0.0671642 0.0444457 0.0409091
1017 0 1 9 132 282 0.0681818 0.0466478 0.0434783
1018 0 1 8 141 327 0.0567376 0.0372569 0.034188
1019 0 1 7 131 288 0.0534351 0.0360385 0.0334129
1020 0 1 11 138 340 0.0797101 0.0507825 0.0460251
1021 0 1 9 128 322 0.0703125 0.0443312 0.04
1022 0 1 14 124 294 0.112903 0.0733236 0.0669856
1023 0 1 17 142 345 0.119718 0.076806 0.0698152
1024 0 1 14 147 315 0.0952381 0.06506 0.0606061
1025 0 1 14 133 290 0.105263 0.0712858 0.0661939
1026 0 1 21 152 371 0.138158 0.0884322 0.0803059
1027 0 1 15 161 352 0.0931677 0.0630096 0.0584795
1028 0 1 24 143 342 0.167832 0.108525 0.0989691
1029 0 1 22 131 323 0.167939 0.106951 0.0969163
1030 0 1 26 126 275 0.206349 0.139676 0.129676
1031 0 1 24 158 382 0.151899 0.0976902 0.0888889
1032 0 1 21 142 378 0.147887 0.0906419 0.0807692
1033 0 1 17 141 330 0.120567 0.0788102 0.0721868
1034 0 1 15 117 327 0.128205 0.0766875 0.0675676
1035 0 1 17 112 318 0.151786 0.0900796 0.0790698
1036 0 1 18 129 346 0.139535 0.0852 0.0757895
1037 0 1 14 126 334 0.111111 0.0682448 0.0608696
1038 0 1 18 133 389 0.135338 0.0791356 0.0689655
1039 0 1 18 124 364 0.145161 0.0847249 0.0737705
1040 0 1 15 126 311 0.119048 0.075775 0.0686499
1041 0 1 14 141 375 0.0992908 0.060884 0.0542636
1042 0 1 22 126 350 0.174603 0.104762 0.092437
1043 0 1 20 124 317 0.16129 0.100876 0.090703
1044 0 1 15 134 352 0.11194 0.0690665 0.0617284
1045 0 1 13 143 333 0.0909091 0.0595735 0.0546218
1046 0 1 16 136 320 0.117647 0.0766965 0.0701754
1047 0 1 12 150 378 0.08 0.0503953 0.0454545
1048 0 1 17 149 363 0.114094 0.0730975 0.0664062
1049 0 1 17 140 321 0.121429 0.0801922 0.0737527
1050 0 1 12 148 397 0.0810811 0.0495057 0.0440367
1051 0 1 12 162 361 0.0740741 0.0496215 0.0458891
1052 0 1 7 145 343 0.0482759 0.0313882 0.0286885
1053 0 1 15 147 302 0.102041 0.0711917 0.0668151
1054 0 1 19 146 335 0.130137 0.0859122 0.0790021
1055 0 1 23 124 323 0.185484 0.114925 0.102908
1056 0 1 15 127 326 0.11811 0.0737192 0.0662252
1057 0 1 14 126 293 0.111111 0.0728633 0.0668258
1058 0 1 6 116 311 0.0517241 0.0315894 0.028103
1059 0 1 4 117 274 0.034188 0.0223404 0.0204604
1060 0 1 6 129 310 0.0465116 0.0300038 0.0273349
1061 0 1 4 117 267 0.034188 0.0226314 0.0208333
1062 0 1 6 111 266 0.0540541 0.034918 0.0318302
1063 0 1 7 119 301 0.0588235 0.0369863 0.0333333
1064 0 1 9 125 243 0.072 0.0516398 0.048913
1065 0 1 0 46 64 0 0 0
1066 0 1 1 37 52 0.027027 0.022798 0.0224719
1067 0 1 3 43 89 0.0697674 0.0484944 0.0454545
1068 0 1 0 81 151 0 0 0
1069 0 1 3 128 302 0.0234375 0.0152585 0.0139535
1070 0 1 2 136 282 0.0147059 0.0102126 0.00956938
1071 0 1 4 126 243 0.031746 0.0228598 0.0216802
1072 0 1 5 120 249 0.0416667 0.0289254 0.0271003
1073 0 1 10 117 222 0.0854701 0.0620484 0.058997
1074 0 1 8 110 216 0.0727273 0.0518999 0.0490798
1075 0 1 8 158 323 0.0506329 0.0354128 0.033264
1076 0 1 13 155 298 0.083871 0.060488 0.0573951
1077 0 1 12 171 300 0.0701754 0.0529813 0.0509554
1078 0 1 13 150 254 0.0866667 0.066601 0.0643564
1079 0 1 11 177 374 0.0621469 0.0427534 0.0399274
1080 0 1 19 180 327 0.105556 0.0783147 0.0749507
1081 0 1 14 167 318 0.0838323 0.0607514 0.057732
1082 0 1 7 123 250 0.0569106 0.0399186 0.0375335
1083 0 1 11 164 323 0.0670732 0.0477936 0.0451745
1084 0 1 7 142 313 0.0492958 0.0332033 0.0307692
1085 0 1 9 162 326 0.0555556 0.039163 0.0368852
1086 0 1 14 148 290 0.0945946 0.0675769 0.0639269
1087 0 1 9 144 265 0.0625 0.0460721 0.0440098
1088 0 1 14 145 255 0.0965517 0.0728071 0.07
1089 0 1 14 176 315 0.0795455 0.0594588 0.0570265
1090 0 1 16 171 305 0.0935673 0.0700603 0.0672269
1091 0 1 11 169 342 0.0650888 0.0457548 0.0430528
1092 0 1 19 180 334 0.105556 0.0774897 0.07393
1093 0 1 25 177 347 0.141243 0.100876 0.0954198
1094 0 1 28 174 336 0.16092 0.115801 0.109804
1095 0 1 28 170 356 0.164706 0.113817 0.106464
1096 0 1 27 162 321 0.166667 0.118401 0.111801
1097 0 1 26 170 339 0.152941 0.108305 0.102161
1098 0 1 27 171 316 0.157895 0.116151 0.110883
1099 0 1 33 164 339 0.20122 0.139956 0.131213
1100 0 1 38 172 319 0.22093 0.162227 0.154786

# ---------- Global Summary ----------
# CorrFrames: 1095
avg_CorrEdges: 10.1479
avg_match_A: 113.484
avg_match_B: 228.743
global_RI_MNR: 0.0894218
global_RI_GNR: 0.0629849
global_RI_DICE: 0.0593053

# ---------- Per-Channel Summary ----------
chA: 0 chB: 1 | avgC: 10.1479 avgA: 113.484 avgB: 228.743 MNR: 0.0735724 GNR: 0.0508736 DICE: 0.0475004
