1403636579.763556 0.0000000 0.0000000 0.0000000 0.0000000 0.0000000 0.0000000 1.0000000
1403636581.163556 -0.0229477 -0.0810694 -0.0060816 -0.0053571 0.0204076 -0.0153752 0.9996592
1403636581.263556 -0.0220156 -0.1381193 -0.0219909 0.0117307 0.0209030 -0.0110856 0.9996512
1403636582.163556 -0.0013604 0.3058715 0.0830580 -0.0533302 0.0204603 -0.0100608 0.9983166
1403636585.013556 -0.0010893 -0.2316396 -0.0366944 0.0208148 0.0482186 -0.0105115 0.9985646
1403636587.413555 0.0985439 0.1114978 -0.0162524 -0.1960380 0.0280234 0.0063736 0.9801751
1403636587.513556 0.1311139 0.1089551 -0.0092501 -0.1980122 0.0298699 0.0105897 0.9796871
1403636589.763556 -0.1755613 0.1204373 -0.0522800 -0.1925226 0.0137600 0.0100479 0.9811446
1403636589.913555 -0.2470898 0.1328628 -0.0574406 -0.2004907 0.0015690 0.0074040 0.9796664
1403636590.063555 -0.3004525 0.1411334 -0.0615725 -0.1991503 -0.0106247 0.0074818 0.9798828
1403636591.413555 0.1711458 0.1268685 -0.0403817 -0.2018236 0.0229467 0.0168939 0.9790073
1403636591.913555 0.2471327 0.1371399 0.0162540 -0.1360326 0.0751601 0.0194472 0.9876578
1403636592.113555 0.2721450 0.1271396 0.0462345 -0.1462812 0.0937280 0.0344054 0.9841916
1403636592.263556 0.2973506 0.1176095 0.0844012 -0.1597157 0.1037326 0.0421628 0.9807919
1403636592.413555 0.3083074 0.1028643 0.1314585 -0.1698828 0.0972501 0.0463110 0.9795598
1403636593.563555 -0.1999515 0.1485094 0.0368587 -0.1810343 -0.1027132 -0.0065344 0.9780766
1403636593.763556 -0.1643132 0.1943789 -0.0586405 -0.1968440 -0.0656248 0.0142698 0.9781320
1403636594.113555 0.0380388 0.2234061 -0.1429749 -0.1735116 0.0670567 0.0610713 0.9806464
1403636594.313555 0.1783929 0.2127832 -0.1096238 -0.1748388 0.1198641 0.0734022 0.9745132
1403636595.913555 0.0605879 0.2353044 -0.0088931 -0.1648747 -0.0129108 -0.0039927 0.9862220
1403636596.113555 0.1652626 0.2647144 -0.0731385 -0.1725866 0.0465100 0.0140094 0.9837959
1403636596.563555 0.0395912 0.2842833 -0.2681402 -0.1581982 0.0640427 0.0208150 0.9851084
1403636596.763556 -0.0204281 0.2892722 -0.3092504 -0.1606222 0.0613462 0.0149071 0.9849949
1403636598.263556 -0.0379055 0.2268537 -0.0054498 -0.1750601 -0.0705341 -0.0534042 0.9805748
1403636598.463556 -0.0117630 0.2703692 -0.0226742 -0.1883797 -0.0562945 -0.0592307 0.9786909
1403636598.813555 0.0305474 0.2907923 0.1116366 -0.1333439 -0.0852755 -0.0554256 0.9858375
1403636599.213556 0.0561863 0.3413921 0.2469622 -0.0468980 -0.1037137 -0.0422308 0.9926029
1403636599.663556 0.0621048 0.3724557 0.3118272 -0.0098010 -0.0831876 -0.0329945 0.9959393
1403636611.113555 0.0703380 0.3779031 0.3122154 0.0191151 -0.0859641 -0.0189658 0.9959342
1403636627.113555 0.1947885 0.0052907 0.2135478 -0.0188911 -0.0811205 -0.0559711 0.9949522
1403636628.613555 0.3987194 -0.1925947 0.1905656 -0.0051659 -0.0279295 -0.0140428 0.9994979
1403636628.863556 0.4703189 -0.2075496 0.2116993 -0.0153077 -0.0146294 -0.0228328 0.9995151
1403636629.663556 0.7564156 -0.2893033 0.3598313 -0.0201131 0.0598538 0.0120226 0.9979321
1403636630.963556 1.4229007 -0.4822519 0.8898504 -0.0181588 0.1468007 0.0261339 0.9886541
1403636631.663556 1.7408751 -0.5237303 1.2545297 -0.0117791 0.1411529 0.0192768 0.9897300
1403636635.113555 2.7184668 -1.1139665 3.5105431 -0.0198636 0.0023249 -0.0338550 0.9992266
1403636635.413555 2.7931209 -1.1830114 3.7469738 -0.0279361 -0.0078487 -0.0255887 0.9992513
1403636635.663556 2.8515551 -1.2689214 3.9563241 -0.0265535 -0.0093621 -0.0182104 0.9994377
1403636635.863556 2.9077611 -1.3823642 4.1194925 -0.0155466 -0.0106360 -0.0073850 0.9997953
1403636636.063555 2.9819195 -1.5078685 4.2764740 -0.0296762 -0.0078092 -0.0093568 0.9994853
1403636636.213556 3.0487409 -1.6018283 4.4009337 -0.0254185 -0.0032270 -0.0226012 0.9994162
1403636636.363556 3.1129694 -1.7171085 4.5232649 -0.0069815 -0.0009603 -0.0294254 0.9995421
1403636636.513556 3.1763961 -1.8206030 4.6406078 0.0115568 0.0001427 -0.0340041 0.9993548
1403636636.763556 3.2704873 -1.9316223 4.8209343 0.0125642 0.0070394 -0.0541590 0.9984285
1403636637.063555 3.3295891 -1.9771208 5.0090976 0.0010311 -0.0003808 -0.0429474 0.9990767
1403636637.613555 3.3598299 -2.0349298 5.3010592 -0.0223571 -0.0103109 -0.0333250 0.9991413
1403636637.863556 3.3608549 -2.1482155 5.4150639 -0.0175218 -0.0124529 -0.0342389 0.9991825
1403636638.113555 3.3617430 -2.2460449 5.5365167 -0.0072319 -0.0144561 -0.0337437 0.9992998
1403636638.463556 3.3646305 -2.2522542 5.7315602 -0.0336734 -0.0207720 -0.0189363 0.9990376
1403636638.813555 3.3993387 -2.2844002 5.9648590 -0.0342583 -0.0185934 -0.0290801 0.9988168
1403636639.013556 3.4262745 -2.3677034 6.1096773 -0.0236438 -0.0228011 -0.0192303 0.9992754
1403636639.213556 3.4663732 -2.4389806 6.2633753 -0.0239321 -0.0290892 -0.0010952 0.9992897
1403636639.413555 3.5358496 -2.4503555 6.4418969 -0.0251943 -0.0238305 -0.0166890 0.9992592
1403636639.663556 3.6383705 -2.4440393 6.6796455 -0.0161871 -0.0155779 -0.0445360 0.9987552
1403636639.913555 3.7236063 -2.4670374 6.9034801 -0.0046121 -0.0207504 -0.0334299 0.9992150
1403636640.113555 3.7840223 -2.5121801 7.0575099 -0.0027816 -0.0268050 -0.0382883 0.9989033
1403636640.363556 3.8530154 -2.5916972 7.2175803 -0.0040140 -0.0450332 -0.0462210 0.9979076
1403636640.613555 3.9221919 -2.6381071 7.3677888 -0.0049967 -0.0537138 -0.0505370 0.9972642
1403636641.013556 4.0160742 -2.6794944 7.5817218 -0.0098682 -0.0567478 -0.0531591 0.9969234
1403636641.513556 4.1063652 -2.6972322 7.8216696 -0.0073668 -0.0572802 -0.0397633 0.9975387
1403636641.963556 4.1928434 -2.7510593 7.9794273 -0.0049733 -0.0491842 -0.0455364 0.9977388
1403636642.463556 4.2815123 -2.8469517 8.0844841 0.0011624 -0.0090509 -0.0305992 0.9994901
1403636643.163556 4.3984127 -2.8324656 8.2159815 -0.0148468 0.0030949 -0.0208716 0.9996671
1403636643.713556 4.5086975 -2.8966761 8.3375492 -0.0365264 -0.0009514 -0.0235064 0.9990557
1403636644.063555 4.5869012 -3.0024543 8.4648314 -0.0491896 -0.0009920 -0.0282560 0.9983892
1403636644.363556 4.6541266 -3.0621383 8.6592407 -0.0205891 -0.0071032 -0.0079851 0.9997309
1403636644.563555 4.7149482 -3.0707121 8.8118267 -0.0024870 -0.0124352 0.0077463 0.9998896
1403636644.863556 4.8620467 -3.0094402 9.0341005 -0.0007939 0.0007326 -0.0257065 0.9996690
1403636645.113555 4.9906826 -2.9467406 9.1954613 -0.0370852 0.0035475 -0.0242688 0.9990111
1403636645.363556 5.1089396 -2.9564900 9.3739433 -0.0562541 0.0054618 -0.0244218 0.9981028
1403636645.663556 5.2455912 -3.0102389 9.6525297 -0.0389475 0.0075106 -0.0264778 0.9988621
1403636645.913555 5.3506913 -3.0802028 9.9118757 -0.0377299 0.0061435 -0.0232575 0.9989984
1403636646.113555 5.4366517 -3.1917014 10.1231604 -0.0217420 0.0189998 -0.0076905 0.9995535
1403636646.313555 5.5367041 -3.3051147 10.3364820 -0.0065705 0.0596589 0.0186597 0.9980228
1403636646.513556 5.6599541 -3.3920696 10.5444746 0.0111585 0.1119813 0.0298822 0.9931982
1403636646.763556 5.8166046 -3.5142863 10.7542086 0.0080668 0.1487053 0.0308025 0.9883688
1403636646.963556 5.9359760 -3.6350017 10.8814325 0.0058638 0.1581008 0.0325208 0.9868699
1403636647.213556 6.0803947 -3.7487125 11.0254889 -0.0076904 0.1591106 0.0319917 0.9867123
1403636647.513556 6.2517781 -3.8312373 11.1923952 0.0029850 0.1513082 0.0360564 0.9878243
1403636647.813555 6.4312658 -3.9026005 11.3214779 0.0090509 0.1530962 0.0373025 0.9874655
1403636648.113555 6.6273851 -3.9316258 11.4110374 0.0053236 0.1949667 0.0486246 0.9795893
1403636648.363556 6.7993760 -3.9024982 11.4761934 0.0068069 0.2576099 0.0702928 0.9636647
1403636648.563555 6.9377213 -3.8497667 11.5125818 0.0071024 0.3086211 0.0884145 0.9470404
1403636648.763556 7.0683584 -3.8119802 11.5205278 -0.0006866 0.3397252 0.0972957 0.9354784
1403636648.913555 7.1562815 -3.8093255 11.5165482 -0.0215023 0.3479335 0.1053315 0.9313352
1403636649.163556 7.3117638 -3.8608975 11.5018568 -0.0098028 0.3523117 0.0987958 0.9306018
1403636649.363556 7.4345894 -3.9476810 11.4811735 0.0013038 0.3500333 0.0913362 0.9322729
1403636649.713556 7.6254168 -4.1380844 11.4127512 0.0087539 0.3444009 0.0949283 0.9339700
1403636650.113555 7.8150926 -4.2534375 11.3220425 0.0139529 0.3716712 0.0969423 0.9231837
1403636650.463556 7.9426584 -4.2208934 11.2287674 0.0068321 0.4396718 0.1235915 0.8895882
1403636650.663556 8.0079412 -4.1688271 11.1650391 -0.0032594 0.4744117 0.1416995 0.8688177
1403636651.013556 8.0931129 -4.1085863 11.0593548 0.0070227 0.5002177 0.1417071 0.8541967
1403636652.013556 8.1333532 -4.0490780 10.6413441 0.0272859 0.5116453 0.1589689 0.8439215
1403636652.213556 8.1211624 -3.9670177 10.5350266 0.0127154 0.5634270 0.1722196 0.8079163
1403636652.363556 8.1026382 -3.8898957 10.4438744 -0.0023618 0.6035728 0.1940815 0.7733218
1403636652.513556 8.0845871 -3.8119535 10.3607683 -0.0096261 0.6314488 0.2117214 0.7458913
1403636652.663556 8.0757093 -3.7526727 10.2716141 -0.0200793 0.6457596 0.2259618 0.7290628
1403636652.863556 8.0817509 -3.7111094 10.1451120 -0.0238576 0.6539989 0.2285631 0.7207463
1403636653.263556 8.1731863 -3.6542604 9.9023933 -0.0054201 0.6563807 0.2029994 0.7265854
1403636653.663556 8.2641287 -3.6285584 9.6781788 0.0022891 0.6472314 0.1898744 0.7382641
1403636654.263556 8.2932568 -3.5296049 9.4050646 0.0108671 0.6533096 0.1935375 0.7318550
1403636654.513556 8.2670240 -3.5058877 9.2863016 0.0028347 0.6828787 0.2061303 0.7008417
1403636654.763556 8.2235441 -3.5083220 9.1529741 -0.0016531 0.7072340 0.2259856 0.6698864
1403636654.913555 8.1981573 -3.4899800 9.0834303 -0.0036171 0.7161008 0.2289769 0.6593604
1403636655.063555 8.1734009 -3.4638219 9.0261803 0.0055647 0.7242011 0.2201819 0.6534690
1403636655.363556 8.1011086 -3.3883071 8.9271202 0.0201087 0.7334539 0.2163402 0.6440791
1403636655.713556 7.9518061 -3.3105979 8.8043709 0.0122032 0.7527235 0.2463938 0.6103675
1403636655.863556 7.8768659 -3.2490644 8.7571096 0.0091053 0.7633606 0.2599626 0.5912842
1403636656.013556 7.8062162 -3.1725211 8.7071362 0.0118888 0.7785608 0.2688806 0.5669259
1403636656.163556 7.7365799 -3.1108792 8.6417732 0.0094303 0.7903267 0.2711858 0.5493205
1403636656.413555 7.6254396 -3.0680571 8.5048256 0.0011314 0.7968404 0.2754005 0.5377719
1403636656.713556 7.5135221 -3.0650101 8.3035717 0.0069955 0.7995900 0.2610478 0.5407966
1403636656.963556 7.4227419 -3.0233254 8.1510906 0.0161481 0.8023975 0.2407166 0.5458508
1403636657.263556 7.2790332 -2.9283223 8.0037746 0.0264081 0.7973957 0.2460091 0.5504018
1403636657.563555 7.0867181 -2.8495040 7.8553615 0.0178425 0.7898177 0.2705304 0.5501664
1403636657.763556 6.9548054 -2.7700181 7.7442465 0.0181601 0.7904403 0.2722987 0.5483865
1403636657.963556 6.8214178 -2.6765668 7.6248746 0.0235335 0.7894887 0.2856314 0.5427417
1403636658.113555 6.7218800 -2.6171846 7.5108924 0.0146794 0.7928549 0.2826955 0.5396748
1403636658.263556 6.6269383 -2.5678768 7.3777704 0.0019878 0.7974467 0.2750255 0.5370622
1403636658.413555 6.5379133 -2.5082188 7.2437849 -0.0053205 0.7993574 0.2726733 0.5353958
1403636658.563555 6.4579420 -2.4406252 7.1184936 -0.0151659 0.8020645 0.2672374 0.5338976
1403636658.713556 6.3881841 -2.3704548 6.9989853 -0.0204455 0.8042246 0.2617801 0.5331754
1403636658.863556 6.3325500 -2.2979164 6.8871546 -0.0223583 0.8081474 0.2505462 0.5325640
1403636658.963556 6.3006811 -2.2494311 6.8234878 -0.0134377 0.8090719 0.2484485 0.5324429
1403636659.063555 6.2696676 -2.1994519 6.7651062 -0.0038933 0.8096018 0.2465397 0.5326800
1403636659.213556 6.2241197 -2.1176744 6.6885819 0.0028919 0.8101228 0.2438367 0.5331382
1403636659.313555 6.1916590 -2.0631380 6.6462188 0.0021309 0.8093734 0.2458651 0.5333484
1403636659.513556 6.1179342 -1.9811529 6.5676394 -0.0087005 0.8062530 0.2556532 0.5334059
1403636659.713556 6.0527020 -1.9181600 6.4944601 -0.0064951 0.8084823 0.2521379 0.5317336
1403636659.913555 5.9892473 -1.8335226 6.4438758 -0.0056138 0.8100943 0.2520564 0.5293235
1403636660.063555 5.9430175 -1.7570270 6.4227810 -0.0132308 0.8079870 0.2624782 0.5273396
1403636660.213556 5.9031963 -1.6762162 6.4099531 -0.0184510 0.8064514 0.2688599 0.5263174
1403636660.363556 5.8777342 -1.5972916 6.4004250 -0.0278798 0.8031133 0.2795676 0.5254271
1403636660.663556 5.8884287 -1.4888560 6.3676558 -0.0256289 0.8062909 0.2694938 0.5259385
1403636660.963556 5.9590540 -1.3489633 6.3725042 -0.0226761 0.8165432 0.2360620 0.5263247
1403636661.263556 6.0344000 -1.2014340 6.4530902 -0.0039641 0.8144049 0.2421797 0.5273309
1403636661.563555 6.0901947 -1.1235006 6.5609884 -0.0004185 0.8127018 0.2458434 0.5282770
1403636662.563555 6.0433517 -1.2517641 6.9063215 -0.0140180 0.8086633 0.2592808 0.5278642
1403636663.013556 5.9938827 -1.2189877 7.1023798 0.0118646 0.8003125 0.2886399 0.5254009
1403636663.563555 5.9890027 -1.0982893 7.1716170 -0.0405203 0.8023114 0.2860676 0.5223216
1403636664.163556 6.3199682 -0.9922898 7.2528505 -0.0425106 0.8126765 0.2379601 0.5302120
1403636664.563555 6.6637630 -0.9888946 7.4578695 -0.0076474 0.8059382 0.2344175 0.5435565
1403636664.863556 6.8937330 -0.9819698 7.6627331 -0.0036703 0.7972270 0.2394750 0.5541367
1403636665.313555 7.1980362 -1.1100427 7.9586201 0.0048532 0.7852636 0.2590985 0.5623215
1403636665.863556 7.5612707 -1.3279090 8.2790356 -0.0058933 0.7947327 0.2419345 0.5566264
1403636666.413555 7.8696108 -1.5045780 8.6537256 0.0196139 0.7933864 0.2495521 0.5548667
1403636666.863556 8.0289898 -1.6379924 8.9151106 -0.0081171 0.7829097 0.2683504 0.5612260
1403636667.613555 8.3302517 -1.7140445 9.2537556 -0.0074637 0.7826657 0.2597228 0.5656171
1403636668.163556 8.5685596 -1.7802639 9.4595814 -0.0057906 0.7839416 0.2644737 0.5616544
1403636668.663556 8.8349123 -1.7144476 9.6558113 -0.0144169 0.7931503 0.2597432 0.5506707
1403636668.963556 9.0202312 -1.6849808 9.7923212 -0.0240109 0.8030021 0.2346089 0.5473297
1403636669.263556 9.2101326 -1.7455755 9.9723101 -0.0012054 0.8025538 0.2396110 0.5463446
1403636669.513556 9.3455381 -1.7719769 10.1549177 0.0031816 0.8039711 0.2356637 0.5459697
1403636669.763556 9.4528770 -1.7945077 10.3599424 0.0169112 0.8079193 0.2176245 0.5473756
1403636669.963556 9.4888573 -1.8518623 10.5366173 0.0522187 0.7929476 0.2533591 0.5516489
1403636670.263556 9.4626312 -1.9629431 10.7332535 0.0808867 0.7778186 0.2718187 0.5608656
1403636670.663556 9.2542133 -2.0252283 10.7933588 0.0965618 0.7377909 0.2792912 0.6069077
1403636671.263556 8.5607996 -2.0192392 10.2068062 0.0863669 0.6277866 0.2359933 0.7367034
1403636671.613555 8.0493221 -1.9419856 9.5361805 -0.0231197 0.5903585 0.1997482 0.7816924
1403636672.013556 7.5969057 -1.8148015 8.8269958 -0.0765368 0.5710143 0.2139618 0.7888631
1403636672.463556 7.4300008 -1.8438208 8.2255754 -0.0861184 0.5956611 0.1586073 0.7826974
1403636675.413555 8.2249165 -1.6867621 8.9534540 -0.0467823 0.4801299 0.1354787 0.8654087
1403636675.863556 8.5434542 -1.7858180 9.3451023 0.0009719 0.4346887 0.1093354 0.8939186
1403636676.313555 8.7856731 -1.7683576 9.7771435 -0.0243777 0.3469986 0.0769521 0.9343854
1403636676.713556 8.9345341 -1.8107706 10.1776896 -0.0231096 0.2659134 0.0550959 0.9621437
1403636677.063555 9.0363684 -1.9348733 10.5285263 -0.0146475 0.2394255 0.0599364 0.9689523
1403636677.413555 9.1408844 -1.9490728 10.8999262 0.0026966 0.2353113 0.0317428 0.9713978
1403636677.763556 9.1568270 -2.0328641 11.1948662 0.0163518 0.1719795 0.0308155 0.9844826
1403636678.113555 9.1530809 -2.1357985 11.3833199 -0.0103324 0.0828435 0.0238575 0.9962234
1403636678.463556 9.1997347 -2.2022130 11.5511169 -0.0122413 0.0322739 -0.0131382 0.9993178
1403636678.763556 9.2383013 -2.2997313 11.6644402 -0.0120452 -0.0271514 -0.0531213 0.9981462
1403636679.063555 9.2401896 -2.3383508 11.7803030 -0.0100806 -0.0839673 -0.1013704 0.9912477
1403636679.363556 9.1689930 -2.3404529 11.8749065 0.0011356 -0.1677390 -0.0854704 0.9821187
1403636679.613555 9.1114397 -2.3689418 11.9111805 -0.0031505 -0.2240812 -0.0974202 0.9696839
1403636679.863556 9.0721006 -2.4437473 11.9214630 0.0002243 -0.2455087 -0.1098415 0.9631512
1403636680.163556 9.0390205 -2.5732472 11.8827839 0.0188416 -0.2354479 -0.1441282 0.9609560
1403636680.613555 8.9110413 -2.6412842 11.7001429 0.0122436 -0.2196173 -0.1556560 0.9630107
1403636680.913555 8.7380772 -2.5961735 11.5053453 -0.0124173 -0.2296093 -0.1099610 0.9669716
1403636681.213556 8.5557690 -2.4946556 11.3332596 -0.0367189 -0.2269508 -0.1140013 0.9665137
1403636681.513556 8.3559742 -2.4321795 11.1914921 -0.0040102 -0.2314521 -0.1111511 0.9664674
1403636681.863556 8.1171474 -2.3693726 11.0022573 -0.0003387 -0.2348702 -0.1182221 0.9648106
1403636682.163556 7.9075589 -2.3349020 10.8070402 -0.0016034 -0.2412939 -0.1121463 0.9639491
1403636682.463556 7.7093644 -2.2948382 10.6072464 -0.0223701 -0.2408202 -0.1114767 0.9638870
1403636682.763556 7.5115175 -2.2232881 10.4319611 -0.0009350 -0.2364143 -0.1098031 0.9654277
1403636683.113555 7.2865438 -2.1740782 10.1885719 0.0052331 -0.2300026 -0.1173114 0.9660794
1403636683.413555 7.0947146 -2.0884013 9.9616289 -0.0013657 -0.2367925 -0.1103192 0.9652756
1403636683.713556 6.9056230 -1.9537570 9.7338963 -0.0093069 -0.2409431 -0.1103534 0.9642001
1403636684.063555 6.6646175 -1.8261440 9.4624748 -0.0135591 -0.2447011 -0.1096606 0.9632819
1403636684.563555 6.4034195 -1.7967615 9.0619259 -0.0027687 -0.2564243 -0.1035291 0.9609998
1403636684.913555 6.2568083 -1.6790042 8.8083811 0.0007545 -0.2571983 -0.1050228 0.9606345
1403636685.363556 6.1202011 -1.5434797 8.4610519 -0.0081617 -0.2424251 -0.1257669 0.9619491
1403636685.713556 5.9943094 -1.4481400 8.1665745 -0.0084247 -0.2394115 -0.1182246 0.9636566
1403636686.013556 5.8776541 -1.3096268 7.9307103 -0.0087170 -0.2402000 -0.1162408 0.9636992
1403636686.363556 5.7302604 -1.1959337 7.6366463 -0.0191777 -0.2424446 -0.1079140 0.9639540
1403636686.713556 5.5889826 -1.1066396 7.3795233 -0.0227662 -0.2423813 -0.1102464 0.9636279
1403636687.063555 5.4497290 -1.0287521 7.1562376 -0.0150139 -0.2463411 -0.1050351 0.9633578
1403636687.463556 5.3139915 -0.9807181 6.9191055 -0.0077395 -0.2478386 -0.1071249 0.9628294
1403636687.813555 5.2201409 -0.8462728 6.7485895 -0.0061045 -0.2515755 -0.1028839 0.9623343
1403636688.163556 5.1556835 -0.6439099 6.6013889 -0.0041738 -0.2478360 -0.1163815 0.9617771
1403636688.513556 5.0891013 -0.4835806 6.4263916 -0.0073380 -0.2487669 -0.1148076 0.9617070
1403636688.813555 5.0263095 -0.3119812 6.2846107 -0.0061529 -0.2470719 -0.1285462 0.9604132
1403636689.163556 4.9074335 -0.1727167 6.0814271 -0.0206572 -0.2715852 -0.1233358 0.9542552
1403636689.463556 4.7856159 -0.1450314 5.9074860 -0.0248965 -0.2847954 -0.1246508 0.9501231
1403636689.863556 4.6071825 -0.2022441 5.7185907 -0.0492898 -0.2910034 -0.1089018 0.9492249
1403636690.213556 4.4724827 -0.2363856 5.6816492 -0.0437469 -0.2841412 -0.1134894 0.9510363
1403636690.613555 4.3258643 -0.3452870 5.7397566 -0.0396920 -0.2850319 -0.1046612 0.9519598
1403636690.913555 4.2412596 -0.3735905 5.8693590 -0.0275852 -0.3000984 -0.0588656 0.9516906
1403636691.213556 4.2801256 -0.4070337 6.0546350 0.0189610 -0.3040195 -0.0559642 0.9508315
1403636691.763556 4.6810584 -0.6276212 6.2471571 -0.0038899 -0.2915468 -0.1263327 0.9481695
1403636692.263556 5.1007071 -0.8194505 6.3419871 -0.0005399 -0.2911961 -0.1258177 0.9483535
1403636692.663556 5.4200935 -1.0607408 6.3333011 -0.0054921 -0.2858268 -0.1277207 0.9497159
1403636693.063555 5.6825252 -1.2859466 6.2887321 -0.0151943 -0.2741022 -0.1534384 0.9492596
1403636693.463556 5.8274293 -1.4100273 6.2474904 -0.0401113 -0.2840670 -0.1349887 0.9484066
1403636694.213556 5.8813000 -1.5347813 6.4231768 -0.0038909 -0.2933439 -0.1220014 0.9481824
1403636695.463556 5.9359674 -1.6693395 6.7842484 -0.0120711 -0.2815571 -0.1221352 0.9516632
1403636698.613555 5.5004129 -1.5452483 6.5315366 -0.0166781 -0.1041999 -0.0729281 0.9917387
1403636699.163556 5.2347369 -1.3567781 6.4224939 -0.0176281 0.0383655 -0.0031609 0.9991033
1403636702.163556 5.6028690 -0.8062810 6.0086856 -0.0059411 0.3419573 0.1022523 0.9341169
1403636702.963556 5.9252062 -0.4512002 6.0725965 -0.0321715 0.3953121 0.1142881 0.9108412
1403636703.863556 6.3664036 -0.3818923 6.2104993 -0.0068434 0.3876830 0.1135688 0.9147443
1403636704.563555 6.7185941 -0.3193430 6.2796721 -0.0281805 0.3794073 0.1126388 0.9179153
1403636705.263556 7.1756849 -0.3107690 6.5474482 -0.0286264 0.3772668 0.0989813 0.9203548
1403636705.963556 7.6969147 -0.3942083 7.0705810 -0.0096202 0.3732669 0.1106938 0.9210463
1403636706.663556 8.2179289 -0.4838309 7.5724392 -0.0220148 0.3735911 0.0914744 0.9228095
1403636707.313555 8.6395512 -0.7170670 8.0740395 -0.0260441 0.3872791 0.0969797 0.9164778
1403636708.113555 9.1522388 -1.1087998 8.8375139 -0.0167022 0.3798833 0.1095068 0.9183779
1403636708.813555 9.6823626 -1.1777817 9.5146503 0.0010609 0.3824630 0.0946921 0.9191052
1403636709.363556 9.9954348 -1.2696872 9.9092112 -0.0082133 0.3993187 0.0910266 0.9122452
1403636709.863556 10.1187325 -1.3467996 10.2901154 -0.0166453 0.3959990 0.0910316 0.9135759
1403636710.363556 10.1346416 -1.4487153 10.7283745 -0.0048438 0.3803102 0.0986112 0.9195741
1403636710.863556 10.1020718 -1.4178126 11.1777544 0.0022258 0.3127014 0.0859154 0.9459553
1403636711.363556 10.0471325 -1.4644946 11.5117989 -0.0015812 0.2717507 0.0464886 0.9612429
1403636711.863556 9.8570461 -1.5779268 11.7475624 0.0196852 0.2784937 0.0487119 0.9589999
1403636712.763556 9.2696342 -1.8834662 11.7442656 0.0245581 0.2197896 0.0339582 0.9746467
1403636713.363556 8.7695112 -1.9712925 11.5330639 0.0068615 0.2078984 0.0393598 0.9773341
1403636714.013556 8.2548141 -2.1027584 11.1220655 -0.0018514 0.2110458 0.0610066 0.9755688
1403636714.613555 7.9127364 -2.0053344 10.7414970 -0.0207216 0.2065729 0.0612718 0.9762909
1403636715.213556 7.6770639 -1.9925680 10.4162693 -0.0332703 0.0985360 0.0019898 0.9945752
1403636716.863556 7.4164515 -1.8715079 9.7577553 -0.0046289 0.0742613 0.0010932 0.9972275
1403636717.763556 7.2750587 -1.7073972 9.2338963 -0.0071146 -0.0158651 -0.0538755 0.9983963
1403636718.613555 6.8158875 -1.4552841 8.7279539 -0.0160657 -0.1422024 -0.0655483 0.9875342
1403636719.463556 6.4138856 -1.1457245 8.3357315 0.0082412 -0.1663512 -0.0777180 0.9829645
1403636719.963556 6.2462678 -0.9959341 8.0550308 -0.0126547 -0.1542966 -0.0710882 0.9853826
1403636720.513556 6.1187043 -0.8260263 7.7854490 -0.0161276 -0.1539660 -0.0691752 0.9855198
1403636721.813555 6.1024089 -0.6425838 7.3163018 -0.0065433 -0.0383580 -0.0371347 0.9985524
1403636723.963556 6.0296564 -0.3571096 6.3839130 -0.0111984 0.0233560 -0.0154499 0.9995451
1403636727.013556 5.7402501 -0.5210903 5.3902721 0.0005739 0.0988503 0.0109973 0.9950414
1403636728.313555 5.5712147 -0.8356873 4.8220954 -0.0007233 0.0987837 -0.0003428 0.9951086
1403636729.313555 5.2480512 -0.7557208 4.3677950 -0.0000635 0.0333958 -0.0230294 0.9991769
1403636730.263556 4.8842955 -0.6102522 3.8250217 -0.0149894 0.0289974 -0.0190787 0.9992850
1403636731.113555 4.5697837 -0.5725923 3.4941154 -0.0216310 0.0191202 0.0094787 0.9995382
1403636732.363556 4.5214810 -0.3170500 3.3613808 -0.0020254 0.0262286 -0.0152882 0.9995370
1403636733.613555 4.2695999 -0.2681991 2.7586482 -0.0108240 0.0218988 -0.0248412 0.9993929
1403636734.313555 4.0028563 -0.2057669 2.3472788 -0.0048467 0.0203918 -0.0236522 0.9995005
1403636734.913555 3.7540226 -0.1759456 2.0071812 -0.0196083 0.0132833 -0.0231787 0.9994507
1403636736.063555 3.3764937 -0.2121267 1.6107868 -0.0150756 0.0232769 -0.0168492 0.9994734
1403636736.563555 3.2452126 -0.3019228 1.4908566 -0.0056095 -0.0177344 -0.0460187 0.9987674
1403636737.363556 2.9494534 -0.1970646 1.3180078 -0.0094845 -0.0418336 -0.0393589 0.9983040
1403636739.213556 2.6757154 -0.3264902 1.1533501 -0.0076567 0.1132233 0.0387134 0.9927856
1403636740.063555 2.9201980 -0.1783831 1.2196844 -0.0080122 0.2435733 0.0654829 0.9676362
1403636740.713556 3.0657723 0.0418792 1.2844384 -0.0042243 0.2300481 0.0606526 0.9712782
1403636742.113555 3.2636514 0.6332404 1.3592060 -0.0254062 0.2517208 0.0518384 0.9660766
1403636742.563555 3.3086452 0.6876373 1.4268302 -0.0123684 0.2369677 0.0603435 0.9695628
1403636743.163556 3.3895292 0.8160043 1.5355111 -0.0263963 0.2416414 0.0714297 0.9673730
1403636743.813555 3.5912111 0.9283379 1.7793449 -0.0154363 0.2610704 0.0678038 0.9628118
1403636744.313555 3.7791576 1.1269780 2.0748854 0.0036772 0.2911319 0.0785509 0.9534456
1403636744.763556 3.9291825 1.4480832 2.3324542 0.0158375 0.2897662 0.0907279 0.9526559
1403636745.263556 4.0946908 1.7609351 2.4964514 -0.0125842 0.2812743 0.0804390 0.9561673
1403636745.713556 4.2306619 1.8393245 2.5947134 0.0070230 0.2844223 0.0695703 0.9561457
1403636746.513556 4.2505369 1.6613971 2.6250360 0.0155523 0.3194564 0.0638741 0.9453179
1403636747.963556 4.0140347 1.2928207 2.8420846 -0.0027769 0.3097679 0.0957230 0.9459774
1403636748.813555 3.9814966 0.9611404 2.9944594 0.0016317 0.3152898 0.1008515 0.9436200
1403636749.513556 4.0648270 0.7615221 3.0318487 0.0014639 0.3344480 0.0876765 0.9383258
1403636752.063555 3.7000911 -0.2228464 2.5030527 -0.0274431 0.2823458 0.0837539 0.9552554
1403636752.763556 3.7133422 -0.5254796 2.4247630 -0.0065101 0.1885806 0.0387021 0.9812732
1403636753.813555 3.5649710 -0.5811855 2.3941679 -0.0050383 0.0103956 -0.0321721 0.9994156
1403636754.713556 3.2369599 -0.6096242 2.2313309 0.0030333 -0.0038393 -0.0444290 0.9990005
1403636755.363556 2.8686295 -0.5117542 1.9560666 -0.0128306 -0.0586062 -0.0584225 0.9964876
1403636755.913555 2.5005593 -0.4762068 1.7071453 -0.0097128 -0.0544601 -0.0551297 0.9969456
1403636756.463556 2.1000965 -0.4334924 1.4701303 -0.0013729 -0.0568156 -0.0542649 0.9969079
1403636757.013556 1.6950722 -0.3581583 1.1783193 0.0016507 -0.0629590 -0.0535738 0.9965758
1403636757.563555 1.3054335 -0.2437863 0.8326469 -0.0113172 -0.0668742 -0.0631552 0.9956964
1403636758.163556 0.8260726 -0.2586633 0.4796770 -0.0116858 -0.1008222 -0.0635290 0.9928053
1403636758.713556 0.4065965 -0.1939220 0.2837627 -0.0484959 -0.1101537 -0.0363082 0.9920666
1403636759.163556 0.1682034 -0.1169342 0.2631597 -0.0066858 -0.1113886 -0.0308811 0.9932745
1403636759.613555 0.0788817 0.0276473 0.2636942 -0.0013540 -0.1073258 -0.0517249 0.9928766
1403636760.063555 0.0702287 0.1037957 0.2103235 -0.0207291 -0.1060830 -0.0583306 0.9924285
1403636760.663556 0.0725684 0.2255008 0.1650458 -0.0165866 -0.1032696 -0.0667397 0.9922732
1403636761.113555 0.0474142 0.3168865 0.1251335 -0.0255319 -0.1047316 -0.0696086 0.9917328
1403636761.513556 -0.0215175 0.3603106 0.1260548 -0.0207240 -0.1057500 -0.0677648 0.9918646
1403636761.913555 -0.0995287 0.3377208 0.1403912 -0.0090759 -0.1119998 -0.0411038 0.9928163
1403636762.313555 -0.1347949 0.3104779 0.1325993 -0.0253272 -0.0940755 -0.0837350 0.9917141
1403636762.663556 -0.2154519 0.3480540 0.1641986 -0.0219243 -0.1155891 -0.0191448 0.9928706
1403636763.013556 -0.1087882 0.4354034 0.1229867 -0.0053062 -0.0989211 -0.0463897 0.9939992
1403636763.613555 -0.1797123 0.4177896 0.1831904 0.0032657 -0.0687578 -0.0094636 0.9975832
