1439803789.260637 0.000380731 -0.001793824 0.033615518 0.001083031 0.003176529 0.000233072 0.999994338
1439803789.323136 0.001031344 -0.003630922 0.067244701 0.001562844 0.006310498 0.000768043 0.999978542
1439803789.385640 0.001950854 -0.005557675 0.100872099 0.001841613 0.009203216 0.001121517 0.999955356
1439803789.448139 0.002854533 -0.007730428 0.136425644 0.001407725 0.012455626 0.001525896 0.999920249
1439803789.510641 0.004170514 -0.009707672 0.170910090 0.001215062 0.015631529 0.001690207 0.999875665
1439803789.573142 0.005670680 -0.011915211 0.205091402 0.000898650 0.019005520 0.002558409 0.999815702
1439803789.635643 0.007370593 -0.013686943 0.239357710 0.000413412 0.022372780 0.002337184 0.999746859
1439803789.698144 0.009613611 -0.015550140 0.270459205 -0.000468042 0.025379574 0.002573685 0.999674439
1439803789.760646 0.011715123 -0.017442916 0.302692115 -0.001036687 0.028634053 0.002355625 0.999586642
1439803789.823146 0.014164627 -0.019299209 0.335638344 -0.001360732 0.031803265 0.002654798 0.999489665
1439803789.885648 0.016655888 -0.020769870 0.364332139 -0.001180699 0.034889605 0.003602946 0.999383986
1439803789.948149 0.019337319 -0.022525946 0.396679640 -0.000615048 0.038222596 0.003684253 0.999262273
1439803790.010650 0.022205736 -0.024269454 0.429237694 -0.000212237 0.041624993 0.004209079 0.999124408
1439803790.073154 0.025433544 -0.026023883 0.461435229 -0.000308233 0.045104101 0.004501360 0.998972118
1439803790.135653 0.028965777 -0.027789185 0.493949682 -0.000318533 0.048599299 0.004653603 0.998807430
1439803790.198154 0.032729633 -0.029620240 0.526234150 0.000066773 0.052167933 0.005369225 0.998623908
1439803790.260660 0.036709115 -0.031475656 0.558463931 0.000306880 0.055846732 0.006046717 0.998421013
1439803790.323158 0.040834792 -0.033302926 0.591153026 0.000653037 0.059665918 0.006395769 0.998197675
1439803790.385659 0.045005951 -0.035028856 0.622246802 0.000935059 0.063576125 0.006148692 0.997957587
1439803790.448160 0.049819153 -0.036976662 0.654379010 0.001342200 0.067493491 0.006397097 0.997698307
1439803790.510661 0.054781590 -0.038905911 0.686370611 0.001263313 0.071682893 0.007289826 0.997400045
1439803790.573163 0.060065553 -0.040899821 0.718278468 0.000419300 0.075829089 0.006896213 0.997096896
1439803790.635664 0.065527186 -0.042646788 0.750382721 -0.000299211 0.080041476 0.006350945 0.996771276
1439803790.698170 0.071156785 -0.044416931 0.782067418 -0.000748198 0.084439911 0.006219466 0.996408880
1439803790.760667 0.077082813 -0.046120524 0.814234793 -0.000916661 0.088833146 0.005955357 0.996028304
1439803790.823168 0.083669536 -0.047873076 0.845867634 -0.001423430 0.093051150 0.005403553 0.995645642
1439803790.885669 0.090231270 -0.049408827 0.877702057 -0.001456744 0.097501390 0.004358026 0.995224774
1439803790.948174 0.097011782 -0.051055890 0.909651756 -0.001795297 0.102142200 0.003558725 0.994761825
1439803791.010673 0.104028113 -0.052301768 0.941918552 -0.002008236 0.106810413 0.003384599 0.994271636
1439803791.073171 0.111259714 -0.054087874 0.973474979 -0.002465794 0.111433648 0.003102239 0.993763983
1439803791.135672 0.119020239 -0.055795778 1.005097151 -0.002609767 0.116030626 0.003547682 0.993235886
1439803791.198173 0.126816854 -0.057260476 1.036185861 -0.002701044 0.120721087 0.003256955 0.992677450
1439803791.260673 0.135156721 -0.058897845 1.067284226 -0.002589551 0.125298485 0.003539477 0.992109358
1439803791.323177 0.143776253 -0.060602400 1.098226309 -0.002687215 0.129687726 0.003961340 0.991543353
1439803791.385674 0.152483076 -0.062190361 1.129253149 -0.002763761 0.133919626 0.003760504 0.990981221
1439803791.448175 0.161546439 -0.063832529 1.160066485 -0.002850541 0.137932718 0.003821957 0.990430176
1439803791.510675 0.170939073 -0.065461986 1.190748215 -0.002823394 0.141793355 0.004168986 0.989883482
1439803791.573179 0.180489928 -0.067020833 1.221191883 -0.002606458 0.145362601 0.004812679 0.989363313
1439803791.635681 0.190165102 -0.068594448 1.251191616 -0.002569677 0.148713261 0.005043569 0.988864183
1439803791.698179 0.200081050 -0.070124224 1.281911969 -0.002936239 0.151990220 0.005461237 0.988362551
1439803791.760681 0.210183024 -0.071699552 1.312278867 -0.002991642 0.154958025 0.006298988 0.987896442
1439803791.823182 0.220201761 -0.073408157 1.342772484 -0.003082729 0.157717630 0.007098984 0.987453938
1439803791.885683 0.230641961 -0.074897006 1.373281002 -0.003253307 0.160177574 0.008111027 0.987049520
1439803791.948184 0.240909234 -0.075850427 1.404371023 -0.003068466 0.162687033 0.008851983 0.986633241
1439803792.010685 0.251542568 -0.077471405 1.434651136 -0.002440610 0.164830774 0.010172516 0.986266375
1439803792.073186 0.262507617 -0.078906476 1.465128303 -0.002130274 0.166864052 0.011486201 0.985910714
1439803792.135687 0.273511916 -0.080355749 1.495505571 -0.002690241 0.168962136 0.012753534 0.985536337
1439803792.198188 0.284586996 -0.081843160 1.525397778 -0.003835919 0.170956060 0.013766651 0.985175014
1439803792.260690 0.295780659 -0.082997061 1.556007862 -0.005123968 0.173160315 0.014137688 0.984778821
1439803792.323190 0.306989282 -0.084310219 1.586380839 -0.006551166 0.175360426 0.014433850 0.984376669
1439803792.385692 0.318275332 -0.085701779 1.616341472 -0.007102574 0.177405402 0.014490737 0.984005511
1439803792.448195 0.329626322 -0.087091662 1.646088600 -0.006682748 0.179285228 0.014316382 0.983670235
1439803792.510694 0.340994298 -0.088147901 1.676396608 -0.005155080 0.181372255 0.013840839 0.983303607
1439803792.573210 0.352649420 -0.089480661 1.706160307 -0.003852352 0.183376789 0.013862909 0.982937396
1439803792.635696 0.364229679 -0.090764061 1.736190438 -0.003268718 0.185468346 0.013296216 0.982554853
1439803792.698206 0.375604749 -0.091904052 1.765100598 -0.003058870 0.187361687 0.013240322 0.982196987
1439803792.760701 0.387592643 -0.093282565 1.794941306 -0.003319438 0.189141884 0.013102194 0.981856704
1439803792.823200 0.399633259 -0.094782099 1.824771047 -0.003261357 0.190576807 0.013201211 0.981578112
1439803792.885704 0.411687434 -0.096162900 1.854391813 -0.003408690 0.191758960 0.013926867 0.981337309
1439803792.948202 0.424041092 -0.097662397 1.883682013 -0.003542280 0.192816466 0.014336437 0.981123745
1439803793.010705 0.436369926 -0.098954782 1.913347483 -0.003517863 0.193977356 0.014683873 0.980889797
1439803793.073206 0.448430806 -0.100270629 1.942888021 -0.003827586 0.195156351 0.014753623 0.980653703
1439803793.135708 0.460577041 -0.101399571 1.972567320 -0.004804180 0.196326941 0.014520897 0.980419219
1439803793.198209 0.472928822 -0.102336183 2.002500534 -0.005095749 0.197343126 0.014156045 0.980219007
1439803793.260711 0.485606760 -0.103907712 2.032585144 -0.005716580 0.198180705 0.014489417 0.980041683
1439803793.323210 0.498448730 -0.105349243 2.063502312 -0.006040575 0.199032173 0.015057374 0.979858637
1439803793.385712 0.510715365 -0.106238648 2.093303204 -0.006157767 0.200071052 0.015230331 0.979643643
1439803793.448213 0.523640513 -0.107691623 2.122631550 -0.006261995 0.200875819 0.015582421 0.979472756
1439803793.510715 0.536241233 -0.108946599 2.151966810 -0.005959059 0.201810166 0.015736569 0.979280055
1439803793.573216 0.548195601 -0.110058308 2.183683872 -0.005665090 0.203110427 0.015914781 0.979010105
1439803793.635716 0.560887337 -0.111217849 2.213444948 -0.005658523 0.204049870 0.016056793 0.978812456
1439803793.698216 0.573910356 -0.112243064 2.242365360 -0.005647453 0.204734325 0.016429786 0.978663385
1439803793.760721 0.586980402 -0.113567963 2.272801399 -0.005887835 0.205620319 0.016746739 0.978470802
1439803793.823218 0.600045204 -0.114826173 2.302076578 -0.006372042 0.206240982 0.016615689 0.978339374
1439803793.885718 0.612981558 -0.115696661 2.332188368 -0.006369656 0.207030922 0.016367953 0.978176713
1439803793.948220 0.625686526 -0.117215037 2.361542463 -0.006376084 0.207740381 0.015958374 0.978033006
1439803794.010721 0.639200270 -0.118373394 2.390800953 -0.005754119 0.208064780 0.015480101 0.977975607
1439803794.073225 0.652178764 -0.119315766 2.420632124 -0.004861124 0.208682761 0.015041468 0.977855623
1439803794.135724 0.665342450 -0.120564103 2.450133801 -0.004009866 0.209234968 0.014468895 0.977750123
1439803794.198225 0.678045154 -0.122058414 2.480437517 -0.003821006 0.210096866 0.013788256 0.977575898
1439803794.260726 0.691225350 -0.123289526 2.509805441 -0.003482653 0.210663810 0.013463208 0.977459669
1439803794.323229 0.704517007 -0.124382541 2.539747953 -0.003429772 0.211280033 0.013146077 0.977331161
1439803794.385728 0.717898667 -0.125854939 2.568927765 -0.003399524 0.211547539 0.012835765 0.977277517
1439803794.448230 0.730471134 -0.127364993 2.598636150 -0.003888642 0.212298036 0.012084331 0.977122486
1439803794.510735 0.743668437 -0.128649354 2.628289461 -0.004669388 0.212872773 0.011832763 0.976997137
1439803794.573233 0.756946325 -0.129871413 2.657662630 -0.004996001 0.213270947 0.011909993 0.976907730
1439803794.635733 0.770448506 -0.131340355 2.686807394 -0.004612169 0.213509992 0.011755677 0.976859272
1439803794.698233 0.783417463 -0.132756412 2.715953588 -0.003876502 0.213956863 0.011184353 0.976771414
1439803794.760737 0.796786189 -0.134086162 2.745151043 -0.003492650 0.214351892 0.010515584 0.976693630
1439803794.823239 0.810031712 -0.135557085 2.774333000 -0.003347575 0.214585826 0.010172620 0.976646423
1439803794.885740 0.823648453 -0.136570871 2.803840876 -0.003788101 0.214888096 0.009780572 0.976582348
1439803794.948241 0.836638153 -0.138052508 2.833045483 -0.004890101 0.215306416 0.010256073 0.976480424
1439803795.010742 0.849514604 -0.138735563 2.862119913 -0.005745247 0.215619788 0.011074646 0.976397693
1439803795.073243 0.862183690 -0.140097752 2.891077280 -0.006965446 0.216193169 0.010449811 0.976269841
1439803795.135743 0.875446677 -0.141318277 2.919790983 -0.007039328 0.216559708 0.010142407 0.976191342
1439803795.198244 0.886941910 -0.142048031 2.947174788 -0.006130956 0.217140451 0.010014567 0.976069748
1439803795.260749 0.900712848 -0.144476160 2.974402666 -0.005247522 0.217009142 0.010301597 0.976101100
1439803795.323248 0.913899899 -0.145875528 3.002851725 -0.003474670 0.217261091 0.010282517 0.976053178
1439803795.385749 0.926867962 -0.147404581 3.030931711 -0.001693755 0.217648819 0.010819697 0.975965738
1439803795.448251 0.940180361 -0.148743629 3.059115410 -0.000900676 0.218064055 0.012309317 0.975856423
1439803795.510751 0.953443527 -0.149912402 3.087402344 -0.002038965 0.218519792 0.012482073 0.975750566
1439803795.573253 0.966658115 -0.151115119 3.115853786 -0.003983339 0.219151989 0.011975510 0.975609124
1439803795.635754 0.979819894 -0.152291864 3.144049883 -0.005922496 0.219868600 0.012101851 0.975436449
1439803795.698270 0.993009567 -0.153619915 3.172194481 -0.007178144 0.220473677 0.012870446 0.975281596
1439803795.760757 1.006257296 -0.154941052 3.200275898 -0.007564386 0.220999032 0.013460648 0.975151777
1439803795.823258 1.019540310 -0.156343400 3.227749586 -0.006895534 0.221397623 0.013503725 0.975065768
1439803795.885762 1.032680988 -0.157590061 3.255331516 -0.005507761 0.221853495 0.013305239 0.974973679
1439803795.948262 1.045767546 -0.158579335 3.283441782 -0.004407396 0.222325578 0.012797035 0.974878550
1439803796.010762 1.058914304 -0.159850731 3.311023235 -0.003917816 0.222652078 0.012309836 0.974812388
1439803796.073265 1.072065353 -0.161138341 3.338263035 -0.003646462 0.222882137 0.012065220 0.974763930
1439803796.135763 1.085175872 -0.162209719 3.366652012 -0.003411699 0.223328650 0.011849235 0.974665225
1439803796.198267 1.098402619 -0.163420111 3.393898487 -0.003520743 0.223454922 0.012035890 0.974633574
1439803796.260765 1.111494780 -0.164893568 3.421924353 -0.003739988 0.224025011 0.012393155 0.974497437
1439803796.323265 1.124759078 -0.166305229 3.449437141 -0.003790791 0.224328861 0.012982510 0.974419653
1439803796.385766 1.137836218 -0.167606801 3.476740837 -0.003474887 0.224693477 0.013547149 0.974329114
1439803796.448268 1.151156902 -0.168964684 3.503921747 -0.003452127 0.225056484 0.013964494 0.974239528
1439803796.510769 1.164288998 -0.170191646 3.531620502 -0.003648059 0.225583151 0.014305240 0.974112034
1439803796.573270 1.177355051 -0.171444684 3.558956385 -0.003635094 0.225940332 0.014376301 0.974028289
1439803796.635772 1.190523386 -0.172871873 3.586054564 -0.003463463 0.226257026 0.013966577 0.973961353
1439803796.698275 1.203679681 -0.174187958 3.613133430 -0.003465533 0.226511911 0.013955056 0.973902225
1439803796.760774 1.216996074 -0.175492302 3.640396595 -0.003656300 0.226779893 0.014690380 0.973828375
1439803796.823281 1.230449796 -0.176682875 3.667712927 -0.004014809 0.227014750 0.015438924 0.973760664
1439803796.885779 1.243893385 -0.177819550 3.694620132 -0.004230679 0.227235302 0.015979685 0.973699570
1439803796.948280 1.257259250 -0.178956121 3.721830606 -0.004624993 0.227596536 0.016201045 0.973609746
1439803797.010781 1.270399570 -0.180330664 3.748801947 -0.004983772 0.227993667 0.016732035 0.973506093
1439803797.073281 1.283698797 -0.181401342 3.775575876 -0.004904907 0.228112295 0.016778514 0.973477900
1439803797.135783 1.297201514 -0.182367876 3.803231955 -0.004835684 0.228251532 0.017018886 0.973441422
1439803797.198285 1.310235620 -0.183738798 3.829152822 -0.005086379 0.227940381 0.017131962 0.973511100
1439803797.260790 1.323400497 -0.184760392 3.856350899 -0.005478348 0.227849901 0.016501775 0.973541021
1439803797.323290 1.336526036 -0.185826987 3.882870436 -0.005588591 0.227702200 0.016644878 0.973572493
1439803797.385789 1.349527955 -0.187046006 3.909738302 -0.005711535 0.227754861 0.016739607 0.973557830
1439803797.448293 1.362697482 -0.188228399 3.936530828 -0.005510454 0.227670059 0.017505560 0.973565400
1439803797.510790 1.375777841 -0.189449474 3.963068485 -0.005410188 0.227614999 0.017787227 0.973573685
1439803797.573291 1.388920784 -0.190488696 3.989722729 -0.005591635 0.227671549 0.017850081 0.973558307
1439803797.635794 1.401767492 -0.191516101 4.016373634 -0.006079351 0.227750018 0.017369265 0.973545730
1439803797.698292 1.414705753 -0.192391604 4.043455601 -0.006449770 0.227756262 0.016398713 0.973558724
1439803797.760792 1.427464366 -0.193527773 4.069939613 -0.006536441 0.227597386 0.015825151 0.973604798
1439803797.823298 1.440406799 -0.194606766 4.096442223 -0.006743175 0.227363691 0.015733222 0.973659456
1439803797.885794 1.453361750 -0.195746720 4.122763634 -0.007098801 0.226977736 0.015928788 0.973743796
1439803797.948294 1.466258287 -0.196730554 4.149614811 -0.007095326 0.226841852 0.015719175 0.973778903
1439803798.010795 1.479163408 -0.197647989 4.176141739 -0.007059408 0.226777419 0.015320038 0.973800540
1439803798.073295 1.492018461 -0.198682874 4.202761173 -0.007472874 0.226835564 0.014580361 0.973795235
1439803798.135797 1.504684329 -0.199549526 4.229441643 -0.007298141 0.226911679 0.013996697 0.973787427
1439803798.198299 1.517295480 -0.200601146 4.255981445 -0.006961664 0.226905167 0.012959641 0.973805726
1439803798.260798 1.529909730 -0.201656312 4.282546043 -0.006912488 0.226921663 0.012014863 0.973814368
1439803798.323302 1.542513132 -0.202683866 4.308998585 -0.007661647 0.226879075 0.010734724 0.973833621
1439803798.385803 1.555039167 -0.203517914 4.335669041 -0.009013688 0.226748765 0.008644947 0.973873198
1439803798.448304 1.567517638 -0.204512805 4.362145424 -0.009868659 0.226573437 0.007024786 0.973918736
1439803798.510803 1.580126882 -0.205508918 4.388748646 -0.010209588 0.226492241 0.007433316 0.973931134
1439803798.573308 1.592899084 -0.206690341 4.414889336 -0.009092966 0.226261243 0.008439600 0.973987639
1439803798.635806 1.605474949 -0.208034128 4.440947533 -0.006952207 0.226130396 0.008190283 0.974037826
1439803798.698308 1.617711067 -0.209350556 4.467259407 -0.004427412 0.226473719 0.006925534 0.973982573
1439803798.760812 1.630124092 -0.210852399 4.493016243 -0.002550542 0.226562202 0.006039198 0.973974645
1439803798.823312 1.642460585 -0.212133661 4.519030571 -0.001081764 0.226552173 0.005711921 0.973981678
1439803798.885812 1.655009270 -0.213562757 4.544800282 -0.000858641 0.226075500 0.006229491 0.974089444
1439803798.948313 1.667532444 -0.214986190 4.570734978 -0.001591967 0.225767419 0.006787705 0.974156260
1439803799.010817 1.679979324 -0.216377348 4.596632481 -0.002708879 0.225671992 0.007375197 0.974171638
1439803799.073318 1.692430019 -0.217856571 4.622421265 -0.003919640 0.225538671 0.008240170 0.974191487
1439803799.135818 1.704792500 -0.219156057 4.648271561 -0.004799568 0.225501269 0.008750915 0.974191725
1439803799.198321 1.717141390 -0.220380336 4.673823357 -0.005155715 0.225351289 0.009255764 0.974219978
1439803799.260823 1.729640245 -0.221766979 4.699269295 -0.005327142 0.225191116 0.010592860 0.974242449
1439803799.323322 1.741913676 -0.222838730 4.724708557 -0.005341503 0.225149617 0.011164970 0.974245608
1439803799.385824 1.754145026 -0.223985076 4.750341892 -0.005351701 0.225205362 0.011230816 0.974231899
1439803799.448325 1.766288161 -0.225190312 4.775800705 -0.004984020 0.225274757 0.011395954 0.974215865
1439803799.510826 1.778396606 -0.226299480 4.801306725 -0.004827973 0.225297436 0.011125476 0.974214554
1439803799.573329 1.790570855 -0.227486908 4.826645374 -0.004563391 0.225149617 0.011080947 0.974250495
1439803799.635829 1.802626848 -0.228766978 4.851718903 -0.004490905 0.224947557 0.010652035 0.974302292
1439803799.698330 1.814630270 -0.229978502 4.877252102 -0.004799183 0.224932656 0.010485815 0.974306047
1439803799.760832 1.826724291 -0.230875373 4.902616501 -0.005113344 0.224922717 0.011522290 0.974295080
1439803799.823334 1.838903189 -0.231721431 4.928191662 -0.005672276 0.224981502 0.011838642 0.974274576
1439803799.885834 1.851039052 -0.232837811 4.953187466 -0.006006086 0.225022271 0.011904042 0.974262416
1439803799.948336 1.863135815 -0.234044030 4.978385925 -0.006100308 0.225055635 0.011866143 0.974254549
1439803800.010841 1.875144839 -0.235133871 5.004271030 -0.005744054 0.225306138 0.011553564 0.974202573
1439803800.073339 1.887136936 -0.236281142 5.029290676 -0.004704122 0.225289524 0.011147984 0.974216700
1439803800.135840 1.899141788 -0.237200588 5.054678917 -0.003635103 0.225530624 0.010511799 0.974172592
1439803800.198342 1.911163568 -0.238357991 5.079435825 -0.003032435 0.225520745 0.010212613 0.974180102
1439803800.260843 1.923129439 -0.239364922 5.104557037 -0.003009181 0.225673750 0.009637056 0.974150598
1439803800.323345 1.935163736 -0.240525424 5.129617691 -0.003284470 0.225820199 0.009127645 0.974120677
1439803800.385845 1.947104931 -0.241632268 5.154894352 -0.003804008 0.226060390 0.008949379 0.974064767
1439803800.448361 1.959144115 -0.242847756 5.179975986 -0.004590076 0.226228848 0.009235658 0.974019587
1439803800.510849 1.971403837 -0.243719250 5.204975128 -0.004923592 0.226242542 0.009762763 0.974009633
1439803800.573350 1.983257651 -0.245148018 5.229298592 -0.005119877 0.226379380 0.010230266 0.973972023
1439803800.635851 1.995450974 -0.246258557 5.254326344 -0.004981759 0.226632297 0.010899083 0.973906696
1439803800.698354 2.007618904 -0.247261479 5.279522419 -0.004756617 0.227037087 0.011815643 0.973802805
1439803800.760853 2.019672155 -0.248339206 5.304289341 -0.004789031 0.227279484 0.012677513 0.973735273
1439803800.823353 2.031935692 -0.249541134 5.329255104 -0.004814443 0.227592200 0.013658573 0.973648846
1439803800.885855 2.044120550 -0.250647634 5.353947639 -0.005022192 0.227865160 0.014612406 0.973570049
1439803800.948356 2.056417704 -0.251634359 5.378632545 -0.005144327 0.228052497 0.015735893 0.973508060
1439803801.010854 2.068713188 -0.252727687 5.403274059 -0.005529388 0.228097498 0.016408820 0.973484278
1439803801.073358 2.080775976 -0.253551841 5.427987576 -0.005690681 0.228305414 0.016520498 0.973432720
1439803801.135856 2.093060017 -0.254752815 5.452805042 -0.005687237 0.228455201 0.016971825 0.973389864
1439803801.198356 2.105244637 -0.255855739 5.477022171 -0.005378165 0.228462964 0.017759824 0.973375738
1439803801.260870 2.117442608 -0.256866097 5.501657486 -0.005573712 0.228551060 0.017595077 0.973356962
1439803801.323358 2.129327297 -0.257806718 5.527042866 -0.005429884 0.229074046 0.017390477 0.973238528
1439803801.385857 2.141731501 -0.258931935 5.551208973 -0.004877083 0.229028106 0.017640904 0.973247707
1439803801.448361 2.154067755 -0.259966791 5.575685024 -0.003944798 0.229035035 0.018565137 0.973233104
1439803801.510860 2.166161776 -0.261152118 5.600631714 -0.003413771 0.229095683 0.019182477 0.973208845
1439803801.573362 2.178378105 -0.262155563 5.625099659 -0.003148528 0.228794530 0.019707741 0.973270118
1439803801.635863 2.190415382 -0.263234943 5.649615765 -0.003061346 0.228489146 0.020425001 0.973327339
1439803801.698366 2.202472448 -0.264291048 5.674375534 -0.003442822 0.228149220 0.020741677 0.973399162
1439803801.760866 2.214415789 -0.265279979 5.698805809 -0.003731454 0.227673948 0.021048028 0.973502755
1439803801.823367 2.226071596 -0.266156197 5.723176479 -0.004242104 0.227279827 0.020628562 0.973601758
1439803801.885867 2.237850189 -0.267431557 5.747821808 -0.005064731 0.226866707 0.020080552 0.973705590
1439803801.948368 2.249687195 -0.268506289 5.772307396 -0.005132918 0.226396710 0.020274758 0.973810613
1439803802.010869 2.261347294 -0.269438624 5.796636105 -0.004735300 0.225787029 0.020436564 0.973950803
1439803802.073369 2.272886753 -0.270536840 5.820611000 -0.004576882 0.225229278 0.019903403 0.974091709
1439803802.135870 2.284537554 -0.271608382 5.845060825 -0.004589395 0.224642053 0.019664606 0.974232078
1439803802.198376 2.295870066 -0.272676706 5.869163036 -0.004807529 0.224046484 0.019341767 0.974374652
1439803802.260875 2.307400227 -0.273530930 5.893583775 -0.004938786 0.223426417 0.018385429 0.974534869
1439803802.323375 2.318712950 -0.274517685 5.917916298 -0.005348251 0.222827241 0.017551571 0.974685252
1439803802.385874 2.330052376 -0.275478065 5.942226887 -0.005819463 0.222168595 0.017151209 0.974839985
1439803802.448374 2.341327190 -0.276588082 5.966515064 -0.006389426 0.221534297 0.016714048 0.974988401
1439803802.510876 2.352594137 -0.277661562 5.990881920 -0.006962904 0.220834211 0.015355722 0.975165606
1439803802.573377 2.363648415 -0.278768420 6.015087128 -0.007730993 0.220313713 0.013724340 0.975301862
1439803802.635878 2.374775648 -0.279662848 6.039333344 -0.008527898 0.219757900 0.012320996 0.975439370
1439803802.698380 2.385858536 -0.280521601 6.063649654 -0.009285945 0.219121292 0.011252689 0.975588560
1439803802.760883 2.396742582 -0.281279624 6.088309288 -0.009926732 0.218501598 0.009553956 0.975739360
1439803802.823382 2.407586098 -0.282150567 6.112664700 -0.010582733 0.217897221 0.007171724 0.975888014
1439803802.885888 2.418505669 -0.283299595 6.136363983 -0.009681697 0.217358530 0.006465131 0.976022422
1439803802.948388 2.429490328 -0.284609437 6.160044193 -0.007168932 0.217024833 0.007214891 0.976113081
1439803803.010888 2.440429688 -0.285862714 6.183673382 -0.004416462 0.216710329 0.007393290 0.976197958
1439803803.073389 2.451258421 -0.287078440 6.207596779 -0.002811931 0.216579601 0.006833344 0.976236999
1439803803.135895 2.462039232 -0.288217992 6.231379509 -0.002173943 0.216644615 0.005776768 0.976231039
1439803803.198391 2.472795963 -0.289072633 6.255005360 -0.002404704 0.216780573 0.005134741 0.976203859
1439803803.260893 2.483567953 -0.290440172 6.279210091 -0.004098199 0.216833249 0.004935207 0.976187587
1439803803.323396 2.494864941 -0.291397989 6.302922249 -0.005976862 0.216428548 0.005449966 0.976264954
1439803803.385895 2.505689383 -0.292608976 6.326516628 -0.007083242 0.216423839 0.006744294 0.976250470
1439803803.448397 2.516687632 -0.293933690 6.349963665 -0.006676044 0.216572344 0.008217882 0.976209164
1439803803.510898 2.527651787 -0.295247316 6.373332500 -0.004674929 0.216757059 0.009787701 0.976165354
1439803803.573399 2.538496017 -0.296655327 6.395964146 -0.003030132 0.216800004 0.009984761 0.976160288
1439803803.635902 2.549426317 -0.298053920 6.419150829 -0.001870991 0.217040360 0.009612830 0.976113498
1439803803.698407 2.559979439 -0.298852295 6.442572117 -0.001044426 0.217440277 0.009549520 0.976026356
1439803803.760904 2.570744753 -0.299968392 6.465412617 -0.000839042 0.217452958 0.009780085 0.976021469
1439803803.823405 2.581399202 -0.301296204 6.488755226 -0.001005821 0.217624694 0.010363541 0.975977004
1439803803.885907 2.592316866 -0.302276701 6.511197567 -0.001480179 0.217335910 0.011394084 0.976029217
1439803803.948408 2.603055477 -0.303658038 6.533927441 -0.002262563 0.217374086 0.011940054 0.976012707
1439803804.010909 2.613804817 -0.304900497 6.556942463 -0.002332117 0.217466787 0.012498377 0.975984931
1439803804.073412 2.624351025 -0.306256115 6.579617023 -0.001839320 0.217664942 0.012802036 0.975937843
1439803804.135912 2.634895325 -0.307566822 6.601985455 -0.001257013 0.217816830 0.012800140 0.975904942
1439803804.198415 2.645400524 -0.308855057 6.624657631 -0.000983969 0.217977300 0.013325620 0.975862384
1439803804.260915 2.655961037 -0.309880137 6.647227764 -0.000612538 0.217950329 0.013933680 0.975860178
1439803804.323416 2.666542768 -0.311191201 6.669823170 -0.000950730 0.217968389 0.013997905 0.975854993
1439803804.385920 2.677099228 -0.312134951 6.692636967 -0.001399103 0.218048751 0.014191815 0.975833654
1439803804.448420 2.687622547 -0.313260108 6.714664936 -0.002034005 0.217891678 0.014542011 0.975862503
1439803804.510920 2.697904587 -0.314465523 6.736944199 -0.002513082 0.217838436 0.014941600 0.975867212
1439803804.573426 2.708313942 -0.315853089 6.758842945 -0.002789995 0.217412069 0.015259427 0.975956619
1439803804.635928 2.718528748 -0.316968620 6.780988216 -0.002897028 0.217145711 0.015530705 0.976011336
1439803804.698425 2.728633404 -0.318006754 6.803019524 -0.002742423 0.216874629 0.015751986 0.976068497
1439803804.760927 2.738942146 -0.319161117 6.825559139 -0.002186139 0.216601536 0.016072050 0.976125300
1439803804.823429 2.749104977 -0.320063502 6.847201347 -0.001915733 0.216237769 0.016420327 0.976200759
1439803804.885931 2.759199619 -0.321128249 6.869702816 -0.002486781 0.216064125 0.016836528 0.976230800
1439803804.948431 2.769139051 -0.322161883 6.891367912 -0.003845352 0.215762749 0.016847601 0.976292908
1439803805.010934 2.779009104 -0.322988927 6.912730694 -0.004977739 0.215471730 0.016571505 0.976356745
1439803805.073434 2.788719893 -0.323817551 6.934492111 -0.005720260 0.215224847 0.016827747 0.976402760
1439803805.135938 2.798402309 -0.324808776 6.955375671 -0.006438190 0.214875996 0.016753787 0.976476371
1439803805.198438 2.807734966 -0.325892150 6.976337910 -0.007014059 0.214569658 0.016654633 0.976541460
1439803805.260938 2.817196608 -0.326878309 6.997194290 -0.007001052 0.214155480 0.016429555 0.976636291
1439803805.323439 2.826397419 -0.327826440 7.017190456 -0.006409996 0.213774532 0.016789578 0.976717710
1439803805.385942 2.835542917 -0.328681916 7.037732601 -0.005958357 0.213653773 0.016766487 0.976747394
1439803805.448441 2.844452620 -0.329528868 7.057898521 -0.005489831 0.213473588 0.016347611 0.976796627
1439803805.510943 2.853356600 -0.330652893 7.076995373 -0.005412896 0.213082820 0.016214618 0.976884604
1439803805.573444 2.862232685 -0.331550837 7.096462727 -0.005194906 0.212751240 0.016071703 0.976960421
1439803805.635948 2.870827913 -0.332591832 7.116048813 -0.005226235 0.212555602 0.015991613 0.977004111
1439803805.698447 2.879619598 -0.333330721 7.135433197 -0.005315425 0.212168172 0.015942756 0.977088630
1439803805.760954 2.887779713 -0.334344745 7.154450893 -0.005967587 0.211926520 0.015193262 0.977149308
1439803805.823450 2.895925522 -0.335170805 7.173402309 -0.006618069 0.211676404 0.014649383 0.977207601
1439803805.885952 2.904277086 -0.336105645 7.191754341 -0.007166060 0.211240470 0.014229151 0.977304280
1439803805.948458 2.912400484 -0.337003529 7.210585594 -0.007339112 0.210844234 0.014118765 0.977390170
1439803806.010954 2.920690298 -0.337653518 7.228945732 -0.007057951 0.210269392 0.014601351 0.977508962
1439803806.073456 2.928732395 -0.338380903 7.247067451 -0.006793101 0.209786505 0.014506706 0.977616012
1439803806.135957 2.936538696 -0.339434117 7.264754295 -0.006996183 0.209396318 0.014056598 0.977704763
1439803806.198461 2.944481611 -0.339997947 7.282474518 -0.006878376 0.208908379 0.014039143 0.977810264
1439803806.260964 2.952122211 -0.340883076 7.300711632 -0.006888570 0.208551899 0.013208328 0.977897823
1439803806.323463 2.959681511 -0.341516078 7.318430424 -0.006563493 0.207888514 0.013259582 0.978040636
1439803806.385963 2.966975689 -0.342346430 7.336003780 -0.006705636 0.207082152 0.012791259 0.978216946
1439803806.448464 2.974240303 -0.343065441 7.352941513 -0.006829410 0.205939859 0.012313770 0.978463352
1439803806.510966 2.981448412 -0.343935490 7.370495319 -0.007525272 0.204983220 0.011574172 0.978668094
1439803806.573470 2.988348246 -0.344752908 7.387477875 -0.008374116 0.204007074 0.010653151 0.978875637
1439803806.635967 2.995199442 -0.345393360 7.404527664 -0.008895483 0.203126177 0.009733107 0.979063809
1439803806.698467 3.001993179 -0.346184790 7.421016693 -0.008932873 0.202122808 0.009463198 0.979273736
1439803806.760968 3.008712769 -0.346889853 7.437512398 -0.008552498 0.201293319 0.009214766 0.979450345
1439803806.823469 3.015448570 -0.347769469 7.453429222 -0.008052343 0.200510949 0.009609031 0.979611278
1439803806.885969 3.021859407 -0.348419935 7.469901562 -0.008095545 0.200118884 0.009387028 0.979693234
1439803806.948477 3.028609037 -0.349389702 7.484706879 -0.008512857 0.199156374 0.009319633 0.979886472
1439803807.010970 3.034725666 -0.349894524 7.501419544 -0.008557864 0.198968902 0.008855022 0.979928434
1439803807.073470 3.041008234 -0.350529730 7.516778946 -0.008408708 0.198431298 0.008250332 0.980044007
1439803807.135972 3.047057629 -0.351104736 7.532271385 -0.008425822 0.198240057 0.007256639 0.980090380
1439803807.198473 3.053060055 -0.351583838 7.547342777 -0.008712774 0.198160097 0.006467760 0.980109572
1439803807.260975 3.059107780 -0.352237850 7.562371254 -0.009456676 0.198190451 0.005723694 0.980101168
1439803807.323479 3.065156460 -0.352776438 7.577070713 -0.010149211 0.198123887 0.005363472 0.980109751
1439803807.385976 3.071137905 -0.353487372 7.591617584 -0.010977335 0.198188111 0.005419308 0.980087519
1439803807.448476 3.077112675 -0.354033887 7.605429649 -0.011387302 0.198178291 0.005450016 0.980084717
1439803807.510977 3.082954407 -0.354632646 7.619778156 -0.011685079 0.198519066 0.005395344 0.980012536
1439803807.635978 3.094151974 -0.355696917 7.646891594 -0.012743635 0.198901623 0.003529122 0.979930282
1439803807.698477 3.099366665 -0.356133759 7.660541534 -0.013388269 0.199259788 0.001982153 0.979853213
1439803807.760979 3.104672670 -0.356624603 7.673921585 -0.013227451 0.199421212 0.001396563 0.979823589
1439803807.823481 3.110143423 -0.357245862 7.686829567 -0.012567300 0.199414015 0.002099317 0.979832470
1439803807.885983 3.115594387 -0.357803345 7.699394703 -0.011571169 0.199453473 0.003432747 0.979833007
1439803807.948489 3.120842934 -0.358574271 7.711184502 -0.010842022 0.199407101 0.004088590 0.979848206
1439803808.010990 3.126186132 -0.359072089 7.723256588 -0.009941785 0.199280217 0.004484659 0.979881883
1439803808.073493 3.131046295 -0.359521270 7.735535622 -0.009540309 0.199217185 0.003831658 0.979901433
1439803808.135988 3.135675192 -0.359783471 7.747642517 -0.008746078 0.199189007 0.003802070 0.979914665
1439803808.198492 3.140344858 -0.360245824 7.758981705 -0.008058431 0.199140877 0.002679614 0.979934096
1439803808.260989 3.145081997 -0.360768706 7.770357132 -0.007085150 0.199283600 0.001672476 0.979914844
1439803808.323489 3.149688244 -0.361385316 7.781536579 -0.006168260 0.199532673 0.001111351 0.979871094
1439803808.385991 3.154193163 -0.361901402 7.792649746 -0.005523229 0.199828342 0.000587227 0.979815185
1439803808.448491 3.158790588 -0.362339944 7.803587914 -0.004926813 0.199931711 0.001027318 0.979796886
1439803808.510990 3.163323641 -0.362960130 7.814447403 -0.004894997 0.199882358 0.001733461 0.979806125
1439803808.573493 3.167852640 -0.363341421 7.824833393 -0.004743771 0.199566528 0.002563950 0.979869425
1439803808.635993 3.172405481 -0.363851607 7.835240841 -0.004795912 0.199432939 0.003380128 0.979893923
1439803808.698492 3.176847696 -0.364369601 7.845443726 -0.004837268 0.199531794 0.004051540 0.979871035
1439803808.760994 3.181036949 -0.364819378 7.855745316 -0.004978366 0.199930370 0.003958890 0.979789436
1439803808.823494 3.185288668 -0.365448236 7.865835190 -0.005200729 0.200160950 0.003271413 0.979743779
1439803808.885994 3.189328671 -0.365817845 7.875846386 -0.005257887 0.200241849 0.002859313 0.979728222
1439803808.948497 3.193294525 -0.366258025 7.885777950 -0.005581046 0.200227678 0.002720549 0.979729712
1439803809.010997 3.197107553 -0.366724819 7.895453930 -0.005878708 0.200175479 0.002977460 0.979737937
1439803809.073498 3.201137304 -0.367099226 7.905275345 -0.005686755 0.200315714 0.003655125 0.979708076
1439803809.136005 3.204880953 -0.367517203 7.914570808 -0.005359006 0.200432271 0.004265425 0.979683638
1439803809.198500 3.209087610 -0.368127912 7.924000263 -0.005016631 0.200258598 0.004808744 0.979718447
1439803809.261000 3.213132381 -0.368545204 7.933036327 -0.004790012 0.199973509 0.005056324 0.979776561
1439803809.323501 3.216977596 -0.369020790 7.942618847 -0.004753023 0.200000331 0.005305103 0.979769945
1439803809.386004 3.220875978 -0.369436979 7.951887131 -0.004639273 0.199944481 0.005431881 0.979781210
1439803809.448503 3.224643707 -0.369987726 7.961108208 -0.004459618 0.200036913 0.005164861 0.979764581
1439803809.511005 3.228550673 -0.370422781 7.970481396 -0.003880865 0.199978977 0.005114722 0.979779124
1439803809.573506 3.232312679 -0.370988429 7.979416370 -0.003624559 0.199865982 0.004814177 0.979804695
1439803809.636006 3.236069918 -0.371441960 7.988887310 -0.003241601 0.199895084 0.005016082 0.979799092
1439803809.698507 3.239962339 -0.371816486 7.998243332 -0.002963288 0.199840695 0.005324465 0.979809463
1439803809.761009 3.243973494 -0.372370839 8.007235527 -0.002799921 0.199562654 0.005764003 0.979864120
1439803809.823512 3.247905970 -0.372787863 8.016771317 -0.002305542 0.199585885 0.006036085 0.979859054
1439803809.886012 3.251754761 -0.373302639 8.026233673 -0.001752016 0.199673191 0.006241295 0.979841113
1439803809.948513 3.255807400 -0.373755723 8.035836220 -0.001388708 0.199666888 0.006273114 0.979842782
1439803810.011014 3.259791136 -0.374224544 8.045508385 -0.001157937 0.199752405 0.006291465 0.979825497
1439803810.073520 3.263838768 -0.374821365 8.054871559 -0.001145165 0.199558437 0.006011809 0.979866803
1439803810.136017 3.267884254 -0.375166416 8.064937592 -0.001056363 0.199556306 0.005804701 0.979868591
1439803810.198518 3.271893024 -0.375664681 8.074550629 -0.001376060 0.199422449 0.005930377 0.979894698
1439803810.261023 3.276014805 -0.376241058 8.084298134 -0.001354415 0.199285060 0.006335438 0.979920149
1439803810.323525 3.280090332 -0.376806140 8.094171524 -0.001179169 0.199230805 0.006516044 0.979930222
1439803810.386025 3.284308910 -0.377391994 8.103875160 -0.001083840 0.199035376 0.006721810 0.979968667
1439803810.448527 3.288540363 -0.378073335 8.113988876 -0.001226909 0.199053079 0.007224370 0.979961336
1439803810.511025 3.292718887 -0.378652453 8.124175072 -0.001248828 0.198976472 0.007486762 0.979974866
1439803810.573527 3.296925068 -0.379229456 8.134340286 -0.001028616 0.198850736 0.007685422 0.979999125
1439803810.636029 3.301140308 -0.379739285 8.144521713 -0.000962965 0.198798627 0.007701676 0.980009615
1439803810.698532 3.305575609 -0.380226851 8.154749870 -0.000952426 0.198759869 0.008340909 0.980012298
1439803810.761035 3.310000658 -0.380789280 8.165051460 -0.001048178 0.198718727 0.008977085 0.980014861
1439803810.823532 3.314357996 -0.381283611 8.175555229 -0.001361159 0.198623970 0.008836047 0.980035007
1439803810.886035 3.318763494 -0.381964833 8.185988426 -0.001517455 0.198486015 0.009173395 0.980059624
1439803810.948536 3.323237181 -0.382464826 8.196703911 -0.001150984 0.198416114 0.009573640 0.980070412
1439803811.011035 3.327624559 -0.383033514 8.207424164 -0.000550772 0.198375493 0.009738796 0.980077565
1439803811.073535 3.332220078 -0.383616716 8.218254089 -0.000216356 0.198148295 0.009798607 0.980123043
1439803811.136037 3.336725235 -0.384131640 8.229107857 -0.000064129 0.197851643 0.010155153 0.980179369
1439803811.198537 3.341317654 -0.384723037 8.240097046 -0.000115690 0.197403207 0.010303847 0.980268240
1439803811.261037 3.345861673 -0.385284334 8.251167297 0.000054433 0.197039902 0.010835658 0.980335593
1439803811.323538 3.350526094 -0.385710806 8.262567520 0.000343263 0.196738809 0.011175978 0.980392158
1439803811.386038 3.355019569 -0.386522323 8.273551941 0.000228084 0.196464047 0.011435265 0.980444312
1439803811.448538 3.359785318 -0.386993498 8.285121918 0.000790030 0.196101293 0.012364578 0.980505347
1439803811.511040 3.364527464 -0.387798876 8.296435356 0.001033058 0.195534155 0.013573428 0.980602384
1439803811.573542 3.369269609 -0.388395369 8.308020592 0.001178244 0.195004255 0.013807400 0.980704486
1439803811.636043 3.373932123 -0.388895303 8.319886208 0.001154933 0.194588900 0.013705791 0.980788410
1439803811.698548 3.378612757 -0.389464855 8.331846237 0.000653760 0.194034606 0.013310519 0.980904162
1439803811.761051 3.383215427 -0.389998585 8.343991280 -0.000037406 0.193557426 0.012770491 0.981005847
1439803811.823550 3.387892246 -0.390572041 8.356132507 -0.000728863 0.192950115 0.012238041 0.981131971
1439803811.886048 3.392524719 -0.391107082 8.368435860 -0.001436363 0.192489058 0.011479183 0.981230915
1439803811.948552 3.397252083 -0.391790569 8.380585670 -0.001818948 0.191992298 0.011461210 0.981327832
1439803812.011053 3.402115107 -0.392365068 8.393043518 -0.001782656 0.191493705 0.012001760 0.981418848
1439803812.073553 3.407134056 -0.392990440 8.405443192 -0.001790454 0.190832749 0.012542977 0.981540799
1439803812.136058 3.411965609 -0.393532127 8.418004990 -0.001826655 0.190359935 0.013056533 0.981625855
1439803812.198557 3.416884422 -0.394230843 8.430442810 -0.002056962 0.189772680 0.013833156 0.981728435
1439803812.261058 3.421818733 -0.394847929 8.443005562 -0.002082959 0.189408392 0.014103238 0.981794894
1439803812.323558 3.426774979 -0.395482004 8.455504417 -0.002037604 0.189295962 0.013897780 0.981819570
1439803812.386060 3.431682348 -0.395997882 8.468248367 -0.001936019 0.189412594 0.013248615 0.981806278
1439803812.448562 3.436747551 -0.396733433 8.480603218 -0.001675396 0.189310282 0.013082142 0.981828749
1439803812.511063 3.441726923 -0.397203326 8.493754387 -0.001090405 0.189591020 0.012924052 0.981777489
1439803812.573565 3.446917295 -0.397861928 8.506470680 -0.000695017 0.189553067 0.012407093 0.981791854
1439803812.636064 3.452025890 -0.398645282 8.519327164 -0.000408613 0.189817697 0.012053008 0.981745303
1439803812.698564 3.457307816 -0.399203330 8.532628059 -0.000159724 0.190148428 0.011981089 0.981682241
1439803812.761066 3.462546110 -0.399862885 8.546361923 -0.000441875 0.190483376 0.011796388 0.981619418
1439803812.823567 3.467960596 -0.400430530 8.560098648 -0.000496251 0.191099465 0.011780257 0.981499851
1439803812.886070 3.473580360 -0.401185840 8.573454857 -0.000418249 0.191404983 0.011842852 0.981439590
1439803812.948570 3.479272604 -0.401856899 8.586985588 0.000067407 0.191998973 0.012563164 0.981314719
1439803813.011086 3.484762192 -0.402680844 8.600701332 -0.000097907 0.192306802 0.012572321 0.981254280
1439803813.073573 3.490506172 -0.403310090 8.614791870 0.000012131 0.192599520 0.012647649 0.981195927
1439803813.136076 3.496082783 -0.403934151 8.629066467 0.000221240 0.192812279 0.012673332 0.981153786
1439803813.198575 3.501893997 -0.404789984 8.642981529 0.000141035 0.192789257 0.012382322 0.981162071
1439803813.261076 3.507641554 -0.405432075 8.657964706 -0.000194582 0.192954794 0.011721904 0.981137633
1439803813.323577 3.513535023 -0.405953288 8.672605515 -0.000310512 0.192996934 0.011679032 0.981129766
1439803813.386077 3.519330025 -0.406853437 8.687258720 -0.000570150 0.193049043 0.011630871 0.981119990
1439803813.448578 3.525359869 -0.407711327 8.701871872 -0.000496603 0.192878529 0.012060292 0.981148362
1439803813.511078 3.531353712 -0.408469737 8.717055321 -0.000510279 0.192681238 0.011937273 0.981188655
1439803813.573579 3.537545443 -0.409322500 8.732142448 -0.000218108 0.192459807 0.012362733 0.981226921
1439803813.636080 3.543665648 -0.410092860 8.746999741 0.000041116 0.192234680 0.012598115 0.981268108
1439803813.698580 3.549918652 -0.410882294 8.762116432 0.000009220 0.192028865 0.012733250 0.981306672
1439803813.761083 3.556025267 -0.411561966 8.777720451 0.000082730 0.192010641 0.012918231 0.981307805
1439803813.823587 3.562165499 -0.412443131 8.793216705 0.000128787 0.191964507 0.013025014 0.981315434
1439803813.886086 3.568481922 -0.413282484 8.808836937 -0.000009313 0.191764280 0.012742580 0.981358290
1439803813.948587 3.574829102 -0.414067507 8.824466705 0.000016337 0.191738710 0.012430498 0.981367290
1439803814.011087 3.581299782 -0.414699644 8.840590477 0.000051559 0.191826135 0.012618181 0.981347799
1439803814.073588 3.587667227 -0.415588289 8.856721878 -0.000308695 0.192121089 0.012485791 0.981291711
1439803814.136092 3.594250441 -0.416488767 8.872852325 -0.000524263 0.192319155 0.013070635 0.981245279
1439803814.198591 3.600898027 -0.417181015 8.889646530 -0.000674666 0.192438871 0.013779094 0.981211960
1439803814.261105 3.607641220 -0.418079555 8.906044960 -0.001159573 0.192377582 0.014129003 0.981218576
1439803814.323597 3.614331007 -0.418916553 8.922801971 -0.001688763 0.192585409 0.014137344 0.981176913
1439803814.386098 3.621188164 -0.419591814 8.939838409 -0.002019875 0.192689627 0.014160084 0.981155515
1439803814.448601 3.628008127 -0.420215011 8.956752777 -0.002608233 0.192840531 0.013906752 0.981128097
1439803814.511100 3.635079145 -0.420939088 8.973864555 -0.003312337 0.192865595 0.013506963 0.981126606
1439803814.573602 3.641788006 -0.421736121 8.991178513 -0.004048345 0.192933023 0.013407219 0.981112003
1439803814.636101 3.648818254 -0.422395468 9.008911133 -0.004250579 0.192985237 0.013839424 0.981094837
1439803814.698602 3.656013727 -0.423399776 9.026068687 -0.004496669 0.192960158 0.014274004 0.981092453
1439803814.761105 3.663256884 -0.423994422 9.043511391 -0.004400224 0.193039030 0.014462509 0.981074631
1439803814.823605 3.670419216 -0.424812257 9.061417580 -0.004416808 0.193240732 0.014216627 0.981038392
1439803814.886107 3.677847624 -0.425648391 9.079260826 -0.004089516 0.193334326 0.014370071 0.981019139
1439803814.948611 3.685081959 -0.426258951 9.097445488 -0.003631893 0.193429738 0.014006167 0.981007457
1439803815.011112 3.692316532 -0.427076459 9.115777016 -0.003185542 0.193621218 0.013175606 0.980982721
1439803815.073609 3.699567795 -0.428009003 9.133800507 -0.003068223 0.193783134 0.012466287 0.980960369
1439803815.136109 3.707100630 -0.428630352 9.152336121 -0.002995760 0.193815261 0.012181192 0.980957806
1439803815.198613 3.714543819 -0.429540247 9.170854568 -0.003222896 0.193854526 0.012357220 0.980947137
1439803815.261112 3.722330809 -0.430354655 9.189470291 -0.003205947 0.193763331 0.012531033 0.980962992
1439803815.323610 3.729899168 -0.431115627 9.208869934 -0.003100682 0.193985835 0.012295430 0.980922401
1439803815.386112 3.737627983 -0.431945145 9.227583885 -0.002760217 0.193908095 0.012423776 0.980937123
1439803815.448612 3.745174408 -0.432849109 9.247030258 -0.003037582 0.194225207 0.011537882 0.980884433
1439803815.511115 3.752805471 -0.433787167 9.266019821 -0.003165830 0.194344446 0.011019981 0.980866313
1439803815.573616 3.760332108 -0.434568822 9.285248756 -0.003106648 0.194475904 0.010770641 0.980843246
1439803815.636117 3.768268824 -0.435407221 9.304589272 -0.002919234 0.194323123 0.010882049 0.980872869
1439803815.698617 3.775814533 -0.436490893 9.323488235 -0.003036365 0.194229096 0.010127464 0.980899215
1439803815.761119 3.783737659 -0.437164247 9.342868805 -0.002933435 0.194173679 0.009692602 0.980914891
1439803815.823619 3.791492701 -0.437984735 9.362060547 -0.003022155 0.194092274 0.009582449 0.980931818
1439803815.886120 3.799137592 -0.438957274 9.381313324 -0.003212200 0.193999097 0.009241212 0.980952919
1439803815.948622 3.806824684 -0.439843237 9.400716782 -0.003575570 0.193873763 0.008727735 0.980981112
1439803816.011125 3.814539909 -0.440799892 9.419780731 -0.003706147 0.193643451 0.008534836 0.981027842
1439803816.073625 3.822288513 -0.441801995 9.438626289 -0.003758473 0.193456143 0.008472675 0.981065154
1439803816.136126 3.829947948 -0.442747533 9.457873344 -0.004093252 0.193463385 0.008031684 0.981066048
1439803816.198627 3.837701797 -0.443563282 9.476822853 -0.004179617 0.193243906 0.008430436 0.981105626
1439803816.261129 3.845380068 -0.444428682 9.496347427 -0.004356623 0.193211615 0.008265349 0.981112659
1439803816.323630 3.853008032 -0.445276797 9.515465736 -0.004102006 0.193032190 0.008054727 0.981150746
1439803816.386131 3.860630035 -0.446172237 9.534861565 -0.004123665 0.193099141 0.007179663 0.981144309
1439803816.448633 3.868261814 -0.447073162 9.553298950 -0.004038695 0.192858890 0.006640228 0.981195748
1439803816.511134 3.875906706 -0.448126107 9.572736740 -0.004218713 0.192816675 0.006109351 0.981206715
1439803816.573636 3.883285284 -0.449116707 9.592031479 -0.004394363 0.192738548 0.005646454 0.981224060
1439803816.636137 3.891036510 -0.449836880 9.611468315 -0.004082341 0.192566052 0.005175601 0.981261849
1439803816.698638 3.898653507 -0.450899273 9.630619049 -0.004201172 0.192587361 0.004415539 0.981260896
1439803816.761143 3.906479120 -0.451628476 9.650172234 -0.004119046 0.192630842 0.003905108 0.981254876
1439803816.823639 3.914043188 -0.452400059 9.670124054 -0.004373215 0.192856058 0.002757472 0.981213450
1439803816.886140 3.921953917 -0.453510106 9.689119339 -0.004670307 0.192656919 0.002725103 0.981251299
1439803816.948644 3.929672480 -0.454311252 9.709280968 -0.004539707 0.192840576 0.002297532 0.981216908
1439803817.011141 3.937341213 -0.455441356 9.728620529 -0.004285483 0.192862347 0.001696705 0.981215000
1439803817.073642 3.945017338 -0.456446022 9.748331070 -0.004180417 0.193001568 0.001116312 0.981188893
1439803817.136146 3.953245640 -0.457333744 9.768056870 -0.003702245 0.192851260 0.001386486 0.981220067
1439803817.198646 3.960889339 -0.458232433 9.788316727 -0.003083844 0.193054706 0.001066175 0.981182575
1439803817.261148 3.968818665 -0.459612519 9.807533264 -0.002595668 0.192894503 0.000240754 0.981216013
1439803817.323648 3.976883888 -0.460516214 9.827662468 -0.002255853 0.192893550 0.000454062 0.981216967
1439803817.386147 3.984792233 -0.461247891 9.848011971 -0.002697488 0.192917764 0.000501533 0.981211066
1439803817.448650 3.992716074 -0.462122440 9.868288994 -0.003508179 0.192849696 0.000440511 0.981221914
1439803817.511151 4.000909328 -0.463110328 9.888275146 -0.003680211 0.192639455 0.001377019 0.981261730
1439803817.573654 4.008939266 -0.464138240 9.908214569 -0.003247750 0.192475140 0.002591763 0.981293023
1439803817.636165 4.016949177 -0.465205878 9.928259850 -0.003489336 0.192309633 0.002695666 0.981324375
1439803817.698654 4.024961472 -0.466280192 9.948614120 -0.004195623 0.192112014 0.002656787 0.981360435
1439803817.761159 4.032961845 -0.467184186 9.969060898 -0.004853026 0.191905797 0.003347940 0.981395662
1439803817.823657 4.040965080 -0.468192130 9.989356995 -0.004801034 0.191631779 0.003628531 0.981448472
1439803817.886158 4.049006462 -0.468915582 10.010190010 -0.004283408 0.191375360 0.003700553 0.981500566
1439803817.948659 4.057251930 -0.469964504 10.030268669 -0.003807097 0.190989152 0.004766311 0.981573164
1439803818.011161 4.065370083 -0.471019000 10.050589561 -0.003191484 0.190661937 0.005786095 0.981633544
1439803818.073662 4.073492050 -0.472218275 10.071001053 -0.002788156 0.190372899 0.006015090 0.981689453
1439803818.136163 4.081520557 -0.473187953 10.091632843 -0.001972328 0.190282851 0.006165115 0.981707931
1439803818.198665 4.089435101 -0.474378854 10.112154007 -0.001323690 0.190168023 0.005816595 0.981733382
1439803818.261166 4.097496510 -0.475555629 10.132397652 -0.001016740 0.189945474 0.005222585 0.981780231
1439803818.323667 4.105417252 -0.476711273 10.152828217 -0.000973885 0.189698964 0.005305960 0.981827497
1439803818.386169 4.113549709 -0.477804989 10.173388481 -0.000927254 0.189210802 0.005737536 0.981919289
1439803818.448670 4.121692181 -0.478972733 10.193596840 -0.000925486 0.188690633 0.006094398 0.982017219
1439803818.511175 4.129779816 -0.480089068 10.214366913 -0.000690428 0.188463315 0.006110031 0.982060969
1439803818.573673 4.137996674 -0.481478810 10.234964371 -0.000660066 0.188281685 0.006374477 0.982094169
1439803818.636176 4.146177769 -0.482628882 10.255656242 -0.000577312 0.188117683 0.006790195 0.982122838
1439803818.698678 4.154085159 -0.483734906 10.277195930 -0.000403554 0.188092083 0.006989902 0.982126415
1439803818.761178 4.162233829 -0.484842479 10.298174858 0.000190546 0.187803105 0.006847351 0.982182801
1439803818.823678 4.170310497 -0.485995531 10.319381714 0.000526250 0.187761500 0.006397524 0.982193708
1439803818.886179 4.178478241 -0.487152994 10.340456963 0.000550309 0.187552959 0.006555314 0.982232451
1439803818.948681 4.186599255 -0.488264620 10.361708641 0.000502093 0.187470645 0.007059072 0.982244730
1439803819.011186 4.194787979 -0.489575773 10.382485390 0.000619773 0.187288404 0.007244529 0.982278049
1439803819.073684 4.203052044 -0.490791559 10.403412819 0.000880901 0.187177852 0.007609043 0.982296169
1439803819.136189 4.211340904 -0.492024451 10.424514771 0.000664131 0.187084317 0.007893696 0.982311904
1439803819.198687 4.219545841 -0.493306100 10.445656776 0.000228956 0.187062398 0.008110425 0.982314527
1439803819.261188 4.227916718 -0.494462997 10.466908455 0.000271044 0.186971277 0.009115919 0.982323050
1439803819.323690 4.236178398 -0.495599657 10.488058090 0.000317005 0.186887965 0.009684983 0.982333422
1439803819.386205 4.244485378 -0.496793509 10.509292603 -0.000234835 0.186839297 0.009415037 0.982345343
1439803819.448693 4.252652168 -0.497835368 10.530915260 -0.001028304 0.186829120 0.009068327 0.982349992
1439803819.511194 4.261036396 -0.498876840 10.552323341 -0.001934945 0.186738521 0.008836986 0.982367992
1439803819.573695 4.269255161 -0.500021458 10.573421478 -0.003000338 0.186598137 0.008490816 0.982395053
1439803819.636197 4.277322292 -0.501023054 10.594811440 -0.003615406 0.186546311 0.008258837 0.982404828
1439803819.698697 4.285620213 -0.502205431 10.615966797 -0.004307765 0.186385617 0.007916358 0.982435346
1439803819.761199 4.293716431 -0.503212869 10.637107849 -0.004737115 0.186308116 0.007404968 0.982452035
1439803819.823703 4.302002907 -0.504244566 10.658317566 -0.004958092 0.186270490 0.007732904 0.982455552
1439803819.886204 4.310243130 -0.505314708 10.679374695 -0.005167390 0.186357990 0.007828431 0.982437134
1439803819.948703 4.318265915 -0.506125510 10.700350761 -0.005009748 0.186692134 0.007473618 0.982377231
1439803820.011205 4.326312065 -0.507062674 10.721533775 -0.004998371 0.187191457 0.006649661 0.982288241
1439803820.073706 4.334560394 -0.507886410 10.742489815 -0.004800424 0.187532470 0.006350532 0.982226133
1439803820.136209 4.342522144 -0.508933485 10.763106346 -0.004570446 0.187785476 0.005537736 0.982183814
1439803820.198708 4.350687027 -0.509932339 10.783945084 -0.004470586 0.188068122 0.004765704 0.982134223
1439803820.261210 4.358801365 -0.510974884 10.804567337 -0.004283235 0.188322663 0.004504835 0.982087493
1439803820.323712 4.367056847 -0.512083232 10.825215340 -0.003996697 0.188522547 0.004189643 0.982051790
1439803820.386213 4.375104904 -0.513216019 10.845813751 -0.003479937 0.188782543 0.004179813 0.982003808
1439803820.448715 4.383170128 -0.514304340 10.866288185 -0.003156381 0.189014927 0.004106865 0.981960535
1439803820.511214 4.391304016 -0.515356004 10.886632919 -0.003397114 0.189239174 0.003895816 0.981917381
1439803820.573714 4.399041176 -0.516256630 10.907282829 -0.003999088 0.189762771 0.003251883 0.981816411
1439803820.636216 4.407258987 -0.517429411 10.927604675 -0.004399345 0.189906105 0.003325503 0.981786788
1439803820.698716 4.415141106 -0.518537283 10.947764397 -0.004693026 0.190012977 0.003793690 0.981763065
1439803820.761217 4.423022747 -0.519582152 10.967222214 -0.004902641 0.189726606 0.004421576 0.981814742
1439803820.823720 4.430650711 -0.520622849 10.986598969 -0.005086427 0.189343616 0.004847737 0.981885731
1439803820.886218 4.438418388 -0.521571398 11.006271362 -0.005294472 0.188724443 0.004980291 0.982003212
1439803820.948722 4.445638180 -0.522539020 11.025243759 -0.005624025 0.188017756 0.004969543 0.982136965
1439803821.011219 4.452941895 -0.523515344 11.044071198 -0.006013408 0.187211990 0.005161249 0.982287586
1439803821.073719 4.460216999 -0.524432302 11.063490868 -0.006278923 0.186700940 0.004702722 0.982385457
1439803821.136219 4.467187881 -0.525331795 11.082577705 -0.006221262 0.186257824 0.004109610 0.982472658
1439803821.198722 4.474292278 -0.526155353 11.101431847 -0.006014201 0.185816690 0.003833122 0.982558548
1439803821.261221 4.481203079 -0.527149379 11.120082855 -0.006186045 0.185245022 0.003044368 0.982668161
1439803821.323722 4.488274574 -0.528122067 11.138588905 -0.006017766 0.184477031 0.002970708 0.982813895
1439803821.386223 4.495092392 -0.529045522 11.156856537 -0.005329568 0.183935091 0.002809135 0.982919931
1439803821.448722 4.501774788 -0.529892087 11.175240517 -0.004491974 0.183449477 0.002733424 0.983015060
1439803821.511223 4.508506775 -0.530692220 11.193255424 -0.004139430 0.182998478 0.002678782 0.983100832
1439803821.573725 4.515209675 -0.531603038 11.210940361 -0.004231631 0.182480350 0.002775362 0.983196497
1439803821.636228 4.521794796 -0.532578707 11.228449821 -0.004169457 0.181917638 0.003417025 0.983299017
1439803821.698727 4.528237343 -0.533423483 11.245971680 -0.004317229 0.181457415 0.003654582 0.983382523
1439803821.761229 4.534722805 -0.534393847 11.263709068 -0.004613010 0.181179315 0.003482041 0.983433068
1439803821.823729 4.540978432 -0.535274625 11.280879021 -0.004924636 0.180870146 0.003795034 0.983487308
1439803821.886232 4.547282696 -0.536162376 11.297348022 -0.005226435 0.180246010 0.004040807 0.983599365
1439803821.948732 4.553499699 -0.536943197 11.314413071 -0.005326248 0.179856151 0.004122914 0.983669817
1439803822.011234 4.559371948 -0.537876070 11.330727577 -0.005597366 0.179645613 0.004093775 0.983706951
1439803822.073737 4.565475941 -0.538730145 11.347341537 -0.005379033 0.179727316 0.004292695 0.983692408
1439803822.136237 4.571647644 -0.539597332 11.363639832 -0.005130997 0.179878891 0.004398897 0.983665526
1439803822.198740 4.577814579 -0.540559947 11.379822731 -0.005024944 0.179989859 0.004544575 0.983645141
1439803822.261239 4.583865643 -0.541386306 11.396102905 -0.004946852 0.180018157 0.004831380 0.983639002
1439803822.323743 4.589970589 -0.542132854 11.412329674 -0.004276471 0.179989889 0.005529135 0.983643651
1439803822.386243 4.596024990 -0.542925000 11.428555489 -0.003510343 0.179986835 0.006276160 0.983642757
1439803822.448743 4.602015972 -0.543789268 11.444911003 -0.002974563 0.180069625 0.006804909 0.983625829
1439803822.511247 4.608029842 -0.544558764 11.460977554 -0.002777185 0.180034250 0.006894800 0.983632267
1439803822.573748 4.614217281 -0.545404494 11.476905823 -0.002625544 0.179719567 0.007448043 0.983686209
1439803822.636248 4.619973660 -0.546288848 11.492863655 -0.002470339 0.179471374 0.007735515 0.983729661
1439803822.698750 4.625788212 -0.547171652 11.508885384 -0.001960066 0.179110155 0.008233882 0.983792603
1439803822.761255 4.631686687 -0.548049986 11.525167465 -0.001477966 0.178714097 0.008570391 0.983862579
1439803822.823756 4.637389183 -0.548732877 11.540915489 -0.001259501 0.177969471 0.009078841 0.983993292
1439803822.886255 4.643153667 -0.549531698 11.556346893 -0.001242539 0.176998079 0.009517152 0.984164417
1439803822.948759 4.648787975 -0.550642192 11.571734428 -0.001043500 0.176020294 0.010014564 0.984335065
1439803823.011256 4.654248714 -0.551263809 11.587380409 -0.000788047 0.175020143 0.010249618 0.984511197
1439803823.073757 4.659739017 -0.552107215 11.602620125 -0.000950825 0.173846573 0.010419846 0.984717131
1439803823.136259 4.664926052 -0.552940190 11.617703438 -0.001356854 0.172595322 0.010701982 0.984933734
1439803823.198761 4.669962406 -0.553989172 11.632549286 -0.001671291 0.170953676 0.010808207 0.985218346
1439803823.261277 4.674883842 -0.554316044 11.648112297 -0.001280628 0.169275716 0.010937395 0.985507190
1439803823.323763 4.679597855 -0.555431843 11.662678719 -0.001284493 0.167223990 0.010947540 0.985857308
1439803823.386264 4.684467316 -0.556238830 11.677315712 -0.001187086 0.164878219 0.011548048 0.986245632
1439803823.448768 4.688821316 -0.556764603 11.691981316 -0.001405845 0.162138581 0.012233027 0.986691177
1439803823.511267 4.693173885 -0.557283103 11.706624031 -0.001936861 0.158989325 0.012805060 0.987195313
1439803823.573768 4.697217464 -0.558139861 11.720665932 -0.001960365 0.155211702 0.013083017 0.987792611
1439803823.636270 4.700920105 -0.559008121 11.735683441 -0.001321000 0.151289538 0.013031745 0.988402724
1439803823.698772 4.704504013 -0.559822261 11.749800682 -0.000406530 0.146725520 0.013033948 0.989091277
1439803823.761272 4.707554340 -0.560634017 11.763770103 0.000044342 0.141732171 0.012873044 0.989821315
1439803823.823774 4.710573196 -0.561376989 11.777894020 0.000225541 0.135897413 0.013139542 0.990635753
1439803823.886275 4.713393688 -0.562178612 11.791377068 0.000115240 0.129262209 0.013072042 0.991524279
1439803823.948776 4.715806961 -0.563143492 11.805122375 0.000231428 0.122176640 0.013445167 0.992417276
1439803824.011280 4.718022823 -0.563954234 11.819714546 0.000779110 0.114665911 0.013719968 0.993309081
1439803824.073779 4.719563484 -0.564928353 11.834362030 0.001100766 0.106829502 0.013311534 0.994187653
1439803824.136281 4.721097946 -0.565622747 11.848214149 0.001787305 0.098083824 0.013199661 0.995088995
1439803824.198785 4.722306252 -0.566432536 11.861981392 0.002493916 0.088981479 0.013244975 0.995942116
1439803824.261285 4.722934246 -0.567380667 11.876070023 0.003109121 0.079632960 0.012708742 0.996738374
1439803824.323785 4.723357201 -0.568274438 11.889945984 0.003915001 0.069606327 0.012401495 0.997489750
1439803824.386289 4.723377228 -0.569179952 11.903742790 0.004972538 0.059160404 0.012496484 0.998157859
1439803824.448790 4.723136902 -0.570303202 11.917550087 0.005855765 0.048259888 0.012615659 0.998737991
1439803824.511289 4.722425461 -0.571319640 11.931275368 0.006881633 0.037065398 0.012576082 0.999210000
1439803824.573791 4.721289635 -0.572283745 11.944862366 0.007707765 0.025406796 0.012843457 0.999564946
1439803824.636292 4.719743252 -0.573279202 11.958344460 0.008360457 0.013307631 0.012581024 0.999797344
1439803824.698794 4.718056202 -0.574093997 11.971482277 0.009833840 0.000513019 0.013106197 0.999865651
1439803824.761295 4.715521812 -0.575218320 11.985086441 0.010761593 -0.012593240 0.012846060 0.999780238
1439803824.823797 4.712819576 -0.576423645 11.997952461 0.011131612 -0.026213109 0.012117817 0.999520957
1439803824.886298 4.709612846 -0.577371478 12.011187553 0.011503166 -0.040096011 0.012655687 0.999049425
1439803824.948800 4.705972672 -0.578393817 12.024277687 0.011346214 -0.054518476 0.011737499 0.998379350
1439803825.011302 4.701660156 -0.579581261 12.037087440 0.010729812 -0.069483556 0.010150968 0.997473717
1439803825.073801 4.696982384 -0.580653071 12.049537659 0.010666561 -0.085003294 0.009601103 0.996277332
1439803825.136303 4.691945553 -0.581656098 12.062013626 0.011228183 -0.100852713 0.009490539 0.994792759
1439803825.198805 4.686474800 -0.582763314 12.074481964 0.011959385 -0.117285691 0.009627364 0.992979527
1439803825.261306 4.680570602 -0.583972454 12.086544991 0.012842646 -0.134082347 0.009816890 0.990838349
1439803825.323806 4.673996925 -0.585220635 12.098176956 0.013667877 -0.151317626 0.009359421 0.988346398
1439803825.386306 4.667064667 -0.586288929 12.109472275 0.014503272 -0.169675499 0.008690274 0.985354960
1439803825.448807 4.659155846 -0.587372959 12.120560646 0.014925389 -0.188368887 0.006723034 0.981961906
1439803825.511307 4.650995255 -0.588483691 12.131062508 0.015403461 -0.207776591 0.004761577 0.978043437
1439803825.573808 4.642608643 -0.589582503 12.141325951 0.015606119 -0.227480993 0.003431295 0.973651409
1439803825.636309 4.633413315 -0.590434074 12.151385307 0.015843399 -0.246763021 0.001807588 0.968944669
1439803825.698809 4.623905659 -0.591335297 12.161283493 0.015743522 -0.266150415 0.000435416 0.963802814
1439803825.761309 4.613876820 -0.592245042 12.170600891 0.016032556 -0.285207301 -0.001553692 0.958330512
1439803825.823813 4.603439331 -0.593313515 12.179635048 0.016697720 -0.303987414 -0.003205504 0.952524304
1439803825.886313 4.592485905 -0.594376087 12.188414574 0.017171711 -0.322504312 -0.004605928 0.946401000
1439803825.948811 4.580803394 -0.595579922 12.197177887 0.017348427 -0.340915501 -0.006961166 0.939908087
1439803826.011317 4.568837166 -0.596275330 12.205729485 0.017785568 -0.358818948 -0.008350274 0.933200359
1439803826.073813 4.556649208 -0.597759068 12.213540077 0.017813606 -0.376580507 -0.011212371 0.926144719
1439803826.136312 4.542916298 -0.599486291 12.218231201 0.018099129 -0.391254544 -0.013353311 0.920007586
