1439804071.328402 -0.000191268 -0.002076750 0.035974264 0.000028663 0.000166338 0.000224902 0.999999940
1439804071.390901 -0.000406568 -0.003909921 0.071957223 0.000069705 0.000373987 0.000138598 0.999999881
1439804071.453403 -0.000513220 -0.006029522 0.107900627 -0.000353312 0.000524701 -0.000528814 0.999999642
1439804071.515906 -0.000662042 -0.007956346 0.143865287 -0.000543494 0.000723164 -0.000456709 0.999999464
1439804071.578407 -0.000521630 -0.009925636 0.179339021 -0.000707962 0.000687800 -0.000148866 0.999999464
1439804071.640909 -0.000803863 -0.011895493 0.215209976 -0.000944715 0.000799123 -0.000499744 0.999999106
1439804071.703408 -0.000909816 -0.013861123 0.250651330 -0.001079387 0.000733375 -0.000428322 0.999999046
1439804071.765909 -0.001072094 -0.015785685 0.286327779 -0.001002681 0.000723554 -0.000110967 0.999999225
1439804071.828414 -0.001548002 -0.017821677 0.322278738 -0.001072718 0.000814723 -0.000099308 0.999999046
1439804071.890913 -0.001703726 -0.019758685 0.357320398 -0.000964035 0.000761888 0.000074298 0.999999225
1439804071.953412 -0.002160684 -0.021535946 0.392912000 -0.000678329 0.001029422 -0.000281135 0.999999225
1439804072.015914 -0.002566464 -0.023398781 0.428134024 -0.000539017 0.001396338 -0.001102078 0.999998271
1439804072.078417 -0.002368489 -0.025524266 0.462935209 -0.000404740 0.001714699 -0.001701694 0.999996960
1439804072.140915 -0.002656539 -0.027419096 0.498252988 0.000056750 0.002266984 -0.001824662 0.999995768
1439804072.203422 -0.002654413 -0.029272711 0.533422053 0.000386990 0.002545883 -0.001994387 0.999994695
1439804072.265917 -0.002533087 -0.031420719 0.567750514 0.000475258 0.002716421 -0.002513660 0.999993026
1439804072.328420 -0.003190666 -0.033261731 0.602555394 0.000729346 0.003122772 -0.003004846 0.999990344
1439804072.390923 -0.003007460 -0.035209481 0.637162387 0.000535666 0.003163429 -0.003106236 0.999989986
1439804072.453422 -0.002876861 -0.037129309 0.671505034 0.000125236 0.003236139 -0.003833403 0.999987423
1439804072.515923 -0.002985626 -0.039045673 0.706152558 0.000039580 0.003352520 -0.004296181 0.999985158
1439804072.578426 -0.002924002 -0.041211531 0.740354002 -0.000198032 0.003493103 -0.004326201 0.999984503
1439804072.640927 -0.002862859 -0.042922791 0.775064349 -0.000421553 0.003611682 -0.005064178 0.999980569
1439804072.703428 -0.002888990 -0.044748224 0.809547961 -0.001442004 0.003780179 -0.005905828 0.999974370
1439804072.765929 -0.002704790 -0.046966128 0.844514072 -0.002605178 0.003929158 -0.006242665 0.999969423
1439804072.828429 -0.003683135 -0.049425423 0.878643215 -0.003873135 0.004580689 -0.006770925 0.999959111
1439804072.890931 -0.003798479 -0.050899383 0.912678301 -0.004412003 0.004781501 -0.007059657 0.999953926
1439804072.953432 -0.003574568 -0.052613594 0.946472287 -0.004585250 0.005042524 -0.007077666 0.999951720
1439804073.015931 -0.003442477 -0.054548040 0.980235338 -0.004166224 0.005554690 -0.006371195 0.999955595
1439804073.078435 -0.003701857 -0.055930465 1.014172077 -0.003441773 0.006220761 -0.006161172 0.999955714
1439804073.140935 -0.003526440 -0.057669170 1.047793627 -0.003019321 0.006624546 -0.006827873 0.999950171
1439804073.203437 -0.003120827 -0.059654035 1.081572294 -0.002689693 0.007072785 -0.006310094 0.999951482
1439804073.265940 -0.002698325 -0.061421674 1.115009904 -0.002069209 0.007404220 -0.006072945 0.999952018
1439804073.328437 -0.002036680 -0.063041389 1.148226500 -0.001816463 0.007435164 -0.006269193 0.999951065
1439804073.390940 -0.001744851 -0.064847589 1.181859136 -0.001582104 0.007642229 -0.006320496 0.999949574
1439804073.453443 -0.001801630 -0.066712074 1.215123296 -0.001205823 0.008040090 -0.006178739 0.999947846
1439804073.515942 -0.001238709 -0.068468183 1.248316765 -0.001238421 0.008224678 -0.006305763 0.999945521
1439804073.578444 -0.000923691 -0.070262477 1.281543136 -0.001335582 0.008270863 -0.006729697 0.999942243
1439804073.640946 -0.000603223 -0.072056636 1.314531207 -0.001237180 0.008468227 -0.007352756 0.999936342
1439804073.703446 -0.000326762 -0.073649220 1.347653627 -0.000806539 0.008604234 -0.007585170 0.999933839
1439804073.765948 -0.000075009 -0.075510308 1.380420685 -0.000581617 0.008826340 -0.007618975 0.999931812
1439804073.828450 0.000462225 -0.077438861 1.413190246 -0.000020147 0.008853124 -0.008205670 0.999927104
1439804073.890949 0.000586975 -0.079338960 1.446021914 0.000519690 0.009083284 -0.007469567 0.999930739
1439804073.953451 0.001084957 -0.081157967 1.478892922 0.000640533 0.009169768 -0.007097056 0.999932587
1439804074.015954 0.001503352 -0.082841858 1.512058973 0.000262337 0.009236318 -0.007425762 0.999929726
1439804074.078456 0.001755273 -0.084311262 1.544787049 -0.000415459 0.009386134 -0.008147486 0.999922633
1439804074.140956 0.002223613 -0.085972235 1.577492833 -0.002178055 0.009378983 -0.009554191 0.999907970
1439804074.203456 0.002318380 -0.087600201 1.609691978 -0.004060782 0.009332732 -0.009197337 0.999905884
1439804074.265958 0.002704836 -0.089249268 1.641906023 -0.005430910 0.009152419 -0.009401734 0.999899149
1439804074.328459 0.003409728 -0.090690263 1.674182773 -0.005297856 0.008998405 -0.008927940 0.999905646
1439804074.390961 0.003950378 -0.092698172 1.705972552 -0.004544025 0.008900750 -0.008215055 0.999916315
1439804074.453462 0.004113134 -0.094435729 1.737511516 -0.002940110 0.009121682 -0.007811014 0.999923527
1439804074.515962 0.004495408 -0.095838562 1.769488811 -0.001424903 0.009111475 -0.009025191 0.999916732
1439804074.578463 0.004748672 -0.097504660 1.801106095 -0.000284998 0.009250820 -0.009704882 0.999910057
1439804074.640969 0.004696431 -0.099337898 1.832341313 -0.000203771 0.009456679 -0.009477364 0.999910355
1439804074.703465 0.005502254 -0.100737996 1.863987207 -0.000580881 0.009086702 -0.009182788 0.999916375
1439804074.765966 0.006214276 -0.102475300 1.895780444 -0.002238036 0.008719235 -0.007730210 0.999929607
1439804074.828468 0.006442506 -0.103930607 1.927075863 -0.003692417 0.008900329 -0.007427726 0.999925971
1439804074.890969 0.006705474 -0.105542891 1.958170533 -0.004659239 0.008909068 -0.007736109 0.999919534
1439804074.953470 0.007035198 -0.107212342 1.990021229 -0.004947430 0.008893739 -0.008216573 0.999914467
1439804075.015973 0.007392406 -0.108836487 2.021105289 -0.004672527 0.008877204 -0.009175935 0.999907553
1439804075.078473 0.007687580 -0.110371575 2.052287817 -0.003888857 0.008752665 -0.008967524 0.999913931
1439804075.140974 0.008087317 -0.111884087 2.083016396 -0.002523237 0.008658383 -0.009342384 0.999915659
1439804075.203479 0.008392585 -0.113413244 2.113775969 -0.001833543 0.008760291 -0.009906159 0.999910891
1439804075.265980 0.008283328 -0.114907108 2.145191193 -0.001594841 0.008989151 -0.010592682 0.999902189
1439804075.328477 0.008683650 -0.116540909 2.176006079 -0.001825019 0.008907476 -0.010973140 0.999898434
1439804075.390981 0.009013647 -0.117776871 2.206784964 -0.001914778 0.008692645 -0.010603528 0.999904156
1439804075.453479 0.009356072 -0.119583197 2.237459660 -0.002192597 0.008570488 -0.010413266 0.999906659
1439804075.515984 0.009769944 -0.121369787 2.267740726 -0.002033996 0.008538263 -0.010037654 0.999911070
1439804075.578484 0.009889042 -0.123309754 2.298431873 -0.001824766 0.008823160 -0.009697557 0.999912381
1439804075.640987 0.010218576 -0.124592312 2.328683853 -0.001367131 0.008889161 -0.009368903 0.999915659
1439804075.703485 0.010452099 -0.126678124 2.359272718 -0.001028895 0.009078559 -0.009069677 0.999917090
1439804075.765986 0.011009686 -0.128371403 2.389340162 -0.000308573 0.009128988 -0.007974425 0.999926448
1439804075.828487 0.011302534 -0.129992291 2.419924974 0.000287920 0.009177716 -0.007053670 0.999932945
1439804075.890987 0.011789482 -0.131755441 2.449815989 0.000715645 0.009102119 -0.006785108 0.999935329
1439804075.953488 0.012404341 -0.133422017 2.480181456 0.000884620 0.009035057 -0.006665821 0.999936581
1439804076.015990 0.012898732 -0.135142639 2.510226250 0.000737287 0.009079306 -0.006326344 0.999938488
1439804076.078490 0.012794666 -0.136280268 2.540699959 0.000144556 0.009213469 -0.005009726 0.999944985
1439804076.140993 0.012854371 -0.137753159 2.570762873 -0.000571940 0.009253776 -0.004342674 0.999947548
1439804076.203496 0.013680715 -0.139646053 2.600345612 -0.001338838 0.009123724 -0.004529296 0.999947190
1439804076.265997 0.013228782 -0.142250061 2.630924463 -0.001833135 0.009512006 -0.004501514 0.999942958
1439804076.328496 0.014611676 -0.142675564 2.659764528 -0.001451265 0.009370848 -0.003998746 0.999947011
1439804076.390998 0.014488116 -0.143312335 2.690456867 -0.001543151 0.009588826 -0.003537960 0.999946594
1439804076.453498 0.015265342 -0.145401582 2.719588280 -0.003153523 0.009495884 -0.004784639 0.999938488
1439804076.516000 0.015093505 -0.146526411 2.749391079 -0.004863255 0.009588114 -0.005259888 0.999928355
1439804076.578502 0.015124671 -0.147848696 2.778751373 -0.006408385 0.009769553 -0.005807116 0.999914885
1439804076.641002 0.016530327 -0.149322569 2.808310986 -0.007381705 0.009624438 -0.006428501 0.999905765
1439804076.703506 0.016532991 -0.150750622 2.837460518 -0.007278804 0.009732843 -0.006332039 0.999906063
1439804076.766007 0.017036851 -0.152312785 2.867398739 -0.006186504 0.009752471 -0.006530857 0.999911964
1439804076.828506 0.017514709 -0.153439939 2.896089554 -0.003970588 0.009872073 -0.006205448 0.999924123
1439804076.891006 0.017348453 -0.155079335 2.925334215 -0.002114091 0.010246227 -0.006048582 0.999926984
1439804076.953507 0.017862342 -0.157188192 2.955278397 -0.000870927 0.010460299 -0.006314924 0.999924958
1439804077.016010 0.017633528 -0.157516301 2.985077858 0.000273167 0.010670096 -0.006083407 0.999924541
1439804077.078511 0.018215027 -0.159702182 3.013705492 0.000039348 0.010690220 -0.005189979 0.999929368
1439804077.141011 0.019699819 -0.161584064 3.043273211 -0.000748404 0.010714576 -0.004500092 0.999932170
1439804077.203512 0.020272393 -0.163079947 3.072108507 -0.001829450 0.010847918 -0.004186671 0.999930739
1439804077.266014 0.021109741 -0.164560065 3.100575209 -0.002573997 0.010817313 -0.004022902 0.999930084
1439804077.328515 0.021029912 -0.166446641 3.130637884 -0.003415890 0.011300966 -0.004796135 0.999918818
1439804077.391016 0.021067683 -0.167476296 3.159455538 -0.004032386 0.011533111 -0.005845680 0.999908268
1439804077.453517 0.021509938 -0.168891385 3.187982559 -0.004598693 0.011560570 -0.006932261 0.999898553
1439804077.516019 0.021935511 -0.170595974 3.217366695 -0.004867190 0.011461168 -0.007443025 0.999894738
1439804077.578520 0.022039179 -0.171943486 3.246056795 -0.004566391 0.011621611 -0.007427142 0.999894440
1439804077.641021 0.022703029 -0.172643885 3.274566412 -0.004104609 0.011572991 -0.006750574 0.999901831
1439804077.703524 0.023928918 -0.174671292 3.303226709 -0.004521693 0.011435875 -0.006519502 0.999903142
1439804077.766023 0.024055403 -0.176303744 3.331873178 -0.004915491 0.011924292 -0.006979758 0.999892473
1439804077.828524 0.024766024 -0.177183017 3.360232592 -0.004830926 0.012116469 -0.007075713 0.999889910
1439804077.891025 0.025647327 -0.178440914 3.388247013 -0.004607822 0.012227225 -0.007428333 0.999887049
1439804077.953526 0.026179988 -0.180331081 3.416402340 -0.004527801 0.012478019 -0.008008144 0.999879837
1439804078.016028 0.026824269 -0.181356221 3.444277048 -0.003761153 0.012596910 -0.008579659 0.999876797
1439804078.078529 0.027023479 -0.182810009 3.472346067 -0.002417618 0.012985118 -0.009166458 0.999870777
1439804078.141031 0.028075036 -0.184146881 3.500082493 -0.000957824 0.012902902 -0.009408489 0.999872029
1439804078.203532 0.028891496 -0.185559005 3.527663231 0.000017980 0.013082362 -0.009417104 0.999870062
1439804078.266033 0.029475078 -0.186976612 3.555437565 0.000662564 0.013193822 -0.009472461 0.999867857
1439804078.328535 0.030175298 -0.188283637 3.583159685 0.000779764 0.013373644 -0.009664865 0.999863565
1439804078.391036 0.030991882 -0.189482942 3.610707045 0.000245775 0.013562344 -0.008924466 0.999868155
1439804078.453538 0.031489521 -0.190846294 3.638383865 -0.000799268 0.014114948 -0.007961420 0.999868333
1439804078.516037 0.032762244 -0.192138776 3.665995121 -0.002652883 0.014137852 -0.006131286 0.999877751
1439804078.578538 0.033760726 -0.193335176 3.693453074 -0.004106502 0.014163945 -0.005620792 0.999875426
1439804078.641039 0.034116246 -0.194607109 3.721255779 -0.005026350 0.014649007 -0.006973413 0.999855757
1439804078.703543 0.034693971 -0.195482552 3.748497963 -0.005289356 0.014925843 -0.007028405 0.999849916
