1439803888.762467 0.000044606 -0.001935140 0.034656204 0.000501302 0.000907030 0.000824735 0.999999106
1439803888.824968 0.000354840 -0.003902512 0.069418214 -0.000026360 0.001694241 0.002451721 0.999995530
1439803888.887469 0.000469173 -0.005466117 0.105688117 -0.001696769 0.002642334 0.003492647 0.999988973
1439803888.949974 0.000499744 -0.007196443 0.140700191 -0.002437386 0.003733036 0.003679037 0.999983311
1439803889.012472 0.001125237 -0.009401137 0.173683837 -0.003130096 0.004453871 0.004397895 0.999975502
1439803889.074974 0.000422390 -0.011080412 0.209936529 -0.003413461 0.005678734 0.003448661 0.999972105
1439803889.137475 0.001511516 -0.012716757 0.240912318 -0.003584405 0.005954208 0.003551490 0.999969542
1439803889.199976 0.002453845 -0.014540880 0.276826531 -0.003743400 0.006518703 0.006017321 0.999953628
1439803889.262478 0.003418170 -0.015594403 0.309116274 -0.005357421 0.007350260 0.009044654 0.999917746
1439803889.324979 0.004242396 -0.016532578 0.343208194 -0.008830780 0.008347511 0.011368893 0.999861538
1439803889.387481 0.005052153 -0.017703479 0.377385497 -0.012013615 0.009689160 0.012419829 0.999803722
1439803889.449981 0.006014429 -0.019649815 0.411152363 -0.010855515 0.010842493 0.011345087 0.999817908
1439803889.512486 0.006302145 -0.021988351 0.443531215 -0.005043992 0.012197202 0.009741749 0.999865413
1439803889.574984 0.007068520 -0.024717519 0.475530773 0.002895680 0.012971464 0.009344395 0.999867976
1439803889.637486 0.007985450 -0.027289068 0.507673621 0.010702600 0.013760416 0.009812614 0.999799907
1439803889.699987 0.009156952 -0.029370192 0.539756715 0.016402919 0.014449129 0.011590071 0.999693871
1439803889.762489 0.010252932 -0.031237679 0.573065877 0.015915032 0.015528678 0.012531928 0.999674201
1439803889.824994 0.011211183 -0.032713704 0.606724322 0.010022094 0.016903350 0.011875315 0.999736369
1439803889.887492 0.012287822 -0.034255475 0.640643716 0.001575756 0.018149577 0.010676594 0.999777019
1439803890.012494 0.014575713 -0.037381098 0.708063602 -0.012882414 0.019816749 0.009095562 0.999679208
1439803890.074997 0.015995156 -0.038501509 0.741732180 -0.015640562 0.020273387 0.010001690 0.999622047
1439803890.137499 0.017436672 -0.040152427 0.773378551 -0.015157858 0.020355836 0.012743164 0.999596655
1439803890.199998 0.018920634 -0.041509449 0.805497169 -0.011733257 0.020483112 0.014587856 0.999614894
1439803890.262502 0.020442210 -0.043121897 0.837510824 -0.007105738 0.020288533 0.015535841 0.999648154
1439803890.325005 0.021578424 -0.044689003 0.869100094 -0.002046099 0.020089250 0.014907121 0.999684930
1439803890.387502 0.022470381 -0.046440680 0.899640799 0.001865278 0.020060645 0.013708746 0.999703050
1439803890.450005 0.023344157 -0.048090629 0.931371868 0.004633704 0.019906355 0.012478339 0.999713242
1439803890.512505 0.024183113 -0.049658328 0.963202178 0.005776816 0.019482190 0.011448708 0.999727964
1439803890.575010 0.025267765 -0.051460572 0.995321751 0.005049346 0.018833244 0.011311401 0.999745905
1439803890.637510 0.026167231 -0.053175852 1.027828336 0.002741095 0.018253380 0.011974161 0.999757946
1439803890.700009 0.027372707 -0.055245839 1.060413957 -0.000073266 0.017674256 0.012903808 0.999760568
1439803890.762514 0.028354730 -0.056839291 1.092759371 -0.001878468 0.017139800 0.013078010 0.999765813
1439803890.825013 0.028976008 -0.059153847 1.124889851 -0.002443999 0.016772330 0.011522495 0.999789953
1439803890.887514 0.029453345 -0.060979523 1.157036424 -0.001483477 0.016630106 0.009644155 0.999814093
1439803890.950015 0.030238312 -0.062641673 1.188634276 0.000677996 0.016192269 0.009336050 0.999825060
1439803891.012516 0.030880872 -0.064539686 1.220988631 0.002875382 0.015715426 0.008600463 0.999835372
1439803891.075016 0.031574287 -0.065816462 1.253129601 0.004378141 0.015115647 0.008252178 0.999842107
1439803891.137517 0.032367472 -0.068117760 1.284470797 0.003799315 0.014644665 0.008327354 0.999850869
1439803891.200018 0.032793917 -0.069183946 1.317583799 0.002053052 0.014468368 0.009036436 0.999852359
1439803891.262519 0.033506401 -0.070809498 1.350037336 -0.000468289 0.014056263 0.009807607 0.999853015
1439803891.325021 0.034291357 -0.072603464 1.383246183 -0.003028623 0.013590444 0.009828713 0.999854743
1439803891.387522 0.034800828 -0.074174240 1.416062474 -0.004410566 0.013437014 0.008784949 0.999861419
1439803891.450024 0.035312831 -0.076107882 1.448884606 -0.004155204 0.013451102 0.007598974 0.999872029
1439803891.512525 0.035720278 -0.078191012 1.481366754 -0.002117112 0.013705092 0.006527521 0.999882519
1439803891.575026 0.036123935 -0.079893686 1.514606357 -0.000033938 0.014058900 0.005515052 0.999885976
1439803891.637528 0.036201954 -0.081909068 1.546955228 0.001922508 0.014228961 0.005837528 0.999879897
1439803891.700029 0.037321895 -0.083790064 1.579320192 0.003473164 0.014474301 0.006634024 0.999867201
1439803891.762530 0.038664475 -0.085411310 1.612024903 0.004250318 0.014769622 0.008317554 0.999847293
1439803891.825032 0.038497850 -0.087439731 1.645212889 0.003755329 0.015420245 0.009039504 0.999833167
1439803891.887533 0.038928602 -0.089612655 1.678260803 0.002944635 0.016244452 0.010125967 0.999812484
1439803891.950034 0.040102243 -0.091134615 1.711371779 0.002378124 0.017011458 0.011515584 0.999786139
1439803892.012536 0.042063624 -0.092913270 1.743753076 0.001891883 0.017348031 0.011762242 0.999778509
1439803892.075037 0.043551441 -0.095215887 1.776329160 0.002153317 0.017671918 0.011992081 0.999769568
1439803892.137539 0.044286780 -0.097037822 1.809513450 0.003196098 0.018246863 0.011756854 0.999759257
1439803892.200040 0.047064602 -0.099485926 1.841025591 0.004069434 0.018552626 0.011492220 0.999753535
1439803892.262542 0.048419692 -0.101478525 1.873312831 0.005015631 0.018836632 0.011130009 0.999748051
1439803892.325044 0.049579579 -0.103428446 1.907348871 0.005900084 0.019386679 0.011787242 0.999725163
1439803892.387547 0.050911844 -0.105588846 1.940016389 0.006444982 0.019945413 0.012788660 0.999698520
1439803892.450047 0.051851824 -0.107587181 1.973108530 0.006344342 0.020680850 0.013219003 0.999678612
1439803892.512548 0.053685404 -0.110083140 2.006422997 0.005785786 0.021259028 0.012224197 0.999682486
1439803892.575051 0.054589648 -0.111867763 2.040438175 0.005148681 0.022171060 0.011261430 0.999677539
1439803892.637550 0.055174075 -0.113728881 2.074370146 0.004369224 0.023129692 0.010982690 0.999662578
1439803892.700052 0.057397027 -0.116193071 2.107111931 0.003211042 0.023485925 0.010931020 0.999659240
1439803892.762552 0.058851276 -0.118321642 2.140596628 0.002495979 0.024013441 0.010254968 0.999655902
1439803892.825068 0.060534883 -0.120445319 2.174370289 0.002054679 0.024608945 0.009425194 0.999650598
1439803892.887555 0.062223170 -0.122364186 2.207908392 0.002006095 0.025429493 0.009497680 0.999629498
1439803892.950057 0.063864127 -0.124310777 2.241633654 0.002374079 0.026441356 0.009297644 0.999604285
1439803893.012558 0.065391883 -0.126307979 2.274415731 0.002834306 0.027498689 0.008597904 0.999580801
1439803893.075059 0.067599714 -0.128203735 2.308207512 0.002618469 0.028490480 0.008022420 0.999558389
1439803893.137564 0.069480360 -0.129798427 2.342029095 0.002209720 0.029465908 0.007862547 0.999532402
1439803893.200064 0.071019776 -0.131428286 2.375569105 0.001556293 0.030372035 0.007790822 0.999507070
1439803893.262564 0.072834879 -0.133540019 2.409401894 0.000941370 0.031088237 0.007951526 0.999484539
1439803893.325063 0.074869417 -0.135427535 2.442832470 0.000595109 0.031770624 0.008112401 0.999462068
1439803893.387564 0.077136345 -0.137469560 2.476229429 0.000767939 0.032486938 0.008506563 0.999435663
1439803893.450065 0.079167686 -0.139448211 2.510078907 0.000846987 0.033213235 0.008727543 0.999409795
1439803893.512565 0.081654780 -0.141150042 2.544140100 0.001065238 0.033937022 0.008482594 0.999387383
1439803893.575066 0.083902411 -0.143095016 2.577821016 0.001044324 0.034648411 0.008661656 0.999361455
1439803893.637567 0.086207293 -0.144566298 2.612174749 -0.000568384 0.035360910 0.009270627 0.999331474
1439803893.700067 0.088764675 -0.146453410 2.646718740 -0.002845252 0.036139619 0.009957636 0.999293089
1439803893.762567 0.091415964 -0.147568598 2.681228161 -0.003905062 0.036994737 0.008347097 0.999272943
1439803893.825068 0.093654968 -0.149367899 2.715634108 -0.003455232 0.038201589 0.006466661 0.999243140
1439803893.887568 0.095941193 -0.151495650 2.748955250 -0.000715435 0.039389107 0.006457486 0.999202847
1439803893.950069 0.099053919 -0.154286444 2.783627033 0.003481200 0.040574536 0.007671854 0.999140978
1439803894.012570 0.101984277 -0.156320795 2.816833258 0.007980005 0.041571517 0.009349836 0.999059916
1439803894.075071 0.104897857 -0.158636808 2.850234985 0.010238877 0.042792838 0.010913071 0.998971879
1439803894.137573 0.108424217 -0.160594463 2.885429382 0.010108587 0.044304308 0.011403662 0.998901844
1439803894.200074 0.111563116 -0.162483096 2.920399904 0.006712887 0.045692369 0.012046428 0.998860359
1439803894.262575 0.114735827 -0.164298698 2.954584122 0.001666377 0.046566349 0.012254965 0.998838663
1439803894.325077 0.118837029 -0.166884601 2.989788532 -0.003100450 0.047253311 0.011909219 0.998807132
1439803894.387577 0.122168958 -0.168287411 3.024548292 -0.006176685 0.047915999 0.013226377 0.998744726
1439803894.450077 0.125134483 -0.169853240 3.059132576 -0.007794701 0.048467457 0.014961874 0.998682261
1439803894.512579 0.129624367 -0.171436027 3.091943264 -0.008466884 0.048664454 0.016983129 0.998634875
1439803894.575078 0.133315280 -0.172717094 3.125829697 -0.008061608 0.049156521 0.017706517 0.998601556
1439803894.637578 0.136958048 -0.174155727 3.160026312 -0.007481289 0.049529724 0.018109152 0.998580456
1439803894.700080 0.140216455 -0.174972236 3.193963528 -0.007008052 0.049762219 0.017743273 0.998578846
1439803894.762580 0.143729076 -0.176247388 3.228424072 -0.007241075 0.049880274 0.017523495 0.998575211
1439803894.825080 0.146712750 -0.177324325 3.262970686 -0.007259614 0.050022043 0.017911274 0.998561084
1439803894.887582 0.150196582 -0.178590566 3.297794580 -0.007619485 0.050013218 0.018535027 0.998547494
1439803894.950082 0.153123319 -0.179651842 3.332621574 -0.007956126 0.050276458 0.019292083 0.998517275
1439803895.012582 0.156898662 -0.180991217 3.366549492 -0.008157781 0.050120153 0.020022634 0.998509169
1439803895.075084 0.160315782 -0.181889296 3.401822805 -0.008259205 0.050127458 0.021114897 0.998485446
1439803895.137583 0.164307892 -0.183356300 3.436494112 -0.009160482 0.049911767 0.022712138 0.998453319
1439803895.200084 0.166935205 -0.184119135 3.467889071 -0.010853139 0.049833171 0.025038153 0.998384655
1439803895.262587 0.170719996 -0.184827775 3.502834797 -0.013393548 0.049495127 0.026923399 0.998321593
1439803895.325085 0.174316674 -0.185742676 3.537776947 -0.015838180 0.049164075 0.027690552 0.998281121
1439803895.387586 0.176808387 -0.186838105 3.572951794 -0.016830504 0.049140770 0.028229333 0.998250961
1439803895.450093 0.181126475 -0.188330472 3.606980801 -0.015577472 0.048556473 0.029425260 0.998265386
1439803895.512588 0.184307590 -0.189431965 3.641304731 -0.011473767 0.048174210 0.030538488 0.998306036
1439803895.575092 0.188116416 -0.190923810 3.675079823 -0.005873821 0.047618628 0.030693762 0.998376608
1439803895.637591 0.190569758 -0.192829624 3.709547281 -0.000776667 0.047696888 0.029552396 0.998424292
1439803895.700093 0.193947911 -0.194467738 3.743832350 0.002607326 0.047528252 0.028797539 0.998451293
1439803895.762594 0.196925998 -0.196084261 3.778749704 0.003466160 0.047556378 0.028976936 0.998442173
1439803895.825095 0.199936554 -0.197842032 3.813922405 0.002055872 0.047471743 0.029386558 0.998438120
1439803895.887596 0.202886194 -0.199096799 3.848889828 -0.000805725 0.047171503 0.028166793 0.998489261
1439803895.950098 0.205808431 -0.200416759 3.885025740 -0.004692471 0.047179617 0.025942914 0.998538435
1439803896.012600 0.208573282 -0.201965719 3.920369625 -0.008719545 0.047046728 0.025207527 0.998536468
1439803896.075101 0.211678341 -0.203095481 3.955679655 -0.012400595 0.046993833 0.025052281 0.998503983
1439803896.137617 0.214976728 -0.204307497 3.990792513 -0.014060753 0.046908125 0.024815690 0.998491883
1439803896.200104 0.218070611 -0.205734164 4.025390148 -0.012889646 0.047034267 0.023567282 0.998531997
1439803896.262605 0.220623717 -0.207302868 4.060392380 -0.009465623 0.047653303 0.021183971 0.998594463
1439803896.325106 0.223645777 -0.208934724 4.095055103 -0.004977837 0.048009936 0.018501602 0.998663127
1439803896.387608 0.225837290 -0.210489750 4.129486561 -0.000672414 0.048420899 0.016390413 0.998692334
1439803896.450110 0.228961632 -0.211649954 4.164247513 0.001322172 0.048507970 0.014907176 0.998710692
1439803896.512611 0.231726244 -0.212680861 4.199813366 0.000038400 0.048607696 0.013996699 0.998719871
1439803896.575112 0.235013321 -0.214121595 4.234880924 -0.003332968 0.048621777 0.013216217 0.998724282
1439803896.637613 0.238404512 -0.215854496 4.270442963 -0.007082989 0.048700638 0.012995607 0.998703778
1439803896.700115 0.241695583 -0.217145309 4.305806637 -0.009724338 0.048952322 0.013375203 0.998664200
1439803896.762616 0.245019004 -0.219047263 4.341026306 -0.010265447 0.049108323 0.014225334 0.998639405
1439803896.825117 0.248685315 -0.220773667 4.375628471 -0.008088239 0.049243566 0.015317430 0.998636603
1439803896.887621 0.251845092 -0.222486243 4.410413265 -0.004714817 0.049615290 0.016080594 0.998627782
1439803896.950120 0.255201697 -0.224071473 4.444839478 -0.001929674 0.049853649 0.016372148 0.998620450
1439803897.012625 0.258556604 -0.225475863 4.479836941 -0.000246360 0.050136369 0.016971570 0.998598158
1439803897.075126 0.262413621 -0.227161050 4.514755726 0.000198023 0.050281730 0.018286819 0.998567641
1439803897.137624 0.266031295 -0.228810310 4.549585819 -0.000690109 0.050359752 0.019629383 0.998538017
1439803897.200126 0.269262671 -0.230512768 4.584631443 -0.002256832 0.050475236 0.019711675 0.998528242
1439803897.262627 0.272859871 -0.232143074 4.619804382 -0.003747067 0.050481670 0.019056132 0.998536170
1439803897.325129 0.276221335 -0.233801007 4.654819489 -0.005114750 0.050714798 0.020235622 0.998495042
1439803897.387630 0.280219167 -0.235326588 4.689548969 -0.005986498 0.050535541 0.021136038 0.998480618
1439803897.450132 0.283550382 -0.236835569 4.724192142 -0.006381196 0.050305489 0.020486794 0.998503327
1439803897.512633 0.286252826 -0.238476440 4.759306431 -0.006603993 0.050380263 0.019380901 0.998520195
1439803897.575135 0.289557397 -0.239817545 4.794310570 -0.006604711 0.050397582 0.019356605 0.998519778
1439803897.637635 0.293259948 -0.240981370 4.828917503 -0.006072051 0.050178669 0.020489989 0.998511612
1439803897.700136 0.296309114 -0.242246628 4.863487720 -0.005371263 0.049985763 0.020696528 0.998521030
1439803897.762636 0.299917996 -0.243687481 4.898902416 -0.004829592 0.049857263 0.020302258 0.998538315
1439803897.825137 0.303264618 -0.245340139 4.933924675 -0.004226195 0.049936846 0.020045321 0.998542249
1439803897.887639 0.306460619 -0.246677399 4.968023300 -0.003844400 0.050093595 0.019438354 0.998547971
1439803897.950143 0.309573770 -0.248034596 5.002737999 -0.004458795 0.050099745 0.019141868 0.998550832
1439803898.012641 0.312931180 -0.249416709 5.037724495 -0.005956273 0.050095972 0.020054420 0.998525262
1439803898.075143 0.316149741 -0.250745535 5.071669102 -0.007359624 0.049997881 0.021229539 0.998496532
1439803898.137646 0.319600642 -0.252237618 5.106550217 -0.008371869 0.050117716 0.021104233 0.998485208
1439803898.200146 0.322793782 -0.253571838 5.141327381 -0.008719128 0.050471861 0.020458708 0.998477876
1439803898.262647 0.325998724 -0.255057693 5.175659180 -0.008475012 0.050831575 0.019852079 0.998473942
1439803898.325149 0.329431713 -0.256295323 5.210644245 -0.007518583 0.050935205 0.019982914 0.998473704
1439803898.387650 0.332881302 -0.257669955 5.245424271 -0.006546465 0.050970864 0.020154623 0.998475313
1439803898.450155 0.336129278 -0.258808315 5.280261040 -0.006166107 0.051133860 0.020559918 0.998461127
1439803898.512652 0.339877129 -0.260363102 5.314957619 -0.006270063 0.051128104 0.020440521 0.998463213
1439803898.575156 0.344027221 -0.261867315 5.349894047 -0.006396987 0.051093519 0.020873770 0.998455226
1439803898.637657 0.347173929 -0.263312519 5.384515762 -0.006965285 0.051359925 0.021294609 0.998428822
1439803898.700157 0.350640684 -0.264567941 5.419351578 -0.007313723 0.051486783 0.021735985 0.998410344
1439803898.762658 0.354529023 -0.266010553 5.453494072 -0.007403726 0.051320117 0.022801492 0.998394489
1439803898.825159 0.357761741 -0.267189562 5.488340378 -0.007357998 0.051433891 0.022965051 0.998385251
1439803898.887660 0.360614955 -0.268322319 5.523629189 -0.007024699 0.051771242 0.022833114 0.998373210
1439803898.950161 0.364132702 -0.269576699 5.559310913 -0.006018760 0.051904678 0.022912143 0.998371005
1439803899.012663 0.367449194 -0.271236748 5.593741417 -0.005522204 0.052056283 0.023868216 0.998343587
1439803899.075165 0.371783018 -0.272066593 5.628906727 -0.005784574 0.051962242 0.024258154 0.998337626
1439803899.137666 0.374716759 -0.273721367 5.662592888 -0.006548197 0.052075043 0.024889767 0.998311520
1439803899.200170 0.379153758 -0.274255455 5.698906898 -0.007270177 0.052073389 0.024048366 0.998327196
1439803899.262668 0.382492363 -0.275063366 5.733697414 -0.008535145 0.052370656 0.023889380 0.998305440
1439803899.325168 0.386339098 -0.276470244 5.769259930 -0.010019482 0.052366730 0.023812070 0.998293698
1439803899.387669 0.389832556 -0.277539492 5.803928375 -0.011724226 0.052452333 0.025004985 0.998241484
1439803899.450169 0.394025266 -0.278158367 5.839303493 -0.013434894 0.052311130 0.026481554 0.998189270
1439803899.512670 0.397312909 -0.279294133 5.874147892 -0.013442664 0.052473940 0.026042081 0.998192132
1439803899.575171 0.400791347 -0.280245543 5.908798218 -0.011570522 0.052834999 0.024586091 0.998233497
1439803899.637671 0.404180229 -0.281318694 5.943361282 -0.008961390 0.053349484 0.022683820 0.998278022
1439803899.700171 0.407835543 -0.282868981 5.978164673 -0.005795540 0.053482112 0.022220081 0.998304725
1439803899.762672 0.411683738 -0.283735245 6.012675762 -0.003039971 0.053512935 0.021977613 0.998320639
1439803899.825173 0.415209830 -0.285849929 6.047718048 -0.002696544 0.053628035 0.022103932 0.998312652
1439803899.887673 0.419265747 -0.287335455 6.082785130 -0.004330957 0.053681843 0.021725552 0.998312354
1439803899.950174 0.423137426 -0.288933992 6.118710518 -0.006449017 0.053906418 0.021996852 0.998282850
1439803900.012675 0.426421314 -0.290930450 6.153735161 -0.008645121 0.054177016 0.021883927 0.998254061
1439803900.075175 0.431073129 -0.292387068 6.189491749 -0.009912423 0.054153275 0.021338884 0.998255372
1439803900.137677 0.433786094 -0.293560088 6.223678112 -0.010763341 0.054486524 0.021509595 0.998224795
1439803900.200177 0.437423289 -0.294569522 6.258677959 -0.011064969 0.054718979 0.021594752 0.998206913
1439803900.262677 0.441320837 -0.295216441 6.293929100 -0.011996412 0.054925650 0.021405157 0.998188913
1439803900.325180 0.445020497 -0.295872122 6.329169750 -0.013537189 0.055271700 0.020748241 0.998163939
1439803900.387680 0.448962688 -0.296488434 6.364175797 -0.012785595 0.055576652 0.020225752 0.998167634
1439803900.450180 0.452658266 -0.298014343 6.398495674 -0.009677873 0.056012101 0.020326845 0.998176217
1439803900.512684 0.457029432 -0.299767315 6.432864666 -0.005275505 0.056395564 0.021114476 0.998171270
1439803900.575184 0.461339474 -0.301201791 6.467402458 -0.000464694 0.056941863 0.021171851 0.998152852
1439803900.637686 0.465521574 -0.303028941 6.502194405 0.003139292 0.057505738 0.021082738 0.998117626
1439803900.700187 0.469303071 -0.304482996 6.537038803 0.003130980 0.058144271 0.020960832 0.998083234
1439803900.762691 0.472849935 -0.305775106 6.572485924 0.000000504 0.058865376 0.021194039 0.998040915
1439803900.825189 0.477052778 -0.307672113 6.608463764 -0.004404895 0.059178673 0.021825785 0.997999072
1439803900.887690 0.481286883 -0.309030443 6.644041538 -0.008170426 0.059421819 0.021952879 0.997958064
1439803900.950193 0.485907227 -0.310436428 6.679426670 -0.011070257 0.059751891 0.023732333 0.997869670
1439803901.012693 0.490335107 -0.311383903 6.715229988 -0.012179856 0.060292371 0.025313066 0.997785389
1439803901.075194 0.494465888 -0.312591732 6.749851704 -0.010910447 0.060814694 0.026100876 0.997748077
1439803901.137694 0.498804510 -0.314463794 6.784729481 -0.007900533 0.061527647 0.025824187 0.997739971
1439803901.200198 0.503104270 -0.316165715 6.819042206 -0.004674489 0.062410969 0.025796885 0.997706115
1439803901.262696 0.507676780 -0.317527980 6.854232788 -0.001572645 0.063027784 0.027131747 0.997641683
1439803901.325197 0.512312174 -0.318921775 6.889202118 0.000619372 0.063540377 0.028606132 0.997569025
1439803901.387699 0.517129660 -0.320689976 6.923728943 0.000686742 0.063965127 0.029487913 0.997516155
1439803901.450201 0.521644413 -0.322616637 6.958633423 -0.000874170 0.064619772 0.030753424 0.997435570
1439803901.512702 0.526527584 -0.323838830 6.994040966 -0.002955986 0.065033279 0.032128662 0.997361362
1439803901.575203 0.531063080 -0.325255096 7.029045582 -0.005277052 0.065466814 0.033206187 0.997288108
1439803901.637705 0.536113203 -0.326826692 7.063869953 -0.007123400 0.065738171 0.035233803 0.997189224
1439803901.700207 0.541114330 -0.328132004 7.099035263 -0.008328619 0.066021875 0.036142938 0.997128606
1439803901.762709 0.545765162 -0.329485834 7.133449078 -0.008646874 0.066254258 0.037111592 0.997074902
1439803901.825211 0.550488234 -0.330801606 7.167944908 -0.009029453 0.066515334 0.037918847 0.997023761
1439803901.887712 0.555316627 -0.331649840 7.202653408 -0.009551512 0.066783756 0.037556909 0.997014642
1439803901.950212 0.559917092 -0.332665622 7.237308502 -0.010301867 0.067018338 0.036460306 0.997032106
1439803902.012714 0.564212501 -0.333263397 7.272099495 -0.011282530 0.067276657 0.035561077 0.997036576
1439803902.075216 0.568921447 -0.334071130 7.306652546 -0.012699727 0.067389473 0.034503274 0.997049093
1439803902.137717 0.573315859 -0.334857762 7.341262341 -0.013934483 0.067657694 0.033148479 0.997060359
1439803902.200218 0.577784479 -0.335631013 7.375581741 -0.015143683 0.067933038 0.032015048 0.997061074
1439803902.262719 0.582445979 -0.336443335 7.409849644 -0.016514737 0.068301804 0.030656304 0.997056842
1439803902.325221 0.586543500 -0.337196320 7.444287777 -0.017186599 0.068943374 0.029708270 0.997030020
1439803902.387721 0.590962291 -0.338030964 7.478531361 -0.017688666 0.069501393 0.028582234 0.997015417
1439803902.450224 0.595743895 -0.338674664 7.512835503 -0.018207772 0.069987781 0.027812691 0.996993780
1439803902.512727 0.600138545 -0.338974863 7.547188759 -0.017604381 0.070527241 0.026461404 0.997003436
1439803902.575227 0.604795337 -0.340163708 7.580987930 -0.016044669 0.070768163 0.025923029 0.997026801
1439803902.637728 0.609933734 -0.340938747 7.614471912 -0.014369878 0.070738442 0.026626416 0.997035921
1439803902.700243 0.614522517 -0.341702998 7.648227215 -0.013256684 0.070839316 0.027109204 0.997031152
1439803902.762731 0.619147956 -0.342332482 7.681680679 -0.012184092 0.070828386 0.027734745 0.997028410
1439803902.825231 0.623912096 -0.343461931 7.715473175 -0.011323370 0.070936218 0.027610289 0.997034371
1439803902.887733 0.628655910 -0.344426632 7.749204636 -0.010984988 0.071036167 0.028244874 0.997013211
1439803902.950234 0.633691549 -0.345294774 7.782431602 -0.011068639 0.071015343 0.029260663 0.996984482
1439803903.012736 0.637870312 -0.346832752 7.816084862 -0.011662286 0.071016893 0.029957682 0.996956944
1439803903.075237 0.642663479 -0.347334921 7.850050926 -0.012566865 0.070982955 0.030053867 0.996945441
1439803903.137739 0.648240745 -0.347866178 7.883896828 -0.013918353 0.070702903 0.031063532 0.996916473
1439803903.200240 0.652129650 -0.348840594 7.916692734 -0.015865928 0.070730396 0.031838540 0.996860981
1439803903.262742 0.657063127 -0.349616766 7.950285435 -0.016737657 0.070394218 0.033215534 0.996825576
1439803903.325243 0.661535501 -0.350593388 7.983109951 -0.015693173 0.070080779 0.032868881 0.996876180
1439803903.387744 0.666205645 -0.351808369 8.016293526 -0.012865729 0.069761373 0.032419845 0.996953726
1439803903.450245 0.670940459 -0.352835476 8.049270630 -0.009788181 0.069337912 0.032723308 0.997008324
1439803903.512751 0.676251292 -0.354124010 8.082564354 -0.007401055 0.068699062 0.033031274 0.997062981
1439803903.575251 0.679635584 -0.354864717 8.114859581 -0.006905179 0.068301409 0.033617917 0.997074246
1439803903.637751 0.683935046 -0.355695397 8.147721291 -0.009007727 0.067914769 0.034316320 0.997060120
1439803903.700253 0.688292503 -0.356667280 8.181184769 -0.012863980 0.067607366 0.035372265 0.997001767
1439803903.762753 0.692710578 -0.357189238 8.214768410 -0.016920248 0.067089759 0.035443995 0.996973634
1439803903.825255 0.697376549 -0.357796192 8.248235703 -0.019792328 0.066501975 0.035409451 0.996961355
1439803903.887756 0.701763868 -0.358266592 8.280961037 -0.020265920 0.066038445 0.035480730 0.996980071
1439803903.950257 0.705755472 -0.359092712 8.313605309 -0.018967876 0.065745696 0.034829985 0.997047961
1439803904.012758 0.709578276 -0.360061288 8.345923424 -0.016308395 0.065519221 0.034709457 0.997114122
1439803904.075262 0.714165628 -0.361063868 8.378694534 -0.013135234 0.065309621 0.034950279 0.997166276
1439803904.137761 0.718171954 -0.362015992 8.410573006 -0.010167512 0.065174602 0.035118382 0.997203887
1439803904.200260 0.723134160 -0.362783551 8.442561150 -0.008350622 0.064812310 0.034712303 0.997258544
1439803904.262764 0.726360083 -0.363580167 8.474876404 -0.007848379 0.064933427 0.033362780 0.997300863
1439803904.325262 0.730503678 -0.364705026 8.506872177 -0.008618731 0.065175556 0.032214221 0.997316480
1439803904.387762 0.734321296 -0.365121365 8.539356232 -0.010263875 0.065525047 0.031228939 0.997309327
1439803904.450265 0.738572776 -0.366272569 8.572581291 -0.012331458 0.065613940 0.030906912 0.997290075
1439803904.512765 0.742808938 -0.367308706 8.604776382 -0.014191460 0.065708347 0.031768553 0.997232020
1439803904.575265 0.747798145 -0.368022323 8.637266159 -0.015371849 0.065776736 0.032843050 0.997175217
1439803904.637765 0.752120495 -0.368799686 8.669018745 -0.016541287 0.066072129 0.033721995 0.997107625
1439803904.700267 0.756469846 -0.369583189 8.700981140 -0.016942963 0.066423036 0.034321617 0.997057140
1439803904.762767 0.760902166 -0.370225638 8.732836723 -0.017042819 0.066912234 0.034032650 0.997032642
1439803904.825269 0.765011549 -0.370619774 8.764746666 -0.017291002 0.067280173 0.034629352 0.996983051
1439803904.887770 0.769784927 -0.370998234 8.795993805 -0.018118612 0.067325778 0.034838509 0.996957958
1439803904.950271 0.774030209 -0.371883810 8.826889992 -0.019062722 0.067497462 0.034572165 0.996938050
1439803905.012771 0.778041899 -0.371849209 8.859044075 -0.019124424 0.067898363 0.034515675 0.996911585
1439803905.075272 0.782520056 -0.372332245 8.889694214 -0.019468689 0.068296544 0.034320518 0.996884465
1439803905.137772 0.786739945 -0.373020709 8.921537399 -0.019545620 0.069216095 0.033364367 0.996851981
1439803905.200273 0.790883362 -0.373588473 8.952488899 -0.019348124 0.070356436 0.032595564 0.996801436
1439803905.262773 0.795180440 -0.373945862 8.983517647 -0.019483423 0.071615040 0.031145411 0.996755540
1439803905.325274 0.800839186 -0.374232560 9.014197350 -0.020756569 0.072460137 0.031049779 0.996671736
1439803905.387774 0.804910064 -0.374483228 9.045567513 -0.021087065 0.073735610 0.031005636 0.996572614
1439803905.450275 0.809787631 -0.375022054 9.077310562 -0.020808550 0.074528404 0.030672491 0.996529818
1439803905.512775 0.814284325 -0.375742704 9.107516289 -0.019828729 0.075590119 0.029680194 0.996499896
1439803905.575278 0.818770111 -0.375898600 9.139164925 -0.018280832 0.076614179 0.028968828 0.996472239
1439803905.637780 0.823797822 -0.376564384 9.169476509 -0.016544705 0.077358022 0.027618820 0.996483445
1439803905.700283 0.828187764 -0.377167195 9.199482918 -0.015594906 0.078224994 0.025979770 0.996475160
1439803905.762781 0.832468808 -0.377600789 9.230278015 -0.015521109 0.078696512 0.023890352 0.996491432
1439803905.825280 0.836542189 -0.378040165 9.260476112 -0.015940456 0.079382621 0.021840950 0.996477425
1439803905.887782 0.841401815 -0.378611177 9.291199684 -0.017166030 0.079843104 0.020078223 0.996457338
1439803905.950283 0.846059740 -0.378927737 9.321513176 -0.018698931 0.080340132 0.018829064 0.996414185
1439803906.012785 0.850740612 -0.379286259 9.351211548 -0.019841272 0.080785617 0.017419120 0.996381760
1439803906.075286 0.855599105 -0.380034655 9.380792618 -0.019951528 0.081244037 0.016852600 0.996352017
1439803906.137789 0.860330224 -0.380568355 9.409679413 -0.019474730 0.081824981 0.016875150 0.996313512
1439803906.200294 0.865111053 -0.381124675 9.438704491 -0.018817183 0.082413770 0.016650537 0.996281385
1439803906.262793 0.869451880 -0.381644875 9.467254639 -0.018697403 0.083022133 0.015014973 0.996259153
1439803906.325293 0.873834848 -0.381857514 9.495905876 -0.018996457 0.083586149 0.013366376 0.996229768
1439803906.387796 0.878160417 -0.382368058 9.524196625 -0.018483574 0.084069930 0.012412542 0.996211112
1439803906.450298 0.883165419 -0.383325577 9.551770210 -0.017268654 0.084211305 0.013620642 0.996205151
1439803906.512798 0.887849569 -0.384385169 9.578742027 -0.015243609 0.084294260 0.016988445 0.996179461
1439803906.575299 0.893607497 -0.385258108 9.606536865 -0.013520345 0.084215060 0.020229474 0.996150494
1439803906.637799 0.898820758 -0.386130452 9.633720398 -0.012512567 0.084286228 0.022994800 0.996097624
1439803906.700301 0.903824985 -0.387036860 9.660508156 -0.011969875 0.084457532 0.024762612 0.996047437
1439803906.762804 0.908310533 -0.387500226 9.687435150 -0.012563201 0.084561214 0.025179539 0.996020854
1439803906.825303 0.912766278 -0.387951314 9.714600563 -0.014006049 0.084475912 0.024852870 0.996017039
1439803906.887807 0.917051852 -0.388272613 9.741645813 -0.016485127 0.084254198 0.024512332 0.996006310
1439803906.950307 0.921151161 -0.388491243 9.767982483 -0.019562645 0.083831534 0.024494663 0.995986760
1439803907.012810 0.925574720 -0.388881475 9.794226646 -0.022133006 0.083445489 0.025729986 0.995934188
1439803907.075309 0.930206418 -0.389004052 9.820919037 -0.023921493 0.083106428 0.027115107 0.995884478
1439803907.137811 0.934831500 -0.389397979 9.846663475 -0.024375182 0.082688302 0.028376484 0.995873094
1439803907.200311 0.938768089 -0.389731169 9.872119904 -0.024314333 0.082727857 0.028551979 0.995866299
1439803907.262812 0.943157673 -0.390042543 9.897611618 -0.023649670 0.082543351 0.027970564 0.995914102
1439803907.325312 0.947122037 -0.390348881 9.922501564 -0.022225244 0.082618423 0.026889315 0.995970428
1439803907.387813 0.950890362 -0.390815943 9.947607040 -0.020748630 0.082648709 0.025475485 0.996037006
1439803907.450314 0.954600275 -0.391102612 9.972194672 -0.019494304 0.082475558 0.024104998 0.996110797
1439803907.512814 0.958400846 -0.391539603 9.996739388 -0.018109858 0.082332566 0.023233250 0.996169448
1439803907.575314 0.962371886 -0.392098755 10.021225929 -0.016584078 0.082195707 0.023219019 0.996207654
1439803907.637816 0.966336846 -0.392860234 10.045169830 -0.014933996 0.082135037 0.023154652 0.996240258
1439803907.700317 0.970194280 -0.393738121 10.068746567 -0.013379257 0.082147844 0.022833187 0.996268749
1439803907.762819 0.973942518 -0.394555926 10.092461586 -0.012143907 0.082125776 0.023032900 0.996281743
1439803907.825321 0.977956116 -0.395393461 10.115396500 -0.011700465 0.081959859 0.023424128 0.996291637
1439803907.887821 0.981577337 -0.396019340 10.138671875 -0.011954853 0.081955850 0.023530008 0.996286452
1439803907.950324 0.984989047 -0.396465629 10.161871910 -0.012833931 0.082016930 0.023003809 0.996282756
1439803908.012827 0.988583863 -0.396850199 10.184594154 -0.013973820 0.081745140 0.022576613 0.996299565
1439803908.075326 0.991858840 -0.397255927 10.206889153 -0.015121986 0.081282303 0.022730650 0.996317148
1439803908.137827 0.995423377 -0.397908181 10.228774071 -0.016056435 0.080210112 0.023618123 0.996368766
1439803908.200327 0.998634458 -0.398446083 10.250616074 -0.016991284 0.078910261 0.024709545 0.996430635
1439803908.262828 1.001737118 -0.399071574 10.271867752 -0.018042028 0.077203967 0.025141321 0.996535003
1439803908.325332 1.004556894 -0.399442613 10.293090820 -0.018943146 0.075393550 0.025743920 0.996641457
1439803908.387829 1.007228732 -0.399867237 10.314158440 -0.019600745 0.073650233 0.025665924 0.996761143
1439803908.450329 1.009621978 -0.400177568 10.334825516 -0.019977178 0.072064608 0.024527313 0.996898174
1439803908.512831 1.011732578 -0.400509000 10.354944229 -0.020234220 0.070583090 0.023902332 0.997014165
1439803908.575332 1.013760805 -0.400650531 10.374974251 -0.020404814 0.069014728 0.022826431 0.997145712
1439803908.637834 1.015538216 -0.400761545 10.394753456 -0.020740103 0.066922151 0.021979274 0.997300446
1439803908.700335 1.017463923 -0.400831401 10.414460182 -0.020850511 0.064145118 0.021689268 0.997486949
1439803908.762836 1.019508004 -0.401733667 10.433368683 -0.021120509 0.060876463 0.021978423 0.997679770
1439803908.825337 1.020960331 -0.402310163 10.452121735 -0.021015190 0.057518438 0.022203758 0.997876227
1439803908.887838 1.022369623 -0.402662754 10.471147537 -0.020918861 0.053931333 0.022809990 0.998064876
1439803908.950340 1.023437738 -0.402889758 10.489410400 -0.021112721 0.050145689 0.022595640 0.998263061
1439803909.012842 1.024376392 -0.403096437 10.508039474 -0.021498024 0.046392370 0.021801155 0.998453975
1439803909.075343 1.024965286 -0.403461576 10.525943756 -0.021664942 0.042713061 0.021592770 0.998619020
1439803909.137844 1.025428772 -0.403635681 10.543767929 -0.021517143 0.039252460 0.020188639 0.998793602
1439803909.200348 1.025687933 -0.403808147 10.561491013 -0.021758817 0.036047533 0.018442590 0.998942971
1439803909.262847 1.026024699 -0.403847277 10.578992844 -0.022196509 0.033047590 0.016462615 0.999071658
1439803909.325349 1.026102543 -0.404227018 10.596254349 -0.022779984 0.030168684 0.014090830 0.999185860
1439803909.387850 1.026041985 -0.404499412 10.613356590 -0.023002267 0.027359979 0.012367742 0.999284446
1439803909.450351 1.026173592 -0.404924721 10.630120277 -0.023142891 0.024668060 0.011012244 0.999367118
1439803909.512853 1.025955319 -0.405216634 10.646676064 -0.023260862 0.022516666 0.009537712 0.999430299
1439803909.575354 1.026026249 -0.405473053 10.663153648 -0.023582404 0.020627068 0.008667811 0.999471486
1439803909.637856 1.026249886 -0.405586898 10.679622650 -0.023513058 0.018700749 0.009512534 0.999503374
1439803909.700356 1.026563168 -0.406033099 10.694779396 -0.023223663 0.016564960 0.010718925 0.999535561
1439803909.762858 1.026663542 -0.406195134 10.710468292 -0.022787526 0.014378322 0.011848749 0.999566674
1439803909.825360 1.026848435 -0.406557024 10.725456238 -0.022719374 0.012233311 0.012304602 0.999591291
1439803909.887861 1.026862502 -0.406744719 10.740092278 -0.022572938 0.010504797 0.012989854 0.999605596
1439803909.950362 1.026683807 -0.406998247 10.754284859 -0.022314684 0.009230957 0.012144129 0.999634624
1439803910.012864 1.026193500 -0.407347858 10.767955780 -0.021599175 0.008301769 0.010533652 0.999676764
1439803910.075367 1.025825500 -0.407889724 10.780879974 -0.020588135 0.007434175 0.009781830 0.999712527
1439803910.137868 1.025669813 -0.408467323 10.793321609 -0.019543272 0.006319533 0.008911164 0.999749303
1439803910.200369 1.025335312 -0.408920228 10.805341721 -0.018654110 0.005112570 0.007706508 0.999783218
1439803910.262870 1.024997830 -0.409232646 10.816676140 -0.017789792 0.004043222 0.007275828 0.999807060
1439803910.325371 1.024897695 -0.409561723 10.827786446 -0.017465923 0.003121745 0.007371195 0.999815404
1439803910.387872 1.024798512 -0.409674108 10.838654518 -0.017180264 0.002510635 0.007939420 0.999817729
1439803910.450373 1.024760962 -0.409737229 10.848945618 -0.016714334 0.001783135 0.009647630 0.999812186
1439803910.512875 1.024922013 -0.409945637 10.858785629 -0.015918592 0.000730246 0.011602818 0.999805689
1439803910.575377 1.024957180 -0.410309315 10.868197441 -0.014944011 -0.000313722 0.012560776 0.999809384
1439803910.637877 1.024797440 -0.410706431 10.877146721 -0.014260864 -0.000876276 0.012602534 0.999818504
1439803910.700381 1.024439096 -0.410935163 10.885840416 -0.014050636 -0.000997318 0.011659477 0.999832809
1439803910.762880 1.023901463 -0.411110938 10.894147873 -0.014114995 -0.001197088 0.010167757 0.999847949
1439803910.825381 1.023445129 -0.411247224 10.902108192 -0.014166582 -0.001981753 0.009407417 0.999853432
1439803910.887883 1.023136139 -0.411293417 10.909609795 -0.013987811 -0.002969784 0.008738178 0.999859571
1439803910.950384 1.022943258 -0.411508322 10.916662216 -0.013748413 -0.003559469 0.008261479 0.999864995
1439803911.012901 1.022854447 -0.411819398 10.923172951 -0.013608450 -0.003732670 0.008268108 0.999866247
1439803911.075387 1.022691965 -0.411983460 10.929249763 -0.013460915 -0.003923039 0.008249452 0.999867678
1439803911.137888 1.022476554 -0.412228853 10.935033798 -0.013508782 -0.004331428 0.007842586 0.999868631
1439803911.200390 1.021973848 -0.412447929 10.940328598 -0.013811179 -0.004874737 0.007212326 0.999866724
1439803911.262891 1.021797180 -0.412710428 10.945061684 -0.014399481 -0.005509378 0.006591716 0.999859393
1439803911.325393 1.021637678 -0.412895113 10.949387550 -0.014790245 -0.005673190 0.005975622 0.999856651
1439803911.387894 1.021589279 -0.413041979 10.953289986 -0.014696509 -0.005534234 0.005688535 0.999860466
1439803911.450400 1.021327257 -0.413267344 10.956890106 -0.014300192 -0.005425014 0.005585641 0.999867439
1439803911.512900 1.021260500 -0.413267195 10.960375786 -0.013722573 -0.005812794 0.005538187 0.999873579
1439803911.575399 1.021167159 -0.413402498 10.963580132 -0.013332735 -0.006344552 0.005151896 0.999877691
1439803911.637900 1.021047115 -0.413588226 10.966761589 -0.013119546 -0.006597910 0.004751491 0.999880910
1439803911.700401 1.020838261 -0.413593590 10.969759941 -0.012986552 -0.006421554 0.004436606 0.999885201
1439803911.762902 1.020723939 -0.413670659 10.972519875 -0.013101204 -0.006284302 0.004224159 0.999885499
1439803911.825404 1.020624042 -0.413756728 10.975249290 -0.013302542 -0.006486614 0.003969563 0.999882579
1439803911.887909 1.020477533 -0.413855433 10.977667809 -0.013494804 -0.006863364 0.003741207 0.999878407
1439803911.950407 1.020508051 -0.413872391 10.980186462 -0.013536709 -0.007159478 0.003786334 0.999875546
1439803912.012908 1.020526171 -0.414054483 10.982404709 -0.013642780 -0.007133575 0.003972271 0.999873579
1439803912.075410 1.020483017 -0.414084882 10.984614372 -0.013683205 -0.006957897 0.004142347 0.999873579
1439803912.137911 1.020645380 -0.414178431 10.986735344 -0.013698884 -0.007011530 0.004339148 0.999872148
1439803912.200412 1.020569205 -0.414187729 10.988889694 -0.013588996 -0.007041865 0.004564759 0.999872446
1439803912.262913 1.020659924 -0.414294571 10.991087914 -0.013406464 -0.007081252 0.004624108 0.999874353
1439803912.325414 1.020694971 -0.414290816 10.993499756 -0.013147847 -0.007020906 0.004531466 0.999878645
1439803912.387918 1.020739198 -0.414383382 10.995725632 -0.012990368 -0.006906493 0.004454471 0.999881864
1439803912.450419 1.020771503 -0.414340883 10.998194695 -0.012829731 -0.006787541 0.004459231 0.999884725
1439803912.512921 1.020725608 -0.414568514 11.000571251 -0.012852738 -0.006567818 0.004567378 0.999885380
1439803912.575422 1.020804167 -0.414652735 11.003135681 -0.012798090 -0.006308566 0.004775023 0.999886811
1439803912.637925 1.020820022 -0.414673507 11.005784035 -0.012731623 -0.005805821 0.004926537 0.999889970
1439803912.700427 1.021057129 -0.414681137 11.008674622 -0.012650041 -0.005191600 0.005052373 0.999893725
1439803912.762926 1.021120548 -0.414641589 11.011524200 -0.012566281 -0.004340521 0.005050917 0.999898851
1439803912.825427 1.021183014 -0.414636225 11.014358521 -0.012483982 -0.003563610 0.004960892 0.999903381
1439803912.887929 1.021476388 -0.414994717 11.017278671 -0.012539908 -0.003083174 0.005213883 0.999903023
1439803912.950430 1.021642685 -0.415156752 11.020108223 -0.012440227 -0.002393184 0.005611602 0.999903977
1439803913.012930 1.021810889 -0.415118873 11.023093224 -0.012237442 -0.001196601 0.005769645 0.999907732
1439803913.075431 1.022056937 -0.415337116 11.026161194 -0.012293817 0.000518495 0.006004931 0.999906242
1439803913.137934 1.022598743 -0.415247262 11.029483795 -0.012316504 0.002178034 0.006057164 0.999903440
1439803913.200434 1.022842526 -0.415324569 11.032571793 -0.012521535 0.003687086 0.005967902 0.999897003
1439803913.262936 1.023197174 -0.415441424 11.035827637 -0.012723815 0.005059025 0.005883611 0.999888957
1439803913.325437 1.023579240 -0.415578067 11.039011955 -0.012843417 0.006790930 0.005803437 0.999877632
1439803913.387944 1.024136066 -0.415844887 11.042188644 -0.012950301 0.009095231 0.005726753 0.999858379
1439803913.450441 1.024945378 -0.415720403 11.045631409 -0.012821394 0.011472554 0.005930009 0.999834418
1439803913.512945 1.025591612 -0.415595502 11.049075127 -0.012713894 0.013701491 0.006209420 0.999806046
1439803913.575444 1.026271343 -0.415724367 11.052350998 -0.012718922 0.015559085 0.006567056 0.999776483
1439803913.637944 1.026652336 -0.415615082 11.055824280 -0.012436126 0.017731404 0.006768872 0.999742508
1439803913.700446 1.027184963 -0.415911317 11.059021950 -0.012337041 0.020316886 0.007029807 0.999692738
1439803913.762948 1.028332829 -0.415847123 11.062745094 -0.012019464 0.023148097 0.006896044 0.999636054
1439803913.825451 1.029092073 -0.415859044 11.066402435 -0.011863436 0.026436660 0.006853888 0.999556601
1439803913.887951 1.029970765 -0.415988535 11.069983482 -0.011923851 0.029622355 0.006743133 0.999467254
1439803913.950453 1.030754566 -0.415964901 11.073728561 -0.011982950 0.033034027 0.006488180 0.999361336
1439803914.012955 1.031815767 -0.416109502 11.077392578 -0.012145468 0.036712281 0.006468175 0.999231160
1439803914.075456 1.033008456 -0.416415721 11.080915451 -0.012203720 0.040797327 0.006557209 0.999071419
1439803914.137959 1.034215927 -0.416579604 11.084570885 -0.011927960 0.045219831 0.006589259 0.998884141
1439803914.200459 1.035833955 -0.416779727 11.088229179 -0.011490846 0.049778696 0.006854461 0.998670638
1439803914.262960 1.037332058 -0.416891068 11.091864586 -0.011001476 0.054845843 0.007133887 0.998408735
1439803914.325460 1.038816214 -0.416997612 11.095597267 -0.010503200 0.060532521 0.007360446 0.998083830
1439803914.387962 1.040463328 -0.416924298 11.099507332 -0.009906144 0.066716604 0.007439544 0.997695029
1439803914.450464 1.042435884 -0.417263329 11.103586197 -0.009534549 0.073390797 0.007467889 0.997229755
1439803914.575463 1.057253957 -0.422598183 11.100874901 -0.011818863 0.076674007 0.009644995 0.996939540
1439803914.637964 1.049889207 -0.418446422 11.117162704 -0.008579685 0.098198563 0.008315845 0.995095134
1439803914.700463 1.052839041 -0.418395460 11.122250557 -0.008461202 0.108093783 0.009289010 0.994061291
1439803914.762968 1.056891799 -0.418390781 11.127280235 -0.008383615 0.117874838 0.009285065 0.992949665
1439803914.825465 1.060255527 -0.418817997 11.132699013 -0.008050920 0.128459558 0.009291366 0.991638541
1439803914.950465 1.068092108 -0.419528693 11.143892288 -0.006926014 0.150638446 0.010509476 0.988508761
1439803915.012970 1.072568893 -0.419640422 11.150000572 -0.007117284 0.162766263 0.010622259 0.986581802
1439803915.075467 1.077055693 -0.418746948 11.156714439 -0.006880321 0.175650135 0.010710624 0.984370351
1439803915.137966 1.082833290 -0.419793576 11.162467003 -0.007954627 0.188136712 0.010897676 0.982050180
1439803915.200472 1.088670492 -0.419409901 11.168833733 -0.007948807 0.201143607 0.011315165 0.979464173
1439803915.325471 1.101294279 -0.420420289 11.181230545 -0.009041566 0.229333892 0.014732733 0.973194301
1439803915.387969 1.107913971 -0.420558214 11.188140869 -0.009011121 0.245023981 0.016615948 0.969332755
1439803915.450470 1.116371155 -0.420275867 11.194027901 -0.008897404 0.260086715 0.017607296 0.965383708
1439803915.512970 1.124715328 -0.420208722 11.200536728 -0.008612037 0.276167661 0.017583199 0.960910022
1439803915.575473 1.133384705 -0.420183271 11.206716537 -0.008473754 0.292504668 0.018262049 0.956052125
1439803915.700478 1.150648594 -0.420521051 11.219154358 -0.010539305 0.326501638 0.019060735 0.944945633
1439803915.762972 1.162020206 -0.419872314 11.226142883 -0.011375611 0.342462242 0.018716594 0.939276278
1439803915.825472 1.172124386 -0.419996321 11.232381821 -0.012948017 0.359439731 0.019216880 0.932880580
1439803915.887974 1.182982922 -0.420336902 11.238023758 -0.014468631 0.376258940 0.019698029 0.926192105
1439803915.950475 1.194861889 -0.418794900 11.243835449 -0.014212713 0.392350018 0.020291789 0.919482291
1439803916.012976 1.204445839 -0.418639570 11.251008987 -0.015234770 0.410226822 0.022148332 0.911587238
1439803916.075477 1.223613262 -0.414870769 11.253686905 -0.014361301 0.421604633 0.020513240 0.906433940
