1439803886.887438 0.000002398 -0.002128920 0.044552330 -0.001389767 0.001094366 0.000395126 0.999998331
1439803886.949936 -0.000076658 -0.004315341 0.088850841 -0.002421740 0.002243529 0.001283506 0.999993682
1439803887.012437 0.000569539 -0.007032467 0.134859189 -0.002548968 0.003167467 0.002411110 0.999988794
1439803887.074940 0.000811102 -0.009668644 0.179124802 -0.001288350 0.004248917 0.002918249 0.999985874
1439803887.137438 0.001224768 -0.011862736 0.222893208 0.000972346 0.005473606 0.003684107 0.999977767
1439803887.199938 0.001691233 -0.014580003 0.267321378 0.003005561 0.006625069 0.003379357 0.999967813
1439803887.262440 0.001726069 -0.017035447 0.311760426 0.004035187 0.007789655 0.002449404 0.999958515
1439803887.324940 0.003339593 -0.020042052 0.356323957 0.003404159 0.008507958 0.002628421 0.999954581
1439803887.387440 0.003473901 -0.023811772 0.398500800 0.001711555 0.009449350 0.003660676 0.999947190
1439803887.449942 0.005621539 -0.026386367 0.444274783 0.000180918 0.010166513 0.004817506 0.999936700
1439803887.512442 0.006079365 -0.029640302 0.486681074 -0.001356709 0.010860819 0.005153920 0.999926805
1439803887.574942 0.007021219 -0.032375496 0.530904472 -0.002021817 0.011855765 0.006095718 0.999909103
1439803887.637443 0.007793822 -0.035057388 0.574936509 -0.002408125 0.012814224 0.007694603 0.999885380
1439803887.699943 0.008256637 -0.037109610 0.620561779 -0.002286601 0.013612594 0.008322919 0.999870121
1439803887.762446 0.009371502 -0.039861798 0.663443923 -0.002168017 0.014321067 0.008679024 0.999857426
1439803887.824948 0.010631640 -0.042233195 0.707378626 -0.001554894 0.014847471 0.008841514 0.999849439
1439803887.887448 0.010492017 -0.044649467 0.751009643 -0.000877836 0.015457172 0.008180354 0.999846637
1439803887.949950 0.013278625 -0.047844980 0.793730021 0.000069728 0.015099788 0.009334277 0.999842405
1439803888.012450 0.015219193 -0.050241310 0.837947130 0.001351204 0.015168065 0.010334461 0.999830663
1439803888.074952 0.015945576 -0.053044397 0.881681561 0.001702404 0.015534198 0.010339081 0.999824405
1439803888.137453 0.017391425 -0.056085084 0.924997449 0.001232441 0.015361366 0.010979196 0.999820948
1439803888.199955 0.018256567 -0.058625881 0.968316257 0.000478035 0.015776740 0.011019590 0.999814689
1439803888.262458 0.019516248 -0.061086550 1.011713862 -0.000176414 0.015937977 0.011265645 0.999809504
1439803888.324957 0.021009432 -0.063380457 1.055216312 -0.001147240 0.015782420 0.011801018 0.999805152
1439803888.387459 0.022080587 -0.065849401 1.097310424 -0.001716130 0.015923191 0.011234906 0.999808609
1439803888.449960 0.023058642 -0.068330139 1.139957428 -0.001618265 0.015979540 0.009894183 0.999822021
1439803888.512463 0.024259506 -0.070714317 1.183055639 -0.000879394 0.016152320 0.010077657 0.999818385
1439803888.574963 0.025649410 -0.073112294 1.225908279 -0.000182516 0.016414043 0.008706729 0.999827325
1439803888.637465 0.027011698 -0.075654499 1.270525336 0.000174498 0.016707357 0.007077890 0.999835372
1439803888.699966 0.028841827 -0.078006856 1.313210130 0.000743085 0.017252058 0.007278588 0.999824405
1439803888.762467 0.029662136 -0.080483705 1.354657769 0.001208043 0.018317729 0.007900371 0.999800265
1439803888.824968 0.031211628 -0.082749918 1.396632314 0.000708959 0.019170204 0.009456690 0.999771237
1439803888.887469 0.033029489 -0.084673144 1.438885212 -0.000944354 0.019997412 0.010583486 0.999743581
1439803888.949974 0.034829192 -0.087196730 1.482298136 -0.001751249 0.020942986 0.011036333 0.999718189
1439803889.012472 0.037024565 -0.089896113 1.521998167 -0.002463130 0.021665078 0.011739426 0.999693334
1439803889.074974 0.038537722 -0.092077076 1.563414693 -0.002830696 0.022415273 0.011228403 0.999681711
1439803889.137475 0.039867479 -0.094496511 1.603989601 -0.003045705 0.023150550 0.011102162 0.999665678
1439803889.199976 0.042569987 -0.096213616 1.644999623 -0.003038637 0.023730723 0.013442853 0.999623418
1439803889.262478 0.045257550 -0.098093629 1.686921716 -0.004642099 0.024491822 0.016653635 0.999550521
1439803889.324979 0.047649667 -0.099335521 1.728488564 -0.008090438 0.025452819 0.019166961 0.999459505
1439803889.387481 0.050360952 -0.100749239 1.769787550 -0.011153245 0.026565550 0.020543834 0.999373734
1439803889.449981 0.052528974 -0.103282616 1.810010791 -0.010143654 0.027804306 0.019659052 0.999368548
1439803889.512486 0.054278389 -0.106005877 1.849534154 -0.004250349 0.029172963 0.018020147 0.999402881
1439803889.574984 0.056340497 -0.109360248 1.888815045 0.003662223 0.030111594 0.017083647 0.999393821
