1439803778.697953 -0.000244046 -0.001927319 0.033434104 0.000447097 -0.000023281 -0.000677198 0.999999642
1439803778.760453 -0.000519702 -0.003856101 0.066690229 0.000610848 -0.000068291 -0.001255885 0.999999046
1439803778.822950 -0.000695084 -0.005716567 0.100056946 0.000314697 -0.000233983 -0.000950155 0.999999464
1439803778.885458 -0.000907742 -0.007788604 0.137089700 -0.000477387 -0.000223499 0.000382379 0.999999762
1439803778.947955 -0.001267433 -0.009414864 0.171693802 -0.001849547 -0.000371913 0.000809143 0.999997854
1439803779.010457 -0.002021061 -0.010939520 0.206359178 -0.002533827 -0.000178234 0.000224761 0.999996722
1439803779.072956 -0.002185045 -0.012618617 0.239521399 -0.002963119 -0.000304280 0.000800748 0.999995232
1439803779.135458 -0.001962934 -0.014308508 0.268061101 -0.003545030 -0.000997794 0.001497733 0.999992073
1439803779.197961 -0.002483156 -0.015787084 0.302291662 -0.003039260 -0.001208184 0.002022498 0.999992609
1439803779.260459 -0.002654167 -0.017624656 0.335485876 -0.002802869 -0.001532832 0.001966028 0.999992967
1439803779.322960 -0.003239553 -0.019458722 0.369122922 -0.002816692 -0.001682568 0.002524830 0.999991417
1439803779.385461 -0.003584906 -0.021156922 0.402713656 -0.002354271 -0.002090475 0.002815733 0.999991119
1439803779.447961 -0.004022803 -0.022785598 0.436296254 -0.001995878 -0.002498113 0.002541434 0.999991655
1439803779.510463 -0.004391157 -0.024551971 0.469807267 -0.001848604 -0.003030053 0.002652642 0.999990165
1439803779.572964 -0.004658445 -0.026639212 0.502879262 -0.001880135 -0.003783835 0.003079566 0.999986351
1439803779.635466 -0.005206089 -0.028357925 0.536346376 -0.001857825 -0.004713746 0.003343863 0.999981582
1439803779.697962 -0.005903430 -0.030087592 0.569691479 -0.001382235 -0.005881765 0.003749989 0.999974728
1439803779.760466 -0.006625335 -0.031787146 0.603143871 -0.000719191 -0.007295676 0.004074779 0.999964833
1439803779.822964 -0.007486140 -0.033453107 0.636643827 -0.000215251 -0.008756778 0.004044073 0.999953449
1439803779.885465 -0.008628028 -0.035394561 0.670301497 -0.000238478 -0.010221175 0.003804124 0.999940515
1439803779.947970 -0.009463264 -0.037099980 0.703483760 -0.000423094 -0.011809032 0.003928088 0.999922454
1439803780.010467 -0.011031659 -0.038675062 0.737075865 -0.000642711 -0.013104203 0.003994856 0.999905884
1439803780.072969 -0.012541218 -0.039619856 0.769902289 -0.000894288 -0.014546726 0.004494074 0.999883711
1439803780.135470 -0.014061461 -0.041238282 0.803071856 -0.001242701 -0.016066136 0.005143913 0.999856889
1439803780.197971 -0.015598481 -0.043043852 0.836121798 -0.001615853 -0.017654512 0.005798067 0.999826014
1439803780.260473 -0.017209554 -0.044744916 0.869217992 -0.002055295 -0.019275049 0.006161744 0.999793112
1439803780.322976 -0.018968077 -0.046458554 0.902219653 -0.002076379 -0.020857656 0.006420688 0.999759674
1439803780.385475 -0.020908376 -0.048211113 0.935086727 -0.001470628 -0.022345020 0.006960603 0.999724984
1439803780.447976 -0.022705538 -0.050246455 0.966884553 -0.000939566 -0.024000013 0.007329684 0.999684632
1439803780.510476 -0.024577497 -0.052162383 0.999566913 -0.000216106 -0.025635824 0.007819403 0.999640763
1439803780.572981 -0.026533682 -0.054171674 1.031709790 0.000061963 -0.027163964 0.008131251 0.999597907
1439803780.635478 -0.028675862 -0.056043003 1.063919067 -0.000000324 -0.028719822 0.007975061 0.999555647
1439803780.697980 -0.031066339 -0.057931904 1.096513510 -0.000054641 -0.030178776 0.007938601 0.999512970
1439803780.760482 -0.033475216 -0.059894472 1.128351092 0.000201857 -0.031729992 0.008024166 0.999464214
1439803780.822983 -0.035692781 -0.062056363 1.159988761 0.001035477 -0.033334523 0.008338097 0.999408901
1439803780.885484 -0.038020369 -0.064014472 1.192243576 0.002021167 -0.034963712 0.008127928 0.999353468
1439803780.947986 -0.040918458 -0.066175878 1.224182367 0.002692362 -0.036375824 0.007093489 0.999309361
1439803781.010485 -0.043717824 -0.068197444 1.255910516 0.003116563 -0.037952933 0.006393731 0.999254227
1439803781.072986 -0.046709463 -0.070244566 1.287715793 0.003061357 -0.039579421 0.005953343 0.999193966
1439803781.135489 -0.049457476 -0.072344169 1.319043636 0.002831523 -0.041456826 0.005945741 0.999118567
1439803781.197989 -0.052558564 -0.074347347 1.350532532 0.002734940 -0.043176435 0.006136087 0.999044895
1439803781.260490 -0.055646546 -0.076231621 1.382458925 0.002513180 -0.044833060 0.006400376 0.998970807
1439803781.322992 -0.058931924 -0.078284800 1.413592219 0.002460673 -0.046439085 0.006372822 0.998897791
1439803781.385497 -0.062304720 -0.080302663 1.444812775 0.002247761 -0.048011888 0.006220490 0.998824835
1439803781.447994 -0.065790102 -0.082154982 1.476024747 0.002583107 -0.049697261 0.006517941 0.998739719
1439803781.510496 -0.069206677 -0.084330119 1.506769896 0.003214276 -0.051418327 0.006690354 0.998649657
1439803781.573000 -0.072836556 -0.086171500 1.537466288 0.003845738 -0.053047426 0.006984157 0.998560131
1439803781.635498 -0.076782450 -0.088204876 1.568114877 0.004900212 -0.054612555 0.006840357 0.998472154
1439803781.698002 -0.080496483 -0.090286724 1.598251939 0.005358728 -0.056263212 0.006666577 0.998379350
1439803781.760504 -0.084323280 -0.092379384 1.628434062 0.004306320 -0.057906982 0.006406900 0.998292148
1439803781.823003 -0.088582002 -0.094369620 1.659286022 0.003148751 -0.059477966 0.007606511 0.998195648
1439803781.885504 -0.092258610 -0.096245155 1.689371705 0.001692192 -0.061190605 0.009381926 0.998080552
1439803781.948007 -0.096430808 -0.098174416 1.720332265 0.000256533 -0.062687911 0.010165456 0.997981369
1439803782.010507 -0.100498237 -0.099698894 1.746949196 -0.000257717 -0.064203992 0.011233556 0.997873545
1439803782.073011 -0.105272800 -0.101227753 1.779371262 0.000162204 -0.065346606 0.012092428 0.997789323
1439803782.135510 -0.109528989 -0.103126019 1.809369802 0.000783491 -0.066810474 0.012927762 0.997681618
1439803782.198014 -0.113876060 -0.105037749 1.839271665 0.001463907 -0.068249688 0.013298465 0.997578561
1439803782.260513 -0.118180871 -0.106888629 1.869007230 0.001936066 -0.069705240 0.014216098 0.997464478
1439803782.323016 -0.122368217 -0.108812004 1.898452044 0.002194858 -0.071221195 0.014823997 0.997347951
1439803782.385517 -0.126882374 -0.110699356 1.927820206 0.002339173 -0.072561353 0.015117885 0.997246563
1439803782.448019 -0.131480843 -0.112658046 1.957322001 0.002364632 -0.073902391 0.015464969 0.997142732
1439803782.510520 -0.136580288 -0.114465594 1.987371802 0.002647595 -0.075083889 0.015504710 0.997053146
1439803782.573021 -0.141397297 -0.116432093 2.016476393 0.002670352 -0.076394498 0.015374253 0.996955574
1439803782.635521 -0.146180570 -0.118323341 2.045687914 0.002954170 -0.077687010 0.015240836 0.996856868
1439803782.698023 -0.150951624 -0.120315410 2.074794054 0.003475407 -0.078940071 0.014972731 0.996760786
1439803782.760524 -0.155823216 -0.122314915 2.103405952 0.003904589 -0.080110952 0.014222048 0.996676803
1439803782.823025 -0.160842657 -0.124388210 2.133156300 0.004118503 -0.080992684 0.013605067 0.996613324
1439803782.885526 -0.165658221 -0.126426756 2.162194014 0.004127020 -0.081786335 0.013380670 0.996551514
1439803782.948032 -0.170751035 -0.128223717 2.191063881 0.003714973 -0.082458615 0.013101087 0.996501446
1439803783.010529 -0.175930500 -0.130034044 2.220041990 0.003016992 -0.083122000 0.012381020 0.996457934
1439803783.073030 -0.181118309 -0.132017672 2.248987913 0.002488748 -0.083812431 0.011172548 0.996415794
1439803783.135532 -0.186227039 -0.133943319 2.277802467 0.002421014 -0.084612183 0.010909422 0.996351302
1439803783.198033 -0.191947833 -0.135814622 2.307307720 0.002359217 -0.085222013 0.010880235 0.996299803
1439803783.260535 -0.196976259 -0.137830347 2.335249901 0.002549571 -0.085965641 0.010230339 0.996242285
1439803783.323039 -0.202271596 -0.139802620 2.363794804 0.002847768 -0.086660087 0.009634046 0.996187270
1439803783.385538 -0.207503051 -0.141693160 2.392251492 0.002934967 -0.087314673 0.009381662 0.996132255
1439803783.448040 -0.212727502 -0.143607602 2.420447350 0.003019410 -0.087946050 0.008871504 0.996081114
1439803783.510540 -0.218256399 -0.145437047 2.448886395 0.003222831 -0.088550724 0.008402053 0.996030986
1439803783.573045 -0.223717958 -0.147268161 2.477152348 0.003245895 -0.089112826 0.008204794 0.995982468
1439803783.635543 -0.229107767 -0.149169162 2.505332708 0.003183037 -0.089690156 0.007769830 0.995934308
1439803783.698044 -0.234511852 -0.150967702 2.533360004 0.003263799 -0.090337746 0.006967254 0.995881498
1439803783.760547 -0.239826828 -0.152696043 2.561315775 0.003537349 -0.090883508 0.006375541 0.995834827
1439803783.823049 -0.245501712 -0.154620931 2.589297056 0.003476643 -0.091275513 0.005874322 0.995802283
1439803783.885551 -0.250918806 -0.156501576 2.616922855 0.003445286 -0.091684721 0.005252052 0.995768309
1439803783.948051 -0.256387442 -0.158368021 2.644562721 0.003326669 -0.092069559 0.004980580 0.995734572
1439803784.010551 -0.261933446 -0.160240024 2.672039032 0.003032199 -0.092337199 0.004638804 0.995712340
1439803784.073053 -0.267424226 -0.161674991 2.700065136 0.002747552 -0.092804112 0.004471470 0.995670557
1439803784.135553 -0.272771418 -0.163613856 2.727598667 0.002536113 -0.093215339 0.004062974 0.995634437
1439803784.198055 -0.278094769 -0.165652081 2.755048037 0.002389022 -0.093567088 0.004044321 0.995601892
1439803784.260560 -0.282929003 -0.167934030 2.781398535 0.001857391 -0.093885012 0.003523899 0.995575070
1439803784.323057 -0.288251817 -0.169656157 2.808849096 0.001646485 -0.094219252 0.003738120 0.995543063
1439803784.385561 -0.294379354 -0.170985579 2.836837053 0.001818093 -0.094155863 0.003794204 0.995548546
1439803784.448071 -0.299401224 -0.173395038 2.864029646 0.001445640 -0.094081797 0.003143911 0.995558441
1439803784.510562 -0.304832041 -0.174393654 2.891592503 0.001481649 -0.094238102 0.005034063 0.995535851
1439803784.573064 -0.309949100 -0.176180795 2.918709755 0.001054230 -0.094393574 0.005685037 0.995518148
1439803784.635564 -0.315084457 -0.177938789 2.945329666 0.000719735 -0.094443664 0.006003675 0.995511830
1439803784.698066 -0.320475668 -0.179519266 2.972390652 0.000881156 -0.094610199 0.006799044 0.995490789
1439803784.760568 -0.325896651 -0.181346104 2.999359846 0.001310032 -0.094528034 0.007169799 0.995495498
1439803784.823068 -0.331287742 -0.182859048 3.026691198 0.002244271 -0.094804533 0.007699226 0.995463610
1439803784.885571 -0.336500704 -0.184801564 3.053380013 0.003194469 -0.094936997 0.007970121 0.995446265
1439803784.948071 -0.341644883 -0.186471403 3.080139399 0.003770507 -0.095102131 0.008416487 0.995424807
1439803785.010573 -0.346589953 -0.188452095 3.106462955 0.003761415 -0.095318139 0.008780140 0.995401025
1439803785.073074 -0.352096885 -0.190207243 3.133789778 0.003866197 -0.095297657 0.009098879 0.995399773
1439803785.135576 -0.357560456 -0.191854969 3.160139322 0.003764922 -0.095333621 0.008710910 0.995400131
1439803785.198077 -0.363013983 -0.193572029 3.186853647 0.003721520 -0.095259525 0.008126041 0.995412350
1439803785.260578 -0.368348449 -0.195397139 3.213217258 0.003447576 -0.095176622 0.006416395 0.995433748
1439803785.323079 -0.373735785 -0.196804285 3.239345789 0.002641771 -0.095053926 0.003522719 0.995462358
1439803785.385581 -0.379673839 -0.198390275 3.266789675 0.002365557 -0.094624981 0.002349233 0.995507419
1439803785.448082 -0.384686530 -0.200206026 3.293185711 0.003388152 -0.094386086 0.004786255 0.995518386
1439803785.510583 -0.389230698 -0.202027604 3.318836927 0.004793510 -0.094372667 0.006849807 0.995501816
1439803785.573085 -0.394340992 -0.204153851 3.345806599 0.006097629 -0.093649231 0.007303349 0.995559812
1439803785.635589 -0.398805141 -0.206331030 3.370550632 0.007447477 -0.092963554 0.006024418 0.995623410
1439803785.698088 -0.404689789 -0.207562178 3.399054289 0.008282434 -0.091641434 0.005540505 0.995742202
1439803785.760590 -0.409691721 -0.209387034 3.425678492 0.007188307 -0.090974160 0.005598647 0.995811582
1439803785.823093 -0.414284706 -0.211159974 3.452105999 0.005657543 -0.090279870 0.005783642 0.995883584
1439803785.885592 -0.419523776 -0.212823212 3.479502916 0.004375589 -0.089200906 0.006172192 0.995984912
1439803785.948093 -0.424671829 -0.214478314 3.506582260 0.003773508 -0.087956339 0.006137942 0.996098280
1439803786.010595 -0.429545820 -0.216156483 3.533539534 0.003830110 -0.086669646 0.005566861 0.996214211
1439803786.073099 -0.433891654 -0.217938602 3.559833527 0.004153485 -0.085471086 0.005523269 0.996316671
1439803786.135600 -0.438016891 -0.219666347 3.585913181 0.004498587 -0.084408306 0.004922695 0.996408939
1439803786.198100 -0.442292929 -0.221476793 3.612146378 0.004597883 -0.083349936 0.004093253 0.996501327
1439803786.323101 -0.461177379 -0.220512033 3.654640913 0.003598698 -0.078667723 0.002002200 0.996892393
1439803786.385603 -0.458851695 -0.224061579 3.689905405 0.002547309 -0.078780644 0.002129965 0.996886432
1439803786.448102 -0.461693943 -0.224235520 3.717229843 0.002246878 -0.077997357 0.001936410 0.996949136
1439803786.510602 -0.466164470 -0.225142717 3.743598461 0.002151532 -0.076750353 0.001525415 0.997046828
1439803786.573104 -0.470414460 -0.229427382 3.771963358 0.001225884 -0.075497210 0.002117690 0.997143030
1439803786.698103 -0.477837861 -0.235211387 3.826056480 0.001713502 -0.072857834 0.003604948 0.997334361
1439803786.760604 -0.480976343 -0.236807138 3.854568720 0.002788775 -0.071703173 0.003589293 0.997415662
1439803786.823107 -0.484794527 -0.238506138 3.881305456 0.003975891 -0.070243359 0.003874742 0.997514427
1439803786.885605 -0.489107192 -0.239793032 3.908929348 0.005580457 -0.068480268 0.004723772 0.997625649
1439803786.948105 -0.492390007 -0.241516724 3.935671329 0.006797677 -0.066885166 0.005634780 0.997721612
1439803787.073107 -0.499459028 -0.245451480 3.991336346 0.007640423 -0.063145168 0.006563077 0.997953534
1439803787.135607 -0.502836168 -0.247411668 4.018872738 0.007319175 -0.061438881 0.006775761 0.998061001
1439803787.198108 -0.506126881 -0.249285638 4.046609402 0.006757424 -0.060076680 0.007492539 0.998142779
1439803787.260608 -0.509178162 -0.251225352 4.074349880 0.005883309 -0.059173927 0.009361634 0.998186469
1439803787.323109 -0.512197495 -0.253264010 4.102241993 0.005056288 -0.058394901 0.010734272 0.998223066
1439803787.448109 -0.518597007 -0.256781906 4.158462524 0.003030802 -0.056785922 0.010774276 0.998323619
1439803787.510612 -0.521963716 -0.258399546 4.187016487 0.002093473 -0.055878643 0.010146057 0.998383820
1439803787.573112 -0.525190115 -0.260103047 4.215172291 0.001580077 -0.055070978 0.010416357 0.998426855
1439803787.635613 -0.528178573 -0.261838257 4.243550301 0.001510882 -0.054475479 0.010672401 0.998456955
1439803787.698114 -0.531320691 -0.263554215 4.272160530 0.001871788 -0.053706236 0.010985243 0.998494565
1439803787.760615 -0.534340978 -0.265140116 4.300820351 0.002340315 -0.052899584 0.011269092 0.998533487
1439803787.823117 -0.537401974 -0.266666859 4.329454899 0.002242404 -0.051995210 0.010901404 0.998585284
1439803787.885617 -0.540389299 -0.268276155 4.358180523 0.001478214 -0.051142540 0.010449126 0.998635590
1439803787.948117 -0.543630779 -0.269892842 4.387192726 0.000473085 -0.050169822 0.008809504 0.998701751
1439803788.010619 -0.546750903 -0.271479577 4.416312695 -0.000218181 -0.049204733 0.006669312 0.998766422
1439803788.073119 -0.549895108 -0.273159593 4.445306778 -0.000689748 -0.047890738 0.004488224 0.998842239
1439803788.135619 -0.552662313 -0.274752617 4.474599361 -0.000786753 -0.046356298 0.004302942 0.998915374
1439803788.198120 -0.555272520 -0.276405394 4.503901482 -0.000438031 -0.044520024 0.004651333 0.998997569
1439803788.260621 -0.557854593 -0.277905196 4.533314705 -0.000236432 -0.042337526 0.004343813 0.999093890
1439803788.323121 -0.560348630 -0.279565603 4.562656403 -0.000196164 -0.040019859 0.003399133 0.999193072
1439803788.385622 -0.562781572 -0.281063527 4.592059135 0.000038448 -0.037784416 0.002691267 0.999282300
1439803788.448122 -0.564960241 -0.282640278 4.621334076 0.000137059 -0.035734493 0.002908437 0.999357104
1439803788.510622 -0.566224396 -0.284426898 4.649583817 0.000072144 -0.033932514 0.002617900 0.999420702
1439803788.573123 -0.566231132 -0.284074157 4.678147793 0.001058189 -0.032647062 0.004469896 0.999456406
1439803788.635625 -0.568950772 -0.285443991 4.709487438 0.002306252 -0.030257568 0.006475898 0.999518514
