1439803827.198829 -0.002392522 -0.001936994 0.041795038 -0.001357618 -0.013448681 -0.000767802 0.999908328
1439803827.261329 -0.003430820 -0.002743639 0.055984516 -0.002156233 -0.017133180 -0.001846721 0.999849200
1439803827.323831 -0.004514243 -0.003435252 0.072084703 -0.002304988 -0.020675505 -0.003482644 0.999777496
1439803827.386334 -0.005674439 -0.004240831 0.087261915 -0.001658585 -0.023685932 -0.004921727 0.999705970
1439803827.448833 -0.006749202 -0.004727298 0.101642288 -0.000269226 -0.026392916 -0.006239140 0.999632120
1439803827.511334 -0.008179516 -0.005274173 0.116641916 0.000652423 -0.028848123 -0.007376591 0.999556363
1439803827.573836 -0.009378919 -0.006036179 0.132220209 0.000933138 -0.031156506 -0.008357788 0.999479115
1439803827.636336 -0.010542123 -0.006646518 0.147626564 0.001085334 -0.032922927 -0.009408496 0.999413013
1439803827.698838 -0.011944894 -0.007112090 0.163026780 0.001375519 -0.034312908 -0.009935976 0.999360800
1439803827.761337 -0.012854800 -0.007750211 0.178149521 0.001428929 -0.035568494 -0.010917329 0.999306560
1439803827.823840 -0.014558717 -0.008381138 0.193855613 0.001041360 -0.036512420 -0.012074776 0.999259651
1439803827.886341 -0.015408141 -0.009317259 0.207964346 0.000230086 -0.037515529 -0.012564408 0.999217033
1439803827.948845 -0.016871804 -0.010163765 0.224048659 -0.000374231 -0.038045544 -0.012990509 0.999191523
1439803828.011343 -0.018317245 -0.010588828 0.242495641 -0.000049529 -0.038348954 -0.014025897 0.999165952
1439803828.073845 -0.019678477 -0.011449658 0.256385297 -0.000408476 -0.038180485 -0.013839382 0.999174953
1439803828.136347 -0.021120457 -0.012216304 0.273007333 -0.000327280 -0.038079243 -0.013994940 0.999176681
1439803828.198847 -0.022517925 -0.012899424 0.289867729 -0.000100199 -0.037959304 -0.014257351 0.999177575
1439803828.261349 -0.023953881 -0.013731183 0.307115912 -0.000131747 -0.037895735 -0.013817135 0.999186158
1439803828.323852 -0.025380939 -0.014575589 0.324051023 -0.000022135 -0.037820905 -0.013178950 0.999197602
1439803828.386352 -0.026729351 -0.015497777 0.341467559 0.000438790 -0.037920710 -0.012863381 0.999197900
1439803828.448852 -0.028269252 -0.016491501 0.358930469 0.000959509 -0.037862267 -0.012533732 0.999203920
1439803828.511353 -0.029665187 -0.017308794 0.376354933 0.001538236 -0.037682008 -0.012545709 0.999209821
1439803828.573854 -0.031024439 -0.018287387 0.392780304 0.001614199 -0.037367105 -0.011958712 0.999228716
1439803828.636357 -0.032327399 -0.019208143 0.410545260 0.001924729 -0.037386466 -0.011487933 0.999233007
1439803828.698856 -0.033951916 -0.020008752 0.428419173 0.002045505 -0.037286535 -0.010907455 0.999242961
1439803828.761358 -0.035276737 -0.020884428 0.446407825 0.001769579 -0.037245158 -0.010003306 0.999254525
1439803828.823860 -0.036699709 -0.021890784 0.465495110 0.001941731 -0.037307434 -0.008312902 0.999267340
1439803828.886360 -0.037858065 -0.022976538 0.484033674 0.001838666 -0.037419431 -0.007898240 0.999266744
1439803828.948866 -0.039495859 -0.024046011 0.501732826 0.001671757 -0.037157748 -0.008263824 0.999273837
1439803829.011364 -0.041517738 -0.025141560 0.520818233 0.001804830 -0.036935344 -0.007723660 0.999286175
1439803829.073868 -0.042719021 -0.025761565 0.539361179 0.002323585 -0.036886312 -0.007124333 0.999291360
1439803829.136365 -0.043900803 -0.026969220 0.557570457 0.002500536 -0.036904480 -0.006644539 0.999293566
1439803829.198867 -0.044954102 -0.027771221 0.576698899 0.002412415 -0.037200116 -0.006070614 0.999286473
1439803829.261369 -0.047280293 -0.029047091 0.594551921 0.001930508 -0.036658745 -0.006073148 0.999307513
1439803829.323870 -0.048397653 -0.030065242 0.612636745 0.001362793 -0.036474694 -0.005323262 0.999319494
1439803829.386371 -0.048840422 -0.030288946 0.632131577 0.001350645 -0.036599781 -0.005187441 0.999315679
1439803829.448873 -0.051062714 -0.031798884 0.652338803 0.000615475 -0.035867091 -0.005236420 0.999342620
1439803829.511374 -0.051866241 -0.032259513 0.671843648 0.000432399 -0.035617605 -0.004875842 0.999353468
1439803829.573876 -0.053581163 -0.033565622 0.691984296 0.000215978 -0.034858350 -0.004775554 0.999380827
1439803829.636376 -0.055009916 -0.034690049 0.712057471 0.000037065 -0.034307089 -0.005036203 0.999398649
1439803829.698878 -0.056062575 -0.035521645 0.731807888 -0.000534838 -0.033816367 -0.005290447 0.999413908
1439803829.761380 -0.059483830 -0.036951058 0.753807664 -0.001420930 -0.032391187 -0.005451696 0.999459386
1439803829.823881 -0.060771156 -0.038046602 0.774058759 -0.001862881 -0.031907465 -0.004789506 0.999477625
1439803829.886381 -0.062398192 -0.038995989 0.794757366 -0.001699098 -0.031369727 -0.004283719 0.999497235
1439803829.948881 -0.063627258 -0.040216796 0.815435648 -0.000708410 -0.031050846 -0.004303265 0.999508262
1439803830.011383 -0.066502377 -0.041349899 0.833428323 0.001043129 -0.029982485 -0.004676070 0.999538958
1439803830.073883 -0.067318939 -0.042908952 0.852713287 0.002894171 -0.029916046 -0.004020782 0.999540150
1439803830.136385 -0.068701401 -0.044118270 0.872849107 0.004782981 -0.029817056 -0.003650333 0.999537230
1439803830.198885 -0.069966175 -0.045217969 0.893248320 0.005912363 -0.029970646 -0.003777836 0.999526143
1439803830.261384 -0.071431287 -0.046442632 0.913526118 0.006196917 -0.030101916 -0.003673655 0.999520838
1439803830.323884 -0.072765529 -0.047637925 0.933322251 0.006052473 -0.030388216 -0.003487046 0.999513745
1439803830.386386 -0.073983617 -0.048884034 0.953357995 0.005516495 -0.030693823 -0.003526504 0.999507368
1439803830.448888 -0.075454660 -0.050238624 0.973438621 0.004801210 -0.030750204 -0.003410226 0.999509752
1439803830.511389 -0.076836459 -0.051600989 0.994004190 0.004221640 -0.030866051 -0.003320913 0.999509096
1439803830.573892 -0.078711919 -0.053263564 1.016460538 0.004366926 -0.030911813 -0.003269856 0.999507248
1439803830.636390 -0.080069557 -0.054449365 1.037244201 0.004408933 -0.031103075 -0.003323348 0.999500930
1439803830.698891 -0.081773005 -0.055817500 1.058106184 0.004178538 -0.031150630 -0.003597797 0.999499500
1439803830.761392 -0.083259970 -0.056933809 1.079214454 0.004367828 -0.031265330 -0.003602859 0.999495089
1439803830.823894 -0.084668115 -0.058238305 1.100433111 0.004581602 -0.031385124 -0.003391574 0.999491096
1439803830.886395 -0.086110987 -0.059622735 1.121730447 0.004653930 -0.031468835 -0.003097223 0.999489129
1439803830.948897 -0.087634459 -0.060818303 1.142966151 0.004800132 -0.031480268 -0.002844827 0.999488771
1439803831.011400 -0.088977039 -0.062124334 1.164202809 0.004709401 -0.031539913 -0.002843018 0.999487340
1439803831.073901 -0.090492219 -0.063413285 1.185451865 0.004149145 -0.031521555 -0.002873939 0.999490321
1439803831.136401 -0.092004240 -0.064804673 1.207193494 0.003767435 -0.031561188 -0.002441671 0.999491751
1439803831.198903 -0.093538873 -0.066052802 1.228719115 0.003517674 -0.031513583 -0.001912013 0.999495327
1439803831.261404 -0.094811089 -0.067384943 1.250229359 0.003546378 -0.031463299 -0.001598554 0.999497294
1439803831.323905 -0.096056432 -0.068759531 1.271532416 0.003811043 -0.031330276 -0.001708004 0.999500334
1439803831.386411 -0.097456247 -0.070060387 1.293287635 0.003949051 -0.031352770 -0.001649416 0.999499202
1439803831.448908 -0.099017598 -0.071296714 1.315324426 0.003703996 -0.031699076 -0.001137045 0.999489963
1439803831.511410 -0.100434579 -0.072567895 1.337089896 0.003143389 -0.032160781 -0.000995144 0.999477267
1439803831.573911 -0.101647913 -0.073731191 1.358850956 0.002360357 -0.032661267 -0.000766272 0.999463379
1439803831.636412 -0.103350013 -0.074999288 1.381239891 0.001616172 -0.032953911 -0.000288242 0.999455512
1439803831.698914 -0.104893938 -0.076297447 1.403319359 0.001043625 -0.033077713 -0.000236002 0.999452233
1439803831.761415 -0.105572507 -0.077431791 1.425109386 0.000613837 -0.033604819 -0.000152581 0.999435008
1439803831.823916 -0.107844010 -0.078603141 1.447718740 0.000630181 -0.033503465 0.000018181 0.999438405
1439803831.886419 -0.109435111 -0.079867020 1.469977856 0.000933334 -0.033794705 0.000229687 0.999428332
1439803831.948919 -0.111496478 -0.080957964 1.492781043 0.001250324 -0.033919979 0.000938972 0.999423325
1439803832.011419 -0.112802699 -0.082287729 1.515101194 0.001559354 -0.034363210 0.001592971 0.999406934
1439803832.073922 -0.114503630 -0.083587661 1.538000226 0.002015229 -0.034625605 0.001869847 0.999396563
1439803832.136423 -0.116224296 -0.084693655 1.560251236 0.002104526 -0.034905277 0.002000694 0.999386370
1439803832.198925 -0.117991619 -0.086214475 1.582835555 0.001891020 -0.034988191 0.002020898 0.999383867
1439803832.261426 -0.119976789 -0.087454975 1.605764270 0.002167198 -0.035061650 0.002227959 0.999380291
1439803832.323927 -0.121748395 -0.088770419 1.628411412 0.002351442 -0.035180695 0.002270190 0.999375641
1439803832.386428 -0.123417854 -0.089990206 1.651134133 0.002642438 -0.035282686 0.002129986 0.999371648
1439803832.448930 -0.125230625 -0.091548450 1.674230576 0.003015301 -0.035341490 0.001796033 0.999369144
1439803832.511430 -0.127114907 -0.092880867 1.697273254 0.003376420 -0.035530962 0.001118943 0.999362230
1439803832.573932 -0.129259154 -0.094483651 1.719880819 0.003294482 -0.035523281 0.000635212 0.999363184
1439803832.636434 -0.130863845 -0.095755108 1.743264318 0.003195116 -0.036002863 0.000478279 0.999346435
1439803832.698935 -0.132783175 -0.097031958 1.766532302 0.002898844 -0.036306370 -0.000222102 0.999336481
1439803832.761436 -0.134930998 -0.098215573 1.790364265 0.002282205 -0.036691073 -0.000635685 0.999323845
1439803832.823938 -0.136667982 -0.099569567 1.813734889 0.002261518 -0.037049744 0.000183763 0.999310851
1439803832.886439 -0.138566896 -0.101076230 1.836819530 0.002533310 -0.037332356 0.000762556 0.999299407
1439803832.948945 -0.140425801 -0.102554768 1.859722018 0.003334291 -0.037685074 0.000945809 0.999283671
1439803833.011446 -0.142435759 -0.104047224 1.882745028 0.004714795 -0.038025968 0.001647464 0.999264240
1439803833.073944 -0.144203886 -0.105774209 1.905848980 0.005295154 -0.038554110 0.002579591 0.999239147
1439803833.136445 -0.146387741 -0.107043117 1.929387450 0.005407013 -0.038941167 0.002983658 0.999222457
1439803833.198946 -0.148163572 -0.108527608 1.952418566 0.005019610 -0.039225280 0.002991413 0.999213338
1439803833.261447 -0.150353551 -0.109990142 1.976017118 0.004005504 -0.039262820 0.002601061 0.999217510
1439803833.323951 -0.152449310 -0.111490801 1.999125004 0.002888110 -0.039090704 0.001868678 0.999229729
1439803833.386451 -0.154258385 -0.112802207 2.022280216 0.001971346 -0.038988285 0.001446245 0.999236643
1439803833.448952 -0.156741351 -0.114565372 2.045776367 0.001341751 -0.038598277 0.001219412 0.999253154
1439803833.511453 -0.158677399 -0.115721352 2.068758726 0.001220023 -0.038456935 0.001376887 0.999258578
1439803833.573957 -0.160380498 -0.117326543 2.091608286 0.001334370 -0.038185354 0.001617273 0.999268472
1439803833.636455 -0.162252054 -0.118679747 2.114175320 0.001662083 -0.037872732 0.002274986 0.999278605
1439803833.698957 -0.164308265 -0.120059781 2.137598038 0.002249681 -0.037680693 0.002587937 0.999283910
1439803833.761459 -0.165799811 -0.121470243 2.160183668 0.002594905 -0.037426990 0.002579643 0.999292672
1439803833.823960 -0.167660162 -0.122962318 2.183304787 0.002524233 -0.037262127 0.003273813 0.999296963
1439803833.886462 -0.169716731 -0.124296039 2.206299067 0.002480685 -0.036922745 0.003642434 0.999308407
1439803833.948964 -0.170961514 -0.125628024 2.228304148 0.002183081 -0.036755290 0.003830157 0.999314547
1439803834.011464 -0.172878221 -0.127118304 2.251065016 0.001659403 -0.036416501 0.004504701 0.999325156
1439803834.073967 -0.174379855 -0.128222093 2.273246765 0.001378590 -0.036181819 0.005244538 0.999330521
1439803834.136467 -0.176017016 -0.130071387 2.296009064 0.000906452 -0.035943631 0.005732033 0.999336958
1439803834.198971 -0.177212998 -0.131460413 2.318260908 -0.000111752 -0.035751380 0.004929970 0.999348521
1439803834.261469 -0.179429546 -0.132655337 2.341171980 -0.001347591 -0.035468303 0.003697461 0.999363065
1439803834.323971 -0.181225926 -0.133979112 2.363571882 -0.002152666 -0.035215348 0.003550049 0.999371111
1439803834.386474 -0.183298275 -0.135132998 2.387046576 -0.001651985 -0.035231128 0.005388415 0.999363303
1439803834.448973 -0.184801996 -0.136602074 2.409644365 -0.000071178 -0.035453662 0.008339162 0.999336541
1439803834.511472 -0.185840681 -0.138059363 2.430552244 0.002205321 -0.035385191 0.009355047 0.999327540
1439803834.573978 -0.187938675 -0.139225274 2.453339815 0.004287138 -0.035049882 0.009507198 0.999331117
1439803834.636474 -0.189145476 -0.140809149 2.474799871 0.005342829 -0.034784861 0.008777147 0.999341965
1439803834.698974 -0.190539539 -0.142182589 2.496828794 0.005171943 -0.034851965 0.009208248 0.999336660
1439803834.761480 -0.192644745 -0.143897042 2.519536018 0.004460066 -0.034872118 0.009007121 0.999341249
1439803834.823976 -0.194214389 -0.145321026 2.541363716 0.003378777 -0.034891386 0.008697459 0.999347568
1439803834.886476 -0.195802152 -0.146613032 2.563025475 0.002489463 -0.034806143 0.008560286 0.999354303
1439803834.948977 -0.197823822 -0.148261994 2.586175680 0.002253702 -0.034562483 0.007965346 0.999368250
1439803835.011477 -0.199250892 -0.149576336 2.607892752 0.002260293 -0.034322795 0.007583538 0.999379456
1439803835.073978 -0.201150954 -0.150793046 2.629923820 0.002429569 -0.034050588 0.007063805 0.999392211
1439803835.136479 -0.202262267 -0.152102083 2.651540995 0.002795120 -0.033743005 0.006810838 0.999403417
1439803835.198979 -0.203610107 -0.153469101 2.673429489 0.003173479 -0.033476837 0.006728669 0.999411821
1439803835.261479 -0.205229089 -0.155149609 2.695256233 0.003102495 -0.033008635 0.006593146 0.999428511
1439803835.323983 -0.206805140 -0.156611070 2.717163324 0.002976561 -0.032471225 0.006901169 0.999444425
1439803835.386481 -0.208557919 -0.158371091 2.739972591 0.002943029 -0.031796724 0.006737886 0.999467313
1439803835.448981 -0.209609196 -0.159172192 2.760973454 0.002683030 -0.031270456 0.007206702 0.999481380
1439803835.511483 -0.210876092 -0.160146728 2.782680750 0.002668166 -0.030849945 0.007723480 0.999490619
1439803835.573983 -0.212541789 -0.162215695 2.804378271 0.002456916 -0.030259576 0.007259602 0.999512672
1439803835.636484 -0.213985622 -0.163563579 2.826114893 0.002737635 -0.029794425 0.006882025 0.999528646
1439803835.698984 -0.215193003 -0.165184155 2.847415447 0.002691850 -0.029462419 0.007011381 0.999537647
1439803835.761485 -0.216582328 -0.166429251 2.868910074 0.002775466 -0.029203745 0.006816944 0.999546349
1439803835.823986 -0.217655405 -0.167830482 2.890407085 0.002489882 -0.028995808 0.007122630 0.999551058
1439803835.886489 -0.218994141 -0.169355735 2.911696911 0.001965306 -0.028536119 0.007260238 0.999564469
1439803835.948988 -0.220339611 -0.170365602 2.933651447 0.001787839 -0.028119164 0.007721250 0.999573171
1439803836.011490 -0.221344709 -0.171722129 2.955111980 0.001708201 -0.027732186 0.007718679 0.999584138
1439803836.073990 -0.223024383 -0.172706872 2.976639032 0.001752436 -0.027241025 0.008116814 0.999594390
1439803836.136491 -0.224605367 -0.173882455 2.998370409 0.001446959 -0.026781008 0.009145190 0.999598444
1439803836.198993 -0.225538939 -0.175193548 3.019454479 0.000992401 -0.026474420 0.010025589 0.999598742
1439803836.261495 -0.226460457 -0.176470116 3.041001797 0.000646684 -0.026273932 0.010278249 0.999601722
1439803836.323997 -0.227543950 -0.177840337 3.061781883 0.000401752 -0.025811639 0.010332650 0.999613345
1439803836.386498 -0.228944570 -0.179005846 3.083746433 0.000754141 -0.025453761 0.011560597 0.999608874
1439803836.448999 -0.229512140 -0.180481732 3.104195595 0.001350139 -0.025084767 0.012196061 0.999610007
1439803836.511499 -0.230528474 -0.181875035 3.125231504 0.002133978 -0.024545703 0.012629032 0.999616683
1439803836.574002 -0.231287897 -0.183171496 3.146414042 0.002601409 -0.024111923 0.012931360 0.999622226
1439803836.636504 -0.232551128 -0.184263885 3.167948723 0.002605257 -0.023507640 0.013135473 0.999633968
1439803836.699007 -0.233441830 -0.185575545 3.188962221 0.002092087 -0.023039347 0.012948056 0.999648511
1439803836.761505 -0.234340101 -0.186960369 3.209965467 0.000924867 -0.022475295 0.012485721 0.999669015
1439803836.824007 -0.235170394 -0.188163221 3.230887413 0.000140467 -0.022010755 0.011938189 0.999686420
1439803836.886508 -0.236083433 -0.189386815 3.251933336 -0.000365437 -0.021200104 0.010523565 0.999719799
1439803836.949010 -0.237205327 -0.190847114 3.272967339 -0.000501212 -0.019779149 0.009850366 0.999755740
1439803837.011511 -0.238020852 -0.192291051 3.294246435 -0.000186458 -0.018176056 0.010528014 0.999779344
1439803837.074012 -0.238732398 -0.193412319 3.315183640 0.000679642 -0.016654413 0.010246979 0.999808609
1439803837.136513 -0.238853112 -0.194321081 3.335763216 0.001461781 -0.015394069 0.009447005 0.999835789
1439803837.199014 -0.239894986 -0.195733428 3.357283115 0.001582214 -0.013901845 0.009101170 0.999860704
1439803837.261517 -0.240413010 -0.197121635 3.378502369 0.000954716 -0.012722043 0.009177895 0.999876499
1439803837.324017 -0.240852982 -0.198429346 3.399530172 0.000359845 -0.011950493 0.009486626 0.999883533
1439803837.386519 -0.241218120 -0.199609786 3.420733929 -0.000006849 -0.011138562 0.009354376 0.999894202
1439803837.449025 -0.241663933 -0.200824261 3.442034721 0.000349673 -0.010251238 0.009350139 0.999903679
1439803837.511524 -0.241937280 -0.201990739 3.463047266 0.001504647 -0.009484095 0.009336174 0.999910295
1439803837.574024 -0.242728233 -0.203575820 3.484252214 0.002962492 -0.008680280 0.008576591 0.999921203
1439803837.636525 -0.243400753 -0.204822928 3.505465269 0.004088411 -0.008025757 0.008032436 0.999927163
1439803837.699027 -0.243865162 -0.206191272 3.526357412 0.004408080 -0.007690480 0.008045617 0.999928355
1439803837.761530 -0.244142264 -0.207194641 3.548085451 0.004558175 -0.007709719 0.007901629 0.999928653
1439803837.824029 -0.244547814 -0.208522245 3.569272518 0.004261301 -0.007783778 0.007787101 0.999930263
1439803837.886531 -0.245254248 -0.210070044 3.590301991 0.003631693 -0.007986749 0.007912161 0.999930203
1439803837.949032 -0.245538935 -0.211530745 3.611559629 0.003328844 -0.008530282 0.008219088 0.999924302
1439803838.011534 -0.245850742 -0.212427139 3.633013487 0.003650498 -0.009259519 0.008210841 0.999916792
1439803838.074041 -0.246321574 -0.213970214 3.654185534 0.003754702 -0.010210834 0.008458921 0.999905050
1439803838.136537 -0.246857971 -0.215357587 3.675339222 0.004167019 -0.011261804 0.009014309 0.999887288
1439803838.199037 -0.247751340 -0.216594160 3.696708679 0.005151747 -0.012199992 0.009121773 0.999870658
1439803838.261537 -0.248745978 -0.217956796 3.717864513 0.006058337 -0.013066197 0.009155964 0.999854326
1439803838.324042 -0.249173254 -0.219452381 3.739132404 0.006795020 -0.014187419 0.009263630 0.999833345
1439803838.386539 -0.249954641 -0.221116334 3.760253429 0.007130250 -0.015102319 0.009028153 0.999819756
1439803838.449039 -0.250763059 -0.222348690 3.781830788 0.007420967 -0.016172828 0.008959881 0.999801517
1439803838.511542 -0.251801044 -0.223846406 3.803377151 0.007055380 -0.017142802 0.008669512 0.999790549
1439803838.574041 -0.252664030 -0.225509673 3.824602127 0.006687455 -0.018203333 0.008445295 0.999776244
1439803838.636541 -0.253643304 -0.227073520 3.846377850 0.006171785 -0.019307254 0.008303801 0.999760032
1439803838.699044 -0.254595637 -0.228557795 3.867879868 0.005948156 -0.020395810 0.008328672 0.999739587
1439803838.761542 -0.255611062 -0.230070323 3.889228106 0.006095120 -0.021476854 0.008724052 0.999712706
1439803838.824042 -0.256887674 -0.231443346 3.911085367 0.006532820 -0.022487616 0.008394198 0.999690533
1439803838.886546 -0.258133322 -0.232820988 3.932627201 0.006589539 -0.023478962 0.008134022 0.999669492
1439803838.949046 -0.259446532 -0.234244481 3.954435110 0.006338544 -0.024409171 0.008372189 0.999646902
1439803839.011550 -0.260674357 -0.235737175 3.976168156 0.005849361 -0.025520563 0.008628041 0.999619961
1439803839.074050 -0.261950076 -0.237045437 3.997967005 0.005296794 -0.026894892 0.009219895 0.999581695
1439803839.136553 -0.263196886 -0.238271743 4.019713879 0.004577250 -0.028229069 0.009927504 0.999541700
1439803839.199054 -0.264648974 -0.239864707 4.041450977 0.003806400 -0.029503155 0.010590525 0.999501348
1439803839.261554 -0.266211808 -0.240985483 4.062825203 0.003483616 -0.030899266 0.010781413 0.999458253
1439803839.324055 -0.267606527 -0.242449746 4.084641933 0.003109016 -0.032332622 0.011225171 0.999409258
1439803839.386555 -0.268814981 -0.243890598 4.106078148 0.002986583 -0.033924382 0.011673140 0.999351799
1439803839.449058 -0.270576000 -0.245059997 4.128188133 0.003377530 -0.035393566 0.012320576 0.999291778
1439803839.511560 -0.272283196 -0.246419162 4.149627686 0.003755552 -0.036913015 0.013070161 0.999225974
1439803839.574059 -0.273960888 -0.247818202 4.170972824 0.004207639 -0.038092330 0.013299004 0.999176860
1439803839.636560 -0.275764167 -0.249148011 4.192417622 0.004563077 -0.039402600 0.013747756 0.999118388
1439803839.699062 -0.277658820 -0.250616074 4.213872433 0.004670661 -0.040638737 0.013829636 0.999067247
1439803839.761563 -0.279609919 -0.251988590 4.235480785 0.004878154 -0.042010330 0.013352164 0.999016047
1439803839.824068 -0.281510115 -0.253334045 4.256998539 0.005024259 -0.043427061 0.013310550 0.998955309
1439803839.886566 -0.283747792 -0.254833460 4.278622150 0.005170406 -0.044774942 0.013195178 0.998896599
1439803839.949070 -0.285986513 -0.256445765 4.299943924 0.005497438 -0.046107277 0.012951060 0.998837411
1439803840.011569 -0.288273692 -0.257914692 4.321599483 0.005855111 -0.047529947 0.011788704 0.998783052
1439803840.074072 -0.290568471 -0.259527177 4.342993259 0.005910162 -0.048898358 0.010887327 0.998726964
1439803840.136571 -0.293018579 -0.261094868 4.364578247 0.006741303 -0.050232239 0.010255758 0.998662174
1439803840.199075 -0.295611143 -0.262638748 4.386183739 0.007908641 -0.051380016 0.009772238 0.998600066
1439803840.261574 -0.297985315 -0.264278024 4.407427311 0.008767668 -0.052453201 0.009713533 0.998537660
1439803840.324076 -0.300468087 -0.266007245 4.428830624 0.009749747 -0.053230319 0.009363112 0.998490751
1439803840.386577 -0.302968889 -0.267569572 4.449922562 0.010133164 -0.054039534 0.008794979 0.998448670
1439803840.449080 -0.305745184 -0.268993080 4.472060680 0.008249752 -0.054983173 0.008110152 0.998420298
1439803840.511580 -0.308087826 -0.270492017 4.493254662 0.005118883 -0.055872250 0.006870177 0.998401165
1439803840.574084 -0.311061800 -0.271803111 4.515337467 0.001783901 -0.056513287 0.005589000 0.998384595
1439803840.636589 -0.314150095 -0.273315668 4.536684513 -0.001167190 -0.056935892 0.005284332 0.998363197
1439803840.699084 -0.316123307 -0.274610221 4.558011055 -0.002788073 -0.057579722 0.005868788 0.998319745
1439803840.761586 -0.318809241 -0.275756776 4.579325676 -0.002852151 -0.057838574 0.006008837 0.998303771
1439803840.824087 -0.321720868 -0.276459277 4.600205898 -0.002277335 -0.058204062 0.005054380 0.998289347
1439803840.886588 -0.324314207 -0.277929842 4.622067451 -0.001603057 -0.058735035 0.003665240 0.998265624
1439803840.949090 -0.327247232 -0.279027909 4.643245697 -0.001035872 -0.059318617 0.002530834 0.998235345
1439803841.011591 -0.330050707 -0.280147135 4.664526463 -0.000910814 -0.060193695 0.001514811 0.998185158
1439803841.074093 -0.332866609 -0.281432301 4.685631752 -0.000829464 -0.061163720 0.000884947 0.998127043
1439803841.136594 -0.335707843 -0.282571107 4.706662178 -0.000444388 -0.062112257 0.000289509 0.998069048
1439803841.199094 -0.338582158 -0.283661515 4.727678299 -0.000299083 -0.063118361 -0.000225169 0.998005986
1439803841.261594 -0.341753602 -0.284857690 4.748947144 -0.000357193 -0.064057000 -0.000942384 0.997945726
1439803841.324095 -0.344915748 -0.285899192 4.769975185 -0.000448287 -0.064919144 -0.002227056 0.997887909
1439803841.386595 -0.347971678 -0.287126809 4.791050911 -0.000558188 -0.066007450 -0.002906438 0.997814715
1439803841.449095 -0.351137906 -0.288389385 4.812242031 -0.000648254 -0.067105152 -0.002762434 0.997741878
1439803841.511600 -0.354412019 -0.289369613 4.833517075 -0.000131075 -0.068290696 -0.001953242 0.997663558
1439803841.574102 -0.357673317 -0.290456623 4.854923248 0.000593784 -0.069447279 -0.001633769 0.997584105
1439803841.636601 -0.360870123 -0.291935176 4.876030445 0.001545806 -0.070453003 -0.001735860 0.997512400
1439803841.699103 -0.364170939 -0.293228745 4.897099495 0.002826144 -0.071443155 -0.002350783 0.997437894
1439803841.761602 -0.367672920 -0.294564694 4.918180943 0.004415414 -0.072407790 -0.003545715 0.997359037
1439803841.824105 -0.371364832 -0.295878768 4.939577579 0.005912540 -0.073446982 -0.004448943 0.997271657
1439803841.886605 -0.374872267 -0.297075212 4.960975170 0.006683458 -0.074798986 -0.003913142 0.997168541
1439803841.949108 -0.378350258 -0.298313588 4.982419491 0.005866451 -0.076223977 -0.003088528 0.997068644
1439803842.011609 -0.382238030 -0.299388379 5.003888130 0.004327277 -0.077445343 -0.003274928 0.996981800
1439803842.074110 -0.385743856 -0.301092595 5.025490761 0.002115162 -0.078990720 -0.003078433 0.996868372
1439803842.136611 -0.389536440 -0.302062869 5.046225548 0.000654178 -0.080327190 -0.003979931 0.996760368
1439803842.199112 -0.393339187 -0.303888738 5.068010330 -0.000120259 -0.081864946 -0.004162986 0.996634722
1439803842.261614 -0.397166699 -0.305126339 5.088906765 0.000737211 -0.083483614 -0.004465412 0.996498823
1439803842.324116 -0.401302904 -0.306818992 5.110429287 0.001957404 -0.085261382 -0.004709401 0.996345580
1439803842.386617 -0.404910028 -0.307907820 5.131940842 0.003218199 -0.087162055 -0.005317267 0.996174753
1439803842.449120 -0.409461141 -0.309327632 5.153102398 0.003685612 -0.088719629 -0.005921179 0.996032238
1439803842.511621 -0.413760245 -0.310705990 5.174490929 0.003860413 -0.090306163 -0.007170793 0.995880783
1439803842.574121 -0.418206692 -0.311980188 5.195594788 0.004013904 -0.091909327 -0.008580520 0.995722353
1439803842.636623 -0.422957242 -0.313242346 5.217383862 0.004379500 -0.093438707 -0.009668552 0.995568454
1439803842.699123 -0.426951587 -0.314740747 5.237648010 0.004733556 -0.095082156 -0.009919080 0.995408773
1439803842.761625 -0.432011366 -0.315928042 5.260161400 0.005414513 -0.096415319 -0.009805236 0.995278120
1439803842.824126 -0.436658859 -0.317363769 5.281382084 0.005810335 -0.097749472 -0.010192077 0.995141923
1439803842.886628 -0.441335320 -0.318687081 5.302645683 0.005872820 -0.099076092 -0.010648153 0.995005548
1439803842.949129 -0.446035147 -0.319997251 5.324057102 0.005735335 -0.100514427 -0.010597999 0.994862616
1439803843.011630 -0.450772882 -0.321454495 5.345028877 0.005322685 -0.102111176 -0.012014968 0.994686186
1439803843.074132 -0.455523193 -0.322872370 5.366303921 0.004841069 -0.103571333 -0.012929184 0.994526207
1439803843.136633 -0.460564435 -0.324090898 5.387662411 0.004290815 -0.104841188 -0.013993584 0.994381249
1439803843.199135 -0.465345085 -0.325390637 5.408686638 0.004086884 -0.106003337 -0.013695239 0.994263053
1439803843.261638 -0.470195651 -0.326896012 5.429913998 0.004047923 -0.106915049 -0.013601926 0.994166911
1439803843.324138 -0.475039244 -0.328246683 5.450754166 0.004830793 -0.107471891 -0.014038313 0.994097233
1439803843.386639 -0.480016470 -0.329705954 5.472111225 0.006060342 -0.107899353 -0.013839727 0.994046986
1439803843.449140 -0.485033691 -0.331210941 5.493309021 0.007242329 -0.108353853 -0.012907966 0.994002223
1439803843.511641 -0.489976108 -0.332723022 5.514491558 0.007859605 -0.108985044 -0.011647143 0.993944049
1439803843.574143 -0.494943321 -0.334197670 5.535737514 0.007792631 -0.109578535 -0.010276540 0.993894458
1439803843.636647 -0.499720395 -0.335806578 5.556980610 0.007363789 -0.110153027 -0.009837830 0.993838668
1439803843.699146 -0.504775941 -0.337122142 5.578416824 0.006146252 -0.110775419 -0.008838851 0.993787110
1439803843.761647 -0.509618521 -0.338534743 5.599368572 0.005980420 -0.111295775 -0.006729010 0.993746579
1439803843.824147 -0.514249623 -0.339896262 5.620682716 0.006533334 -0.112167835 -0.005919281 0.993650198
1439803843.886648 -0.519303977 -0.341336131 5.641191959 0.007524583 -0.112591848 -0.006059188 0.993594348
1439803843.949149 -0.524803281 -0.342747271 5.663053513 0.008366574 -0.112845674 -0.006255148 0.993557632
1439803844.011649 -0.529594600 -0.344288439 5.683078766 0.009324715 -0.113007776 -0.006501737 0.993529081
1439803844.074149 -0.534700155 -0.346035063 5.704583645 0.008801071 -0.113367267 -0.007231412 0.993487835
1439803844.136650 -0.540255964 -0.347045988 5.725453854 0.006994884 -0.113211833 -0.007823302 0.993515432
1439803844.199151 -0.545690060 -0.348419249 5.746962070 0.005090373 -0.113310225 -0.007650195 0.993517160
1439803844.261650 -0.550726891 -0.349918664 5.768206120 0.004059723 -0.113544531 -0.005647409 0.993508577
1439803844.324152 -0.555803239 -0.351280659 5.789272785 0.003842360 -0.113686323 -0.004321625 0.993499875
1439803844.386652 -0.560926616 -0.352767259 5.810361385 0.004557253 -0.113796830 -0.003972382 0.993485689
1439803844.449152 -0.566100717 -0.354500890 5.831274509 0.006311780 -0.113698982 -0.004274546 0.993485987
1439803844.511654 -0.571308196 -0.355501026 5.852636337 0.008328553 -0.113817342 -0.004653904 0.993455887
1439803844.574154 -0.576169193 -0.357333273 5.873537064 0.008587847 -0.114204019 -0.003910817 0.993412495
1439803844.636654 -0.580986977 -0.358710825 5.894528866 0.008256570 -0.114649430 -0.003552947 0.993365347
1439803844.699157 -0.585675597 -0.360120237 5.915853024 0.007853982 -0.115188323 -0.003128447 0.993307710
1439803844.761655 -0.590806782 -0.361470342 5.937135220 0.007693906 -0.115432844 -0.003809527 0.993278146
1439803844.824156 -0.596288979 -0.363178462 5.958077908 0.007122571 -0.115430266 -0.004526060 0.993279755
1439803844.886657 -0.601341128 -0.364781618 5.979399204 0.006458551 -0.115756951 -0.005188673 0.993243039
1439803844.949159 -0.606455624 -0.366096884 6.000504971 0.005876693 -0.116115779 -0.005968766 0.993200362
1439803845.011660 -0.611833155 -0.367639959 6.021878719 0.004970528 -0.116376847 -0.006078624 0.993174076
1439803845.074161 -0.616961241 -0.368779838 6.043191433 0.004206731 -0.116662458 -0.006400395 0.993142068
1439803845.136661 -0.621857882 -0.369601727 6.064179420 0.004027358 -0.117042929 -0.006951043 0.993094385
1439803845.199162 -0.627132773 -0.371110559 6.085343361 0.003686227 -0.117421448 -0.007222448 0.993049026
1439803845.261662 -0.632567763 -0.372341931 6.106611252 0.003530257 -0.117671430 -0.006506620 0.993024945
1439803845.324162 -0.637563169 -0.373562306 6.127947807 0.003479181 -0.118225992 -0.005995698 0.992962539
1439803845.386663 -0.642536819 -0.374748528 6.149096489 0.003636772 -0.118777648 -0.006052483 0.992895782
1439803845.449164 -0.647586823 -0.376085639 6.170449734 0.003819536 -0.119244687 -0.006165918 0.992838383
1439803845.511664 -0.652916253 -0.376967251 6.191377640 0.003702369 -0.119537435 -0.005596717 0.992807031
1439803845.574165 -0.658152044 -0.377890885 6.212558746 0.003509088 -0.119920574 -0.005028061 0.992764533
1439803845.636667 -0.663371980 -0.379078835 6.233755112 0.003175817 -0.120356530 -0.004885227 0.992713630
1439803845.699168 -0.668690264 -0.380321115 6.254885197 0.002999598 -0.120711580 -0.004973143 0.992670655
1439803845.761669 -0.674246371 -0.381478518 6.276090145 0.003056944 -0.120989673 -0.004873124 0.992637098
1439803845.824172 -0.679155052 -0.382871985 6.296730042 0.002912846 -0.121482387 -0.004606697 0.992578626
1439803845.886671 -0.684776783 -0.383978218 6.318048000 0.003089062 -0.121855624 -0.004456114 0.992533028
1439803845.949173 -0.689975798 -0.385304689 6.338910580 0.003423034 -0.122300453 -0.004766627 0.992475748
1439803846.011675 -0.695476115 -0.386646092 6.359930038 0.003649269 -0.122716807 -0.004496488 0.992424846
1439803846.074177 -0.700620413 -0.388342857 6.380683899 0.003726619 -0.123143084 -0.004723546 0.992370665
1439803846.136679 -0.705943227 -0.389588326 6.401528358 0.004218414 -0.123537891 -0.004773934 0.992319405
1439803846.199180 -0.711331606 -0.390890926 6.422497272 0.004741464 -0.124039330 -0.004869401 0.992254019
1439803846.261681 -0.716879785 -0.392311811 6.443242073 0.005321422 -0.124402143 -0.004944349 0.992205262
1439803846.324179 -0.722454488 -0.393431783 6.463849545 0.005948695 -0.124782421 -0.004790542 0.992154717
1439803846.386681 -0.727667272 -0.395343691 6.484372139 0.006220135 -0.125160336 -0.005174081 0.992103517
1439803846.449181 -0.733228862 -0.396254957 6.505122185 0.006843804 -0.125563666 -0.005468760 0.992046893
1439803846.511684 -0.738728285 -0.398082525 6.525829315 0.006495817 -0.125952795 -0.005995145 0.991996825
1439803846.574185 -0.744513571 -0.399541616 6.546906948 0.006007029 -0.126441360 -0.006400826 0.991935253
1439803846.636685 -0.750337005 -0.400723398 6.568110466 0.005614867 -0.126938239 -0.006530154 0.991873205
1439803846.699188 -0.756126821 -0.402152181 6.588769436 0.005154384 -0.127187714 -0.007172592 0.991839349
1439803846.761689 -0.761882305 -0.403501600 6.609111786 0.004784262 -0.127477661 -0.007915611 0.991798341
1439803846.824190 -0.767606378 -0.404833466 6.629788876 0.004773616 -0.127823979 -0.008602169 0.991748095
1439803846.886694 -0.773177624 -0.406220704 6.650582314 0.005217952 -0.128235787 -0.009164385 0.991687655
1439803846.949195 -0.778926253 -0.407525122 6.671268940 0.006036163 -0.128479421 -0.010016193 0.991643250
1439803847.011692 -0.784427941 -0.409019113 6.691970825 0.006348098 -0.129025489 -0.010837794 0.991561770
1439803847.074196 -0.790104330 -0.410151154 6.712363720 0.006922137 -0.129491001 -0.011122445 0.991494060
1439803847.136697 -0.795899332 -0.411533654 6.732797623 0.007282955 -0.129869089 -0.011877836 0.991433263
1439803847.199198 -0.801701725 -0.412867695 6.753499985 0.007196342 -0.130285412 -0.012324080 0.991373837
1439803847.261699 -0.807316422 -0.414406478 6.773711681 0.006428745 -0.130687788 -0.012410209 0.991325021
1439803847.324200 -0.813044727 -0.415772110 6.793793678 0.005830189 -0.130936712 -0.012473309 0.991295099
1439803847.386701 -0.818957150 -0.416966349 6.813875675 0.005516945 -0.131118953 -0.012734064 0.991269529
1439803847.449204 -0.824604571 -0.418216795 6.834138393 0.005282809 -0.131476551 -0.012811280 0.991222441
1439803847.511706 -0.830425739 -0.419596940 6.854300022 0.005086540 -0.131633773 -0.012965727 0.991200566
1439803847.574208 -0.836211860 -0.420800596 6.874460697 0.005350152 -0.131764159 -0.013344266 0.991176844
1439803847.636712 -0.841659963 -0.422179490 6.894980907 0.005293287 -0.131956860 -0.013215263 0.991153240
1439803847.699213 -0.847344816 -0.423474789 6.915002346 0.005011484 -0.131625623 -0.013055523 0.991200864
1439803847.761711 -0.852916241 -0.424628615 6.935340881 0.004864205 -0.131445885 -0.012867572 0.991227865
1439803847.824211 -0.858635604 -0.425901473 6.955281734 0.004886539 -0.130996913 -0.013269337 0.991281927
1439803847.886712 -0.864097297 -0.427388936 6.975466251 0.004860728 -0.130811483 -0.013726479 0.991300285
1439803847.949216 -0.869634807 -0.428623259 6.995625019 0.004677157 -0.130645081 -0.013819421 0.991321862
1439803848.011717 -0.875021994 -0.429887682 7.015738487 0.004755961 -0.130568251 -0.013532147 0.991335571
1439803848.074219 -0.880486906 -0.431195408 7.035650730 0.005111658 -0.130282968 -0.013204703 0.991375744
1439803848.136718 -0.885908484 -0.432522207 7.055391788 0.005444505 -0.129831761 -0.012585106 0.991441190
1439803848.199220 -0.891249955 -0.433925569 7.075425625 0.005673137 -0.129551649 -0.012611105 0.991476238
1439803848.261721 -0.896750569 -0.435177952 7.095120430 0.006110099 -0.129048258 -0.012764134 0.991537333
1439803848.324222 -0.902097166 -0.436310410 7.114875317 0.006436620 -0.128763527 -0.013327506 0.991564870
1439803848.386725 -0.907733619 -0.437769502 7.134631157 0.006004736 -0.128463402 -0.014160818 0.991594970
1439803848.449230 -0.913090825 -0.439081699 7.154260635 0.005507525 -0.128319487 -0.014305197 0.991614401
1439803848.511726 -0.918293774 -0.440531284 7.174121857 0.005025376 -0.128248602 -0.014057297 0.991629720
1439803848.574230 -0.923783839 -0.441816539 7.193471909 0.004863970 -0.127777800 -0.014030601 0.991691649
1439803848.636731 -0.928868353 -0.443337888 7.213181496 0.004772497 -0.127541557 -0.013335702 0.991732061
1439803848.699232 -0.934026659 -0.444730818 7.232450008 0.005089504 -0.127313167 -0.012850634 0.991766274
1439803848.761731 -0.939209342 -0.445876449 7.252407074 0.005527545 -0.126922354 -0.013089571 0.991810858
1439803848.824235 -0.944422662 -0.447328687 7.271690369 0.005502367 -0.126475766 -0.012814328 0.991871655
1439803848.886737 -0.949513197 -0.448591560 7.291371822 0.005223568 -0.126125604 -0.012575055 0.991920829
1439803848.949239 -0.954630435 -0.449809283 7.310884476 0.004891254 -0.125721991 -0.012525109 0.991974354
1439803849.011737 -0.959571242 -0.451017559 7.330303192 0.004211850 -0.125429079 -0.012643349 0.992013097
1439803849.074241 -0.964614093 -0.452103347 7.349805832 0.003414016 -0.125020161 -0.012495793 0.992069662
1439803849.136755 -0.969522536 -0.453340173 7.368927479 0.002685528 -0.124720849 -0.012291344 0.992112100
1439803849.199242 -0.974567652 -0.454454720 7.387907505 0.002479826 -0.124287985 -0.012059528 0.992169797
1439803849.261743 -0.979551852 -0.455691516 7.406886578 0.002313169 -0.123852268 -0.011820598 0.992227554
1439803849.324244 -0.984577358 -0.456780136 7.425605297 0.002050946 -0.123271435 -0.011355180 0.992305875
1439803849.386749 -0.989154339 -0.457729638 7.443861008 0.001896454 -0.122871019 -0.010728451 0.992362797
1439803849.449248 -0.994571149 -0.458518475 7.462916851 0.002133441 -0.122193612 -0.010476543 0.992448688
1439803849.511751 -0.999044716 -0.459793270 7.481142521 0.002057132 -0.121840857 -0.010578736 0.992491126
1439803849.574253 -1.004011869 -0.461061329 7.499935150 0.002189049 -0.121232122 -0.010343724 0.992567837
1439803849.636753 -1.008847237 -0.461543739 7.517826557 0.003000320 -0.120843641 -0.009401235 0.992622495
1439803849.699256 -1.012855411 -0.462769538 7.535744190 0.003532344 -0.120952740 -0.008445889 0.992616057
1439803849.761755 -1.019230604 -0.465073198 7.554178238 0.003485020 -0.119909070 -0.007861004 0.992747605
1439803849.824256 -1.023385048 -0.466816247 7.573509693 0.003305522 -0.120042466 -0.007910554 0.992731750
1439803849.886762 -1.027713537 -0.467991829 7.591101646 0.003163553 -0.119938798 -0.007884293 0.992744923
1439803849.949264 -1.032684445 -0.468380779 7.609700680 0.003432259 -0.119939879 -0.007751402 0.992744982
1439803850.011762 -1.037580132 -0.470188379 7.627745628 0.002482139 -0.119871214 -0.007314008 0.992759407
1439803850.074264 -1.041769147 -0.471107364 7.645277023 0.002035548 -0.120015949 -0.006453589 0.992748857
1439803850.136764 -1.046111584 -0.472412586 7.662934780 0.001606383 -0.120087363 -0.005696253 0.992745697
1439803850.199266 -1.051202178 -0.473338395 7.681617260 0.002162819 -0.120158873 -0.005193991 0.992738724
1439803850.261765 -1.055096269 -0.474472940 7.698503017 0.002573452 -0.120527841 -0.005517363 0.992691278
1439803850.324269 -1.059615135 -0.475629658 7.715727806 0.003188135 -0.120611630 -0.005147088 0.992681324
1439803850.386768 -1.064036012 -0.476811856 7.732786655 0.003929311 -0.120813943 -0.004924893 0.992655158
1439803850.449272 -1.068472147 -0.478063345 7.749681473 0.004588082 -0.121104375 -0.004960526 0.992616773
1439803850.511772 -1.073003173 -0.479272634 7.766513348 0.004996856 -0.121293075 -0.004707887 0.992592990
1439803850.574272 -1.077007532 -0.480356216 7.783576012 0.005109826 -0.121887974 -0.004593896 0.992520094
1439803850.636778 -1.081302047 -0.481554806 7.800057411 0.005157403 -0.122064494 -0.004671580 0.992497742
1439803850.699277 -1.085710764 -0.482888818 7.816471577 0.005164390 -0.122192718 -0.004761862 0.992481530
1439803850.761779 -1.089934945 -0.484067351 7.832982063 0.005332352 -0.122564994 -0.005022344 0.992433429
1439803850.824278 -1.094182014 -0.485267282 7.849262714 0.005610480 -0.122739740 -0.005296284 0.992408872
1439803850.886781 -1.098823786 -0.486493140 7.865540504 0.005532011 -0.122685574 -0.005528254 0.992414773
1439803850.949281 -1.102894068 -0.487744093 7.881210804 0.005594906 -0.122920625 -0.005598639 0.992384911
1439803851.011785 -1.107163668 -0.488893926 7.896981239 0.005816054 -0.123195074 -0.005510803 0.992350101
1439803851.074289 -1.111334562 -0.489958912 7.912624836 0.005928417 -0.123342648 -0.006019515 0.992328167
1439803851.136788 -1.115438938 -0.491208732 7.928115845 0.005925142 -0.123431899 -0.006872686 0.992311537
1439803851.199289 -1.119357467 -0.492282480 7.943450928 0.005675332 -0.123679377 -0.006796401 0.992282748
1439803851.261787 -1.123775959 -0.493602425 7.959876537 0.005737802 -0.123780549 -0.006964060 0.992268562
1439803851.324291 -1.127682686 -0.494399488 7.974834442 0.006120822 -0.123985320 -0.006818446 0.992241740
1439803851.386792 -1.131391406 -0.495320737 7.990155697 0.006169883 -0.124188744 -0.007282397 0.992212713
1439803851.449294 -1.134804487 -0.495886385 8.005565643 0.006355512 -0.124458589 -0.007545920 0.992175758
1439803851.511796 -1.138324261 -0.496612310 8.020099640 0.006449343 -0.124663800 -0.007984709 0.992145956
1439803851.574296 -1.142206073 -0.497147590 8.035477638 0.006841127 -0.124723829 -0.008358822 0.992132664
1439803851.636797 -1.145884037 -0.498213142 8.051830292 0.007257210 -0.124961302 -0.008977674 0.992094398
1439803851.699300 -1.149108529 -0.499582142 8.066303253 0.007064635 -0.125419974 -0.009072740 0.992037117
1439803851.761799 -1.153468847 -0.500587165 8.081033707 0.006955415 -0.125317231 -0.009325368 0.992048502
1439803851.824300 -1.157212257 -0.501391828 8.094790459 0.007018491 -0.125452712 -0.009797982 0.992026389
1439803851.886802 -1.161454678 -0.502368629 8.110011101 0.007229207 -0.125356391 -0.009975924 0.992035270
1439803851.949305 -1.164738059 -0.502837956 8.122894287 0.007682824 -0.125853106 -0.010633664 0.991962135
1439803852.074307 -1.176250458 -0.504172683 8.149110794 0.007547330 -0.123927861 -0.010434460 0.992207646
1439803852.136805 -1.177651286 -0.503567934 8.163929939 0.007553099 -0.124863349 -0.010501714 0.992089629
1439803852.199308 -1.180308223 -0.505268037 8.181982040 0.006689384 -0.125401542 -0.010935345 0.992023230
1439803852.261808 -1.184685946 -0.505772710 8.195338249 0.006426916 -0.125033602 -0.011634344 0.992063463
1439803852.324310 -1.189057112 -0.506395876 8.208271027 0.006290132 -0.124631383 -0.012296934 0.992106974
1439803852.449310 -1.199434042 -0.507712483 8.231470108 0.006203057 -0.123496994 -0.011659829 0.992257059
1439803852.511811 -1.202101946 -0.507798553 8.247130394 0.006281825 -0.123739585 -0.012146476 0.992220461
1439803852.574312 -1.205734015 -0.506667912 8.260836601 0.006785547 -0.123650424 -0.012540657 0.992223382
1439803852.636812 -1.209177971 -0.508548021 8.275194168 0.006241546 -0.123653717 -0.012099274 0.992232025
1439803852.699312 -1.212733269 -0.512317240 8.289038658 0.005604536 -0.123615690 -0.009929373 0.992264628
1439803852.824313 -1.221191287 -0.510329008 8.315923691 0.005888783 -0.122116737 -0.011957092 0.992426276
1439803852.886813 -1.224984407 -0.511155486 8.329255104 0.004999427 -0.121999167 -0.012111757 0.992443740
1439803852.949315 -1.227981329 -0.514019907 8.342247963 0.004104127 -0.122984350 -0.009766505 0.992352068
1439803853.011817 -1.232232332 -0.515101552 8.355428696 0.004268061 -0.122723669 -0.009432423 0.992386878
1439803853.074318 -1.235337973 -0.515871823 8.369569778 0.004764017 -0.122760892 -0.009236900 0.992381871
1439803853.199315 -1.242727995 -0.517777085 8.397023201 0.004435590 -0.122749507 -0.009711349 0.992380261
1439803853.261818 -1.246386766 -0.518516302 8.410914421 0.004659142 -0.123080686 -0.009258395 0.992342532
1439803853.324318 -1.249820113 -0.519424677 8.424571991 0.004922301 -0.123365305 -0.008644424 0.992311478
1439803853.386820 -1.253336787 -0.520245910 8.438432693 0.004832227 -0.123447411 -0.008157388 0.992305815
1439803853.449322 -1.257113695 -0.520987809 8.452278137 0.004745012 -0.123520076 -0.008016557 0.992298305
1439803853.574326 -1.264877319 -0.522541344 8.480007172 0.004941988 -0.124133371 -0.009182830 0.992210746
1439803853.636826 -1.268737435 -0.523570538 8.493813515 0.005926182 -0.124529436 -0.009686048 0.992150962
1439803853.699325 -1.272596359 -0.524664164 8.507736206 0.006128083 -0.124887146 -0.009737250 0.992104232
1439803853.761829 -1.276415110 -0.525703609 8.521834373 0.006194363 -0.125267372 -0.009029224 0.992062569
1439803853.824329 -1.279985905 -0.526745439 8.535964966 0.006863378 -0.125954866 -0.008408870 0.991976559
1439803853.886830 -1.283612728 -0.527724266 8.549586296 0.007717752 -0.126408473 -0.008137973 0.991914868
1439803853.949332 -1.287567258 -0.528665185 8.564051628 0.008222511 -0.126691461 -0.007962352 0.991876125
1439803854.011834 -1.291350126 -0.529707551 8.578169823 0.008476799 -0.126859412 -0.008920445 0.991844356
1439803854.074333 -1.295337677 -0.530448377 8.592690468 0.007784816 -0.127149463 -0.009418954 0.991808295
1439803854.136838 -1.299597025 -0.531383455 8.607110023 0.007244617 -0.127343580 -0.009385918 0.991787791
1439803854.199336 -1.303445339 -0.532307982 8.621527672 0.006938373 -0.127929449 -0.009511030 0.991713405
1439803854.261840 -1.307358980 -0.533304513 8.635897636 0.006432628 -0.128473982 -0.009305970 0.991648376
1439803854.324341 -1.311438203 -0.534385264 8.650416374 0.005821903 -0.128841743 -0.008839560 0.991608679
1439803854.386842 -1.315150023 -0.535319030 8.664666176 0.005439918 -0.129249483 -0.008435505 0.991561294
1439803854.449342 -1.319213629 -0.536416411 8.679101944 0.005391006 -0.129504517 -0.008081107 0.991531253
1439803854.511846 -1.323092818 -0.537483037 8.693402290 0.005427786 -0.129874676 -0.007896462 0.991484106
1439803854.574348 -1.327211618 -0.538456023 8.707477570 0.005565417 -0.130129963 -0.008008786 0.991448939
1439803854.636848 -1.331322432 -0.539425433 8.721787453 0.005313775 -0.130407989 -0.008304163 0.991411388
1439803854.699349 -1.335383534 -0.540239096 8.736053467 0.004959356 -0.130538672 -0.008079143 0.991397917
1439803854.761851 -1.339223862 -0.541054964 8.750423431 0.004594795 -0.130759910 -0.007995841 0.991371155
1439803854.824352 -1.343249679 -0.542007685 8.764741898 0.003997487 -0.130782992 -0.008411102 0.991367280
1439803854.886850 -1.347247839 -0.543082774 8.778958321 0.003438399 -0.130877644 -0.007709524 0.991362572
1439803854.949353 -1.351010561 -0.543878794 8.792943954 0.003103324 -0.131146163 -0.006727099 0.991335332
1439803855.011851 -1.354881048 -0.544811070 8.807020187 0.002614022 -0.131284490 -0.006161001 0.991322160
1439803855.074351 -1.358898401 -0.545626342 8.821209908 0.002468637 -0.131159335 -0.005466382 0.991343200
1439803855.136856 -1.362674236 -0.546543956 8.835269928 0.002173014 -0.131182015 -0.004169732 0.991347134
1439803855.199355 -1.366567850 -0.546944439 8.849624634 0.001754907 -0.131180570 -0.002042726 0.991354823
1439803855.261853 -1.370467782 -0.547720909 8.863931656 0.001173704 -0.131151423 -0.000374037 0.991361558
1439803855.324357 -1.374266386 -0.548739314 8.877734184 0.001011689 -0.130925819 -0.000014384 0.991391659
1439803855.386854 -1.377866030 -0.549493670 8.891422272 0.001848969 -0.130539075 -0.001043268 0.991440892
1439803855.449357 -1.381317377 -0.550408423 8.904993057 0.002851712 -0.130062491 -0.001939743 0.991499841
1439803855.511861 -1.385054350 -0.551401079 8.918689728 0.003378656 -0.129128471 -0.002912516 0.991617858
1439803855.574355 -1.388719797 -0.552125454 8.932517052 0.003921432 -0.128026977 -0.004013852 0.991754770
1439803855.636856 -1.392059207 -0.552273691 8.946250916 0.004780973 -0.127004266 -0.003764600 0.991883516
1439803855.699361 -1.395509720 -0.553354263 8.959662437 0.005082524 -0.125651330 -0.002426452 0.992058456
1439803855.761858 -1.398848534 -0.554799557 8.972625732 0.004848056 -0.123809829 -0.001374024 0.992293179
1439803855.824358 -1.401595116 -0.555598676 8.985580444 0.004540851 -0.122077875 -0.001149204 0.992509484
1439803855.886859 -1.404584050 -0.556616306 8.998542786 0.003943932 -0.120136715 -0.001049001 0.992748976
1439803855.949359 -1.407319307 -0.557276905 9.011376381 0.003774764 -0.118419275 -0.001225356 0.992955744
1439803856.011859 -1.410596490 -0.558235765 9.023874283 0.003610288 -0.115962535 -0.002789134 0.993243098
1439803856.074362 -1.413478851 -0.559018075 9.036496162 0.003325805 -0.113497719 -0.003425092 0.993526757
1439803856.136861 -1.416482687 -0.559900641 9.049162865 0.003826425 -0.110790528 -0.004282838 0.993827164
1439803856.199361 -1.418946624 -0.560870528 9.061408043 0.004496288 -0.108063325 -0.005260436 0.994119942
1439803856.261864 -1.421009779 -0.561879158 9.073376656 0.004681713 -0.104977056 -0.005747505 0.994446993
1439803856.324365 -1.423288941 -0.562840700 9.085615158 0.004590570 -0.101040058 -0.006100835 0.994853079
1439803856.386868 -1.425587416 -0.563690782 9.097937584 0.004378282 -0.096443810 -0.006159137 0.995309711
1439803856.449371 -1.427591324 -0.564255714 9.110234261 0.004719026 -0.091398574 -0.005894003 0.995785773
1439803856.511868 -1.429617763 -0.564821005 9.122672081 0.005463193 -0.085879140 -0.005792321 0.996273756
1439803856.574375 -1.431129575 -0.565437019 9.134744644 0.006054581 -0.080005229 -0.004728449 0.996764839
1439803856.636878 -1.432829499 -0.565986753 9.147107124 0.006152007 -0.073360905 -0.004328260 0.997277081
1439803856.699376 -1.433900714 -0.566780806 9.159052849 0.005561028 -0.066034846 -0.004996930 0.997789323
1439803856.761873 -1.434648514 -0.567894042 9.170699120 0.004939146 -0.058129679 -0.005601951 0.998281121
1439803856.824373 -1.435259223 -0.568637609 9.182415962 0.005001480 -0.049768429 -0.005637701 0.998732328
1439803856.886876 -1.435796618 -0.569288433 9.194158554 0.005166044 -0.040806796 -0.005644927 0.999137759
1439803856.949376 -1.435739279 -0.570088506 9.205623627 0.005199374 -0.030913290 -0.006037124 0.999490321
1439803857.011879 -1.435630322 -0.570764482 9.217195511 0.005111182 -0.019905595 -0.005387891 0.999774277
