1439803654.758235 -0.000633228 -0.002267516 0.044196013 0.000652437 0.001785694 0.001249675 0.999997437
1439803654.820738 -0.000653650 -0.003503746 0.066191807 0.001079332 0.002201849 0.000951384 0.999996543
1439803654.883238 -0.000706966 -0.004789460 0.089587919 0.001511228 0.002502440 0.001556351 0.999994516
1439803654.945742 -0.000690917 -0.006043324 0.112584800 0.001821232 0.002769279 0.003312217 0.999989033
1439803655.008245 0.000119111 -0.007002951 0.132653356 0.001901042 0.002645111 0.004319340 0.999985337
1439803655.070740 0.000094428 -0.008632680 0.158006579 0.001614929 0.003342051 0.004465138 0.999983132
1439803655.133243 0.000185248 -0.009919341 0.180745006 0.001663847 0.003687541 0.005084641 0.999978900
1439803655.195743 0.001103666 -0.011257835 0.201902494 0.001940458 0.003252463 0.006443890 0.999972045
1439803655.258243 0.000527782 -0.012866669 0.226705700 0.002127234 0.003894740 0.005897670 0.999972761
1439803655.320745 0.000897407 -0.014171202 0.247798771 0.001383329 0.003637071 0.004621927 0.999981761
1439803655.383245 0.000535955 -0.015180702 0.270220578 0.000781394 0.003963295 0.004524447 0.999981582
1439803655.445747 0.000927396 -0.016396306 0.292611092 0.000315365 0.003609859 0.004984835 0.999980986
1439803655.508249 0.001174671 -0.017762089 0.314588338 -0.000223184 0.003151435 0.005270503 0.999981105
1439803655.570750 0.001544295 -0.019015629 0.337464273 -0.000874449 0.002506865 0.005576089 0.999980927
1439803655.633252 0.000980947 -0.019816084 0.356871635 -0.001504743 0.002368357 0.006560865 0.999974549
1439803655.695752 0.001415109 -0.021523835 0.383697331 -0.001690514 0.002015419 0.006946141 0.999972403
1439803655.758254 0.000977460 -0.022547301 0.402938575 -0.000899399 0.002303717 0.006623979 0.999975026
1439803655.820755 0.000953011 -0.023779068 0.425840199 0.000293875 0.002422275 0.006853127 0.999973536
1439803655.883257 0.000932001 -0.025097193 0.447949648 0.000593352 0.002178276 0.006655699 0.999975324
1439803655.945758 0.000831184 -0.026186172 0.470526487 0.000434385 0.001884595 0.005585855 0.999982536
1439803656.008259 0.000522512 -0.027476635 0.494815677 0.000116133 0.001840528 0.004273458 0.999989212
1439803656.070763 0.000397778 -0.028705142 0.517487168 -0.000090053 0.001873565 0.004166730 0.999989569
1439803656.133264 0.000353074 -0.030085985 0.540484369 -0.000331943 0.002146481 0.003962346 0.999989808
1439803656.195764 0.000562481 -0.031461604 0.562534034 -0.001088443 0.002368938 0.004511969 0.999986410
1439803656.258266 0.001057322 -0.032692391 0.584745049 -0.001935393 0.002477717 0.005763329 0.999978423
1439803656.320766 0.001446732 -0.033794630 0.606902063 -0.002559014 0.002741365 0.006102925 0.999974310
1439803656.383267 0.001616220 -0.034940500 0.629057407 -0.003179934 0.003424710 0.005538571 0.999973714
1439803656.445773 0.001649156 -0.036002733 0.651830375 -0.003568604 0.004514113 0.004730784 0.999972284
1439803656.508269 0.001625607 -0.037095863 0.673090696 -0.004637301 0.005479613 0.004658310 0.999963403
1439803656.570769 0.001961517 -0.038205177 0.695183754 -0.005178160 0.006137797 0.004685720 0.999956787
1439803656.633274 0.002188566 -0.038975790 0.714732111 -0.004297500 0.006939789 0.004412368 0.999956906
1439803656.695771 0.002593494 -0.040095367 0.736613154 -0.003258512 0.007916278 0.005005712 0.999950826
1439803656.758270 0.003403253 -0.041558608 0.758155346 -0.002767821 0.009265225 0.006324402 0.999933243
1439803656.820772 0.004197069 -0.042787991 0.779715061 -0.001851355 0.010833531 0.007348417 0.999912620
1439803656.883272 0.005012461 -0.044195279 0.801661849 -0.001109145 0.012413222 0.008174293 0.999888897
1439803656.945774 0.005767601 -0.045221806 0.823390484 0.000494777 0.013898245 0.007967047 0.999871552
1439803657.008275 0.006646244 -0.046254791 0.845271826 0.001162404 0.015547883 0.007653452 0.999849141
1439803657.070777 0.007488975 -0.047657765 0.866868794 0.000947694 0.017598946 0.007209436 0.999818683
1439803657.133277 0.008329429 -0.048879415 0.888639867 0.000250651 0.019564332 0.005694981 0.999792337
1439803657.195778 0.009354584 -0.050196607 0.910173237 -0.000894984 0.021087922 0.005115746 0.999764085
1439803657.258278 0.010511382 -0.051404100 0.931705654 -0.001695583 0.022322161 0.005853132 0.999732256
1439803657.320781 0.011820130 -0.052697424 0.953129590 -0.001944150 0.023724578 0.007664460 0.999687254
1439803657.383281 0.013452720 -0.053999178 0.973764598 -0.001962672 0.025257237 0.009612436 0.999632835
1439803657.445782 0.014999814 -0.054954708 0.995108724 -0.002017523 0.026937202 0.011382796 0.999570251
1439803657.508282 0.017074939 -0.055997949 1.015182018 -0.002706410 0.028613908 0.012715731 0.999505997
1439803657.570784 0.018536843 -0.056994047 1.036394715 -0.003896897 0.030296499 0.012514897 0.999455035
1439803657.633285 0.019627254 -0.057960402 1.057257056 -0.004814432 0.032223281 0.011171322 0.999406695
1439803657.695786 0.020705260 -0.058756214 1.078705072 -0.005970891 0.034014389 0.009390920 0.999359369
1439803657.758287 0.022238825 -0.059389941 1.099425554 -0.007160803 0.035531916 0.008455456 0.999307096
1439803657.820788 0.023964681 -0.060219631 1.120441318 -0.008397662 0.036733326 0.008092606 0.999257028
1439803657.883290 0.025637243 -0.061039999 1.141829371 -0.009638124 0.037830401 0.008839657 0.999198616
1439803657.945791 0.027858075 -0.061895758 1.162786365 -0.009654292 0.038740307 0.012529386 0.999124110
1439803658.008292 0.030281909 -0.063036904 1.183657408 -0.009137102 0.039618168 0.016388996 0.999038696
1439803658.070794 0.032742627 -0.064387262 1.204815149 -0.008213735 0.040447246 0.018403936 0.998978376
1439803658.133294 0.034621656 -0.065456338 1.225733876 -0.006973370 0.041414242 0.018248981 0.998951018
1439803658.195794 0.035987452 -0.066616453 1.246501088 -0.005681821 0.042336550 0.016847923 0.998945177
1439803658.258296 0.037337355 -0.067242205 1.267794609 -0.004670063 0.043290254 0.014532200 0.998945892
1439803658.320800 0.038661622 -0.068000063 1.288585544 -0.003363839 0.044472057 0.012122370 0.998931408
1439803658.383299 0.040381350 -0.069031015 1.308552623 -0.002398980 0.045053482 0.011512813 0.998915374
1439803658.445803 0.042688511 -0.069970772 1.330098391 -0.001772195 0.044839304 0.012605445 0.998913109
1439803658.508300 0.044751555 -0.070880622 1.351456285 -0.001372664 0.044333931 0.014599658 0.998909175
1439803658.570801 0.047488265 -0.071793847 1.372766018 -0.001322813 0.043499585 0.017153867 0.998905301
1439803658.633304 0.049368106 -0.073136985 1.394247651 -0.001739742 0.042760827 0.019247362 0.998898387
1439803658.695804 0.051632702 -0.074297935 1.416163325 -0.002032035 0.041562289 0.020092072 0.998931766
1439803658.758305 0.052844889 -0.075209640 1.438717723 -0.002272372 0.040240396 0.019424172 0.998998642
1439803658.820807 0.054001436 -0.076080814 1.462616801 -0.002535489 0.038617957 0.017916007 0.999090195
1439803658.883306 0.055178754 -0.077299662 1.484307170 -0.003112658 0.036795028 0.016353657 0.999184132
1439803658.945807 0.056107618 -0.078021601 1.505755067 -0.003785754 0.034883682 0.014730328 0.999275625
1439803659.008309 0.056712858 -0.078553773 1.527703285 -0.004564034 0.032956179 0.014534651 0.999340653
1439803659.070811 0.057558052 -0.078940913 1.548706770 -0.005290370 0.030597527 0.015625954 0.999395609
1439803659.133312 0.058452610 -0.080955118 1.570397854 -0.006080964 0.028034884 0.016932439 0.999445021
1439803659.195813 0.059553169 -0.081887677 1.591818094 -0.006249221 0.025039323 0.019138167 0.999483764
1439803659.258315 0.060246039 -0.082971618 1.613238215 -0.006523483 0.021919705 0.020270966 0.999532878
1439803659.320819 0.060271490 -0.083769545 1.634830832 -0.006757400 0.018818805 0.019785497 0.999604285
1439803659.383319 0.060102619 -0.084602170 1.654507160 -0.007048272 0.015340699 0.018651351 0.999683499
1439803659.445818 0.060254306 -0.086036071 1.677655458 -0.006629637 0.011859966 0.017978474 0.999746084
1439803659.508320 0.059927277 -0.087185897 1.699502110 -0.005667191 0.008042534 0.018002070 0.999789536
1439803659.570821 0.059498023 -0.088428274 1.721007705 -0.004665346 0.004166007 0.018576115 0.999807835
1439803659.633322 0.059028450 -0.089405939 1.742448926 -0.003583918 0.000291739 0.019211493 0.999808967
1439803659.695824 0.058462143 -0.090549611 1.764116287 -0.002934185 -0.003522661 0.020158088 0.999786258
1439803659.758325 0.057513718 -0.091798082 1.785951018 -0.002819042 -0.007211496 0.020664167 0.999756515
1439803659.820829 0.056477532 -0.092914373 1.807838202 -0.002535729 -0.011142449 0.020936042 0.999715507
1439803659.883329 0.054938637 -0.093702301 1.829991817 -0.002747496 -0.015175256 0.021457797 0.999650836
1439803659.945828 0.053491689 -0.094634376 1.852238178 -0.002928622 -0.019478394 0.021790553 0.999568522
1439803660.008335 0.051325768 -0.095997818 1.874170303 -0.003049733 -0.023696672 0.021318512 0.999487162
1439803660.070831 0.049185894 -0.097482339 1.896810174 -0.003044006 -0.027812669 0.020274527 0.999402881
1439803660.133333 0.047333285 -0.098531000 1.918808460 -0.002895138 -0.031749655 0.019764269 0.999296248
1439803660.195834 0.045102388 -0.099741876 1.941279888 -0.002761287 -0.035311405 0.018819356 0.999195337
1439803660.258335 0.042496890 -0.101104379 1.963208914 -0.002306043 -0.038708538 0.018056015 0.999084711
1439803660.320838 0.040271834 -0.102293886 1.984999418 -0.001804910 -0.041782834 0.017746314 0.998967469
1439803660.383338 0.037764445 -0.103378840 2.006541967 -0.001665422 -0.044294108 0.016645772 0.998878479
1439803660.445839 0.034948990 -0.104513243 2.028513908 -0.001946561 -0.046480708 0.015988855 0.998789310
1439803660.508342 0.032421038 -0.105530523 2.050528526 -0.002711445 -0.048270028 0.015232787 0.998714447
1439803660.570842 0.029622659 -0.106753886 2.072452068 -0.002889764 -0.049739804 0.015484868 0.998637974
1439803660.633343 0.027108252 -0.108239248 2.094519854 -0.003154658 -0.051162325 0.015883368 0.998559058
1439803660.695844 0.025833458 -0.109441616 2.111408472 -0.003220620 -0.053369857 0.016486393 0.998433471
1439803660.758346 0.023180336 -0.110705584 2.133422136 -0.003285200 -0.054651957 0.016848302 0.998357892
1439803660.820846 0.020317137 -0.111971229 2.156059027 -0.003480751 -0.055659991 0.016825702 0.998301923
1439803660.883348 0.017370552 -0.113122277 2.178316355 -0.003501895 -0.056352764 0.015197090 0.998289108
1439803660.945850 0.014553457 -0.114126295 2.199508905 -0.002968283 -0.056832865 0.013087712 0.998293519
1439803661.008352 0.011356175 -0.115322545 2.221983433 -0.002995693 -0.057000045 0.010860014 0.998310626
1439803661.070853 0.008229285 -0.116548121 2.245373487 -0.003454042 -0.056875318 0.009227051 0.998332739
1439803661.133354 0.005622238 -0.117476769 2.267130136 -0.004119896 -0.056561206 0.007817712 0.998359978
1439803661.195854 0.002981693 -0.118501909 2.290414333 -0.004941940 -0.055918135 0.007177421 0.998397291
1439803661.258356 0.000588596 -0.119469412 2.312539339 -0.005213746 -0.055410791 0.008012518 0.998417914
1439803661.320857 -0.001707494 -0.120621905 2.336542368 -0.004746488 -0.054865289 0.008378548 0.998447359
1439803661.383360 -0.004169837 -0.121923104 2.359658003 -0.004186618 -0.054135427 0.008446140 0.998489082
1439803661.445862 -0.006367743 -0.122861780 2.379682302 -0.004031106 -0.053270638 0.007658004 0.998542607
1439803661.508361 -0.009057567 -0.123955645 2.402495623 -0.003809488 -0.052150872 0.005831569 0.998614907
1439803661.570863 -0.011693910 -0.125038773 2.425435781 -0.003302824 -0.050660156 0.004394109 0.998700798
1439803661.633364 -0.014147907 -0.126082331 2.448750257 -0.002859250 -0.048977438 0.002923266 0.998791516
1439803661.695865 -0.016379565 -0.127181008 2.472021103 -0.002608219 -0.047206577 0.001809249 0.998880088
1439803661.758367 -0.018061161 -0.128398389 2.495784283 -0.002287496 -0.045527659 0.002462095 0.998957396
1439803661.820868 -0.019760966 -0.129882261 2.518946409 -0.001879638 -0.043633871 0.003711409 0.999038935
1439803661.883369 -0.021439224 -0.131188318 2.541748285 -0.001063438 -0.041499745 0.004580555 0.999127448
1439803661.945870 -0.022974044 -0.132556960 2.565212727 -0.000681449 -0.039318729 0.005613761 0.999210715
1439803662.008372 -0.024420321 -0.133905217 2.588720083 -0.000357339 -0.037234861 0.006522445 0.999285161
1439803662.070873 -0.025962815 -0.135143906 2.612269640 0.000162902 -0.035045266 0.006156051 0.999366760
1439803662.133374 -0.027296424 -0.136403501 2.635886431 0.000429869 -0.032923896 0.005975976 0.999439895
1439803662.195875 -0.028584495 -0.137685061 2.659713030 0.000203969 -0.030878758 0.005810354 0.999506235
1439803662.258377 -0.029805638 -0.138971105 2.683626652 -0.000185319 -0.028844474 0.005412282 0.999569237
1439803662.320878 -0.030983835 -0.140313625 2.707576513 -0.000559680 -0.026674652 0.005108628 0.999630928
1439803662.383380 -0.031959645 -0.141719311 2.731864214 -0.000718383 -0.024518503 0.005116277 0.999686003
1439803662.445881 -0.032719083 -0.142899856 2.755726099 -0.000915091 -0.022407092 0.005503281 0.999733388
1439803662.508382 -0.033512227 -0.144102141 2.780067205 -0.001427437 -0.020331638 0.005532031 0.999776959
1439803662.570886 -0.034331612 -0.145117864 2.804265022 -0.001944483 -0.018159548 0.005594856 0.999817550
1439803662.633385 -0.034683473 -0.146519631 2.828541040 -0.002495969 -0.016140509 0.005313299 0.999852479
1439803662.695885 -0.035428487 -0.147627831 2.853171587 -0.003151268 -0.013804246 0.004937787 0.999887526
1439803662.758385 -0.035832677 -0.148646846 2.877680302 -0.004368535 -0.011666555 0.004617238 0.999911726
1439803662.820886 -0.036293276 -0.149822563 2.902540207 -0.005466184 -0.009537721 0.004265144 0.999930441
1439803662.883386 -0.036707651 -0.150901258 2.927283764 -0.005767836 -0.007514349 0.003639685 0.999948502
1439803662.945887 -0.036812250 -0.151959196 2.951548338 -0.005680278 -0.005648773 0.003002196 0.999963403
1439803663.008388 -0.036944695 -0.153231770 2.976653099 -0.005155581 -0.003872378 0.002541244 0.999975979
1439803663.070888 -0.036928657 -0.154385448 3.001430988 -0.004712948 -0.002125152 0.001968427 0.999984682
1439803663.133389 -0.036674827 -0.155286029 3.026107788 -0.003731820 -0.000550896 0.002310288 0.999990225
1439803663.195889 -0.037022501 -0.156697288 3.051359415 -0.003577182 0.000940029 0.002084029 0.999991000
1439803663.258390 -0.036728889 -0.157818839 3.076382875 -0.003763855 0.002067372 0.002287681 0.999988139
1439803663.320890 -0.036715578 -0.158950239 3.101705074 -0.003521502 0.003134353 0.002203334 0.999986470
1439803663.383391 -0.036244724 -0.160092920 3.126692057 -0.003156499 0.003750011 0.002245411 0.999985456
1439803663.445891 -0.036320493 -0.161529317 3.151893139 -0.002803540 0.004306580 0.002443913 0.999983788
1439803663.508391 -0.035869021 -0.162922814 3.176803350 -0.002644043 0.004583501 0.002594746 0.999982595
1439803663.570893 -0.036065742 -0.163839474 3.202583313 -0.002018231 0.005308607 0.002476372 0.999980807
1439803663.633393 -0.035835780 -0.165641695 3.227550030 -0.001509035 0.005956097 0.001582929 0.999979854
1439803663.695893 -0.035604510 -0.166799501 3.252938509 -0.001821842 0.006423381 0.000650326 0.999977529
1439803663.758394 -0.035419311 -0.168053061 3.278471708 -0.002843276 0.006614527 0.000024214 0.999974072
1439803663.820895 -0.035198387 -0.169360623 3.304274082 -0.003615611 0.006805297 0.000175009 0.999970257
1439803663.883395 -0.034829773 -0.170784891 3.330019236 -0.004035535 0.006787205 0.000052593 0.999968827
1439803663.945896 -0.034693334 -0.172235370 3.355669022 -0.003859794 0.006797633 0.000185181 0.999969423
1439803664.008397 -0.034406506 -0.173796937 3.381179094 -0.003655007 0.006983954 0.000360735 0.999968827
1439803664.070912 -0.034122642 -0.174936801 3.407273769 -0.002577690 0.007174170 -0.000147713 0.999970913
1439803664.133399 -0.034023151 -0.176476017 3.432490826 -0.001370021 0.007491773 -0.001307917 0.999970138
1439803664.195901 -0.033873152 -0.177711591 3.458726168 -0.000249932 0.007663725 -0.001666885 0.999969184
1439803664.258402 -0.033658031 -0.179130256 3.484548330 0.000085361 0.007690174 -0.002656202 0.999966860
1439803664.320903 -0.033628263 -0.180363119 3.510966539 0.000149463 0.007872469 -0.003319603 0.999963462
1439803664.383405 -0.033542048 -0.181953132 3.537156343 -0.000201313 0.008079901 -0.003643284 0.999960661
1439803664.445906 -0.033390690 -0.183251962 3.563631773 -0.000825265 0.008286619 -0.004550590 0.999954939
1439803664.508408 -0.033071887 -0.184378743 3.589341879 -0.001570155 0.008275562 -0.004948520 0.999952316
1439803664.570909 -0.032653376 -0.185620010 3.615651131 -0.002147800 0.008419596 -0.004359637 0.999952734
1439803664.633410 -0.032317087 -0.186928943 3.641887903 -0.002400932 0.008780431 -0.004417050 0.999948800
1439803664.695911 -0.032219812 -0.188499525 3.668332815 -0.002632728 0.009271305 -0.005157514 0.999940217
1439803664.758413 -0.031796083 -0.189845353 3.694491148 -0.002877075 0.009691860 -0.005542577 0.999933541
1439803664.820914 -0.031519428 -0.191052601 3.721134186 -0.003106879 0.010260141 -0.005910043 0.999925077
1439803664.883415 -0.031035580 -0.192293420 3.747538090 -0.002898868 0.010728664 -0.006016170 0.999920130
1439803664.945916 -0.031054705 -0.193545878 3.774306059 -0.002629265 0.011300568 -0.006021983 0.999914587
1439803665.008418 -0.030120619 -0.194882259 3.800519466 -0.002208425 0.011455803 -0.006050869 0.999913633
1439803665.070919 -0.029650271 -0.196272522 3.826847076 -0.001595691 0.011841225 -0.006187505 0.999909461
1439803665.133421 -0.028991304 -0.197655082 3.853862286 -0.001196611 0.012300732 -0.006355026 0.999903440
1439803665.195922 -0.028466508 -0.199067682 3.880295992 -0.000879427 0.012769767 -0.006885152 0.999894381
1439803665.258424 -0.027877815 -0.200417086 3.907166958 -0.000348494 0.013182166 -0.007219838 0.999886990
1439803665.320925 -0.027082399 -0.202092841 3.933458328 -0.000545364 0.013376505 -0.006677977 0.999888062
1439803665.383425 -0.026543513 -0.203100979 3.960596561 -0.002068547 0.013829362 -0.007485450 0.999874234
1439803665.445927 -0.025920525 -0.204102397 3.987599373 -0.003649021 0.014178633 -0.008328238 0.999858141
1439803665.508428 -0.025410429 -0.205539659 4.013807297 -0.004477655 0.014564106 -0.009123935 0.999842286
1439803665.570945 -0.024735108 -0.207110912 4.041365147 -0.004645722 0.015007024 -0.009969106 0.999826908
1439803665.633431 -0.024053872 -0.208626986 4.067284107 -0.004352956 0.015350544 -0.010673017 0.999815762
1439803665.695932 -0.023582101 -0.209990606 4.094670296 -0.003539012 0.015773786 -0.011007952 0.999808729
1439803665.758433 -0.022763491 -0.211294338 4.120846748 -0.002343358 0.016068744 -0.011375101 0.999803424
1439803665.820935 -0.022121429 -0.212740064 4.147870541 -0.001565871 0.016475722 -0.011446373 0.999797523
1439803665.883441 -0.021368861 -0.214347064 4.174203396 -0.001444218 0.016908206 -0.011465983 0.999790251
1439803665.945937 -0.020670772 -0.215407401 4.200862885 -0.001122222 0.017383553 -0.011492156 0.999782205
1439803666.008440 -0.019891769 -0.217084005 4.227331161 -0.001389308 0.017771099 -0.012136861 0.999767423
1439803666.070942 -0.019020304 -0.218254134 4.253344059 -0.002371447 0.017917885 -0.013320944 0.999747932
1439803666.133443 -0.018682659 -0.219644949 4.280146122 -0.003296947 0.018464636 -0.013358805 0.999734819
1439803666.195943 -0.017335325 -0.220769018 4.307462692 -0.003214144 0.018797863 -0.012735977 0.999737024
1439803666.258444 -0.016660824 -0.222452462 4.334203720 -0.003336869 0.019147405 -0.012689298 0.999730587
1439803666.320945 -0.015456766 -0.223886371 4.360913277 -0.003443616 0.019149302 -0.012067975 0.999737859
1439803666.383446 -0.014885470 -0.224984929 4.387223244 -0.003511351 0.019411143 -0.012345041 0.999729216
1439803666.445948 -0.013994366 -0.226258740 4.413636684 -0.003026980 0.019745141 -0.012342645 0.999724269
1439803666.508449 -0.013053373 -0.227602869 4.439941406 -0.003137022 0.019945560 -0.011510940 0.999729872
1439803666.570950 -0.012383655 -0.228736088 4.465864182 -0.003242526 0.020037536 -0.011471659 0.999728143
1439803666.633451 -0.011177272 -0.230303705 4.492549419 -0.003181013 0.020026881 -0.011616217 0.999726892
1439803666.695955 -0.010789692 -0.230976760 4.518177986 -0.002724004 0.020170819 -0.012147719 0.999719024
1439803666.758454 -0.009884447 -0.232934207 4.545549870 -0.002517461 0.020352790 -0.012881205 0.999706686
1439803666.820957 -0.009132922 -0.234224454 4.571617603 -0.002317848 0.020420762 -0.013666954 0.999695361
1439803666.883458 -0.008266345 -0.235624284 4.598040581 -0.002197754 0.020175694 -0.014160329 0.999693751
1439803666.945958 -0.007839754 -0.236631364 4.624564171 -0.002339063 0.020187378 -0.014214208 0.999692440
1439803667.008459 -0.006610066 -0.238479286 4.650691986 -0.003039862 0.020193525 -0.014317086 0.999688923
1439803667.070961 -0.006029114 -0.239936709 4.677447796 -0.003738795 0.020380620 -0.014599603 0.999678671
1439803667.133462 -0.005033538 -0.241419345 4.703934193 -0.004122556 0.020375365 -0.014757095 0.999674976
1439803667.195964 -0.004684106 -0.242068887 4.729906082 -0.003984130 0.020453809 -0.015322337 0.999665439
1439803667.258465 -0.003869608 -0.243816808 4.756830692 -0.003925019 0.020424210 -0.016141145 0.999653399
1439803667.320966 -0.003115281 -0.245142445 4.783244610 -0.004369554 0.019839846 -0.016960420 0.999649763
1439803667.383467 -0.002625152 -0.246038839 4.809140205 -0.004312395 0.018930890 -0.016845394 0.999669552
1439803667.445969 -0.002243251 -0.247236609 4.836651802 -0.003873518 0.018228022 -0.016495887 0.999690235
1439803667.508472 -0.001202956 -0.248948753 4.862304211 -0.003248599 0.017411457 -0.015484889 0.999723196
1439803667.570971 -0.000550911 -0.250382125 4.888726234 -0.002729668 0.016699487 -0.014698108 0.999748766
1439803667.633472 -0.000065625 -0.251926214 4.914783001 -0.002036856 0.016021335 -0.014726338 0.999761105
1439803667.695976 0.000358224 -0.253517389 4.941413879 -0.000862914 0.015587362 -0.015153337 0.999763310
1439803667.758476 0.000920862 -0.254925519 4.967113495 0.000080194 0.015042692 -0.015355247 0.999768972
1439803667.820976 0.001158267 -0.256671101 4.994306087 0.000289203 0.014556663 -0.016044339 0.999765277
1439803667.883478 0.001436502 -0.257964194 5.020467281 -0.000030155 0.013702147 -0.015915325 0.999779403
1439803667.945980 0.002146542 -0.259416640 5.046426773 -0.000247420 0.012752815 -0.015062794 0.999805212
1439803668.008485 0.002440691 -0.261069596 5.072563171 -0.000366120 0.012005003 -0.014565460 0.999821782
1439803668.070982 0.002671868 -0.262811333 5.099743843 -0.000423991 0.011247494 -0.013945050 0.999839425
1439803668.133486 0.003281362 -0.263802975 5.126133442 -0.000649821 0.010255832 -0.013968083 0.999849617
1439803668.195986 0.003411219 -0.265314549 5.151684761 -0.000973532 0.009254501 -0.014339512 0.999853909
1439803668.258486 0.003566317 -0.266822904 5.177522182 -0.000836005 0.008202832 -0.015155806 0.999851167
1439803668.320988 0.003456935 -0.268585026 5.203263760 -0.000550375 0.007056014 -0.015420524 0.999856055
1439803668.383491 0.003378741 -0.269689023 5.230732918 -0.000173270 0.005929639 -0.014602974 0.999875784
1439803668.445994 0.003398016 -0.271376342 5.256759167 0.000302348 0.004794053 -0.013404793 0.999898612
1439803668.508492 0.003216404 -0.272895992 5.283382893 0.000685662 0.003784741 -0.013015034 0.999907911
1439803668.570996 0.002784925 -0.274202704 5.309920311 0.000546360 0.003063279 -0.015332393 0.999877572
1439803668.633497 0.002418980 -0.275800526 5.335687637 0.000433735 0.002379541 -0.016833561 0.999855399
1439803668.695998 0.001805132 -0.277215064 5.362709522 0.000535502 0.002142059 -0.017842038 0.999838352
1439803668.758512 0.001668174 -0.278782427 5.388809681 0.000688296 0.001700854 -0.018123012 0.999834061
1439803668.820999 0.001342291 -0.279974371 5.414660454 0.000321919 0.001167849 -0.019039689 0.999817967
1439803668.883501 0.000990166 -0.281485289 5.440679550 -0.000047967 0.000666000 -0.019624809 0.999807179
1439803668.946000 0.000748554 -0.282969207 5.467403412 -0.000430004 0.000633993 -0.020900209 0.999781251
1439803669.008501 0.000341909 -0.284116119 5.493406296 -0.001551734 0.000686008 -0.021022584 0.999777555
1439803669.071000 0.000161137 -0.285045117 5.520822525 -0.002554372 0.000781311 -0.020711452 0.999781907
1439803669.133500 0.000236582 -0.286340982 5.546287537 -0.003482200 0.000555356 -0.019426620 0.999805033
1439803669.196003 0.000079748 -0.287713617 5.572256088 -0.004050477 0.000493869 -0.018517815 0.999820232
1439803669.258502 0.000008912 -0.289246500 5.598787785 -0.004489521 0.000637817 -0.019301504 0.999803424
1439803669.321002 -0.000602837 -0.290260375 5.626166821 -0.004554335 0.000988031 -0.020699203 0.999774873
1439803669.446005 -0.002116074 -0.292289644 5.677858353 -0.003777969 0.001132641 -0.022007374 0.999750018
1439803669.508502 -0.001935632 -0.293779701 5.704733372 -0.003305107 0.000639852 -0.020398675 0.999786258
1439803669.571007 -0.001987206 -0.295139641 5.731179237 -0.002921574 0.000424510 -0.018662130 0.999821484
1439803669.696003 -0.001878766 -0.298840135 5.784280300 -0.000755755 0.000482636 -0.017383283 0.999848485
1439803669.758504 -0.002058747 -0.299217671 5.810903072 0.000456126 0.000796344 -0.018895792 0.999821007
1439803669.821005 -0.003331846 -0.300568789 5.837954998 0.000780716 0.001135025 -0.020116571 0.999796689
1439803669.883508 -0.003266072 -0.301295817 5.863301754 0.000703635 0.001148021 -0.020759949 0.999783576
1439803669.946010 -0.002870157 -0.303931445 5.891083241 -0.000049550 0.000802680 -0.020027444 0.999799073
1439803670.008513 -0.002597194 -0.304345995 5.919077873 -0.000321202 0.000703218 -0.020166036 0.999796331
1439803670.071011 -0.002178999 -0.306165397 5.946158409 -0.000663756 0.000543878 -0.019321544 0.999812961
1439803670.133517 -0.002362661 -0.307963133 5.973819256 -0.001063362 0.000762079 -0.019301193 0.999812841
1439803670.196012 -0.002251924 -0.309636474 6.001008034 -0.001047463 0.000910969 -0.019650510 0.999805927
1439803670.258512 -0.002114416 -0.310403526 6.026770115 -0.000448682 0.000929771 -0.018911550 0.999820650
1439803670.321015 -0.002175479 -0.311371446 6.053073406 0.000016159 0.000732023 -0.018133314 0.999835312
1439803670.383513 -0.002259009 -0.312271059 6.082292080 0.000144374 0.000821354 -0.019299047 0.999813437
1439803670.446014 -0.003552203 -0.314902276 6.107979298 -0.000227364 0.001261743 -0.020994624 0.999778748
1439803670.508517 -0.003893711 -0.316337526 6.135118961 -0.000436411 0.001390722 -0.022834171 0.999738216
1439803670.571015 -0.003997589 -0.317401707 6.162394047 -0.001689366 0.001313809 -0.024242846 0.999703825
1439803670.633515 -0.004592156 -0.318749785 6.189717293 -0.002908092 0.001292912 -0.023402501 0.999721050
1439803670.696020 -0.004914804 -0.320301324 6.217632294 -0.002682944 0.001021505 -0.021333976 0.999768257
1439803670.758517 -0.004711607 -0.322032988 6.243786812 -0.001173260 0.000506471 -0.020222003 0.999794662
1439803670.821017 -0.004896050 -0.323723555 6.270653725 0.000967021 0.000089944 -0.019947818 0.999800563
1439803670.883518 -0.005361906 -0.325595498 6.297601700 0.002842330 -0.000250836 -0.020403843 0.999787748
1439803670.946018 -0.005935998 -0.326899379 6.325268745 0.004848366 -0.000621344 -0.020968223 0.999768198
1439803671.008519 -0.006285496 -0.328714460 6.351619244 0.005436391 -0.001336105 -0.021593440 0.999751151
1439803671.071022 -0.006474132 -0.330211431 6.378924370 0.004186403 -0.002222268 -0.022513667 0.999735296
1439803671.133524 -0.007179966 -0.331983566 6.406413078 0.002745428 -0.002757019 -0.022682352 0.999735177
1439803671.196025 -0.007878199 -0.333820999 6.433332920 0.001980670 -0.003363175 -0.021332873 0.999764800
1439803671.258528 -0.008165844 -0.335478991 6.460816860 0.001743637 -0.004004359 -0.019942151 0.999791563
1439803671.321028 -0.008938752 -0.337305725 6.488497257 0.001092061 -0.004469811 -0.019639958 0.999796510
1439803671.383527 -0.009238314 -0.338909477 6.515623093 0.000857509 -0.005042434 -0.020753477 0.999771535
1439803671.446031 -0.009859450 -0.340486348 6.542425632 0.001194062 -0.005577541 -0.019833064 0.999787033
1439803671.508529 -0.010185614 -0.341942519 6.569821835 0.001234611 -0.006184085 -0.018497804 0.999809027
1439803671.571031 -0.010790385 -0.343713850 6.596879482 -0.000028297 -0.006810332 -0.019068750 0.999794960
1439803671.633532 -0.012271896 -0.344781101 6.624873638 -0.000773495 -0.007366668 -0.019991497 0.999772727
1439803671.696034 -0.013106093 -0.346258610 6.652054787 -0.000590353 -0.007925216 -0.020307330 0.999762177
1439803671.758537 -0.013307124 -0.347575247 6.678200245 0.000169204 -0.008630201 -0.019676194 0.999769151
1439803671.821039 -0.014529407 -0.349429488 6.707032681 0.000281784 -0.009461496 -0.018285882 0.999787986
1439803671.883539 -0.014964409 -0.350977123 6.734008312 0.000310833 -0.010342822 -0.018033203 0.999783874
1439803671.946039 -0.015415341 -0.352330029 6.760572433 0.001106502 -0.010698119 -0.017584030 0.999787569
1439803672.008540 -0.016969249 -0.353967011 6.788521767 0.001531336 -0.010636762 -0.016840318 0.999800444
1439803672.071042 -0.017556518 -0.355758667 6.815108299 0.001922895 -0.010961603 -0.015272937 0.999821424
1439803672.133543 -0.017962888 -0.357439220 6.842284679 0.002550144 -0.011656579 -0.015360737 0.999810815
1439803672.196044 -0.019016474 -0.359411031 6.868044376 0.003121426 -0.012148649 -0.016508905 0.999785066
1439803672.258544 -0.020621389 -0.361053288 6.896661282 0.003212055 -0.012260136 -0.018756019 0.999743760
1439803672.321045 -0.021341234 -0.362545907 6.923053741 0.002778043 -0.012647055 -0.019177750 0.999732256
1439803672.383546 -0.022098824 -0.364296675 6.949738026 0.002072719 -0.013326760 -0.018096814 0.999745250
1439803672.446045 -0.023681104 -0.365960777 6.979157448 0.001739313 -0.013848335 -0.016803604 0.999761403
1439803672.508545 -0.024859473 -0.367293090 7.008148193 0.001333741 -0.014292302 -0.015909594 0.999770403
1439803672.571047 -0.026014909 -0.368984312 7.035514832 0.000993184 -0.014456296 -0.016166292 0.999764323
1439803672.633548 -0.027302906 -0.370764554 7.062978745 0.000789523 -0.014474365 -0.016470766 0.999759257
1439803672.696049 -0.028126270 -0.372534931 7.089663506 0.000903838 -0.014787434 -0.016591646 0.999752581
1439803672.758551 -0.029807076 -0.373660982 7.118770599 0.000919049 -0.015432982 -0.016842857 0.999738634
1439803672.821053 -0.031389728 -0.375406951 7.146716595 0.000057613 -0.016007412 -0.017575644 0.999717355
1439803672.883553 -0.032744244 -0.376906574 7.173923492 -0.000447454 -0.016550798 -0.017527357 0.999709308
1439803672.946053 -0.033734798 -0.378083289 7.202413082 -0.000403767 -0.016961074 -0.018217744 0.999690056
1439803673.008554 -0.034776568 -0.379469365 7.229212284 -0.000426723 -0.017617518 -0.018986680 0.999664426
1439803673.071055 -0.036433399 -0.381334543 7.256722450 -0.000741459 -0.018158266 -0.019151110 0.999651432
1439803673.133557 -0.037907392 -0.382725596 7.285896778 -0.000783741 -0.018480493 -0.018958692 0.999649167
1439803673.196058 -0.039152697 -0.384276241 7.313614368 -0.000942041 -0.019080300 -0.017906224 0.999657154
1439803673.258560 -0.040220425 -0.385767847 7.342126369 -0.001534092 -0.019742751 -0.016242284 0.999671996
1439803673.321060 -0.041892305 -0.387217522 7.369645119 -0.002020319 -0.019859567 -0.016372101 0.999666691
1439803673.383562 -0.043352932 -0.388916075 7.397420883 -0.002164756 -0.020000271 -0.016332645 0.999664247
1439803673.446064 -0.044697344 -0.390385091 7.425400734 -0.001865162 -0.020510003 -0.015636131 0.999665618
1439803673.508564 -0.046562582 -0.391796529 7.453555107 -0.000746401 -0.021282051 -0.016552873 0.999636173
1439803673.571066 -0.047939897 -0.393397182 7.481382847 0.000652132 -0.022055814 -0.016554290 0.999619424
1439803673.633568 -0.049691021 -0.395105153 7.509491444 0.002178337 -0.022775682 -0.017531211 0.999584496
1439803673.696068 -0.051275969 -0.396640211 7.536741257 0.003901678 -0.023644362 -0.017717466 0.999555826
1439803673.758570 -0.053234249 -0.398548901 7.564043045 0.005266918 -0.024700051 -0.016484428 0.999545097
1439803673.821075 -0.055180401 -0.400349289 7.592500687 0.005093084 -0.025883231 -0.017289296 0.999502480
1439803673.883573 -0.056992292 -0.401978672 7.619849205 0.004657558 -0.027231384 -0.018258300 0.999451518
1439803673.946073 -0.058938563 -0.403555751 7.648430824 0.004334370 -0.028603924 -0.018930035 0.999402165
1439803674.008575 -0.061127782 -0.405433714 7.676199436 0.003311382 -0.029783638 -0.020497110 0.999340713
1439803674.071076 -0.063760161 -0.406761140 7.705691814 0.002410151 -0.030777918 -0.021292267 0.999296486
1439803674.133578 -0.066275150 -0.408507168 7.734013081 0.002092860 -0.031945005 -0.021138405 0.999263883
1439803674.196079 -0.068674147 -0.410066485 7.761011600 0.002167619 -0.033436559 -0.021862689 0.999199331
1439803674.258580 -0.070921659 -0.411864817 7.790105343 0.002456895 -0.034941431 -0.021597035 0.999152958
1439803674.321082 -0.073401302 -0.413436443 7.818126678 0.002559467 -0.036545854 -0.021350576 0.999100626
1439803674.383584 -0.076252580 -0.415122926 7.846609116 0.002690683 -0.037889607 -0.021324925 0.999050736
1439803674.446087 -0.079032183 -0.416850984 7.874972820 0.003631054 -0.039322507 -0.021680290 0.998984754
1439803674.508586 -0.081960380 -0.418589830 7.903615475 0.004779167 -0.040617332 -0.022626637 0.998907149
1439803674.571087 -0.084815323 -0.420518339 7.930894375 0.005953775 -0.042033311 -0.023418332 0.998824000
1439803674.633590 -0.087854683 -0.422452122 7.959034920 0.007232005 -0.043409444 -0.023536842 0.998753905
1439803674.696090 -0.090802550 -0.424454659 7.986999989 0.008165888 -0.044877771 -0.023638939 0.998679399
1439803674.758593 -0.093793213 -0.426258206 8.014923096 0.008737415 -0.046338674 -0.023744807 0.998605311
1439803674.821096 -0.096988678 -0.428324461 8.043057442 0.009082654 -0.047637291 -0.023968622 0.998535752
1439803674.883593 -0.100402236 -0.430482447 8.071094513 0.009027582 -0.048636753 -0.023755832 0.998493135
1439803674.946092 -0.103425682 -0.432315648 8.098824501 0.008400832 -0.049958616 -0.023128545 0.998448074
1439803675.008594 -0.106928885 -0.434300572 8.127700806 0.007463059 -0.051186185 -0.023359694 0.998387992
1439803675.071094 -0.110544980 -0.436091781 8.156178474 0.007021161 -0.052326035 -0.023543006 0.998327792
1439803675.133594 -0.113839865 -0.437846929 8.184033394 0.006262391 -0.053534713 -0.024063483 0.998256326
1439803675.196096 -0.117216527 -0.439850807 8.211837769 0.005276201 -0.054781727 -0.023820147 0.998200238
1439803675.258595 -0.120531917 -0.441718757 8.239470482 0.004462299 -0.055984106 -0.023183394 0.998152494
1439803675.321096 -0.123959541 -0.443314046 8.267207146 0.004586988 -0.057296902 -0.022917716 0.998083591
1439803675.383597 -0.127251029 -0.445420712 8.294852257 0.004396828 -0.058493935 -0.022779968 0.998018146
1439803675.446097 -0.130225956 -0.446746975 8.321157455 0.004624150 -0.060092788 -0.022418682 0.997930288
1439803675.508597 -0.134323657 -0.448057443 8.348998070 0.004585329 -0.060876962 -0.023546183 0.997856975
1439803675.571099 -0.138427377 -0.449557751 8.377404213 0.004342321 -0.061805863 -0.022433247 0.997826636
1439803675.633601 -0.141327560 -0.451849639 8.403686523 0.003882999 -0.062748343 -0.023532439 0.997744322
1439803675.696103 -0.146446168 -0.452972621 8.431385040 0.004483472 -0.063433371 -0.024003295 0.997687280
1439803675.758605 -0.150654614 -0.455252916 8.461891174 0.005570012 -0.063899495 -0.023796955 0.997657001
1439803675.821105 -0.153101385 -0.458108723 8.487191200 0.006589585 -0.064561881 -0.024869993 0.997581959
1439803675.883604 -0.158208430 -0.459800601 8.516799927 0.007624264 -0.065052010 -0.025725236 0.997521102
1439803675.946107 -0.162150502 -0.461804003 8.544857979 0.008122064 -0.065704435 -0.025316402 0.997484863
1439803676.008610 -0.166149616 -0.463760078 8.573247910 0.007939117 -0.066040583 -0.024697194 0.997479618
1439803676.071109 -0.170140922 -0.465776443 8.601787567 0.007319977 -0.066344500 -0.023659160 0.997489393
1439803676.133610 -0.174272835 -0.467672408 8.630353928 0.006201754 -0.066577159 -0.024195921 0.997468591
1439803676.196111 -0.178677797 -0.469504982 8.658971786 0.005494243 -0.066643603 -0.025987349 0.997423232
1439803676.258616 -0.183405519 -0.471206397 8.687822342 0.005525864 -0.066689096 -0.027011130 0.997392833
1439803676.321113 -0.187282979 -0.473195285 8.715291023 0.005256697 -0.066998795 -0.028051753 0.997344792
1439803676.383614 -0.191648066 -0.475241333 8.744432449 0.004231719 -0.067407839 -0.027853906 0.997327626
1439803676.446116 -0.195921838 -0.476698846 8.772986412 0.003528146 -0.067777716 -0.026239993 0.997349083
1439803676.508617 -0.199573338 -0.478679210 8.801780701 0.003119155 -0.068013981 -0.025204346 0.997361064
1439803676.571119 -0.203628778 -0.480396688 8.829662323 0.003271138 -0.067997128 -0.024602449 0.997376740
1439803676.633620 -0.208489954 -0.482040733 8.859590530 0.003629828 -0.067776337 -0.024990117 0.997380912
1439803676.696121 -0.212087452 -0.484646887 8.886561394 0.004214714 -0.067740873 -0.025709610 0.997362733
1439803676.758623 -0.217038512 -0.485885620 8.915470123 0.005186126 -0.067873076 -0.025301328 0.997359633
1439803676.821124 -0.221151471 -0.487507403 8.944090843 0.005754567 -0.068276390 -0.024850052 0.997340322
1439803676.883627 -0.225563824 -0.489355743 8.973235130 0.005466350 -0.068640389 -0.024800200 0.997318208
1439803676.946127 -0.229622245 -0.490855068 9.001360893 0.005203445 -0.068863563 -0.025005328 0.997299075
1439803677.008627 -0.234191298 -0.492999882 9.030542374 0.004847115 -0.068849340 -0.024774488 0.997307658
1439803677.071129 -0.238495946 -0.494733542 9.059369087 0.004703240 -0.069064312 -0.024057716 0.997310996
1439803677.133631 -0.242531419 -0.497060895 9.087776184 0.004743006 -0.069298558 -0.022071887 0.997340500
1439803677.196130 -0.246773720 -0.498829722 9.116954803 0.004988749 -0.069366828 -0.020909486 0.997359574
1439803677.258630 -0.251196861 -0.500776291 9.145586014 0.005457267 -0.069344915 -0.020603318 0.997364998
1439803677.321132 -0.255231619 -0.502770066 9.173859596 0.005814675 -0.069319144 -0.020792359 0.997360885
1439803677.383633 -0.259627104 -0.504775643 9.202427864 0.006530161 -0.069290966 -0.021939298 0.997333825
1439803677.446135 -0.263908625 -0.506785095 9.231243134 0.006090669 -0.069437280 -0.021980803 0.997325540
1439803677.508636 -0.268347740 -0.508229971 9.260483742 0.004698545 -0.069630608 -0.021139711 0.997337759
1439803677.571137 -0.272891998 -0.509904504 9.289624214 0.002518273 -0.069740780 -0.021481186 0.997330666
1439803677.633640 -0.277369261 -0.511374712 9.318816185 0.000750145 -0.069626123 -0.022509784 0.997318864
1439803677.696140 -0.281460822 -0.513302863 9.347397804 -0.000421781 -0.069095924 -0.022806533 0.997349203
1439803677.758641 -0.285369754 -0.514815450 9.375954628 -0.000353024 -0.068591647 -0.022607761 0.997388542
1439803677.821145 -0.290026248 -0.516792059 9.405000687 0.000556857 -0.068301708 -0.023071425 0.997397721
1439803677.883644 -0.294267654 -0.518598795 9.433716774 0.002585835 -0.068110690 -0.024243595 0.997379839
1439803677.946145 -0.298868060 -0.520325720 9.462035179 0.005000089 -0.067713663 -0.025187014 0.997374296
1439803678.008647 -0.303157091 -0.521395385 9.491645813 0.006793395 -0.067498669 -0.025750732 0.997363865
1439803678.071148 -0.307581782 -0.523457348 9.520232201 0.006410230 -0.067370541 -0.025306826 0.997386396
1439803678.133649 -0.310255945 -0.525168598 9.552183151 0.005788625 -0.067372508 -0.024241261 0.997416556
1439803678.196151 -0.315523207 -0.527149975 9.578966141 0.004844536 -0.066919535 -0.024181737 0.997453511
1439803678.258651 -0.319955587 -0.528628230 9.609330177 0.003841321 -0.066405304 -0.023632247 0.997505426
1439803678.321153 -0.323821366 -0.530586421 9.637602806 0.002826336 -0.065999039 -0.024067936 0.997525394
1439803678.383654 -0.328464270 -0.532782614 9.667913437 0.002805534 -0.065478258 -0.024223387 0.997555971
1439803678.446155 -0.331837833 -0.534386635 9.696639061 0.003772239 -0.065465465 -0.023222033 0.997577429
1439803678.508657 -0.336345732 -0.536333501 9.726562500 0.004401710 -0.064962164 -0.023063993 0.997611463
1439803678.571159 -0.339727879 -0.538194299 9.753752708 0.004856182 -0.064860858 -0.022088436 0.997637987
1439803678.633659 -0.343985558 -0.540188670 9.782975197 0.005213602 -0.064394586 -0.022009419 0.997668147
1439803678.696161 -0.347623706 -0.541783929 9.811639786 0.005543611 -0.064190865 -0.021266151 0.997695625
1439803678.758662 -0.351087213 -0.543740332 9.840628624 0.005799874 -0.064028807 -0.020135436 0.997728050
1439803678.821163 -0.355415881 -0.545483470 9.869920731 0.005476696 -0.063665621 -0.020406054 0.997747600
1439803678.883665 -0.359022081 -0.547305822 9.898800850 0.005227441 -0.063467979 -0.020147437 0.997766793
1439803678.946166 -0.363643587 -0.549822807 9.929339409 0.004688235 -0.062880471 -0.020880202 0.997791648
1439803679.008668 -0.367313981 -0.551250160 9.956851959 0.004696686 -0.062752657 -0.021314317 0.997790396
1439803679.071169 -0.371352613 -0.553100824 9.986904144 0.004700162 -0.062491979 -0.021688003 0.997798741
1439803679.133670 -0.375116646 -0.554884136 10.015302658 0.004874635 -0.062282424 -0.022035236 0.997803390
1439803679.196172 -0.379244506 -0.556842446 10.044151306 0.004927663 -0.061928045 -0.022458777 0.997815728
1439803679.258672 -0.382794082 -0.558279395 10.073977470 0.005179659 -0.061652564 -0.022904404 0.997821391
1439803679.321177 -0.386818051 -0.559824646 10.103568077 0.005535081 -0.061256558 -0.023338638 0.997833788
1439803679.383677 -0.390566647 -0.562049568 10.132491112 0.005434250 -0.060939971 -0.023918074 0.997839987
1439803679.446178 -0.394408822 -0.563368678 10.162006378 0.005566982 -0.060601693 -0.023534209 0.997869015
1439803679.508678 -0.398509502 -0.565445065 10.191926956 0.005537579 -0.060230508 -0.023974083 0.997881174
1439803679.571180 -0.402100205 -0.567451119 10.220888138 0.005415702 -0.060061600 -0.024911292 0.997869074
1439803679.633681 -0.406300247 -0.569100022 10.250614166 0.005184809 -0.059750762 -0.025730308 0.997868180
1439803679.696182 -0.410558105 -0.571238399 10.280600548 0.004646229 -0.059379794 -0.026352918 0.997876763
1439803679.758683 -0.413886607 -0.572810590 10.309068680 0.004100006 -0.059185959 -0.027363271 0.997863472
1439803679.821185 -0.418606639 -0.574379921 10.340444565 0.003821736 -0.058733214 -0.026990704 0.997901440
1439803679.883686 -0.421667874 -0.576547861 10.368325233 0.003566441 -0.058529627 -0.026533732 0.997926652
1439803679.946187 -0.424534976 -0.578888476 10.398365974 0.003206114 -0.058012731 -0.026857130 0.997949362
1439803680.008698 -0.428501785 -0.580037415 10.426406860 0.003198750 -0.057120863 -0.027512975 0.997982979
1439803680.071189 -0.432325482 -0.581640244 10.455845833 0.003294562 -0.056065928 -0.028373137 0.998018384
1439803680.133691 -0.436131120 -0.583551288 10.485890388 0.003307491 -0.055013672 -0.028738545 0.998066425
1439803680.196193 -0.439091980 -0.585013092 10.514116287 0.003068187 -0.054369386 -0.028072070 0.998121500
1439803680.258694 -0.442507267 -0.586453199 10.543494225 0.002900374 -0.053524520 -0.027644066 0.998179615
1439803680.321195 -0.445456505 -0.588614762 10.572394371 0.002666402 -0.052925225 -0.026630959 0.998239756
1439803680.383697 -0.448663592 -0.590232193 10.601826668 0.002647840 -0.051981263 -0.026413361 0.998295188
1439803680.446197 -0.451855481 -0.592178345 10.631363869 0.002412840 -0.051003203 -0.026285471 0.998349607
1439803680.508699 -0.454627693 -0.593673944 10.659860611 0.002418403 -0.050169725 -0.025840148 0.998403430
1439803680.571201 -0.457938015 -0.595205903 10.689465523 0.002326790 -0.049196884 -0.026317934 0.998439610
1439803680.633700 -0.460875392 -0.596971631 10.718507767 0.002077363 -0.048491452 -0.026621206 0.998466611
1439803680.696200 -0.463693261 -0.598583281 10.747719765 0.001631423 -0.047689300 -0.026072543 0.998520553
1439803680.758702 -0.466670930 -0.600151837 10.777249336 0.001011811 -0.046879116 -0.025527719 0.998573780
1439803680.821201 -0.469515502 -0.601808965 10.806518555 0.000355748 -0.046084195 -0.025466094 0.998612821
1439803680.883702 -0.472275615 -0.603329778 10.835940361 -0.000251212 -0.045281541 -0.025832176 0.998640180
1439803680.946203 -0.475088149 -0.604849160 10.865263939 -0.000947794 -0.044372752 -0.026022447 0.998675585
1439803681.008703 -0.477661043 -0.606441200 10.895189285 -0.001645064 -0.043527842 -0.025669657 0.998721004
1439803681.071204 -0.480621725 -0.607839704 10.925065041 -0.002094543 -0.042804312 -0.026017211 0.998742461
1439803681.133705 -0.482977778 -0.609613180 10.954180717 -0.002211608 -0.042173021 -0.026181642 0.998764753
1439803681.196205 -0.485468388 -0.611158967 10.983776093 -0.001698889 -0.041437801 -0.025975486 0.998801947
1439803681.258705 -0.487634063 -0.612906456 11.012986183 -0.000954811 -0.040751833 -0.025881823 0.998833537
1439803681.321221 -0.490619689 -0.614367306 11.043614388 -0.000200628 -0.040061492 -0.025688805 0.998866916
1439803681.383706 -0.493092000 -0.616172791 11.073042870 -0.000069371 -0.039401546 -0.026020629 0.998884618
1439803681.446207 -0.495536834 -0.617613375 11.103179932 0.000058729 -0.038764182 -0.026389368 0.998899877
1439803681.508708 -0.497865736 -0.619120717 11.132999420 0.000022090 -0.038237937 -0.026364911 0.998920798
1439803681.571208 -0.500650287 -0.620829105 11.163632393 -0.000638598 -0.037591420 -0.026174294 0.998950124
1439803681.633708 -0.502827168 -0.622905552 11.192418098 -0.001225955 -0.037027214 -0.026506346 0.998961866
1439803681.696209 -0.505539477 -0.624027193 11.223332405 -0.001297605 -0.036247648 -0.026805965 0.998982430
1439803681.758710 -0.507699490 -0.625620425 11.253021240 -0.001778484 -0.035666186 -0.027629880 0.998980165
1439803681.821210 -0.510001481 -0.627328038 11.282967567 -0.002386817 -0.035115130 -0.028411394 0.998976469
1439803681.883711 -0.511983633 -0.629242301 11.312750816 -0.002500079 -0.034731578 -0.028788159 0.998978794
1439803681.946211 -0.514015436 -0.630991161 11.342819214 -0.002350433 -0.034386545 -0.028331775 0.999004185
1439803682.008713 -0.516014040 -0.632601917 11.372518539 -0.001848952 -0.033894412 -0.027909784 0.999033928
1439803682.071215 -0.518538594 -0.634455383 11.402126312 -0.001348920 -0.033451039 -0.028200936 0.999041498
1439803682.133715 -0.520837367 -0.635833979 11.432446480 -0.000940265 -0.032990266 -0.028385721 0.999052048
1439803682.196216 -0.523192763 -0.637164652 11.462475777 -0.001291449 -0.032658715 -0.028804554 0.999050558
1439803682.258716 -0.525335848 -0.638729751 11.492549896 -0.002432148 -0.032390296 -0.028674202 0.999060929
1439803682.321219 -0.527003288 -0.640018880 11.522815704 -0.004708452 -0.032344986 -0.025658421 0.999136269
1439803682.383721 -0.529111862 -0.641266942 11.553092003 -0.006933738 -0.032264236 -0.024318581 0.999159455
1439803682.446236 -0.531462014 -0.642694712 11.583206177 -0.006774547 -0.032533340 -0.024803588 0.999139845
1439803682.508726 -0.533895314 -0.644674420 11.612974167 -0.004153018 -0.032820888 -0.025174325 0.999135494
1439803682.571225 -0.536242545 -0.646386862 11.642369270 0.000013066 -0.033188973 -0.025845027 0.999114871
1439803682.633727 -0.538504481 -0.648366094 11.672069550 0.004249676 -0.033908967 -0.025241805 0.999097049
1439803682.696226 -0.540861487 -0.649937809 11.701529503 0.007268860 -0.034578167 -0.025497453 0.999050260
1439803682.758726 -0.543246508 -0.651800990 11.731577873 0.007229940 -0.034783293 -0.026076676 0.999028444
1439803682.821230 -0.545957208 -0.653099000 11.761770248 0.005395483 -0.034825858 -0.026337296 0.999031723
1439803682.883730 -0.548144579 -0.655028582 11.791999817 0.002489511 -0.035306122 -0.026730334 0.999015927
1439803682.946233 -0.550890684 -0.656711698 11.821581841 -0.000067110 -0.035600964 -0.027966345 0.998974681
1439803683.008732 -0.553332329 -0.658495367 11.851621628 -0.001212854 -0.035970517 -0.028278815 0.998951912
1439803683.071234 -0.555990100 -0.660368443 11.880398750 -0.000914223 -0.036284693 -0.028399471 0.998937488
1439803683.133736 -0.558459282 -0.662035584 11.909659386 -0.000231731 -0.036702279 -0.028232962 0.998927355
1439803683.196236 -0.560966134 -0.663681626 11.938647270 0.000763070 -0.036963258 -0.028348077 0.998914182
1439803683.258737 -0.563584566 -0.665334642 11.967629433 0.001730673 -0.037010953 -0.028685816 0.998901546
1439803683.321238 -0.566063881 -0.667062938 11.996972084 0.002097779 -0.036958739 -0.028486298 0.998908520
1439803683.383740 -0.568312764 -0.668668270 12.025524139 0.001800512 -0.036900248 -0.028094539 0.998922348
1439803683.446241 -0.570710897 -0.670186281 12.054843903 0.001569298 -0.036920171 -0.027137460 0.998948455
1439803683.508742 -0.572935164 -0.672018349 12.083642006 0.001138727 -0.036806781 -0.026408721 0.998972774
1439803683.571244 -0.575492322 -0.673842251 12.113053322 0.000755431 -0.036614127 -0.026598044 0.998975158
1439803683.633745 -0.577741563 -0.675185144 12.141659737 0.000512410 -0.036452834 -0.027072154 0.998968482
1439803683.696246 -0.580308795 -0.676835179 12.170780182 0.000698373 -0.036335357 -0.027404478 0.998963535
1439803683.758747 -0.582677722 -0.678394020 12.199662209 0.000741295 -0.036288470 -0.027437661 0.998964310
1439803683.821248 -0.585373640 -0.679873526 12.228224754 0.000180882 -0.036170419 -0.027458118 0.998968303
1439803683.883750 -0.587283611 -0.681461573 12.257289886 -0.000877989 -0.036306120 -0.027937628 0.998949707
1439803683.946251 -0.589553118 -0.682707489 12.286014557 -0.002329584 -0.036081925 -0.028950552 0.998926699
1439803684.008753 -0.592018008 -0.684168518 12.314725876 -0.003817366 -0.035683818 -0.029310938 0.998925924
1439803684.071254 -0.594177008 -0.685739517 12.342829704 -0.004429549 -0.035351560 -0.029566798 0.998927653
1439803684.133757 -0.596263170 -0.687364817 12.371836662 -0.004137201 -0.035056155 -0.029196722 0.998950183
1439803684.196257 -0.598675787 -0.688805997 12.399899483 -0.003522233 -0.034561917 -0.028894499 0.998978555
1439803684.258758 -0.600705981 -0.690046191 12.428991318 -0.002310708 -0.034151744 -0.028175674 0.999016702
1439803684.321259 -0.602796495 -0.691665411 12.456690788 -0.001629698 -0.033822436 -0.027714113 0.999042213
1439803684.383761 -0.604882717 -0.692997217 12.485063553 -0.001696171 -0.033415511 -0.027833613 0.999052465
1439803684.446262 -0.606869817 -0.694586873 12.512751579 -0.002328418 -0.033067632 -0.027732452 0.999065578
1439803684.508764 -0.608987749 -0.695683002 12.541318893 -0.002413991 -0.032691870 -0.027431047 0.999086082
1439803684.571265 -0.610855937 -0.697529614 12.569137573 -0.002536477 -0.032473426 -0.027584704 0.999088645
1439803684.633766 -0.612901211 -0.699021518 12.596688271 -0.002500082 -0.032154486 -0.028575575 0.999071240
1439803684.696267 -0.615224600 -0.700354695 12.624675751 -0.002172987 -0.031703632 -0.029337389 0.999064267
1439803684.758769 -0.616982341 -0.701839328 12.653380394 -0.001782279 -0.031420913 -0.029288057 0.999075413
1439803684.821270 -0.619121432 -0.703087091 12.681291580 -0.001310850 -0.031070514 -0.029456548 0.999082208
1439803684.883771 -0.620944619 -0.704552412 12.708661079 -0.000785989 -0.030725729 -0.029297927 0.999098063
1439803684.946273 -0.622964501 -0.706433415 12.736628532 -0.000261417 -0.030367101 -0.029271802 0.999110043
1439803685.008774 -0.625083864 -0.708078384 12.764523506 0.000289341 -0.029844653 -0.029388454 0.999122381
1439803685.071275 -0.626763046 -0.709484875 12.791824341 0.000571847 -0.029458713 -0.029089620 0.999142468
1439803685.133776 -0.628573179 -0.711015105 12.819255829 0.000869828 -0.029102320 -0.029076539 0.999153078
1439803685.196278 -0.630615771 -0.712413251 12.846083641 0.000893476 -0.028685335 -0.028618792 0.999178350
1439803685.258779 -0.632186294 -0.714224339 12.873983383 0.000687450 -0.028459715 -0.027886102 0.999205649
1439803685.321280 -0.633965075 -0.715644658 12.900698662 0.000306603 -0.028113566 -0.028079890 0.999210179
1439803685.383782 -0.635426700 -0.717195928 12.927200317 0.000149550 -0.027821915 -0.028153583 0.999216318
1439803685.446282 -0.637162387 -0.718993604 12.954402924 0.000102302 -0.027513824 -0.028308274 0.999220490
1439803685.508787 -0.638956487 -0.720516324 12.980824471 -0.000094631 -0.027205979 -0.028312759 0.999228835
1439803685.571287 -0.640454054 -0.722075462 13.006932259 -0.000507229 -0.027140254 -0.028086899 0.999236822
1439803685.633787 -0.642102361 -0.723663926 13.033160210 -0.000670249 -0.027184760 -0.027718840 0.999245822
1439803685.696288 -0.643857121 -0.725124598 13.058927536 -0.000718936 -0.027172452 -0.027843460 0.999242663
1439803685.758789 -0.645829022 -0.726635754 13.084135056 -0.000718182 -0.027115101 -0.028397057 0.999228656
1439803685.821291 -0.647211909 -0.728206933 13.109939575 -0.000822918 -0.027247293 -0.028474594 0.999222755
1439803685.883792 -0.648907065 -0.729359150 13.134898186 -0.001032295 -0.027386675 -0.028496195 0.999218106
1439803685.946293 -0.650448859 -0.730829120 13.159640312 -0.001061655 -0.027787983 -0.028414024 0.999209344
1439803686.008795 -0.652490020 -0.732489586 13.185468674 -0.000632119 -0.028475195 -0.028441759 0.999189556
1439803686.071296 -0.653971672 -0.734029710 13.209567070 -0.000798878 -0.029445373 -0.027799945 0.999179423
1439803686.133798 -0.655730903 -0.735374510 13.233645439 -0.001059778 -0.030568242 -0.027406598 0.999156296
1439803686.196299 -0.657593787 -0.736709297 13.257966042 -0.001435090 -0.031789068 -0.026890686 0.999131739
1439803686.258800 -0.659318209 -0.738211572 13.281310081 -0.001722787 -0.032746065 -0.027113095 0.999094367
1439803686.321301 -0.661356390 -0.739153624 13.305561066 -0.002141578 -0.033744708 -0.027875405 0.999039352
1439803686.383803 -0.663967609 -0.740498960 13.328954697 -0.002850301 -0.034628682 -0.028177012 0.998998880
1439803686.446304 -0.666295648 -0.741808355 13.352267265 -0.003052757 -0.035863921 -0.028082181 0.998957396
1439803686.508805 -0.668763041 -0.743145347 13.375600815 -0.002911743 -0.037536345 -0.027852667 0.998902798
1439803686.571306 -0.670293748 -0.744188011 13.397897720 -0.003081065 -0.039792128 -0.027535135 0.998823762
1439803686.633808 -0.672315240 -0.745523214 13.419488907 -0.003393349 -0.041958213 -0.027169097 0.998744130
1439803686.696309 -0.674826562 -0.746559203 13.441227913 -0.003150313 -0.044203632 -0.027033888 0.998651743
1439803686.758811 -0.677496970 -0.747509599 13.462766647 -0.002935906 -0.046578847 -0.026770869 0.998551488
1439803686.821314 -0.680229306 -0.748578966 13.483454704 -0.002881907 -0.049110826 -0.027247978 0.998417437
1439803686.883813 -0.683049679 -0.749573588 13.503118515 -0.002873569 -0.052084886 -0.027966455 0.998246849
1439803686.946314 -0.686076641 -0.750819921 13.523133278 -0.002919920 -0.055348516 -0.028504351 0.998055875
1439803687.008816 -0.689237118 -0.751972437 13.542420387 -0.002996239 -0.058771327 -0.029178431 0.997840464
1439803687.071317 -0.692448914 -0.752925038 13.560939789 -0.002932855 -0.062300738 -0.030106455 0.997598946
1439803687.133818 -0.695999503 -0.753669083 13.580879211 -0.002888952 -0.066013336 -0.030136062 0.997359335
1439803687.196319 -0.699014425 -0.754713774 13.598556519 -0.002952072 -0.070004031 -0.029805696 0.997096956
1439803687.258821 -0.702565074 -0.755621433 13.616387367 -0.002839196 -0.074113064 -0.029667819 0.996804416
1439803687.321322 -0.705918670 -0.756624579 13.633489609 -0.002661588 -0.078149721 -0.029330822 0.996506512
1439803687.383823 -0.709619641 -0.757578850 13.650730133 -0.002338035 -0.082118772 -0.028906329 0.996200502
1439803687.446324 -0.713394284 -0.758557737 13.667476654 -0.001950865 -0.086441673 -0.028490581 0.995847523
1439803687.508828 -0.717401028 -0.759481370 13.683882713 -0.001659327 -0.091152586 -0.028045097 0.995440543
1439803687.571328 -0.721536398 -0.760410249 13.699881554 -0.001050002 -0.096293822 -0.028238453 0.994951785
1439803687.633828 -0.725939751 -0.761198819 13.716083527 -0.000142504 -0.101925582 -0.028269934 0.994390249
1439803687.696330 -0.730434656 -0.762113392 13.731234550 0.000833755 -0.108104378 -0.028350590 0.993734896
1439803687.758831 -0.735343695 -0.762893260 13.746748924 0.001642132 -0.114853010 -0.028450711 0.992973626
1439803687.821332 -0.740307570 -0.763684273 13.761320114 0.001995232 -0.121978059 -0.028474586 0.992122293
1439803687.883834 -0.745210409 -0.764504492 13.775394440 0.001835512 -0.129336119 -0.028547006 0.991188109
1439803687.946335 -0.750440121 -0.765300453 13.789175034 0.001177469 -0.136889234 -0.028209848 0.990183890
1439803688.008837 -0.755938292 -0.766049325 13.803047180 0.000688888 -0.144735992 -0.027494038 0.989088058
1439803688.071338 -0.761667013 -0.766894639 13.816631317 0.000573880 -0.152972758 -0.026764976 0.987867713
1439803688.133839 -0.767303705 -0.767641664 13.829449654 0.000677598 -0.161482856 -0.026560219 0.986517787
1439803688.196341 -0.773556471 -0.768237472 13.842174530 0.000916205 -0.169997826 -0.026441565 0.985089183
1439803688.258846 -0.779780388 -0.769106984 13.854498863 0.000830768 -0.178376406 -0.026285220 0.983610809
1439803688.383844 -0.788425446 -0.771913409 13.867450714 0.000215746 -0.191922694 -0.024861844 0.981095016
1439803688.446344 -0.798857689 -0.770706415 13.887844086 0.001117278 -0.205203012 -0.024300098 0.978417099
1439803688.508845 -0.805933475 -0.771867156 13.898717880 0.001449626 -0.213984013 -0.025950495 0.976491332
1439803688.571347 -0.813539982 -0.772298455 13.909901619 0.001916375 -0.223269060 -0.026608154 0.974391758
1439803688.633849 -0.820785046 -0.772630513 13.920067787 0.002645668 -0.232559085 -0.027285457 0.972195864
1439803688.758850 -0.822205544 -0.776603341 13.919286728 0.003086521 -0.245998964 -0.030034963 0.968799710
1439803688.821351 -0.841427326 -0.774264336 13.944597244 0.003621650 -0.259742826 -0.031221639 0.965166152
1439803688.883853 -0.849349022 -0.774510801 13.953985214 0.004071867 -0.268898636 -0.031563628 0.962642550
1439803688.946354 -0.855728626 -0.775074661 13.960970879 0.004318319 -0.277883679 -0.031758606 0.960079908
1439803689.008855 -0.862951756 -0.775549293 13.968862534 0.004511795 -0.286559552 -0.031325910 0.957539558
1439803689.133857 -0.877005577 -0.776366174 13.983371735 0.003577553 -0.302736223 -0.032091849 0.952527225
1439803689.196358 -0.884003639 -0.776652336 13.990318298 0.002970444 -0.310722500 -0.032227293 0.949949563
1439803689.258860 -0.891282558 -0.776942968 13.997116089 0.002690165 -0.318746299 -0.032288089 0.947286129
1439803689.321361 -0.896795750 -0.777342856 14.001794815 0.002668092 -0.326385170 -0.033069871 0.944654465
1439803689.383862 -0.903563976 -0.777501583 14.007743835 0.002637398 -0.333840817 -0.033217117 0.942040324
1439803689.508863 -0.907984734 -0.780852675 14.013610840 0.002434097 -0.348317891 -0.034866318 0.936724663
1439803689.571364 -0.916322231 -0.779484510 14.021530151 0.002929844 -0.357515782 -0.033941787 0.933285534
1439803689.633866 -0.927453518 -0.778756142 14.027867317 0.004090306 -0.360730171 -0.035976391 0.931967139
1439803689.696367 -0.924053192 -0.782781124 14.031757355 0.003389390 -0.367738038 -0.037815664 0.929154038
1439803689.758868 -0.931902885 -0.784055829 14.035951614 0.003286693 -0.372779727 -0.038492184 0.927115321
1439803689.821374 -0.944593906 -0.779884279 14.039081573 0.004006440 -0.377172828 -0.036715951 0.925406158
1439803689.946373 -0.951783657 -0.781019628 14.044527054 0.003849420 -0.386927009 -0.037162710 0.921353161
1439803690.008873 -0.959228516 -0.779522657 14.043000221 0.003841046 -0.390509784 -0.037393715 0.919830978
1439803690.071374 -0.967034817 -0.779281974 14.049238205 0.003927222 -0.394625902 -0.036445662 0.918110430
1439803690.133876 -0.971362591 -0.779521227 14.050302505 0.003735539 -0.398116976 -0.037035182 0.916579127
1439803690.196376 -0.974960804 -0.779469013 14.053659439 0.003767281 -0.401809573 -0.036844138 0.914973974
1439803690.321378 -0.976181984 -0.781914592 14.060649872 0.004333067 -0.409000397 -0.037909493 0.911736131
1439803690.383880 -0.978656292 -0.784391522 14.064060211 0.004626895 -0.412267953 -0.038355932 0.910243154
1439803690.446380 -0.980622768 -0.784761310 14.065833092 0.004935737 -0.415594637 -0.037647583 0.908757091
1439803690.508882 -0.987410545 -0.780941963 14.066665649 0.006144426 -0.417870224 -0.037037093 0.907730699
1439803690.571385 -0.990713596 -0.780125856 14.066876411 0.006643264 -0.420120180 -0.036941152 0.906691968
1439803690.696388 -0.995464325 -0.781326354 14.070781708 0.006967609 -0.425176233 -0.036750190 0.904337347
1439803690.758899 -0.999092102 -0.778850079 14.074001312 0.007717689 -0.427763104 -0.036436103 0.903123200
1439803690.821387 -1.002312660 -0.780763566 14.075124741 0.007680129 -0.429949105 -0.036833093 0.902068794
1439803690.883889 -1.005195618 -0.780695558 14.076616287 0.008024196 -0.431981742 -0.037039850 0.901085675
1439803690.946390 -1.006923199 -0.781216800 14.077402115 0.008126351 -0.433896691 -0.037267871 0.900154829
1439803691.071391 -1.010060310 -0.781668663 14.078802109 0.008086266 -0.437890202 -0.037223890 0.898221076
1439803691.133892 -1.012272835 -0.781533659 14.080131531 0.007960510 -0.439805984 -0.037048776 0.897292972
1439803691.196394 -1.014506340 -0.781652629 14.081474304 0.007766689 -0.441444576 -0.036743417 0.896502256
1439803691.258895 -1.016422272 -0.781877160 14.082162857 0.007649035 -0.442814469 -0.036592554 0.895833611
1439803691.383899 -1.020084381 -0.781647086 14.084403038 0.007610674 -0.445678413 -0.036244236 0.894426763
1439803691.446399 -1.021120548 -0.782031536 14.084711075 0.007434077 -0.447188973 -0.036244143 0.893673956
1439803691.508900 -1.022716999 -0.781954408 14.085872650 0.007472313 -0.448642075 -0.036101550 0.892950833
1439803691.571401 -1.024174690 -0.782071531 14.086529732 0.007424082 -0.449778974 -0.036091648 0.892379463
1439803691.633902 -1.025458336 -0.782111466 14.087137222 0.007332777 -0.450806558 -0.036021009 0.891864419
1439803691.758904 -1.028282166 -0.782077491 14.088720322 0.007182191 -0.452854007 -0.035782300 0.890837431
1439803691.821407 -1.029359818 -0.782126784 14.089277267 0.007131347 -0.453896999 -0.035617977 0.890313447
1439803691.883909 -1.030447483 -0.782236576 14.089706421 0.007157967 -0.454749137 -0.035574108 0.889880002
1439803691.946407 -1.031295300 -0.782212138 14.090398788 0.007207599 -0.455589592 -0.035362374 0.889458060
1439803692.071409 -1.033113956 -0.782265484 14.091358185 0.007228548 -0.457139075 -0.035213593 0.888668418
1439803692.133913 -1.034082890 -0.782211065 14.091871262 0.007328860 -0.457905948 -0.035204265 0.888273120
1439803692.196414 -1.034878254 -0.782338142 14.092082977 0.007415631 -0.458560467 -0.035189088 0.887935281
1439803692.258914 -1.035683632 -0.782350183 14.092634201 0.007446878 -0.459271312 -0.034846045 0.887581050
1439803692.321415 -1.036528587 -0.782358229 14.093029976 0.007494757 -0.459897995 -0.034618799 0.887265027
1439803692.383918 -1.037449360 -0.782332420 14.093602180 0.007585004 -0.460602522 -0.034470629 0.886904478
1439803692.508919 -1.039099693 -0.782451808 14.094348907 0.007612665 -0.462031901 -0.034327023 0.886166036
1439803692.571420 -1.039989948 -0.782457173 14.094764709 0.007615266 -0.462695748 -0.034190763 0.885824859
1439803692.633920 -1.040956020 -0.782507777 14.095239639 0.007705258 -0.463450551 -0.034006957 0.885436475
1439803692.696423 -1.041932106 -0.782539845 14.095650673 0.007858220 -0.464287937 -0.033943437 0.884998739
1439803692.821428 -1.044180393 -0.782659531 14.096721649 0.007984038 -0.466139734 -0.033745706 0.884031236
1439803692.883926 -1.045350075 -0.782784283 14.097378731 0.007864376 -0.467100382 -0.033581514 0.883531332
1439803692.946425 -1.046847343 -0.782778025 14.098148346 0.007753746 -0.468135118 -0.033358902 0.882992983
1439803693.008928 -1.048424244 -0.782738507 14.098958969 0.007690498 -0.469249487 -0.033172291 0.882408798
1439803693.133930 -1.051547050 -0.782863915 14.100456238 0.007606259 -0.471705586 -0.032840069 0.881111503
1439803693.196432 -1.053399086 -0.782933891 14.101428986 0.007579157 -0.473093599 -0.032456964 0.880381465
1439803693.258933 -1.055236816 -0.783033967 14.102279663 0.007692897 -0.474516273 -0.032174684 0.879624844
1439803693.321435 -1.057442188 -0.783133924 14.103370667 0.007747279 -0.476082087 -0.031728346 0.878794134
1439803693.383936 -1.060064793 -0.783156157 14.104621887 0.007798521 -0.477792352 -0.031339377 0.877878964
1439803693.508936 -1.065452576 -0.783366501 14.107218742 0.007440976 -0.481525213 -0.030418564 0.875872612
1439803693.571437 -1.068566322 -0.783461213 14.108720779 0.007172361 -0.483561337 -0.030116329 0.874762833
1439803693.633943 -1.071916580 -0.783566833 14.110321045 0.007031671 -0.485700786 -0.029756516 0.873590231
1439803693.696441 -1.075542927 -0.783726811 14.111865997 0.007440094 -0.487858117 -0.029858302 0.872380435
1439803693.821442 -1.083499908 -0.784135699 14.114837646 0.009765292 -0.493128210 -0.030436968 0.869369149
1439803693.883941 -1.088167191 -0.784261823 14.116703033 0.011014967 -0.496475518 -0.030311506 0.867451429
1439803693.946444 -1.093017578 -0.784462810 14.118366241 0.012104264 -0.499858469 -0.030707272 0.865477920
1439803694.071446 -1.103625298 -0.784720063 14.122312546 0.012643962 -0.507434428 -0.031256907 0.861030459
1439803694.133948 -1.110527992 -0.784416735 14.124857903 0.012524743 -0.511780977 -0.031184509 0.858458459
1439803694.196449 -1.116261482 -0.784927905 14.126719475 0.012318081 -0.516625345 -0.031682815 0.855536520
1439803694.258950 -1.123138905 -0.785081446 14.128797531 0.012013316 -0.522001207 -0.032157231 0.852253675
1439803694.321450 -1.130182266 -0.785355091 14.130609512 0.011632221 -0.527874053 -0.032586943 0.848617554
1439803694.383948 -1.137639999 -0.785575449 14.132676125 0.011532979 -0.534363449 -0.032668136 0.844544590
1439803694.508950 -1.156865597 -0.788438559 14.136796951 0.009305621 -0.541818738 -0.035174567 0.839707494
1439803694.571453 -1.162171364 -0.786035836 14.137661934 0.010357914 -0.558682084 -0.032448199 0.828682184
1439803694.633951 -1.170958042 -0.786054909 14.138987541 0.009324158 -0.568439066 -0.031573426 0.822066426
1439803694.696451 -1.180039406 -0.786098003 14.139931679 0.008395517 -0.578536987 -0.031257719 0.815013766
1439803694.821453 -1.198308945 -0.786449671 14.140367508 0.007274367 -0.600465775 -0.032516077 0.798956037
1439803694.883953 -1.207513332 -0.786688089 14.139883041 0.007183450 -0.612388372 -0.033367064 0.789819956
1439803694.946453 -1.217482090 -0.786543369 14.139254570 0.007314093 -0.624860048 -0.033772651 0.779971659
1439803695.008954 -1.227502584 -0.786465943 14.137960434 0.007362619 -0.637564540 -0.035022967 0.769565225
1439803695.071454 -1.237226963 -0.786359251 14.136262894 0.007147905 -0.650568962 -0.036400784 0.758540630
1439803695.196455 -1.257739067 -0.786050439 14.132023811 0.006596206 -0.677767396 -0.036816087 0.734324515
1439803695.258955 -1.267362356 -0.786182463 14.128849030 0.005784073 -0.691820443 -0.036643196 0.721116066
1439803695.321455 -1.277127028 -0.786301315 14.125290871 0.004408421 -0.706165195 -0.036264125 0.707104087
1439803695.383971 -1.287896276 -0.785951793 14.121459007 0.002900663 -0.721031427 -0.035447333 0.691988945
1439803695.508959 -1.308571815 -0.785156310 14.111745834 0.000329166 -0.750674069 -0.035763469 0.659703970
1439803695.571458 -1.319141865 -0.784619451 14.105789185 0.000376461 -0.764751256 -0.036859874 0.643270314
1439803695.633960 -1.329303265 -0.784181356 14.099477768 0.001075295 -0.778352916 -0.038178138 0.626664162
1439803695.696461 -1.339507580 -0.783761859 14.092543602 0.003225878 -0.791610062 -0.040118206 0.609699607
1439803695.758960 -1.349476814 -0.783368170 14.085203171 0.005643231 -0.804495513 -0.042259786 0.592426658
1439803695.821459 -1.358967304 -0.782425165 14.076933861 0.006595825 -0.817008972 -0.043122027 0.574972510
1439803695.883961 -1.368252754 -0.781598985 14.068140030 0.006856756 -0.829018772 -0.043503966 0.557483971
1439803695.946461 -1.378801823 -0.781534553 14.059132576 0.007266426 -0.840214908 -0.045078490 0.540327728
