1403636579.763556 0.0000000 0.0000000 0.0000000 0.0000000 0.0000000 0.0000000 1.0000000
1403636579.813555 -0.0000100 0.0123290 0.0054878 0.0014145 0.0027859 -0.0006721 0.9999949
1403636579.863556 0.0001940 0.0276374 0.0112047 -0.0009305 0.0048752 -0.0022763 0.9999851
1403636583.963556 0.0122773 0.2114605 0.0623022 -0.0630490 0.0303084 -0.0099234 0.9975008
1403636588.163556 0.2663345 0.0684707 0.0142525 -0.2056863 0.0665474 0.0311737 0.9758549
1403636589.713556 -0.0999613 0.0789122 -0.0337382 -0.1922422 0.0169966 0.0106101 0.9811429
1403636589.813555 -0.1359202 0.0834711 -0.0366935 -0.1945944 0.0095592 0.0094049 0.9807921
1403636589.913555 -0.1668115 0.0890455 -0.0388821 -0.2008625 0.0013900 0.0073905 0.9795906
1403636590.013556 -0.1924482 0.0934919 -0.0403361 -0.2023948 -0.0079255 0.0078396 0.9792405
1403636590.213556 -0.2198915 0.0939683 -0.0435283 -0.1910914 -0.0180260 0.0067317 0.9813836
1403636591.413555 0.1152367 0.0855207 -0.0273275 -0.2018808 0.0229516 0.0172252 0.9789896
1403636591.913555 0.1666459 0.0922364 0.0108518 -0.1363280 0.0751762 0.0197358 0.9876101
1403636594.013556 -0.0212805 0.1504816 -0.0900829 -0.1802334 0.0292608 0.0494195 0.9819458
1403636594.213556 0.0720377 0.1482481 -0.0913255 -0.1738360 0.0983253 0.0711448 0.9772674
1403636594.513556 0.2069250 0.1233181 -0.0106716 -0.1631521 0.1408495 0.0643234 0.9743743
1403636596.163556 0.1172867 0.1826432 -0.0617482 -0.1740780 0.0558140 0.0191196 0.9829629
1403636596.363556 0.0890502 0.1890247 -0.1188605 -0.1687289 0.0673658 0.0310216 0.9828683
1403636596.513556 0.0416789 0.1906968 -0.1673766 -0.1605195 0.0657454 0.0245901 0.9845335
1403636596.663556 0.0013837 0.1928111 -0.2012725 -0.1597245 0.0635286 0.0188602 0.9849347
1403636597.363556 0.0435729 0.1244524 0.0165207 -0.1718587 0.0276067 -0.0100117 0.9846838
1403636598.563555 0.0012723 0.1883229 0.0016547 -0.1804300 -0.0578174 -0.0594027 0.9800885
1403636598.813555 0.0206554 0.1961755 0.0754432 -0.1333138 -0.0854757 -0.0548474 0.9858565
1403636599.663556 0.0416545 0.2509211 0.2095837 -0.0101236 -0.0832194 -0.0323798 0.9959536
1403636600.013556 0.0459615 0.2542654 0.2105019 0.0153793 -0.0835269 -0.0245555 0.9960842
1403636624.513556 0.0559316 0.2563074 0.2053520 -0.0023631 -0.0752672 -0.0192085 0.9969756
1403636625.013556 0.1097019 0.2563666 0.1651704 -0.0257757 -0.0575791 -0.0660750 0.9958184
1403636629.263556 0.4089591 -0.1836099 0.1714687 -0.0254824 0.0171775 -0.0182850 0.9993604
1403636629.763556 0.5439992 -0.1857751 0.2615399 -0.0296181 0.0810483 0.0159775 0.9961419
1403636630.063555 0.6517228 -0.1637766 0.3460084 -0.0353311 0.1369732 0.0308878 0.9894625
1403636632.313555 1.3406116 -0.4169557 1.0477071 -0.0096843 0.1437494 0.0111691 0.9895037
1403636632.713556 1.3940468 -0.4117903 1.1875583 -0.0317965 0.1159448 0.0316115 0.9922432
1403636633.363556 1.4965861 -0.4661552 1.4436607 -0.0226434 0.0270236 -0.0188225 0.9992011
1403636633.813555 1.5657098 -0.4871376 1.6642065 -0.0325029 0.0305549 -0.0080169 0.9989723
1403636634.163556 1.6315641 -0.5535863 1.8544792 -0.0281277 0.0327846 0.0076653 0.9990371
1403636634.513556 1.7225852 -0.6447340 2.0549922 -0.0108748 0.0337909 -0.0140670 0.9992707
1403636634.963556 1.8297155 -0.7214770 2.3059125 -0.0166204 0.0082250 -0.0287069 0.9994158
1403636635.213556 1.8760242 -0.7753606 2.4355044 -0.0225373 -0.0013733 -0.0339979 0.9991668
1403636635.663556 1.9494953 -0.8635057 2.6888587 -0.0266420 -0.0098537 -0.0178224 0.9994376
1403636635.913555 1.9996109 -0.9645747 2.8266454 -0.0172347 -0.0118260 -0.0033696 0.9997758
1403636636.163556 2.0709059 -1.0695546 2.9649520 -0.0307568 -0.0050671 -0.0179135 0.9993535
1403636636.313555 2.1160812 -1.1452413 3.0496221 -0.0140918 -0.0019532 -0.0277512 0.9995136
1403636636.613555 2.2004652 -1.2810981 3.2140157 0.0132276 0.0024429 -0.0413149 0.9990556
1403636637.163556 2.2843831 -1.3526251 3.4547377 -0.0056099 -0.0044250 -0.0352760 0.9993520
1403636637.663556 2.3005261 -1.4047490 3.6298203 -0.0237263 -0.0113705 -0.0324435 0.9991272
1403636638.063555 2.2997544 -1.5297399 3.7605989 -0.0099082 -0.0144010 -0.0336177 0.9992819
1403636638.413555 2.3013654 -1.5440123 3.8924003 -0.0237194 -0.0196686 -0.0226237 0.9992691
1403636638.813555 2.3266907 -1.5634400 4.0717735 -0.0346358 -0.0190460 -0.0288731 0.9988012
1403636639.063555 2.3505707 -1.6372041 4.1964173 -0.0235252 -0.0253990 -0.0130930 0.9993148
1403636639.313555 2.3948333 -1.6761675 4.3383136 -0.0252727 -0.0284376 -0.0041153 0.9992676
1403636639.513556 2.4505341 -1.6758039 4.4653120 -0.0239089 -0.0202258 -0.0296019 0.9990711
1403636639.763556 2.5197017 -1.6732042 4.6306114 -0.0081690 -0.0184704 -0.0396794 0.9990084
1403636639.963556 2.5634766 -1.6925559 4.7487755 -0.0039657 -0.0218062 -0.0322644 0.9992336
1403636640.213556 2.6144223 -1.7391455 4.8724699 -0.0022023 -0.0363602 -0.0412606 0.9984842
1403636640.513556 2.6732383 -1.7937046 4.9991102 -0.0048275 -0.0520648 -0.0488218 0.9974379
1403636640.963556 2.7489164 -1.8262273 5.1712394 -0.0103479 -0.0579292 -0.0523178 0.9968952
1403636641.563555 2.8253274 -1.8421786 5.3671546 -0.0072794 -0.0575377 -0.0411162 0.9974697
1403636642.213556 2.9104567 -1.9286066 5.4987226 -0.0002311 -0.0297782 -0.0385948 0.9988111
1403636643.113555 3.0127168 -1.9331990 5.6170216 -0.0179304 0.0028234 -0.0211267 0.9996120
1403636643.913555 3.1252077 -2.0278392 5.7525835 -0.0456159 -0.0021959 -0.0262785 0.9986109
1403636644.413555 3.2023821 -2.1008801 5.9598408 -0.0148224 -0.0090082 -0.0038097 0.9998423
1403636644.713556 3.2807486 -2.0888960 6.1170311 0.0010012 -0.0092720 -0.0018116 0.9999549
1403636644.963556 3.3708467 -2.0416260 6.2389798 -0.0066583 0.0022780 -0.0273102 0.9996023
1403636645.263556 3.4726868 -2.0136597 6.3753004 -0.0615370 0.0045189 -0.0241374 0.9978027
1403636645.763556 3.6300588 -2.0721760 6.6885180 -0.0365738 0.0064846 -0.0260075 0.9989714
1403636646.063555 3.7172072 -2.1630416 6.9067378 -0.0251524 0.0120898 -0.0130197 0.9995257
1403636646.263556 3.7828898 -2.2447889 7.0529442 -0.0112929 0.0466844 0.0115725 0.9987788
1403636646.463556 3.8631623 -2.3085961 7.1990175 0.0064430 0.0991243 0.0307279 0.9945796
1403636646.713556 3.9731674 -2.3878469 7.3514986 0.0090866 0.1432307 0.0300186 0.9891922
1403636646.963556 4.0761175 -2.4900763 7.4662743 0.0058856 0.1572648 0.0325905 0.9870010
1403636647.413555 4.2564816 -2.6131015 7.6427116 -0.0026840 0.1535008 0.0346863 0.9875359
1403636647.813555 4.4229956 -2.6771078 7.7681332 0.0089835 0.1518165 0.0374917 0.9876565
1403636648.163556 4.5832572 -2.6956036 7.8413334 0.0053334 0.2056327 0.0530928 0.9771734
1403636648.463556 4.7313180 -2.6540577 7.8847513 0.0067824 0.2823427 0.0796052 0.9559810
1403636648.763556 4.8690815 -2.6158228 7.9008160 -0.0011934 0.3377336 0.0974926 0.9361783
1403636649.263556 5.0816112 -2.6741529 7.8839035 0.0011139 0.3502730 0.0932512 0.9319934
1403636649.913555 5.3214073 -2.8928103 7.8056321 0.0128421 0.3582288 0.0955798 0.9286397
1403636650.713556 5.5229769 -2.8450701 7.6577835 -0.0047707 0.4796073 0.1441223 0.8655535
1403636652.063555 5.6036253 -2.7578719 7.2834148 0.0259042 0.5208570 0.1625943 0.8376157
1403636652.263556 5.5918317 -2.6948676 7.2091446 0.0087863 0.5760685 0.1785835 0.7976063
1403636652.463556 5.5780454 -2.6211126 7.1278615 -0.0073623 0.6225585 0.2066322 0.7547648
1403636652.613555 5.5694795 -2.5778551 7.0637283 -0.0157346 0.6404426 0.2227486 0.7348257
1403636652.963556 5.5865459 -2.5361423 6.9060302 -0.0217208 0.6538899 0.2250525 0.7220163
1403636653.813555 5.7169280 -2.4832339 6.5796833 0.0066058 0.6448797 0.1852803 0.7414565
1403636654.313555 5.7201328 -2.4116321 6.4279742 0.0089694 0.6565644 0.1960299 0.7282960
1403636654.613555 5.6956325 -2.4037931 6.3242846 -0.0002144 0.6941296 0.2143674 0.6871904
1403636654.863556 5.6644797 -2.3958430 6.2398782 -0.0044296 0.7120821 0.2296971 0.6634446
1403636655.263556 5.6136274 -2.3386989 6.1365228 0.0154624 0.7276684 0.2159838 0.6508538
1403636655.713556 5.4914975 -2.2658010 6.0273223 0.0112949 0.7512600 0.2471452 0.6118825
1403636655.963556 5.4055276 -2.1860013 5.9725890 0.0095233 0.7724611 0.2673295 0.5759758
1403636656.163556 5.3410540 -2.1271720 5.9154696 0.0085162 0.7890292 0.2718351 0.5508776
1403636656.363556 5.2784424 -2.0991931 5.8395400 0.0013577 0.7951416 0.2754133 0.5402736
1403636656.713556 5.1859956 -2.0963554 5.6815586 0.0059949 0.7984064 0.2615741 0.5423009
1403636656.963556 5.1236215 -2.0668602 5.5761919 0.0151268 0.8013059 0.2410826 0.5473199
1403636657.463556 4.9372206 -1.9680088 5.4031577 0.0201549 0.7907760 0.2634970 0.5521201
1403636657.863556 4.7536845 -1.8577292 5.2512298 0.0206215 0.7894679 0.2778879 0.5468945
1403636658.063555 4.6621971 -1.7961869 5.1558571 0.0183609 0.7895085 0.2865536 0.5424263
1403636658.313555 4.5529160 -1.7385263 5.0049891 -0.0015823 0.7969742 0.2743058 0.5381320
1403636658.413555 4.5127096 -1.7106547 4.9438100 -0.0061522 0.7981009 0.2730943 0.5370443
1403636658.563555 4.4575186 -1.6628202 4.8555899 -0.0159455 0.8007360 0.2676105 0.5356792
1403636658.663556 4.4248810 -1.6303589 4.7992926 -0.0203042 0.8021129 0.2641790 0.5351748
1403636658.913555 4.3607163 -1.5471839 4.6729727 -0.0194986 0.8076980 0.2490266 0.5340689
1403636658.963556 4.3501191 -1.5314474 4.6515503 -0.0141472 0.8078635 0.2488968 0.5340476
1403636659.063555 4.3292112 -1.4966351 4.6124630 -0.0046663 0.8085508 0.2469185 0.5340927
1403636659.363556 4.2618489 -1.3834774 4.5161514 -0.0003966 0.8075175 0.2486988 0.5348496
1403636659.463556 4.2339292 -1.3546607 4.4886298 -0.0072034 0.8050918 0.2553367 0.5353302
1403636659.763556 4.1650620 -1.2847390 4.4130368 -0.0057440 0.8082351 0.2505763 0.5328550
1403636659.913555 4.1331463 -1.2410755 4.3880062 -0.0063056 0.8089888 0.2521151 0.5309758
1403636660.013556 4.1107864 -1.2069499 4.3776646 -0.0115543 0.8076876 0.2587050 0.5296970
1403636660.163556 4.0828609 -1.1516161 4.3665566 -0.0187616 0.8056208 0.2681721 0.5279270
1403636660.313555 4.0611920 -1.0953879 4.3596458 -0.0241063 0.8037915 0.2745012 0.5272449
1403636660.513556 4.0515666 -1.0402383 4.3472204 -0.0348966 0.7991595 0.2876590 0.5266674
1403636660.913555 4.1041799 -0.9224507 4.3345847 -0.0253181 0.8153943 0.2369218 0.5275976
1403636661.263556 4.1643114 -0.8043740 4.3941212 -0.0046911 0.8131789 0.2427330 0.5289600
1403636661.513556 4.1977305 -0.7534698 4.4561777 -0.0018666 0.8123431 0.2444965 0.5294494
1403636662.463556 4.1796522 -0.8352836 4.6786771 -0.0114099 0.8096049 0.2513578 0.5303102
1403636662.963556 4.1393652 -0.8222839 4.8303609 0.0107411 0.8004863 0.2847208 0.5272953
1403636663.413555 4.1207666 -0.7674068 4.8825579 -0.0255948 0.8016135 0.2856078 0.5245845
1403636663.963556 4.2541285 -0.6518462 4.9153805 -0.0577285 0.8087810 0.2534780 0.5275316
1403636664.313555 4.4512234 -0.6717560 4.9855552 -0.0227424 0.8094174 0.2364352 0.5370519
1403636664.513556 4.5701962 -0.6598396 5.0640960 -0.0108133 0.8056432 0.2350465 0.5436683
1403636664.663556 4.6555748 -0.6473444 5.1350813 0.0016357 0.8005840 0.2383406 0.5497784
1403636664.813555 4.7325072 -0.6465232 5.2102718 -0.0031057 0.7969936 0.2399133 0.5542862
1403636665.013556 4.8281145 -0.6652135 5.3019819 -0.0055044 0.7907447 0.2469131 0.5601130
1403636665.213556 4.9188271 -0.7106578 5.3960390 -0.0085109 0.7842247 0.2600196 0.5633019
1403636665.463556 5.0359535 -0.7762158 5.4983463 0.0005850 0.7854740 0.2545099 0.5641410
1403636665.663556 5.1258383 -0.8287210 5.5790257 -0.0183270 0.7897820 0.2472213 0.5610616
1403636665.863556 5.2177629 -0.8912868 5.6651292 -0.0067695 0.7935554 0.2422430 0.5581598
1403636666.063555 5.3048410 -0.9538528 5.7588606 0.0163870 0.7906097 0.2552186 0.5563554
1403636666.313555 5.3999310 -1.0010897 5.8754764 0.0134081 0.7938051 0.2472260 0.5554935
1403636666.713556 5.5082054 -1.0642202 6.0499897 -0.0005453 0.7869576 0.2572751 0.5608091
1403636666.963556 5.5642014 -1.1239421 6.1448059 -0.0000780 0.7741165 0.2878272 0.5638255
1403636667.263556 5.6540051 -1.1531782 6.2312198 0.0008199 0.7862604 0.2498844 0.5651122
1403636667.613555 5.7481127 -1.1546053 6.3444285 -0.0079421 0.7816425 0.2595202 0.5671166
1403636667.963556 5.8458529 -1.1954635 6.4417334 0.0005395 0.7785369 0.2705370 0.5662948
1403636668.213556 5.9279399 -1.1988779 6.5011673 -0.0093959 0.7837921 0.2644374 0.5618315
1403636668.463556 6.0134115 -1.1763964 6.5657506 -0.0137034 0.7890559 0.2607446 0.5560713
1403636668.763556 6.1363344 -1.1419187 6.6539502 -0.0206494 0.7954463 0.2525915 0.5504873
1403636669.013556 6.2473812 -1.1381903 6.7394571 -0.0184312 0.8016495 0.2360150 0.5489221
1403636669.263556 6.3552208 -1.1728177 6.8410482 -0.0011929 0.8012688 0.2396979 0.5481896
1403636669.513556 6.4495168 -1.1926383 6.9666538 0.0031050 0.8026618 0.2358383 0.5478181
1403636669.763556 6.5216303 -1.2067630 7.1084127 0.0170696 0.8065885 0.2178279 0.5492491
1403636670.013556 6.5474958 -1.2560141 7.2600999 0.0547459 0.7889801 0.2607518 0.5536441
1403636671.963556 5.2675476 -1.2327495 6.1008549 -0.0682363 0.5692921 0.2132948 0.7910472
1403636672.363556 5.1330304 -1.2440932 5.6959214 -0.0940102 0.5871029 0.1783650 0.7840014
1403636675.763556 5.8511038 -1.1938480 6.3363948 -0.0145880 0.4533427 0.0993684 0.8856599
1403636676.213556 6.0206814 -1.2039243 6.6370378 -0.0110513 0.3614262 0.1013022 0.9268155
1403636676.613555 6.1392031 -1.2039868 6.9072075 -0.0285840 0.2807094 0.0504356 0.9580404
1403636677.013556 6.2146811 -1.3026016 7.1854830 -0.0135457 0.2366531 0.0654312 0.9692939
1403636677.463556 6.3030596 -1.3287157 7.5140581 0.0095707 0.2278893 0.0291232 0.9732044
1403636677.763556 6.3079729 -1.3801746 7.6811514 0.0166396 0.1699624 0.0310294 0.9848213
1403636678.113555 6.3035269 -1.4527137 7.8149405 -0.0100843 0.0812071 0.0242413 0.9963514
1403636678.463556 6.3347626 -1.4985189 7.9337783 -0.0118279 0.0308420 -0.0127711 0.9993727
1403636678.813555 6.3661504 -1.5748786 8.0240774 -0.0117071 -0.0383285 -0.0658841 0.9970222
1403636679.163556 6.3499684 -1.5920877 8.1199713 -0.0055221 -0.1106226 -0.0981024 0.9889935
1403636679.463556 6.2948704 -1.5978038 8.1746426 0.0012327 -0.1953858 -0.0888252 0.9766949
1403636679.763556 6.2555208 -1.6395776 8.1920662 -0.0067282 -0.2417200 -0.1063269 0.9644796
1403636680.013556 6.2347240 -1.7097734 8.1845865 0.0120219 -0.2449671 -0.1245060 0.9614285
1403636680.613555 6.1348524 -1.8011187 8.0382833 0.0129500 -0.2209923 -0.1553852 0.9627306
1403636680.913555 6.0150104 -1.7713697 7.9045897 -0.0118766 -0.2310500 -0.1098385 0.9666491
1403636681.363556 5.8240976 -1.6755223 7.7390051 -0.0128356 -0.2290596 -0.1169635 0.9662746
1403636681.663556 5.6845999 -1.6451062 7.6325073 -0.0023229 -0.2342726 -0.1152246 0.9653156
1403636682.113555 5.4717455 -1.5920774 7.4484873 -0.0002993 -0.2424782 -0.1131081 0.9635408
1403636682.413555 5.3326411 -1.5703737 7.3048706 -0.0237680 -0.2429781 -0.1118670 0.9632666
1403636683.213556 4.9645195 -1.4656500 6.9411201 0.0023702 -0.2331515 -0.1138844 0.9657459
1403636683.613555 4.7853136 -1.3639643 6.7306147 -0.0040318 -0.2406094 -0.1100131 0.9643589
1403636683.963556 4.6371479 -1.2678590 6.5440130 -0.0183215 -0.2448878 -0.1103627 0.9630755
1403636684.363556 4.4778128 -1.2421302 6.3240776 -0.0049043 -0.2533888 -0.1087791 0.9612165
1403636685.013556 4.2800188 -1.1108024 5.9906120 0.0010666 -0.2543867 -0.1137377 0.9603906
1403636685.363556 4.2068205 -1.0484133 5.7956219 -0.0080807 -0.2433760 -0.1249362 0.9618180
1403636685.863556 4.0781851 -0.9359516 5.5153675 -0.0037023 -0.2383354 -0.1218610 0.9635001
1403636686.263556 3.9623334 -0.8215555 5.2879591 -0.0164594 -0.2429748 -0.1086177 0.9637917
1403636686.663556 3.8498542 -0.7544256 5.0725336 -0.0227794 -0.2426043 -0.1101261 0.9635853
1403636687.013556 3.7535965 -0.6919611 4.9168949 -0.0147032 -0.2465485 -0.1053996 0.9632697
1403636687.513556 3.6355944 -0.6451643 4.7148628 -0.0065872 -0.2484480 -0.1063869 0.9627627
1403636687.863556 3.5734119 -0.5447270 4.6010423 -0.0060056 -0.2522308 -0.1025601 0.9621980
1403636688.163556 3.5354683 -0.4237249 4.5147629 -0.0037030 -0.2482058 -0.1160431 0.9617246
1403636688.513556 3.4889848 -0.3132133 4.3962708 -0.0068539 -0.2491377 -0.1145833 0.9616414
1403636688.813555 3.4454036 -0.1970230 4.2984262 -0.0058159 -0.2472827 -0.1283845 0.9603827
1403636689.113555 3.3768106 -0.1101470 4.1797724 -0.0178989 -0.2684923 -0.1238940 0.9551135
1403636689.513556 3.2666469 -0.0852714 4.0177331 -0.0255191 -0.2863744 -0.1242540 0.9496838
1403636689.763556 3.1892467 -0.1125751 3.9313405 -0.0448526 -0.2903226 -0.1153880 0.9488871
1403636690.363556 3.0302939 -0.1686739 3.8894062 -0.0397553 -0.2815519 -0.1186571 0.9513509
1403636690.663556 2.9522781 -0.2294914 3.9308581 -0.0394779 -0.2874267 -0.0984174 0.9519146
1403636690.963556 2.9017043 -0.2409216 4.0326595 -0.0201602 -0.3029504 -0.0523039 0.9513564
1403636691.213556 2.9316866 -0.2617733 4.1394973 0.0196708 -0.3045295 -0.0550250 0.9507087
1403636691.663556 3.1509914 -0.3794563 4.2559485 -0.0024074 -0.2952657 -0.1125258 0.9487625
1403636692.263556 3.4969685 -0.5454893 4.3366737 -0.0002355 -0.2915055 -0.1255075 0.9482997
1403636692.663556 3.7189531 -0.7107415 4.3301058 -0.0050874 -0.2862279 -0.1272897 0.9496552
1403636693.113555 3.9138348 -0.8825679 4.2938581 -0.0138571 -0.2761049 -0.1493487 0.9493519
1403636693.563555 4.0169525 -0.9652083 4.2710209 -0.0532808 -0.2846578 -0.1343003 0.9476785
1403636695.313555 4.0666008 -1.1103488 4.6168160 -0.0144933 -0.2853636 -0.1195687 0.9508212
1403636699.463556 3.5075636 -0.9061337 4.3477774 -0.0209253 0.1174092 0.0452680 0.9918306
1403636700.413555 3.4737470 -0.7670497 4.2722368 -0.0109117 0.2378372 0.0865860 0.9673765
1403636702.363556 3.8959112 -0.4947640 4.0943403 -0.0123017 0.3725103 0.1134998 0.9209791
1403636703.363556 4.1911335 -0.2378023 4.2019510 0.0050244 0.3844222 0.1329753 0.9135162
1403636704.263556 4.4975743 -0.2191252 4.2563605 -0.0134178 0.3796480 0.1171947 0.9175799
1403636705.113555 4.8438129 -0.1971122 4.3957162 -0.0516724 0.3737509 0.1117828 0.9193176
1403636706.013556 5.3168335 -0.2627286 4.8548050 -0.0044040 0.3697352 0.1168129 0.9217544
1403636706.813555 5.7275019 -0.3325465 5.2532482 -0.0292387 0.3727129 0.0958598 0.9225188
1403636707.813555 6.1655636 -0.6821015 5.8335652 -0.0242714 0.3814700 0.1202250 0.9162082
1403636708.563555 6.5391412 -0.7641054 6.3820362 0.0100240 0.3655223 0.1287740 0.9217973
1403636709.213556 6.8515997 -0.8180239 6.7280703 0.0025864 0.3962756 0.0870852 0.9139885
1403636709.763556 6.9658294 -0.8919778 7.0012722 -0.0167686 0.3953441 0.0918541 0.9137750
1403636710.313555 6.9892554 -0.9728346 7.3273320 -0.0080300 0.3826918 0.0922763 0.9192212
1403636710.863556 6.9639730 -0.9569409 7.6706324 0.0021217 0.3102624 0.0862868 0.9467245
1403636711.363556 6.9252977 -0.9903059 7.9018922 -0.0016006 0.2692385 0.0469051 0.9619293
1403636712.613555 6.4632678 -1.2425387 8.0832005 0.0160492 0.2315106 0.0334479 0.9721248
1403636713.663556 5.8628502 -1.4032329 7.7891397 0.0035841 0.2038445 0.0562221 0.9773810
1403636714.263556 5.5795560 -1.4194179 7.5214157 0.0000065 0.2167330 0.0574490 0.9745391
1403636714.913555 5.3625832 -1.3257813 7.2490730 -0.0280113 0.1488927 0.0288099 0.9880366
1403636717.063555 5.0824080 -1.2360872 6.6139770 -0.0069818 0.0311945 -0.0139269 0.9993919
1403636718.013556 4.9284511 -1.1066777 6.2293582 -0.0075773 -0.0380761 -0.0679690 0.9969318
1403636718.963556 4.5570536 -0.8626919 5.8741512 -0.0140234 -0.1653366 -0.0807017 0.9828298
1403636719.613555 4.3648534 -0.7248875 5.6628885 0.0029499 -0.1650148 -0.0739014 0.9835141
1403636720.213556 4.2458644 -0.6229413 5.4278822 -0.0148760 -0.1521595 -0.0697504 0.9857794
1403636720.913555 4.1664362 -0.5102028 5.2174358 -0.0163360 -0.1416947 -0.0648853 0.9876465
1403636722.013556 4.1984663 -0.3845188 4.9594417 -0.0046152 -0.0347848 -0.0418862 0.9985060
1403636724.363556 4.1084504 -0.1541086 4.2476478 -0.0195835 0.0783928 0.0012082 0.9967294
1403636728.313555 3.8202326 -0.5538750 3.2919683 -0.0003168 0.0986917 -0.0001840 0.9951180
1403636729.513556 3.5431657 -0.4746689 2.9085827 0.0010575 0.0304840 -0.0228121 0.9992743
1403636730.663556 3.2380867 -0.3429052 2.4731369 -0.0322998 0.0264361 -0.0165556 0.9989914
1403636732.013556 3.0811529 -0.2929537 2.3028090 -0.0070390 0.0265282 -0.0092802 0.9995802
1403636733.963556 2.8348720 -0.1606942 1.7207466 -0.0132341 0.0220066 -0.0280737 0.9992760
1403636735.063555 2.5316446 -0.0911682 1.3069873 -0.0191750 0.0121678 -0.0225447 0.9994879
1403636737.163556 2.0748255 -0.1612719 0.9104354 -0.0043052 -0.0356499 -0.0415543 0.9984908
1403636739.713556 1.9352415 -0.1507909 0.7994321 -0.0076350 0.2322741 0.0594908 0.9707993
1403636740.863556 2.1180029 0.0620600 0.8601527 -0.0067458 0.2273535 0.0605934 0.9719019
1403636741.713556 2.1944346 0.3460602 0.8874773 -0.0243843 0.2534684 0.0748179 0.9641377
1403636742.913555 2.2963278 0.5015333 0.9938323 0.0000337 0.2320766 0.0584720 0.9709384
1403636743.613555 2.4031792 0.6185421 1.1228609 -0.0317342 0.2527072 0.0761280 0.9640210
1403636744.363556 2.5988555 0.7992638 1.4185226 0.0042087 0.2915543 0.0830939 0.9529290
1403636745.013556 2.7476001 1.1286964 1.6367042 -0.0010920 0.2908935 0.0812770 0.9532963
1403636745.813555 2.9168420 1.2684197 1.7584209 0.0046346 0.2903595 0.0694786 0.9543808
1403636748.063555 2.7388515 0.8560208 1.9378357 0.0019394 0.3073885 0.1094597 0.9452657
1403636749.963556 2.8138270 0.4479984 2.0402651 0.0182986 0.3297770 0.0767742 0.9407539
1403636752.313555 2.5383523 -0.2122977 1.6817067 -0.0066344 0.2710526 0.0706437 0.9599458
1403636754.763556 2.1967762 -0.4097393 1.4931725 0.0031197 -0.0126929 -0.0461870 0.9988473
1403636755.713556 1.8075578 -0.3397731 1.1978478 -0.0186664 -0.0553035 -0.0591194 0.9965430
1403636756.363556 1.4864480 -0.2990886 1.0149180 -0.0023740 -0.0566324 -0.0531331 0.9969774
1403636756.963556 1.1829382 -0.2424813 0.8093849 0.0012322 -0.0630193 -0.0524084 0.9966345
1403636757.663556 0.8359197 -0.1505389 0.5123666 -0.0237741 -0.0731501 -0.0669343 0.9947882
1403636758.613555 0.3202190 -0.1406239 0.2042013 -0.0530377 -0.1105300 -0.0372102 0.9917588
1403636759.463556 0.0596948 -0.0192070 0.1751200 -0.0043983 -0.1124880 -0.0319584 0.9931293
1403636759.863556 0.0487402 0.0499223 0.1622569 -0.0010483 -0.1067441 -0.0580072 0.9925925
1403636760.663556 0.0491796 0.1520131 0.1114135 -0.0167593 -0.1033223 -0.0663960 0.9922879
1403636761.163556 0.0276829 0.2210088 0.0816568 -0.0334812 -0.1049069 -0.0687073 0.9915407
1403636761.513556 -0.0146349 0.2428188 0.0850727 -0.0209048 -0.1058120 -0.0673453 0.9918827
1403636761.863556 -0.0627083 0.2298759 0.0942173 -0.0085473 -0.1129510 -0.0396299 0.9927731
1403636762.213556 -0.0804712 0.2119823 0.0924950 -0.0093822 -0.0944483 -0.0858425 0.9917775
1403636762.563555 -0.1305629 0.2215158 0.0983301 -0.0322866 -0.1083488 -0.0398177 0.9927903
1403636762.863556 -0.1529793 0.2687256 0.1396708 0.0195633 -0.1143510 -0.0278345 0.9928577
1403636763.113555 -0.1274394 0.2682542 0.1078557 0.0006534 -0.0761508 -0.0186461 0.9969217
1403636763.313555 -0.1229350 0.2811254 0.1268079 0.0039867 -0.0687903 -0.0091100 0.9975816
