1439804061.828221 -0.000465350 -0.001407497 0.028902130 -0.000154270 0.000078047 0.000796250 0.999999642
1439804061.890720 -0.000310368 -0.002669455 0.057968944 -0.000685566 -0.000249562 0.000787594 0.999999404
1439804061.953224 -0.000606499 -0.004102821 0.086731084 -0.001418140 -0.000313538 0.001102400 0.999998331
1439804062.015724 -0.000650474 -0.005702039 0.115445815 -0.001883315 -0.000566532 0.001502754 0.999996901
1439804062.078224 -0.000779187 -0.006810396 0.144828960 -0.001746980 -0.000911555 0.001992941 0.999996066
1439804062.140726 -0.000893421 -0.008218298 0.173728138 -0.001386574 -0.001258951 0.002905398 0.999994040
1439804062.203228 -0.001097715 -0.009709667 0.202598080 -0.000816037 -0.001359763 0.003882119 0.999991179
1439804062.265729 -0.001273098 -0.011198544 0.231547907 -0.000409241 -0.001565759 0.004389601 0.999989033
1439804062.328228 -0.001671553 -0.012787717 0.260575593 -0.000167008 -0.002013762 0.004593158 0.999987423
1439804062.390730 -0.001819565 -0.014391887 0.289647341 -0.000055620 -0.003028963 0.005394939 0.999980867
1439804062.453231 -0.002383100 -0.015735056 0.318661064 -0.000095085 -0.004018981 0.006214345 0.999972582
1439804062.515733 -0.002815542 -0.017311990 0.347679883 -0.000653219 -0.005179025 0.006767539 0.999963462
1439804062.578234 -0.003464057 -0.018567279 0.376742870 -0.001065905 -0.006015704 0.006614259 0.999959469
1439804062.640736 -0.003941273 -0.020077506 0.405633390 -0.001863278 -0.006483905 0.006962603 0.999952972
1439804062.703240 -0.004209211 -0.021381952 0.434905350 -0.002451183 -0.006778903 0.007121236 0.999948621
1439804062.765739 -0.004691198 -0.022955362 0.463757962 -0.003186448 -0.006229604 0.006956621 0.999951303
1439804062.828240 -0.005074266 -0.024407566 0.492677331 -0.003927181 -0.005272673 0.007143717 0.999952853
1439804062.890746 -0.005554765 -0.025697991 0.521659613 -0.003954723 -0.004319547 0.007006063 0.999958277
1439804062.953243 -0.005756718 -0.027031031 0.550118566 -0.004696995 -0.003694541 0.007993472 0.999950171
1439804063.015745 -0.005843606 -0.028225258 0.578638196 -0.005888604 -0.003151176 0.011110774 0.999915957
1439804063.078246 -0.005590017 -0.029603675 0.607009888 -0.006066544 -0.003153947 0.012206964 0.999902129
1439804063.140747 -0.005628942 -0.031043872 0.635459900 -0.005028336 -0.002852270 0.013244549 0.999895573
1439804063.203249 -0.006001603 -0.032477174 0.663679302 -0.003220993 -0.002297585 0.012615853 0.999912560
1439804063.265750 -0.006351452 -0.034079131 0.691859066 -0.000085483 -0.001879194 0.012902117 0.999915004
1439804063.328252 -0.006273115 -0.035456695 0.720944166 0.002569293 -0.001755185 0.013554072 0.999903262
1439804063.390754 -0.006842365 -0.036733687 0.749762893 0.003256019 -0.001408907 0.013347199 0.999904633
1439804063.453255 -0.006541708 -0.038285010 0.779099882 0.002053402 -0.001609152 0.013129761 0.999910414
1439804063.515756 -0.006824421 -0.039811458 0.808182180 -0.000087608 -0.001307348 0.012994584 0.999914706
1439804063.578258 -0.007128419 -0.041576441 0.836518824 -0.002453164 -0.001125283 0.013174939 0.999909580
1439804063.640759 -0.007154851 -0.042924475 0.865924001 -0.003595163 -0.001120175 0.014244695 0.999891460
1439804063.703260 -0.007304606 -0.044774257 0.894169688 -0.003888203 -0.001005980 0.014857310 0.999881566
1439804063.765762 -0.007219060 -0.046194378 0.922996581 -0.003214376 -0.001012611 0.015320955 0.999876916
1439804063.828262 -0.007325286 -0.047760401 0.952122509 -0.002554913 -0.000919304 0.015833162 0.999870956
1439804063.890765 -0.007391247 -0.049194776 0.980892003 -0.002005885 -0.001033397 0.016255125 0.999865353
1439804063.953266 -0.007642752 -0.050601985 1.009831429 -0.001780833 -0.001343633 0.017096734 0.999851346
1439804064.015766 -0.007985132 -0.052080635 1.038592219 -0.001759169 -0.001843798 0.017826544 0.999837875
1439804064.078266 -0.008085683 -0.053630840 1.067692399 -0.002072377 -0.002688440 0.018038737 0.999831557
1439804064.140767 -0.008329714 -0.055072062 1.096472859 -0.002108388 -0.003354248 0.018296264 0.999824762
1439804064.203267 -0.008704566 -0.056685224 1.126164913 -0.002110046 -0.003929012 0.018626885 0.999816537
1439804064.265768 -0.009116291 -0.058270968 1.155433416 -0.002014939 -0.004505456 0.019134780 0.999804735
1439804064.328270 -0.010022380 -0.059605215 1.184233785 -0.002052363 -0.004921194 0.018299775 0.999818325
1439804064.390769 -0.010355486 -0.061037537 1.213425636 -0.002053768 -0.005641723 0.018232292 0.999815762
1439804064.453270 -0.010810155 -0.062421508 1.242360473 -0.002337767 -0.006359234 0.018776601 0.999800742
1439804064.515771 -0.011358701 -0.064176500 1.271785021 -0.002849795 -0.007119773 0.019109100 0.999787986
1439804064.578271 -0.012311598 -0.064974956 1.300925612 -0.002731864 -0.007756153 0.019768985 0.999770761
1439804064.640772 -0.013640523 -0.066303365 1.329617143 -0.002791717 -0.008025071 0.019943949 0.999764979
1439804064.703274 -0.014017073 -0.067632802 1.359092116 -0.002741884 -0.008855002 0.020018695 0.999756634
1439804064.765776 -0.014558141 -0.069349520 1.388387084 -0.002979744 -0.009896123 0.020094682 0.999744654
1439804064.828276 -0.015732650 -0.070670635 1.418244720 -0.002808740 -0.010704388 0.019830205 0.999742091
1439804064.890778 -0.016631752 -0.071950622 1.447571754 -0.002677178 -0.011717349 0.019845361 0.999730825
1439804064.953283 -0.017591868 -0.073576361 1.477020383 -0.002446886 -0.012833770 0.019736813 0.999719858
1439804065.015780 -0.018276896 -0.075051948 1.506492972 -0.001903071 -0.013765773 0.019694475 0.999709427
1439804065.078285 -0.019495105 -0.076875582 1.535666466 -0.001302199 -0.014087839 0.019078676 0.999717891
1439804065.140787 -0.020687591 -0.078656249 1.565325618 -0.000718981 -0.014149599 0.017980749 0.999737978
1439804065.203286 -0.021653822 -0.080190346 1.594873428 0.000145802 -0.013994724 0.017185645 0.999754369
1439804065.265786 -0.022769516 -0.081836000 1.624622822 0.000650244 -0.013933739 0.017067024 0.999757051
1439804065.328288 -0.023710150 -0.083388522 1.654646754 0.000770056 -0.014113887 0.017217586 0.999751866
1439804065.390790 -0.024499143 -0.084957346 1.684402108 0.000336570 -0.014414509 0.017868498 0.999736369
1439804065.453292 -0.025285171 -0.086549893 1.714663386 -0.000601839 -0.014745761 0.019296434 0.999704897
1439804065.515795 -0.026384683 -0.088165559 1.744817019 -0.001629022 -0.014835940 0.020772964 0.999672771
1439804065.578293 -0.027211245 -0.089716613 1.774851561 -0.002070002 -0.014953824 0.020778965 0.999670088
1439804065.640795 -0.028408777 -0.091483139 1.805094123 -0.001846122 -0.015168765 0.019470587 0.999693692
1439804065.703300 -0.029593987 -0.093081951 1.835232615 -0.001120115 -0.015407483 0.019162521 0.999697030
1439804065.765804 -0.030525263 -0.094631687 1.865437031 -0.000651509 -0.015824473 0.019076047 0.999692559
1439804065.828298 -0.031556770 -0.095926963 1.895417094 -0.000466619 -0.016279768 0.019050965 0.999685884
1439804065.890797 -0.032904521 -0.097636215 1.926160932 -0.001398727 -0.016320821 0.018006656 0.999703646
1439804065.953305 -0.034116495 -0.099336445 1.956606150 -0.002352662 -0.016281484 0.017595807 0.999709845
1439804066.015799 -0.035122488 -0.100795694 1.987292290 -0.002959599 -0.016407901 0.017840635 0.999701798
1439804066.078300 -0.036162619 -0.102302387 2.017710447 -0.002901120 -0.016606495 0.018183261 0.999692559
1439804066.140806 -0.037217565 -0.104030073 2.048506021 -0.002718147 -0.016775806 0.018492056 0.999684572
1439804066.203304 -0.038319826 -0.105474517 2.078896999 -0.002467074 -0.016941078 0.018118754 0.999689281
1439804066.265804 -0.039476674 -0.107158631 2.109818697 -0.001993275 -0.017103376 0.018343532 0.999683440
1439804066.328306 -0.040591899 -0.108733907 2.140628576 -0.001920394 -0.017385505 0.018052500 0.999684036
1439804066.390807 -0.041951254 -0.110392772 2.171501160 -0.001962491 -0.017601691 0.017447723 0.999690890
1439804066.453308 -0.043123607 -0.111976549 2.201944590 -0.001725561 -0.017796401 0.017424660 0.999688268
1439804066.515811 -0.044649702 -0.113744281 2.232738972 -0.001494919 -0.017801991 0.017349042 0.999689877
1439804066.578311 -0.046105694 -0.115585834 2.263789177 -0.001294553 -0.017693417 0.016740747 0.999702454
1439804066.640813 -0.047493011 -0.117118694 2.294859409 -0.001072859 -0.017561428 0.016362691 0.999711275
1439804066.703315 -0.048406787 -0.118698239 2.325918674 -0.000781015 -0.017635999 0.017098093 0.999697983
1439804066.765814 -0.049877502 -0.119930379 2.357404470 -0.000394906 -0.017701952 0.017833786 0.999684155
1439804066.828316 -0.050722960 -0.121820100 2.388766527 -0.000370180 -0.018154498 0.018403968 0.999665737
1439804066.890822 -0.052252933 -0.123222791 2.419857264 -0.000056438 -0.018311655 0.019097418 0.999649942
1439804066.953317 -0.053913258 -0.124903381 2.451138973 0.000021452 -0.018480230 0.019921850 0.999630749
1439804067.015820 -0.055843167 -0.126280084 2.482350349 -0.000152176 -0.018538414 0.020158216 0.999624908
1439804067.078321 -0.057262588 -0.127778813 2.514314175 -0.000388678 -0.018802216 0.020079443 0.999621511
1439804067.140821 -0.058111060 -0.129722267 2.546190262 -0.000932615 -0.019209394 0.019277303 0.999629200
1439804067.203321 -0.059353136 -0.131412625 2.577727318 -0.000977873 -0.019450586 0.019335393 0.999623358
1439804067.265824 -0.060760956 -0.132982165 2.609461546 -0.000379524 -0.019606909 0.019296750 0.999621451
1439804067.328326 -0.062368684 -0.134959713 2.640913248 -0.000132236 -0.019735256 0.019608416 0.999612927
1439804067.390825 -0.063729540 -0.137222409 2.672593117 -0.000057408 -0.019910892 0.019573824 0.999610126
1439804067.453328 -0.064958513 -0.138908595 2.704139709 0.000063030 -0.020216482 0.019125918 0.999612689
1439804067.515828 -0.066015944 -0.140738785 2.735642910 -0.000189810 -0.020531088 0.019543750 0.999598145
1439804067.578330 -0.067485921 -0.142635167 2.767153978 -0.000447308 -0.020700365 0.019691998 0.999591708
1439804067.640830 -0.069088317 -0.143649459 2.798882246 -0.000166864 -0.020862240 0.019823460 0.999585807
1439804067.703331 -0.070446149 -0.145805433 2.830414057 -0.000056575 -0.021122105 0.019811295 0.999580562
1439804067.765833 -0.071635112 -0.147476465 2.861912251 -0.000026192 -0.021376979 0.019702479 0.999577343
1439804067.828334 -0.073237568 -0.149307609 2.893241882 -0.000386492 -0.021593111 0.019568861 0.999575198
1439804067.890834 -0.074822903 -0.151165962 2.924923420 -0.000463350 -0.021892583 0.018949205 0.999580622
1439804067.953337 -0.076349922 -0.152788922 2.956352472 -0.000596607 -0.022435354 0.017607009 0.999593079
1439804068.015838 -0.077878177 -0.154391780 2.987814188 -0.000236530 -0.023184832 0.015973302 0.999603570
1439804068.078339 -0.079683147 -0.156450629 3.019307137 0.000125084 -0.023819542 0.015295795 0.999599218
1439804068.140839 -0.081489205 -0.158539191 3.050750017 0.000460442 -0.024492795 0.014637121 0.999592721
1439804068.203344 -0.083449788 -0.160011321 3.082413912 0.001094570 -0.025075205 0.013567645 0.999592900
1439804068.265844 -0.085597306 -0.161447778 3.114062786 0.001303992 -0.025262957 0.012460594 0.999602318
1439804068.328343 -0.086826675 -0.163295954 3.145767450 0.000512651 -0.025812982 0.012250771 0.999591589
1439804068.390849 -0.089109063 -0.165138319 3.177806616 0.000026513 -0.025773693 0.012270949 0.999592483
1439804068.453346 -0.090984792 -0.166653380 3.209645033 0.000094723 -0.025940284 0.012859637 0.999580801
1439804068.515847 -0.092637599 -0.168550789 3.241232634 -0.000098420 -0.026284246 0.013508131 0.999563217
1439804068.578348 -0.094531752 -0.170673892 3.272985220 0.000073195 -0.026819896 0.014337221 0.999537468
1439804068.640851 -0.096327096 -0.172579527 3.304644823 0.000228004 -0.027607771 0.015809989 0.999493778
1439804068.703350 -0.097916320 -0.174263984 3.336212635 0.000215095 -0.028666636 0.016519636 0.999452472
1439804068.765852 -0.099941082 -0.175847501 3.367811680 0.000226892 -0.029463630 0.015886387 0.999439597
1439804068.828353 -0.102246642 -0.177822232 3.399389267 0.000110298 -0.029956849 0.015131425 0.999436617
1439804068.890854 -0.104253657 -0.179499894 3.430929422 0.000449761 -0.030634742 0.014252859 0.999428928
1439804068.953355 -0.106566764 -0.181587890 3.462598801 0.000613037 -0.031329736 0.013296544 0.999420464
1439804069.015856 -0.109043218 -0.183388039 3.494047165 0.000778427 -0.031755965 0.012021080 0.999423087
1439804069.078362 -0.111637227 -0.185217142 3.525643110 0.000293939 -0.032057486 0.011135052 0.999423921
1439804069.140862 -0.114151090 -0.186895311 3.557465076 0.000009853 -0.032374714 0.010369964 0.999422014
1439804069.203362 -0.116770089 -0.188571543 3.589105368 0.000075260 -0.032460093 0.010301449 0.999419928
1439804069.265865 -0.118729286 -0.190631434 3.620278120 0.000654209 -0.032852538 0.009675465 0.999413133
1439804069.328363 -0.121413723 -0.192628115 3.651579380 0.001648128 -0.032713439 0.009086664 0.999422073
1439804069.390865 -0.123549737 -0.194511533 3.682990074 0.002577832 -0.032955289 0.008808439 0.999414682
1439804069.453367 -0.125399977 -0.196208447 3.714402437 0.003340594 -0.033118926 0.008838030 0.999406755
1439804069.515870 -0.127829447 -0.198235869 3.745764732 0.003246068 -0.032775313 0.008978548 0.999417126
1439804069.578370 -0.129918307 -0.200376242 3.777118206 0.002722004 -0.032687742 0.007957309 0.999430239
1439804069.640875 -0.132071078 -0.201968640 3.808341265 0.002144508 -0.032446172 0.006895238 0.999447405
1439804069.703373 -0.134440050 -0.204098612 3.839771032 0.000730220 -0.032066274 0.006315914 0.999465525
1439804069.765878 -0.136732548 -0.205960765 3.871204615 -0.000358356 -0.031821828 0.005523306 0.999478221
1439804069.828375 -0.138758600 -0.207716540 3.902132511 -0.001021324 -0.031702537 0.005151955 0.999483526
1439804069.890882 -0.140873209 -0.209368020 3.933016300 -0.000679625 -0.031362727 0.004898840 0.999495804
1439804069.953380 -0.143036067 -0.211198643 3.964177608 -0.000366529 -0.031242881 0.004218439 0.999502838
1439804070.015881 -0.145171523 -0.212997690 3.995133877 0.000194022 -0.031052364 0.003387488 0.999512017
1439804070.078385 -0.147612408 -0.214784071 4.026044846 0.000578316 -0.030641740 0.003061244 0.999525607
1439804070.140884 -0.149608150 -0.216659248 4.056809425 0.000454916 -0.030376049 0.002877295 0.999534309
1439804070.203386 -0.151581824 -0.218146831 4.087931156 0.000150453 -0.030063121 0.003041964 0.999543369
1439804070.265885 -0.153690398 -0.219622016 4.118877411 0.000013992 -0.029505765 0.003293209 0.999559164
1439804070.328384 -0.155492455 -0.221484706 4.149809837 -0.000221974 -0.029352766 0.003306023 0.999563634
1439804070.390887 -0.157649636 -0.223274365 4.180731297 -0.000439896 -0.028889094 0.002725953 0.999578834
1439804070.453386 -0.159440488 -0.225135267 4.211490154 -0.000551585 -0.028699487 0.002712250 0.999584258
1439804070.515888 -0.161635160 -0.226656497 4.242105484 -0.000399804 -0.028391810 0.003064583 0.999592125
1439804070.578389 -0.163410366 -0.228311032 4.272550106 -0.000357376 -0.028311374 0.003300471 0.999593616
1439804070.640887 -0.165088654 -0.230260774 4.303237438 -0.000250726 -0.028159201 0.003805112 0.999596179
1439804070.703388 -0.165832207 -0.231812954 4.332089901 -0.000286145 -0.027983563 0.003991345 0.999600351
1439804070.765892 -0.167541638 -0.233567566 4.362268925 -0.000386584 -0.027627442 0.004289960 0.999608994
1439804071.265901 -0.167640924 -0.233993083 4.363113880 0.000469423 -0.026680965 0.003524388 0.999637663
