1439803917.888006 0.004108069 -0.001135497 0.047927022 0.000791431 0.006012718 0.000561590 0.999981403
1439803917.950507 0.008659498 -0.006793004 0.050290134 0.009695049 0.007073744 0.015876347 0.999801934
1439803918.013008 0.005146294 -0.015223498 0.091018438 0.007399429 0.012021395 0.012909955 0.999817014
1439803918.075510 0.003455926 -0.022578340 0.134820223 0.007281931 0.016568862 0.013028921 0.999751329
1439803918.138012 0.006366379 -0.028001986 0.179463282 0.009071002 0.019871971 0.015720962 0.999637783
1439803918.200514 0.007035187 -0.036638483 0.221020877 0.010465713 0.022968050 0.018336805 0.999513209
1439803918.263015 0.008166457 -0.046519395 0.262849092 0.011885036 0.026259478 0.021623028 0.999350607
1439803918.325513 0.009236189 -0.057238463 0.306864977 0.013839788 0.030082949 0.025724825 0.999120474
1439803918.388016 0.010423447 -0.069086231 0.351448506 0.015194152 0.033919979 0.030371305 0.998847425
1439803918.450520 0.012921600 -0.076890901 0.404191345 0.016155384 0.037890173 0.034313582 0.998561919
1439803918.513018 0.015707623 -0.087964699 0.455390096 0.016581854 0.041226853 0.039309286 0.998238504
1439803918.575520 0.015637828 -0.101511873 0.502611041 0.016520036 0.043989982 0.044435002 0.997906566
1439803918.638026 0.020254117 -0.111842185 0.562445164 0.017126679 0.046690665 0.049416814 0.997539282
1439803918.700522 0.020876005 -0.129358098 0.616193652 0.016161615 0.049258109 0.055029050 0.997138023
1439803918.763023 0.027354665 -0.141134903 0.678398073 0.016728763 0.051559623 0.060086928 0.996720254
1439803918.825523 0.028782703 -0.159399256 0.736255884 0.016596865 0.054505110 0.065610066 0.996217370
1439803918.888026 0.032388583 -0.180847108 0.800010383 0.016693614 0.057905730 0.071183443 0.995641053
1439803918.950525 0.034776688 -0.207448542 0.863339365 0.016913908 0.061881065 0.078231588 0.994869053
1439803919.013026 0.027970195 -0.233274519 0.916481435 0.017188542 0.066212349 0.085744493 0.993965983
1439803919.075528 0.015047595 -0.258707762 0.975435257 0.018601004 0.072035283 0.095653869 0.992630482
1439803919.138029 0.015522197 -0.283739030 1.044934273 0.018682485 0.076281525 0.102668606 0.991610408
1439803919.200529 0.010788918 -0.312884241 1.109421134 0.019059576 0.081174403 0.111351632 0.990276873
1439803919.263032 0.013468027 -0.345375091 1.177394867 0.019379612 0.086227238 0.119406693 0.988904119
1439803919.325532 0.035144173 -0.303712279 1.020417929 0.018393490 0.075657807 0.103602223 0.991566539
1439803919.388034 0.041772366 -0.238608778 0.862188220 0.018283637 0.065323293 0.087322317 0.993867874
1439803919.450535 0.056856882 -0.215547353 0.781345546 0.018092504 0.059725679 0.079441555 0.994884193
1439803919.513039 0.058343012 -0.220192626 0.807477832 0.018228786 0.061065551 0.081741333 0.994614005
1439803919.575538 0.061634663 -0.221395403 0.828945875 0.018047182 0.061988950 0.083379187 0.994424224
1439803919.638039 0.064386651 -0.220835105 0.856270492 0.018730683 0.063583218 0.086463243 0.994047523
1439803919.700541 0.067574427 -0.221400842 0.882414162 0.019052366 0.065088972 0.089361615 0.993687570
1439803919.763041 0.077918924 -0.223592579 0.905570865 0.018231943 0.064775400 0.088762045 0.993777156
1439803919.825541 0.080330148 -0.220826507 0.927522421 0.019375512 0.066590510 0.092546381 0.993290246
1439803919.888042 0.086979300 -0.221083596 0.949888706 0.019415539 0.067457378 0.093877785 0.993106008
1439803919.950545 0.094181001 -0.221257120 0.970926046 0.019197773 0.067849040 0.094787218 0.992997169
1439803920.013045 0.103359133 -0.222143859 0.992712319 0.018344611 0.067335792 0.094411448 0.993084013
1439803920.075546 0.110933527 -0.222847536 1.014405012 0.018070823 0.067479335 0.094630949 0.993058383
1439803920.138048 0.117858872 -0.224100575 1.036314487 0.018061131 0.068093382 0.096091658 0.992876351
1439803920.200551 0.124319732 -0.224342331 1.057384491 0.018202774 0.069179147 0.097663328 0.992645383
1439803920.263051 0.130568832 -0.224311799 1.078874350 0.018065000 0.069883347 0.099231370 0.992443025
1439803920.325553 0.137332439 -0.224066019 1.099656940 0.018049981 0.070496075 0.101151049 0.992206097
1439803920.388055 0.144253194 -0.226035967 1.121011496 0.017569467 0.070707507 0.101415679 0.992172658
1439803920.450554 0.151025981 -0.227872774 1.142425537 0.017508904 0.071059451 0.101828672 0.992106318
1439803920.513055 0.157936126 -0.228914723 1.162355065 0.017538423 0.071626514 0.102721319 0.991972983
1439803920.575556 0.164490849 -0.230159134 1.184092522 0.017072594 0.071821734 0.103029020 0.991935074
1439803920.638058 0.170806587 -0.231528074 1.204537868 0.016548011 0.071830228 0.102765955 0.991970599
1439803920.700559 0.176283479 -0.233594149 1.226574302 0.016480552 0.071663208 0.103462920 0.991911352
1439803920.763060 0.182935268 -0.234840110 1.247070074 0.016870067 0.070563622 0.103711009 0.991957724
1439803920.825561 0.189263731 -0.235205531 1.269197106 0.017305454 0.068965867 0.104517601 0.991977990
1439803920.888062 0.195212916 -0.237577215 1.290311098 0.015486234 0.067815781 0.105329141 0.992001474
1439803920.950564 0.200985178 -0.238841042 1.312040329 0.015184647 0.065785468 0.106149010 0.992055476
1439803921.013067 0.206695110 -0.239422485 1.334168792 0.015428549 0.063111156 0.107354745 0.992095709
1439803921.075564 0.212321267 -0.239782527 1.356271863 0.015900141 0.060359169 0.108285263 0.992158353
1439803921.138066 0.217771590 -0.240467012 1.377966166 0.015503930 0.057962719 0.110919185 0.992016554
1439803921.200568 0.221042901 -0.241236493 1.400994897 0.015459834 0.056809969 0.110824019 0.992094576
1439803921.263070 0.226198375 -0.241395652 1.422198534 0.015377013 0.053581875 0.112297870 0.992109776
1439803921.325570 0.228526488 -0.241802022 1.441932201 0.015491625 0.052605823 0.116044760 0.991728902
1439803921.388071 0.232396454 -0.240696073 1.464798450 0.017675532 0.049006991 0.117452666 0.991711020
1439803921.450572 0.234647453 -0.240585998 1.484583020 0.019162780 0.047415260 0.118841745 0.991595268
1439803921.513074 0.235765964 -0.240383074 1.502698660 0.020438548 0.047352392 0.120132573 0.991417229
1439803921.575574 0.236826733 -0.240093127 1.521855116 0.022979215 0.046685692 0.120790929 0.991313279
1439803921.638077 0.238049954 -0.240539506 1.538548112 0.024369393 0.045825113 0.120799765 0.991319120
1439803921.700578 0.239064842 -0.240827233 1.556502581 0.026688891 0.044687714 0.122027382 0.991160929
1439803921.763077 0.240101963 -0.241250932 1.572825074 0.028520225 0.043539520 0.123740807 0.990948617
1439803921.825579 0.240691334 -0.241790622 1.589383721 0.031186057 0.042693030 0.124092929 0.990861058
1439803921.888083 0.241308540 -0.242583573 1.605576038 0.034239054 0.041933414 0.125477061 0.990618408
1439803921.950582 0.241878241 -0.243590951 1.620821834 0.038007777 0.040886249 0.125479341 0.990524411
1439803922.013082 0.242340982 -0.244529665 1.636210442 0.040539604 0.039351970 0.127435416 0.990236402
1439803922.075584 0.242619157 -0.245574892 1.651224852 0.043398499 0.037722178 0.129311100 0.989935458
1439803922.138086 0.242901087 -0.246687561 1.665800810 0.046294414 0.035836745 0.131556824 0.989578366
1439803922.200587 0.242956340 -0.247938842 1.679677367 0.048901901 0.034601834 0.130727217 0.989606857
1439803922.263093 0.243551224 -0.249342561 1.693216562 0.049441218 0.032269564 0.129765347 0.989785433
1439803922.325589 0.243675292 -0.250666350 1.706463575 0.049588259 0.030331628 0.128948122 0.989946127
1439803922.388090 0.243872494 -0.252360672 1.719625235 0.050054915 0.027959589 0.129349783 0.989940107
1439803922.450592 0.243748084 -0.253892392 1.732613683 0.052142397 0.025769392 0.130439997 0.989748716
1439803922.513093 0.244017541 -0.255427241 1.745013356 0.054031789 0.022848928 0.131880686 0.989528120
1439803922.575594 0.243964285 -0.256965160 1.757383943 0.056453321 0.020025091 0.133523434 0.989233792
1439803922.638096 0.243957996 -0.258597016 1.769128323 0.058993865 0.017853057 0.133538514 0.989125073
1439803922.700598 0.243929714 -0.260197699 1.780205965 0.062168896 0.015580279 0.133449852 0.988981009
1439803922.763098 0.243691161 -0.261941105 1.791233778 0.065052785 0.013419141 0.132654995 0.988934159
1439803922.825600 0.243510127 -0.263689131 1.801792860 0.067337736 0.010875248 0.132807434 0.988791943
1439803922.888099 0.243470207 -0.265779734 1.813034296 0.069467120 0.007525419 0.132900134 0.988663375
1439803922.950603 0.243657798 -0.267821312 1.824093103 0.071465723 0.003927836 0.132565558 0.988586664
1439803923.013103 0.243267447 -0.269663870 1.834359527 0.073382854 0.001613353 0.132204786 0.988501012
1439803923.075606 0.243178636 -0.271501899 1.844411850 0.074254625 -0.001574289 0.132359460 0.988415241
1439803923.138103 0.243001744 -0.273502469 1.854422092 0.075362995 -0.004143373 0.130086958 0.988625646
1439803923.200608 0.242786974 -0.275428414 1.863918424 0.076791003 -0.006332198 0.127191752 0.988880813
1439803923.263109 0.242635801 -0.277350396 1.873462081 0.077488877 -0.009531407 0.127627313 0.988744617
1439803923.325608 0.242526710 -0.279384285 1.882732153 0.079421781 -0.011776101 0.126370355 0.988728523
1439803923.388111 0.242295951 -0.281373322 1.891930103 0.081631668 -0.013616116 0.123928212 0.988833964
1439803923.450612 0.242122650 -0.283377528 1.900763392 0.083049119 -0.015875204 0.122076340 0.988912642
1439803923.513112 0.241983116 -0.285402328 1.909523487 0.084388047 -0.018667324 0.121356376 0.988839090
1439803923.575614 0.241819799 -0.287349164 1.917861104 0.085731648 -0.021151368 0.119838946 0.988858640
1439803923.638113 0.241666198 -0.289485574 1.926663756 0.087223507 -0.024354801 0.119031385 0.988751948
1439803923.700613 0.241506875 -0.291410953 1.934630752 0.089258559 -0.026601417 0.117197461 0.988731503
1439803923.763115 0.241186708 -0.293445706 1.942733169 0.089768507 -0.029362043 0.117106289 0.988618016
1439803923.825618 0.241022810 -0.295576096 1.951431155 0.090899527 -0.031514585 0.114577204 0.988744736
1439803923.888119 0.240831584 -0.297518998 1.958981037 0.091705069 -0.032652400 0.111796439 0.988951743
1439803923.950619 0.240616560 -0.299704581 1.967127919 0.092630260 -0.034075554 0.109348170 0.989091218
1439803924.013123 0.240503520 -0.301603973 1.974279404 0.094164111 -0.034546457 0.104574338 0.989446223
1439803924.075623 0.240318984 -0.303719461 1.981959462 0.095195152 -0.035463788 0.102526248 0.989529431
1439803924.138126 0.240130886 -0.305882305 1.989789009 0.095588915 -0.036757998 0.099835686 0.989719391
1439803924.200626 0.240704775 -0.307698011 1.997181058 0.095786244 -0.038695700 0.095567465 0.990047753
1439803924.263126 0.240193576 -0.309968174 2.004798651 0.096293613 -0.039180852 0.092034481 0.990314126
1439803924.325627 0.240313217 -0.312115997 2.012267590 0.096936613 -0.039962668 0.088361576 0.990554690
1439803924.388129 0.240570292 -0.314452350 2.019182682 0.097486846 -0.040382009 0.083042234 0.990943789
1439803924.450630 0.240605667 -0.316665262 2.026872158 0.098974958 -0.040935449 0.078998268 0.991104186
1439803924.513131 0.240539968 -0.318738163 2.034005880 0.101466484 -0.041012619 0.074816279 0.991173565
1439803924.575633 0.240671352 -0.321021765 2.041354895 0.104897097 -0.041078959 0.069322862 0.991213143
1439803924.638134 0.240623087 -0.323224902 2.048249722 0.107388817 -0.040667977 0.064697839 0.991275907
1439803924.700634 0.240628466 -0.325668216 2.055804968 0.109495863 -0.041019458 0.061389823 0.991241336
1439803924.763135 0.240628362 -0.327963293 2.062838078 0.111752383 -0.041212328 0.058190934 0.991174459
1439803924.825636 0.240752682 -0.330418706 2.069925308 0.113728978 -0.041542761 0.055194702 0.991107225
1439803924.888136 0.240711272 -0.332801282 2.076935530 0.114803083 -0.041536085 0.050845698 0.991216302
1439803924.950638 0.240744248 -0.335300386 2.084023476 0.114764228 -0.041411933 0.045153014 0.991501629
1439803925.013138 0.240810663 -0.337734520 2.090709448 0.114871763 -0.041321065 0.039404739 0.991738021
1439803925.075640 0.240832418 -0.340386778 2.097852707 0.116374515 -0.041367866 0.033972744 0.991761804
1439803925.138142 0.240822181 -0.342874199 2.104320526 0.117791787 -0.041393660 0.028973795 0.991752028
1439803925.200644 0.240787894 -0.345589846 2.111286163 0.119426072 -0.041613307 0.023319265 0.991696537
1439803925.263144 0.240624547 -0.348132253 2.117847919 0.120483018 -0.041123588 0.016531745 0.991725445
1439803925.325646 0.240553290 -0.350826204 2.124492168 0.121217318 -0.040844124 0.011206923 0.991721988
1439803925.388148 0.240591884 -0.353729367 2.131368160 0.121838138 -0.040826689 0.005898206 0.991692424
1439803925.450647 0.240348324 -0.356665343 2.138170242 0.122308314 -0.040413037 0.000242714 0.991668999
1439803925.513148 0.240228653 -0.359494150 2.144749403 0.122668400 -0.040187612 -0.006076097 0.991615057
1439803925.575650 0.240105182 -0.362427592 2.151319265 0.123651199 -0.039669454 -0.011663108 0.991463900
1439803925.638153 0.239875764 -0.365472078 2.158036470 0.125436693 -0.038667388 -0.018713696 0.991171181
1439803925.700653 0.239560857 -0.368845224 2.164777279 0.126830801 -0.037959550 -0.025664190 0.990865469
1439803925.763154 0.239108965 -0.371949852 2.171471119 0.128835022 -0.036468286 -0.033616278 0.990424931
1439803925.825654 0.239247262 -0.375320256 2.177496910 0.129931122 -0.035260595 -0.043416079 0.989944279
1439803925.888156 0.238897324 -0.378662467 2.183955908 0.130845919 -0.033741634 -0.051650967 0.989481151
1439803925.950656 0.238739192 -0.382063001 2.190510750 0.131341472 -0.032846138 -0.059018455 0.989033580
1439803926.013158 0.238304257 -0.385872722 2.197432756 0.132068828 -0.031445604 -0.067708276 0.988425314
1439803926.075661 0.237963900 -0.389092326 2.203900814 0.132212773 -0.030578950 -0.073347107 0.988030791
1439803926.138159 0.237383395 -0.392873138 2.210671425 0.132711440 -0.028608432 -0.082299098 0.987317622
1439803926.200661 0.237062022 -0.396194607 2.216923475 0.132996187 -0.026691912 -0.090098068 0.986651838
1439803926.263162 0.236389711 -0.400006443 2.223525763 0.134432286 -0.023678944 -0.102031402 0.985371411
1439803926.325669 0.235950783 -0.403425574 2.229934216 0.134574711 -0.021599289 -0.112049393 0.984310925
1439803926.388167 0.235119075 -0.407458484 2.236676455 0.135323167 -0.018710541 -0.124098770 0.982820988
1439803926.450667 0.234785795 -0.410668433 2.242875099 0.136554614 -0.016725397 -0.132863134 0.981539845
1439803926.513168 0.233976737 -0.414352059 2.249412060 0.137861520 -0.014246350 -0.142247185 0.980080068
1439803926.575669 0.232753426 -0.418364525 2.255997896 0.138861015 -0.011318729 -0.151485860 0.978591621
1439803926.638171 0.231727540 -0.422423393 2.262385607 0.139289767 -0.008164112 -0.161639720 0.976936221
1439803926.700673 0.231034756 -0.426304817 2.268447876 0.140721321 -0.004779186 -0.173621520 0.974694967
1439803926.763174 0.230468974 -0.430184543 2.274223804 0.143076047 -0.001402684 -0.186486751 0.971982479
1439803926.825675 0.229436517 -0.434320897 2.280327559 0.145439103 0.001949544 -0.198443741 0.969259381
1439803926.888177 0.228800535 -0.438359350 2.285984039 0.147762984 0.005578266 -0.212720722 0.965859652
1439803926.950678 0.227908015 -0.442402303 2.291749001 0.149740592 0.009737086 -0.227435082 0.962162256
1439803927.013183 0.227141321 -0.446480632 2.297220707 0.152107641 0.014114196 -0.243564397 0.957778931
1439803927.075686 0.226359099 -0.450576931 2.302614212 0.153857574 0.018703951 -0.260316819 0.953002155
1439803927.138182 0.224525020 -0.454917490 2.308473349 0.154319018 0.024895035 -0.276306391 0.948272467
1439803927.200684 0.222558737 -0.459064841 2.314757824 0.154644892 0.030755760 -0.289850533 0.943994582
1439803927.263185 0.220680654 -0.463151693 2.320869684 0.156215280 0.036335930 -0.304868191 0.938792765
1439803927.325686 0.218992934 -0.467586398 2.326334476 0.157530606 0.042330191 -0.323079437 0.932208121
1439803927.388188 0.217125461 -0.471774369 2.332065344 0.159472153 0.048331425 -0.340612441 0.925319314
1439803927.450689 0.214870423 -0.475915790 2.337872267 0.161294147 0.054978155 -0.357687086 0.918162048
1439803927.513190 0.212084919 -0.479888380 2.343706608 0.162389636 0.061789338 -0.372112662 0.911780596
1439803927.575694 0.209317967 -0.483603090 2.349294662 0.163425937 0.067935713 -0.385140389 0.905728221
1439803927.638193 0.206589922 -0.487170875 2.355037689 0.164251238 0.073897816 -0.397652298 0.899685144
1439803927.700694 0.203647092 -0.490561903 2.360421419 0.165388614 0.081232205 -0.409839034 0.893353164
1439803927.763195 0.200830504 -0.493903130 2.366104841 0.167794257 0.088792302 -0.423860848 0.885608792
1439803927.825697 0.197766513 -0.497449577 2.371935606 0.169221655 0.095861480 -0.438086152 0.877641737
1439803927.888198 0.194925591 -0.500667274 2.377327204 0.170818493 0.103402190 -0.451403707 0.869691730
1439803927.950699 0.191703200 -0.503765881 2.383339405 0.171789929 0.110903680 -0.462749332 0.862584293
1439803928.013201 0.188351005 -0.506789446 2.389600754 0.172918901 0.119143248 -0.474712789 0.854723155
1439803928.075703 0.185257822 -0.509665906 2.395431995 0.173542008 0.126816168 -0.486195773 0.847003222
1439803928.138204 0.182190120 -0.512323380 2.401147366 0.175250053 0.134696811 -0.497843802 0.838627338
1439803928.200705 0.179085419 -0.515009165 2.406801939 0.177860528 0.142982319 -0.510806024 0.828854024
1439803928.263206 0.175662667 -0.517786860 2.413069487 0.179608345 0.151094332 -0.522438824 0.819737136
1439803928.325708 0.173037171 -0.519587696 2.418934345 0.182539582 0.158601210 -0.528946161 0.813474596
1439803928.388209 0.170932889 -0.521582544 2.424734116 0.185492262 0.164406836 -0.535841167 0.807116628
1439803928.450710 0.169134021 -0.524249136 2.430795670 0.188512951 0.169378355 -0.546516418 0.798181474
1439803928.513212 0.166877598 -0.526363373 2.437026501 0.192174479 0.176142618 -0.554582119 0.790241361
1439803928.575713 0.164033324 -0.528985798 2.443323374 0.194991797 0.183704659 -0.567049325 0.778900385
1439803928.638215 0.161178231 -0.531473458 2.449789286 0.198210880 0.191405714 -0.579568386 0.766926825
1439803928.700718 0.158238769 -0.533929765 2.456267834 0.202233434 0.199074820 -0.592639089 0.753823459
1439803928.763217 0.154925033 -0.536022961 2.463368177 0.207113191 0.208418250 -0.606559277 0.738750160
1439803928.825719 0.151509359 -0.538090348 2.470616102 0.213060945 0.217775255 -0.622702599 0.720708311
1439803928.888220 0.148317695 -0.540014505 2.478580952 0.220896184 0.226942614 -0.638794243 0.701173127
1439803928.950722 0.144908607 -0.543122768 2.481306314 0.227035046 0.234795496 -0.645415187 0.690482020
1439803929.013223 0.144991085 -0.542449236 2.481002092 0.227587953 0.235804334 -0.645972133 0.689434588
