1439803870.137126 -0.000036353 -0.002492101 0.038121201 0.007514247 0.000144691 0.002062045 0.999969661
1439803870.199626 -0.000122876 -0.003658361 0.057480793 0.008537853 0.000904892 0.001600411 0.999961853
1439803870.262126 -0.000195402 -0.004918058 0.076868668 0.007698912 0.001842039 0.002245223 0.999966145
1439803870.324631 -0.000276319 -0.006072965 0.096420534 0.005560401 0.002335135 0.001685266 0.999980390
1439803870.387128 -0.000417973 -0.007255915 0.115920730 0.002893427 0.002609823 0.000525879 0.999992251
1439803870.449628 -0.000635074 -0.008310625 0.135492072 0.001293371 0.003129589 -0.000474973 0.999994159
1439803870.512131 -0.000802262 -0.009538115 0.155048102 0.000612448 0.003747058 0.001027380 0.999992251
1439803870.574632 0.000082355 -0.010820597 0.174128875 0.000761932 0.003821685 0.003384558 0.999986649
1439803870.637134 0.001178814 -0.012147207 0.193813771 0.001581053 0.004629463 0.003909760 0.999980390
1439803870.699634 0.000555162 -0.013786979 0.213032484 0.002730137 0.005104913 0.004851313 0.999971449
1439803870.762138 0.001170555 -0.015207155 0.232029691 0.003036732 0.005726154 0.005094479 0.999966025
1439803870.824637 0.001536238 -0.016351102 0.251371175 0.003321575 0.006347454 0.004433844 0.999964476
1439803870.887139 0.001443389 -0.017419873 0.270497561 0.003141186 0.006883867 0.003450759 0.999965429
1439803870.949641 0.001802112 -0.018622270 0.290899634 0.002715571 0.007317793 0.002308595 0.999966860
1439803871.012141 0.001944792 -0.019578772 0.310307145 0.002122654 0.007808966 0.001675269 0.999965847
1439803871.074643 0.002426363 -0.020783011 0.329938054 0.001582111 0.007950041 0.001894666 0.999965370
1439803871.137144 0.002848260 -0.021909051 0.348990977 0.001196150 0.008382704 0.002541370 0.999960899
1439803871.199646 0.003208567 -0.023268368 0.368946046 0.001086940 0.008907840 0.002291610 0.999957085
1439803871.262146 0.003043603 -0.023802739 0.388206273 0.001958761 0.009253208 0.001336064 0.999954343
1439803871.324651 0.003361044 -0.024807474 0.407861888 0.001686396 0.010334685 -0.000259711 0.999945104
1439803871.387151 0.003710995 -0.026130527 0.427096426 0.002435517 0.010709515 -0.001044255 0.999939144
1439803871.449651 0.003800185 -0.027489856 0.446650743 0.003021141 0.011186615 -0.002019890 0.999930799
1439803871.512152 0.004313232 -0.028847696 0.465711206 0.003288235 0.011484442 -0.002442504 0.999925673
1439803871.574654 0.004864241 -0.030211799 0.484972358 0.003394823 0.011874285 -0.001534481 0.999922574
1439803871.637160 0.005422988 -0.031059727 0.504468977 0.003897707 0.012116747 -0.000761579 0.999918699
1439803871.699660 0.005899460 -0.032314822 0.523928821 0.003381619 0.012666810 -0.000614515 0.999913871
1439803871.762158 0.005863123 -0.034113221 0.543492198 0.001161595 0.013160444 -0.001025043 0.999912202
1439803871.824661 0.007314921 -0.034645353 0.563097060 0.000676564 0.013993054 -0.002693326 0.999898255
1439803871.887164 0.007947707 -0.035915341 0.583059251 -0.000202354 0.014988312 -0.003451542 0.999881685
1439803871.949663 0.009936347 -0.036985897 0.602557898 -0.000662516 0.015366048 -0.004852431 0.999869943
1439803872.012163 0.008765167 -0.037564658 0.621191382 -0.000545804 0.017025394 -0.005193325 0.999841392
1439803872.074667 0.009750692 -0.038898818 0.640119493 -0.000526699 0.017877888 -0.004676168 0.999829113
1439803872.137168 0.010792937 -0.039305091 0.660169661 0.000256450 0.018758845 -0.003918021 0.999816298
1439803872.199668 0.011604583 -0.040386744 0.679498732 -0.000090618 0.019762788 -0.004006794 0.999796629
1439803872.262172 0.012362881 -0.041534740 0.698865473 -0.000091809 0.020927655 -0.004040795 0.999772787
1439803872.324671 0.013254944 -0.042744808 0.718207181 0.000579861 0.022100762 -0.003438910 0.999749660
1439803872.387174 0.014136162 -0.043950837 0.737860143 0.001885496 0.022991601 -0.002678122 0.999730289
1439803872.449673 0.015162038 -0.044496667 0.756579399 0.003520554 0.023531634 -0.002224741 0.999714434
1439803872.512176 0.015985647 -0.045896504 0.775652230 0.004070285 0.024444461 -0.003030635 0.999688327
1439803872.574676 0.016909601 -0.047271553 0.795135438 0.003875972 0.025349010 -0.003142396 0.999666214
1439803872.637177 0.017785134 -0.048386447 0.814371645 0.002609496 0.025981069 -0.004686976 0.999648035
1439803872.699679 0.018738883 -0.049369063 0.833591521 0.001742780 0.026747523 -0.005063550 0.999627829
1439803872.762181 0.020091480 -0.050701536 0.852602959 0.001113689 0.027299397 -0.003996447 0.999618709
1439803872.824681 0.021132896 -0.051991802 0.871598780 0.001407241 0.028279196 -0.003257957 0.999593794
1439803872.887189 0.022395492 -0.053117383 0.890485883 0.001750304 0.029232161 -0.002687693 0.999567509
1439803872.949684 0.023538247 -0.054284047 0.909728408 0.001946842 0.030430803 -0.004014306 0.999526918
1439803873.012186 0.024422232 -0.055481542 0.928991616 0.001590273 0.031865634 -0.004950476 0.999478638
1439803873.074687 0.025451802 -0.056485582 0.948258877 0.001394470 0.033070076 -0.004902526 0.999440014
1439803873.137189 0.026856501 -0.057617322 0.967125416 0.000505856 0.034063205 -0.005550120 0.999404132
1439803873.199693 0.028111517 -0.058527928 0.986308753 -0.002259107 0.035103153 -0.006964926 0.999356866
1439803873.262193 0.029657621 -0.059633762 1.005237103 -0.003624263 0.036529049 -0.008159291 0.999292731
1439803873.324693 0.031024054 -0.060562551 1.024501562 -0.003819677 0.038680818 -0.007111711 0.999219000
1439803873.387194 0.033029709 -0.061859246 1.043382287 -0.003454092 0.040496279 -0.004283202 0.999164522
1439803873.449695 0.034514505 -0.062944934 1.062290668 -0.002427789 0.042696342 -0.005131213 0.999071956
1439803873.512198 0.036348592 -0.063999787 1.081162572 -0.000158764 0.044936907 -0.004918254 0.998977721
1439803873.574698 0.038284473 -0.065135464 1.099803567 0.001432541 0.047369722 -0.003723465 0.998869479
1439803873.637203 0.040298663 -0.066366598 1.118390918 0.003064463 0.049491163 -0.003402818 0.998764038
1439803873.699703 0.042395331 -0.067663483 1.137088776 0.003999461 0.051301599 -0.005040918 0.998662472
1439803873.762205 0.044397034 -0.068935856 1.155559182 0.004636622 0.053397827 -0.006157133 0.998543561
1439803873.824706 0.046985455 -0.070216663 1.174355865 0.005192691 0.055336516 -0.006331897 0.998434186
1439803873.887205 0.049257390 -0.071175873 1.192781329 0.005547366 0.057067599 -0.005909320 0.998337388
1439803873.949710 0.051888950 -0.072494775 1.211194754 0.005191501 0.058590345 -0.004004368 0.998260558
1439803874.012208 0.054266840 -0.073832601 1.229619503 0.004533040 0.060695134 -0.003547736 0.998139739
1439803874.074709 0.056807593 -0.074954435 1.248273134 0.003593185 0.062873639 -0.002606012 0.998011589
1439803874.137214 0.059473917 -0.076258697 1.266137242 0.002782213 0.064978950 -0.001989972 0.997880757
1439803874.199714 0.062005930 -0.077281676 1.284730196 0.002312957 0.067190759 -0.001375049 0.997736514
1439803874.262216 0.064734228 -0.078510895 1.302678466 0.000675208 0.069023788 -0.000160649 0.997614801
1439803874.324716 0.067438394 -0.079461940 1.321734548 0.000054248 0.071102545 0.000612948 0.997468829
1439803874.387217 0.070360228 -0.080494687 1.340035677 -0.000137961 0.073379181 0.000921896 0.997303665
1439803874.449718 0.073581591 -0.081558153 1.358345270 0.000044637 0.075780764 0.003108422 0.997119665
1439803874.512223 0.076859772 -0.082697496 1.376064301 -0.000401530 0.077992506 0.006120310 0.996935070
1439803874.574723 0.079835251 -0.083713233 1.394541264 0.000554247 0.080297038 0.007236000 0.996744573
1439803874.637223 0.083063900 -0.084497213 1.413259506 0.000376010 0.082971327 0.006585267 0.996530056
1439803874.699727 0.085953534 -0.085640289 1.431798100 -0.000155870 0.085722961 0.003395790 0.996313214
1439803874.824728 0.091893405 -0.087423101 1.467872500 -0.001513018 0.090048350 -0.002318855 0.995933533
1439803874.887227 0.095758393 -0.088411495 1.486122012 -0.001577193 0.091699086 -0.000487831 0.995785415
1439803874.949728 0.098904654 -0.089444235 1.504460812 -0.001701361 0.093703322 0.002965049 0.995594323
1439803875.012229 0.102887154 -0.090439364 1.522276402 -0.001701643 0.095375590 0.004239546 0.995430887
1439803875.137235 0.110038832 -0.092726275 1.557774782 0.001450029 0.099795513 0.001766979 0.995005369
1439803875.199734 0.113494590 -0.093928352 1.575608611 0.003186511 0.101614408 0.000850651 0.994818389
1439803875.262232 0.117375448 -0.095161840 1.593334436 0.004120969 0.102634855 0.001386359 0.994709611
1439803875.324732 0.120928377 -0.095987223 1.611158371 0.004760860 0.103568397 0.001780246 0.994609356
1439803875.449734 0.129028231 -0.098235324 1.646437526 0.002890872 0.105179593 0.007174399 0.994423151
1439803875.512236 0.132920608 -0.099333502 1.664441824 0.001929213 0.105689153 0.009405280 0.994352877
1439803875.574734 0.136717096 -0.100525297 1.682165861 0.001474238 0.106136896 0.010042127 0.994299710
1439803875.637239 0.140392110 -0.101472571 1.699820876 0.002105263 0.106700972 0.009580132 0.994242787
1439803875.699739 0.144203797 -0.102567106 1.717151761 0.002924049 0.107259013 0.008790268 0.994187951
1439803875.824736 0.151972055 -0.104787380 1.752107024 0.005066494 0.107872993 0.008858761 0.994112313
1439803875.887237 0.155833453 -0.105920658 1.769454122 0.006429749 0.108107552 0.009314891 0.994074762
1439803875.949739 0.159944728 -0.107265115 1.786794662 0.007633607 0.108051822 0.010256406 0.994063079
1439803876.012241 0.164012507 -0.108459435 1.804393530 0.008639239 0.108010463 0.011357589 0.994047344
1439803876.074741 0.168133110 -0.109662153 1.821727276 0.008975920 0.107769959 0.012477122 0.994057000
1439803876.199743 0.175624803 -0.111953959 1.856136203 0.008083665 0.107355557 0.011616866 0.994119942
1439803876.262246 0.179430425 -0.113237791 1.873672962 0.007373621 0.107084729 0.011451276 0.994156599
1439803876.324748 0.183138222 -0.114268392 1.891193867 0.006250863 0.106825188 0.011298482 0.994193971
1439803876.387247 0.186806142 -0.115467481 1.908500075 0.005195828 0.106437616 0.011735144 0.994236529
1439803876.449749 0.190548494 -0.116633490 1.925722122 0.004776780 0.105868235 0.012510763 0.994289994
1439803876.512250 0.194343314 -0.117612332 1.943265915 0.004411537 0.105462708 0.012193407 0.994338691
1439803876.574751 0.197979659 -0.118517898 1.960562706 0.003787016 0.105315961 0.012310144 0.994355440
1439803876.637253 0.201478317 -0.119348243 1.977843881 0.002922694 0.105273262 0.011289734 0.994374931
1439803876.699754 0.204983696 -0.120291792 1.995372295 0.002304183 0.105001628 0.009663466 0.994422436
1439803876.762256 0.208178133 -0.121167481 2.012775421 0.001639092 0.104719616 0.008556507 0.994463623
1439803876.824757 0.211439565 -0.122005463 2.030202389 0.000854048 0.104393743 0.008292723 0.994501114
1439803876.887258 0.215164885 -0.122783080 2.047633886 0.000612400 0.103873447 0.008743478 0.994551897
1439803876.949759 0.218760312 -0.123652294 2.064979076 0.000667138 0.103354134 0.009234869 0.994601548
1439803877.012261 0.221987709 -0.124534354 2.082463980 -0.000507320 0.103341505 0.008946222 0.994605541
1439803877.074768 0.225812390 -0.125702411 2.100853443 -0.001243170 0.103389852 0.007852190 0.994609118
1439803877.137263 0.229529291 -0.126604348 2.118817091 0.000017277 0.103608109 0.006503415 0.994596899
1439803877.199765 0.232857302 -0.127822489 2.135585785 0.002885057 0.103760459 0.005917749 0.994580507
1439803877.262269 0.235963404 -0.129098475 2.152838945 0.006154558 0.104255743 0.004446223 0.994521558
1439803877.324768 0.239350662 -0.130230114 2.170083761 0.009300866 0.104864098 0.002680155 0.994439483
1439803877.387269 0.243674010 -0.131345272 2.187673569 0.012283720 0.105290674 0.001307710 0.994364738
1439803877.449771 0.246906236 -0.132648990 2.205193281 0.012841458 0.106209241 0.000874892 0.994260490
1439803877.512274 0.250516176 -0.133926913 2.222596884 0.011732822 0.106706113 0.001000187 0.994220853
1439803877.574773 0.254186869 -0.135105073 2.240389109 0.009574635 0.107146680 0.000392597 0.994197071
1439803877.637272 0.257972538 -0.136412010 2.257932425 0.006958821 0.107578613 0.000188744 0.994172215
1439803877.699776 0.261526972 -0.137517169 2.275721312 0.004549003 0.108210184 0.001224939 0.994116902
1439803877.762274 0.265594244 -0.138665259 2.293090105 0.002936843 0.108659662 0.001376314 0.994073749
1439803877.824774 0.269093156 -0.139615476 2.310579777 0.002463756 0.109332830 0.000636194 0.994001925
1439803877.887278 0.273099303 -0.140802711 2.328137875 0.002645402 0.109717444 0.000203773 0.993959308
1439803877.949776 0.276871920 -0.141934663 2.345562220 0.003248215 0.110226445 0.000268143 0.993901134
1439803878.012276 0.280568302 -0.142888904 2.362944126 0.004315594 0.110768706 0.000222100 0.993836820
1439803878.074778 0.284202844 -0.144031182 2.380269051 0.005226349 0.111140773 -0.000309339 0.993790865
1439803878.137278 0.288040191 -0.145156637 2.397695541 0.005378297 0.111513935 -0.000818187 0.993747950
1439803878.199778 0.291910768 -0.146289766 2.415261984 0.005124012 0.111874685 -0.001052979 0.993708551
1439803878.262279 0.295639306 -0.147410914 2.432636261 0.004972245 0.112141177 -0.001153604 0.993679166
1439803878.324781 0.299522549 -0.148319975 2.450197697 0.004850554 0.112312831 -0.000980929 0.993660569
1439803878.387279 0.303403646 -0.149506107 2.467770815 0.004000984 0.112789102 -0.001089677 0.993610263
1439803878.449780 0.307268858 -0.150660709 2.485374928 0.002689004 0.113425165 -0.000357123 0.993542850
1439803878.574781 0.315445125 -0.152549386 2.520380974 0.001640506 0.114354022 0.001524504 0.993437529
1439803878.637281 0.319113910 -0.153649196 2.537907839 0.001225828 0.115136400 -0.001337495 0.993348002
1439803878.699786 0.322917163 -0.155041173 2.555103302 0.002053710 0.115860358 -0.003657569 0.993256688
1439803878.762283 0.326793671 -0.156262994 2.572316408 0.004099856 0.116415694 -0.004416211 0.993182302
1439803878.824784 0.331077278 -0.157916412 2.589060307 0.006014419 0.116508380 -0.005164305 0.993158042
1439803878.887287 0.334319949 -0.159019843 2.606432199 0.007146639 0.117186420 -0.004105837 0.993075728
1439803878.949784 0.338693291 -0.160204172 2.623872042 0.007317732 0.117519282 -0.003016503 0.993039072
1439803879.012288 0.339788407 -0.159087583 2.642262459 0.007861138 0.120428599 -0.002293537 0.992688239
1439803879.074787 0.345534027 -0.161147624 2.659130335 0.005544467 0.120342441 -0.002383772 0.992714107
1439803879.137287 0.349890262 -0.162689865 2.675529480 0.003738491 0.120532915 -0.002218915 0.992699802
1439803879.199786 0.354573786 -0.163378447 2.693151236 0.004071644 0.120684154 -0.001285432 0.992681801
1439803879.262288 0.359824270 -0.165174916 2.709266663 0.004100470 0.120225735 -0.000709430 0.992737830
1439803879.324790 0.364252061 -0.166134879 2.726341486 0.005385126 0.120232932 -0.000180566 0.992731094
1439803879.387291 0.367534965 -0.167119503 2.743192434 0.006317166 0.120634899 0.000242185 0.992676795
1439803879.449793 0.371699512 -0.168224692 2.759139061 0.005991057 0.120595537 -0.000263897 0.992683589
1439803879.512292 0.375632912 -0.169465631 2.775924206 0.005813428 0.120708391 -0.000097107 0.992670953
1439803879.574793 0.379984617 -0.170554891 2.792477131 0.005493584 0.120358445 0.000236642 0.992715240
1439803879.637295 0.383846700 -0.171609178 2.809213400 0.005075937 0.120437652 0.000835064 0.992707551
1439803879.699801 0.387903988 -0.172757685 2.825580835 0.004498173 0.120522752 0.001276589 0.992699564
1439803879.762301 0.391977042 -0.173784435 2.842120409 0.003823492 0.120560378 0.001561022 0.992697418
1439803879.824804 0.395800620 -0.174333915 2.858679771 0.003561577 0.120878749 0.000622105 0.992660701
1439803879.887304 0.399618775 -0.175770700 2.875249624 0.003341919 0.120967761 0.000127103 0.992650807
1439803879.949802 0.403189570 -0.176755577 2.891719818 0.003465101 0.121254727 -0.000177464 0.992615342
1439803880.012303 0.407374978 -0.177901119 2.908129215 0.003518069 0.121057488 -0.000045730 0.992639244
1439803880.074804 0.411056161 -0.178912565 2.924782991 0.003803920 0.121090792 -0.000629481 0.992633939
1439803880.137303 0.414761692 -0.179820940 2.940290928 0.004864317 0.121052511 -0.000489334 0.992634058
1439803880.199806 0.419126719 -0.181042865 2.956497908 0.005714510 0.121201120 -0.000568595 0.992611349
1439803880.262306 0.423387676 -0.182056442 2.972500801 0.006632962 0.121281579 0.000624840 0.992595792
1439803880.324807 0.427392691 -0.183078542 2.988986492 0.007004810 0.121653773 0.000953072 0.992547452
1439803880.387310 0.430890739 -0.183958441 3.004891157 0.007023800 0.121913798 0.000334579 0.992515802
1439803880.449812 0.434682459 -0.185423955 3.021377325 0.006465079 0.122315884 -0.000163526 0.992470145
1439803880.512315 0.438515931 -0.186400324 3.037530184 0.005904723 0.122754566 -0.000673220 0.992419243
1439803880.574812 0.442340821 -0.187507913 3.053999662 0.005425434 0.123447955 -0.001251983 0.992335439
1439803880.637314 0.446463019 -0.188723534 3.070347786 0.005315379 0.123789027 -0.001004625 0.992293835
1439803880.699815 0.450511009 -0.190010086 3.086633205 0.004916628 0.124383487 -0.001374471 0.992221057
1439803880.762319 0.454769164 -0.190968081 3.102972031 0.005024653 0.125181794 -0.001032031 0.992120564
1439803880.824820 0.459229529 -0.192148104 3.119508982 0.005095610 0.126191586 -0.000849600 0.991992414
1439803880.887319 0.462797225 -0.192751855 3.135829210 0.005430991 0.127345294 -0.001169737 0.991842866
1439803880.949824 0.467070460 -0.193916529 3.152350664 0.005341909 0.128494188 -0.000678690 0.991695642
1439803881.012324 0.471438706 -0.195001289 3.168907166 0.004696507 0.129517749 -0.000224744 0.991565943
1439803881.074826 0.475787610 -0.196004987 3.185240984 0.004643155 0.130441979 0.000100942 0.991445065
1439803881.137328 0.480091661 -0.197149217 3.201774836 0.005197951 0.131330550 0.000774619 0.991324723
1439803881.199827 0.484577835 -0.198191121 3.218273878 0.006082196 0.132234648 0.000844814 0.991199434
1439803881.262328 0.488921553 -0.199417502 3.235052347 0.006948272 0.133395359 0.001018982 0.991038024
1439803881.324828 0.493726671 -0.200529188 3.251262903 0.007484785 0.134375840 0.001617740 0.990900815
1439803881.387329 0.498170316 -0.201311588 3.267844439 0.008597730 0.135671496 0.001804773 0.990714908
1439803881.449830 0.502893209 -0.202316985 3.284509420 0.008657407 0.136950567 0.002039521 0.990537941
1439803881.512331 0.507610559 -0.203684330 3.300884724 0.008530358 0.138469726 0.003172272 0.990324855
1439803881.574833 0.512599707 -0.205359489 3.318259954 0.008597010 0.140025407 0.003938555 0.990102768
1439803881.637337 0.519078195 -0.205877930 3.337201595 0.008521891 0.140715003 0.003724691 0.990006506
1439803881.699836 0.522932470 -0.207223937 3.352131128 0.008861370 0.142180249 0.004287641 0.989791811
1439803881.762337 0.527135074 -0.209144726 3.369817495 0.007720972 0.143832430 0.003679245 0.989565134
1439803881.824839 0.532481074 -0.209700972 3.387336731 0.006063747 0.144978791 0.001353756 0.989415228
1439803881.887340 0.536674857 -0.211489782 3.403995991 0.003813685 0.146208882 0.000182759 0.989246368
1439803881.949844 0.541418791 -0.212895200 3.420739651 0.002743424 0.147219345 0.000883132 0.989099681
1439803882.012343 0.546046257 -0.213738158 3.437567234 0.002551958 0.148172349 0.001917736 0.988956392
1439803882.074844 0.549129426 -0.215575412 3.453271866 0.003053727 0.149054736 0.003017814 0.988819659
1439803882.137347 0.554876566 -0.217372566 3.470891953 0.004996143 0.149439931 0.004910275 0.988745987
1439803882.199851 0.562558413 -0.215968847 3.489784479 0.007779582 0.149894789 0.004135028 0.988662660
1439803882.262348 0.569353700 -0.217295602 3.505969048 0.008693189 0.149534076 0.005389175 0.988703668
1439803882.324850 0.571424484 -0.218559965 3.523747444 0.008472936 0.150889426 0.006440157 0.988493323
1439803882.387352 0.575880766 -0.219814867 3.541414022 0.007260526 0.151336342 0.006452322 0.988434553
1439803882.449853 0.579906225 -0.221532941 3.558189869 0.005819294 0.151594549 0.007268840 0.988398850
1439803882.512354 0.587368608 -0.221299604 3.577077150 0.005309498 0.150966048 0.007406150 0.988496959
1439803882.574856 0.593213022 -0.222571135 3.594622135 0.005033484 0.150061667 0.009043626 0.988622487
1439803882.637357 0.596749842 -0.223119602 3.611503363 0.005577803 0.149664804 0.010825834 0.988661766
1439803882.699861 0.601735473 -0.225125089 3.628749371 0.006270830 0.148762032 0.012105343 0.988779008
1439803882.762363 0.606648445 -0.225820869 3.647228003 0.007580129 0.148083583 0.012038242 0.988872468
1439803882.824861 0.612351000 -0.227365002 3.664746284 0.008395310 0.146957636 0.012339338 0.989030182
1439803882.887363 0.616528034 -0.227642819 3.682843447 0.008893482 0.146539077 0.011348485 0.989099801
1439803882.949865 0.623383224 -0.229060262 3.701186180 0.009208507 0.144996166 0.011645745 0.989320815
1439803883.012368 0.629074931 -0.230339527 3.720029116 0.009863693 0.144035488 0.012480635 0.989444673
1439803883.074867 0.634228468 -0.232264370 3.737648249 0.010098272 0.142983705 0.013399360 0.989582837
1439803883.137368 0.638315320 -0.233732358 3.756118536 0.010016558 0.142513454 0.013108288 0.989655375
1439803883.199870 0.643224835 -0.234121636 3.773097992 0.009722324 0.141290337 0.012291825 0.989844143
1439803883.262372 0.647265434 -0.235343263 3.791095734 0.009204770 0.140584677 0.012176909 0.989950955
1439803883.324874 0.653329015 -0.236356348 3.809571743 0.008242532 0.139177695 0.012154421 0.990158498
1439803883.387374 0.657935619 -0.237565055 3.828546762 0.006812838 0.138249427 0.012263658 0.990298092
1439803883.449878 0.663289309 -0.238733470 3.846358776 0.005171701 0.136903599 0.011442065 0.990504801
1439803883.512377 0.667936325 -0.239963785 3.864430189 0.004383659 0.135924220 0.011337278 0.990644693
1439803883.574878 0.672835231 -0.241224691 3.883139849 0.004223095 0.135012940 0.010633769 0.990777791
1439803883.637383 0.678095818 -0.242597416 3.901580811 0.004887408 0.133856237 0.010807998 0.990929782
1439803883.699881 0.682333708 -0.243842125 3.919554472 0.005632574 0.132989809 0.010940504 0.991041005
1439803883.762383 0.687626839 -0.245185196 3.937981606 0.005967231 0.131623209 0.010545492 0.991225779
1439803883.824883 0.691895366 -0.245846212 3.956586838 0.006190130 0.130650118 0.010199612 0.991356730
1439803883.887385 0.696555078 -0.247241512 3.974779129 0.005685769 0.129248947 0.009616597 0.991549253
1439803883.949886 0.700677991 -0.248186037 3.993464231 0.005737442 0.128283963 0.010173403 0.991668701
1439803884.012388 0.705994129 -0.249837711 4.012050152 0.005613764 0.126852915 0.010097697 0.991854250
1439803884.074888 0.709990263 -0.250882506 4.030725002 0.005645139 0.125749260 0.008531519 0.992009282
1439803884.137388 0.713871241 -0.252246112 4.049353123 0.005492145 0.124743819 0.007727941 0.992143691
1439803884.199893 0.718994021 -0.253547639 4.067765713 0.005580063 0.123378217 0.008365403 0.992308795
1439803884.262393 0.723348737 -0.254623652 4.085878849 0.005340821 0.121978842 0.009446922 0.992473364
1439803884.324890 0.727181435 -0.256134421 4.104633331 0.004472720 0.120977946 0.009550061 0.992599189
1439803884.387391 0.732354939 -0.256925225 4.123761654 0.003167180 0.119825356 0.009563976 0.992743850
1439803884.449892 0.736117125 -0.257838935 4.142709732 0.000699905 0.119199581 0.009184224 0.992827594
1439803884.512391 0.740817070 -0.259056717 4.161347389 -0.001640454 0.118307278 0.011001999 0.992914736
1439803884.574893 0.745115697 -0.259902745 4.179965973 -0.003149760 0.117476493 0.013008210 0.992985487
1439803884.637393 0.749704838 -0.261240780 4.198581696 -0.003240431 0.116731033 0.013539671 0.993065953
1439803884.699893 0.753815711 -0.262112737 4.217038155 -0.000870000 0.116065793 0.013592080 0.993148148
1439803884.762396 0.758105040 -0.263365775 4.235587120 0.002618608 0.115596548 0.012897834 0.993209064
1439803884.824897 0.762010574 -0.264604837 4.253819466 0.006423699 0.115183659 0.012875568 0.993239999
1439803884.887397 0.766328692 -0.265797168 4.272411346 0.010001628 0.114575550 0.010791173 0.993305564
1439803884.949900 0.770042896 -0.266969085 4.290868282 0.011670412 0.114306509 0.007878501 0.993345737
1439803885.012402 0.774449885 -0.268568486 4.309861660 0.011289602 0.113999099 0.005933844 0.993398964
1439803885.074905 0.778314650 -0.269875586 4.328766823 0.011081881 0.114095442 0.004988818 0.993395448
1439803885.137403 0.782753885 -0.271441996 4.347369194 0.009832863 0.113644361 0.004428759 0.993462980
1439803885.199905 0.786907852 -0.272901058 4.366215229 0.007526036 0.113602921 0.003414639 0.993491828
1439803885.262406 0.790977240 -0.274146110 4.385135174 0.004722155 0.113925107 0.002303583 0.993475437
1439803885.324921 0.795021296 -0.275145829 4.404129505 0.002669119 0.114400811 0.001059010 0.993430555
1439803885.387407 0.799258471 -0.276269436 4.422891140 0.000495886 0.114738293 0.000356996 0.993395567
1439803885.449908 0.803477407 -0.277449012 4.441611290 -0.000649868 0.114991799 -0.000470815 0.993366122
1439803885.512409 0.807941675 -0.278762698 4.460249901 -0.000891240 0.115315646 -0.001875245 0.993326724
1439803885.574914 0.812263966 -0.279792964 4.478940964 0.000424639 0.115759037 -0.002756709 0.993273377
1439803885.637412 0.816503167 -0.280989289 4.497509956 0.002091933 0.116282009 -0.003882984 0.993206441
1439803885.699913 0.820783913 -0.282124460 4.516186714 0.004015136 0.116914272 -0.004466618 0.993123829
1439803885.762415 0.825323701 -0.283300638 4.534513474 0.005305826 0.117436178 -0.004185854 0.993057430
1439803885.824915 0.829699278 -0.284507245 4.553365231 0.005721660 0.118343316 -0.004525700 0.992945910
1439803885.887417 0.833926320 -0.285612434 4.571846008 0.005295265 0.119165123 -0.005616495 0.992844403
1439803885.949918 0.838532329 -0.286987484 4.590858459 0.003685817 0.119873464 -0.007575603 0.992753446
1439803886.012423 0.842957437 -0.288189083 4.609873772 0.002116489 0.120532021 -0.009234200 0.992664218
1439803886.074930 0.847380280 -0.289247215 4.628958225 0.000962271 0.121325888 -0.009699687 0.992564857
1439803886.137424 0.852117181 -0.290262401 4.648037910 -0.000432471 0.122045122 -0.010019416 0.992473900
1439803886.199925 0.856710732 -0.291329265 4.666965008 -0.001690035 0.123126641 -0.010733625 0.992331505
1439803886.262426 0.861423552 -0.292383522 4.686004639 -0.001719777 0.124567620 -0.011873740 0.992138565
1439803886.324949 0.866250753 -0.293564498 4.705039978 -0.001397646 0.126103461 -0.012847929 0.991932929
1439803886.387428 0.871002197 -0.294707954 4.724047184 -0.000683183 0.127641335 -0.013780339 0.991724432
1439803886.449931 0.875977755 -0.295952141 4.743065357 0.000232254 0.128929600 -0.014262457 0.991551161
1439803886.512431 0.880974889 -0.297052175 4.762037754 0.001273248 0.130127817 -0.014455016 0.991391003
1439803886.574932 0.886165977 -0.298240632 4.781119347 0.001955457 0.131336242 -0.014362330 0.991231918
1439803886.637433 0.891304851 -0.299509406 4.800156593 0.002631353 0.132702231 -0.014304552 0.991049230
1439803886.699935 0.896445155 -0.300797373 4.819098473 0.002779502 0.134082407 -0.014245782 0.990863860
1439803886.762435 0.901639104 -0.301904023 4.838267803 0.002730856 0.135509744 -0.013675259 0.990677893
1439803886.824936 0.906880021 -0.303048551 4.857398033 0.001778324 0.136796147 -0.013107265 0.990510881
1439803886.887438 0.912171483 -0.304098994 4.876621246 0.000392827 0.138014153 -0.012765272 0.990347922
1439803886.949936 0.917747974 -0.305282891 4.895962715 -0.000436849 0.138993755 -0.011494746 0.990226448
1439803887.012437 0.923292994 -0.306525916 4.915203094 -0.000272057 0.140028581 -0.010501359 0.990091681
1439803887.074940 0.928603470 -0.307948619 4.934322834 0.000945025 0.141182706 -0.010148428 0.989931107
1439803887.137438 0.934402049 -0.309275210 4.953286648 0.003213726 0.142071545 -0.009382545 0.989806712
1439803887.199938 0.940123737 -0.310607553 4.972489834 0.005197227 0.143066689 -0.009957129 0.989649355
1439803887.262440 0.945652485 -0.311858058 4.991504192 0.006093204 0.144069850 -0.010934201 0.989488363
1439803887.324940 0.951207995 -0.313325167 5.010691166 0.005514617 0.145135045 -0.010753535 0.989338040
1439803887.387440 0.956978261 -0.314542919 5.030031204 0.004406699 0.146140054 -0.009661016 0.989206910
1439803887.449942 0.962768972 -0.316119671 5.049388885 0.002890123 0.147039846 -0.008218662 0.989092231
1439803887.512442 0.968521297 -0.317566454 5.068822384 0.001560614 0.148063749 -0.007927990 0.988944829
1439803887.574942 0.974624991 -0.318884045 5.088021755 0.001120555 0.148963809 -0.006889160 0.988817990
1439803887.637443 0.980229616 -0.320005655 5.107147694 0.001152976 0.150017664 -0.005381891 0.988668025
1439803887.699943 0.985870421 -0.321143717 5.126313210 0.001330948 0.150873244 -0.004656379 0.988541245
1439803887.762446 0.992417097 -0.321926951 5.142493248 0.001836955 0.149248958 -0.005631194 0.988781929
1439803887.824948 0.998002231 -0.323267937 5.161302567 0.002512726 0.149871364 -0.005273133 0.988688231
1439803887.887448 1.003197908 -0.325213075 5.182806969 0.002656536 0.152463496 -0.005126534 0.988292217
1439803887.949950 1.009317875 -0.326408744 5.201734066 0.004048073 0.152535051 -0.004278357 0.988280475
1439803888.012450 1.014806032 -0.327817768 5.220085144 0.005092217 0.152804911 -0.003783955 0.988236010
1439803888.074952 1.020922065 -0.329008311 5.239108086 0.005849867 0.152987346 -0.003498467 0.988204658
1439803888.137453 1.026623249 -0.330392122 5.257707119 0.005370833 0.153347597 -0.003518302 0.988151431
1439803888.199955 1.033014297 -0.331385314 5.276697636 0.004958409 0.153481737 -0.003363942 0.988133311
1439803888.262458 1.038475275 -0.332913101 5.295107365 0.004284590 0.153778523 -0.002771323 0.988092184
1439803888.324957 1.044287443 -0.334196568 5.313612461 0.003203118 0.153778106 -0.002359439 0.988097370
1439803888.387459 1.049890876 -0.335434020 5.331570148 0.002624454 0.153824612 -0.003096709 0.988089800
1439803888.449960 1.054944515 -0.337037772 5.349328518 0.002269514 0.154229119 -0.004284482 0.988023221
1439803888.512463 1.060189009 -0.338184774 5.367523670 0.003039790 0.154770836 -0.004476156 0.987935603
1439803888.574963 1.066497803 -0.339345127 5.385997295 0.003570269 0.154920906 -0.005866189 0.987903059
1439803888.637465 1.071488857 -0.340590745 5.403515816 0.003497670 0.155618653 -0.007958798 0.987778962
1439803888.699966 1.077084899 -0.341755807 5.421377182 0.004135937 0.156280071 -0.007856622 0.987672865
1439803888.762467 1.082729936 -0.342904180 5.439181805 0.004795771 0.157381862 -0.007340439 0.987498879
1439803888.824968 1.088458538 -0.344216347 5.456754208 0.004356430 0.158234254 -0.005607998 0.987376094
1439803888.887469 1.094289303 -0.345195353 5.474418163 0.002880369 0.159144655 -0.004384061 0.987241328
1439803888.949974 1.100127935 -0.346338123 5.491881371 0.002058642 0.160130203 -0.003955815 0.987085819
1439803889.012472 1.105852842 -0.347381324 5.509416103 0.001709988 0.161247537 -0.003738311 0.986905396
1439803889.074974 1.111766338 -0.348783135 5.526856899 0.000998190 0.161894649 -0.004048006 0.986799240
1439803889.137475 1.117969155 -0.349972874 5.544240475 0.000845265 0.162269637 -0.004068770 0.986737728
1439803889.199976 1.123787880 -0.350960284 5.561288834 0.001145102 0.163094386 -0.001547946 0.986608624
1439803889.262478 1.129989386 -0.351784497 5.578612328 -0.000015715 0.163966179 0.001336361 0.986465096
1439803889.324979 1.136357784 -0.352579802 5.595960140 -0.003018533 0.164835244 0.004420456 0.986306608
1439803889.387481 1.142445326 -0.353437245 5.612962246 -0.005930260 0.166016728 0.006070823 0.986086428
1439803889.449981 1.148413420 -0.354604393 5.629915237 -0.004956809 0.167251870 0.004946945 0.985889316
1439803889.512486 1.154180288 -0.355892777 5.646557331 0.000568683 0.168569103 0.002228581 0.985687137
1439803889.574984 1.160115004 -0.357346117 5.662806034 0.008481238 0.169281125 0.000329697 0.985531271
1439803889.637486 1.165654182 -0.358869612 5.679225922 0.016166914 0.170267701 -0.000926668 0.985264778
1439803889.699987 1.171445489 -0.360111952 5.695256710 0.021967985 0.171049118 -0.000345093 0.985017478
1439803889.762489 1.177885532 -0.361277938 5.711899757 0.021788878 0.171829522 0.000827307 0.984885395
1439803889.824994 1.183982253 -0.362383604 5.728669643 0.015886577 0.173122406 0.001444084 0.984771132
1439803889.887492 1.190095663 -0.363271207 5.745764732 0.007235139 0.174836278 0.001042291 0.984570384
1439803889.949993 1.196155071 -0.364224613 5.762466431 -0.001176388 0.175940603 0.000805182 0.984399736
1439803890.012494 1.202172518 -0.365013748 5.778779507 -0.007163771 0.176647663 0.001195822 0.984247327
1439803890.074997 1.208553553 -0.365860999 5.795071125 -0.009819820 0.176874250 0.003006606 0.984179914
1439803890.137499 1.214618444 -0.366804063 5.811254978 -0.008914090 0.177175611 0.005137993 0.984125435
1439803890.199998 1.220618129 -0.367824793 5.827157974 -0.005270960 0.177329451 0.006329761 0.984117091
1439803890.262502 1.226505995 -0.368955135 5.842485905 -0.000549856 0.177062929 0.006552049 0.984177589
1439803890.325005 1.232327104 -0.369850665 5.858156681 0.004298556 0.176890165 0.004826704 0.984209359
1439803890.387502 1.237606287 -0.371082962 5.873598099 0.007880929 0.176957026 0.003087306 0.984182179
1439803890.450005 1.244199991 -0.372096717 5.890347481 0.010520434 0.176614091 0.001408791 0.984222949
1439803890.512505 1.249302387 -0.373112440 5.905709743 0.011327969 0.176309973 -0.000002882 0.984269559
1439803890.575010 1.255568743 -0.374162108 5.922001839 0.010692631 0.175600111 0.000022216 0.984403551
1439803890.637510 1.261878729 -0.375171721 5.938621044 0.008665885 0.174968168 0.001045638 0.984535396
1439803890.700009 1.267847776 -0.376343608 5.954856396 0.005993743 0.174427599 0.002316436 0.984649003
1439803890.762514 1.273428082 -0.377520919 5.970808506 0.004155066 0.174014375 0.002781447 0.984730422
1439803890.825013 1.279269099 -0.378782511 5.986955643 0.003419082 0.173647523 0.001200316 0.984801233
1439803890.887514 1.284681439 -0.379813910 6.002684593 0.003987518 0.173511550 -0.000867694 0.984823406
1439803890.950015 1.290094376 -0.381033033 6.018712997 0.005969183 0.173195913 -0.001802765 0.984867632
1439803891.012516 1.295718431 -0.382068574 6.034380913 0.008064978 0.172622770 -0.002752929 0.984951138
1439803891.075016 1.301074982 -0.383276165 6.050257206 0.009331982 0.172184125 -0.003394557 0.985014737
1439803891.137517 1.306786299 -0.384509414 6.066279411 0.008715744 0.171841368 -0.003754600 0.985078931
1439803891.200018 1.312609911 -0.385422051 6.082527637 0.007047578 0.171620905 -0.002763343 0.985133946
1439803891.262519 1.318203211 -0.386423677 6.098312855 0.004769375 0.171154574 -0.001397530 0.985231638
1439803891.325021 1.323781371 -0.387332350 6.114532948 0.002289363 0.170777455 -0.000973583 0.985306442
1439803891.387522 1.329295635 -0.388414323 6.130644321 0.000650460 0.170568869 -0.001745215 0.985343993
1439803891.450024 1.334869862 -0.389377862 6.147104740 0.000882121 0.170663401 -0.003049647 0.985324264
1439803891.512525 1.340382338 -0.390749156 6.162877560 0.002621862 0.170882985 -0.004492702 0.985277593
1439803891.575026 1.346135259 -0.391800404 6.179143429 0.004520824 0.171240687 -0.005967467 0.985200763
1439803891.637528 1.352159381 -0.392593145 6.195556641 0.006644329 0.171351328 -0.006118865 0.985168576
1439803891.700029 1.357743263 -0.393223941 6.211291790 0.008473421 0.171574757 -0.005523887 0.985119164
1439803891.762530 1.364069343 -0.394112170 6.227877140 0.009408840 0.171919405 -0.004324374 0.985056579
1439803891.825032 1.369497776 -0.395496786 6.244116306 0.009172413 0.172529936 -0.003304605 0.984956026
1439803891.887533 1.374530196 -0.396812558 6.259512424 0.008411825 0.173298374 -0.002211826 0.984830976
1439803891.950034 1.381952882 -0.397846609 6.276754379 0.007960623 0.173912704 -0.001317309 0.984728038
1439803892.012536 1.387474298 -0.399113506 6.292984962 0.007726670 0.174493805 -0.000562586 0.984627783
1439803892.075037 1.393860340 -0.400263548 6.309259892 0.007962136 0.174888656 -0.000818962 0.984555721
1439803892.137539 1.399749279 -0.401540220 6.325806618 0.008894008 0.175590590 -0.001263271 0.984422266
1439803892.200040 1.405256033 -0.402761340 6.341249943 0.009888588 0.175963491 -0.001592426 0.984345734
1439803892.262542 1.410746336 -0.403935850 6.356811047 0.010893237 0.176304057 -0.001963960 0.984273553
1439803892.325044 1.417873740 -0.405789316 6.373784065 0.011632727 0.176642686 -0.001535178 0.984205067
1439803892.387547 1.424025536 -0.406892836 6.390160084 0.012566690 0.177159652 -0.000514628 0.984101772
1439803892.450047 1.429840088 -0.407960951 6.406137466 0.012473060 0.177926674 -0.000394113 0.983964622
1439803892.512548 1.435808897 -0.409574926 6.422310829 0.011738119 0.178582117 -0.001111156 0.983854353
1439803892.575051 1.441740870 -0.410393447 6.438577652 0.010906890 0.179473609 -0.002322002 0.983699560
1439803892.637550 1.447274923 -0.412220478 6.454755783 0.009817783 0.180429369 -0.002290800 0.983536243
1439803892.700052 1.454067230 -0.412932366 6.471551418 0.009025207 0.180939466 -0.002353648 0.983449996
1439803892.762552 1.460835695 -0.414035797 6.488550663 0.008190180 0.181493893 -0.003274607 0.983352482
1439803892.825068 1.466891527 -0.415495038 6.504537106 0.007598070 0.182074279 -0.003951849 0.983247459
1439803892.887555 1.473233700 -0.416311622 6.521221161 0.007600945 0.183099702 -0.004211751 0.983055949
1439803892.950057 1.479957581 -0.417821795 6.537538052 0.007939865 0.183923885 -0.004391755 0.982898593
1439803893.012558 1.486389637 -0.418955952 6.554144859 0.008391639 0.184974834 -0.005151284 0.982693911
1439803893.075059 1.493091345 -0.420060992 6.570550442 0.008067483 0.185955167 -0.005864094 0.982507586
1439803893.137564 1.499155521 -0.421621501 6.586931229 0.007439786 0.187071919 -0.005884382 0.982300401
1439803893.200064 1.506193161 -0.422495902 6.603575706 0.006893619 0.187757522 -0.005971316 0.982173085
1439803893.262564 1.512532949 -0.423603386 6.620125771 0.006427099 0.188560903 -0.005808135 0.982023239
1439803893.325063 1.519592762 -0.425105661 6.636296272 0.006051132 0.189130366 -0.005656308 0.981917024
1439803893.387564 1.526440382 -0.425852120 6.652771950 0.006256365 0.189867660 -0.005627891 0.981773615
1439803893.450065 1.533607364 -0.427258134 6.669139862 0.006418047 0.190349355 -0.005295159 0.981681108
1439803893.512565 1.539433956 -0.428258955 6.685033798 0.006546211 0.191296622 -0.005736532 0.981493652
1439803893.575066 1.545948744 -0.429259539 6.701182842 0.006590390 0.192028582 -0.005750857 0.981350362
1439803893.637567 1.552412033 -0.430629373 6.717069626 0.004942921 0.192630410 -0.004775423 0.981247306
1439803893.700067 1.559541583 -0.431538910 6.734176159 0.002896607 0.193486795 -0.004120303 0.981089950
1439803893.762567 1.566329718 -0.432627767 6.750309467 0.001479218 0.194370732 -0.005417983 0.980912089
1439803893.825068 1.573318839 -0.433622926 6.766818523 0.001715122 0.195424393 -0.007372242 0.980689585
1439803893.887568 1.579883099 -0.435367763 6.782979488 0.004225452 0.196565896 -0.007794871 0.980450511
1439803893.950069 1.586840391 -0.436895490 6.798792362 0.008639248 0.197594598 -0.007356694 0.980218172
1439803894.012570 1.593705535 -0.437906891 6.815050125 0.013436275 0.198604017 -0.006532107 0.979965925
1439803894.075071 1.600607157 -0.439266264 6.830731392 0.016005002 0.199703217 -0.005319291 0.979711294
1439803894.137573 1.607794762 -0.440200180 6.846960068 0.015837945 0.201240927 -0.005267785 0.979399562
1439803894.200074 1.614856243 -0.441537797 6.866473198 0.009623343 0.204660282 -0.005377020 0.978770971
1439803894.262575 1.621902823 -0.442747802 6.883209705 0.004694997 0.205837429 -0.004380831 0.978565156
1439803894.325077 1.628813863 -0.441127807 6.899127960 0.002226477 0.203856498 -0.002255346 0.978995621
1439803894.387577 1.635654569 -0.445073694 6.910889149 0.000300931 0.204970211 -0.000357413 0.978768110
1439803894.450077 1.642615557 -0.447192222 6.927257538 -0.001747424 0.205588758 0.001170289 0.978636205
1439803894.512579 1.650767326 -0.447606921 6.943682194 -0.001623522 0.205719039 0.003487908 0.978603542
1439803894.575078 1.658064485 -0.448536575 6.960536957 -0.001103312 0.206390366 0.003945077 0.978461146
1439803894.637578 1.665791988 -0.449609220 6.977024555 -0.000381600 0.206739590 0.004294060 0.978386521
1439803894.700080 1.673361659 -0.450176239 6.993157864 0.000025758 0.206725866 0.003669562 0.978392005
1439803894.762580 1.680967927 -0.451126456 7.009677887 -0.000081940 0.206701696 0.003657998 0.978397191
1439803894.825080 1.688405275 -0.452180296 7.026698112 -0.000222244 0.206941649 0.003933210 0.978345335
1439803894.887582 1.696070790 -0.453090936 7.043242931 -0.000447814 0.206844047 0.004752991 0.978362322
1439803894.950082 1.704328060 -0.454166293 7.059412479 -0.000740563 0.206517920 0.005614476 0.978426456
1439803895.012582 1.712191701 -0.455447108 7.075626373 -0.001078723 0.206301376 0.005980664 0.978469610
1439803895.075084 1.720342994 -0.456336766 7.091834545 -0.000997262 0.205856025 0.007061483 0.978556335
1439803895.137583 1.728405714 -0.456615567 7.109614372 -0.000996703 0.205947727 0.008756250 0.978523314
1439803895.200084 1.736374021 -0.457802594 7.126115322 -0.002566509 0.205627680 0.011123918 0.978563726
1439803895.262587 1.742405534 -0.457831770 7.142131805 -0.004628743 0.205806509 0.012907766 0.978496611
1439803895.325085 1.749442935 -0.458307862 7.157957554 -0.006875824 0.205557972 0.014002182 0.978520632
1439803895.387586 1.757392645 -0.459621966 7.174485207 -0.008048047 0.204878762 0.014952214 0.978640079
1439803895.450093 1.764726281 -0.460301340 7.190539837 -0.006168088 0.204434291 0.016386114 0.978723705
1439803895.512588 1.772082806 -0.461485147 7.207182884 -0.002081233 0.204133093 0.016480099 0.978802204
1439803895.575092 1.779183745 -0.462843984 7.223076344 0.002906180 0.203666583 0.015204797 0.978917897
1439803895.637591 1.787321210 -0.464452207 7.239491463 0.007854094 0.203098923 0.013146096 0.979038477
1439803895.700093 1.793778658 -0.465715915 7.255467892 0.010998105 0.202963993 0.012377864 0.979046166
1439803895.762594 1.801217318 -0.466784775 7.271984577 0.011954700 0.202665657 0.012616036 0.979093730
1439803895.825095 1.807032943 -0.467926592 7.287653446 0.010603259 0.202701747 0.013511953 0.979089856
1439803895.887596 1.815210223 -0.469122946 7.305275440 0.007365666 0.202485263 0.012280466 0.979180574
1439803895.950098 1.822006583 -0.469650179 7.322079659 0.003412451 0.202469587 0.010814473 0.979222894
1439803896.012600 1.829272985 -0.470374405 7.339148998 -0.000810520 0.202636957 0.010049802 0.979202032
1439803896.075101 1.837165117 -0.471785098 7.356097221 -0.004472419 0.202327922 0.011107005 0.979244649
1439803896.137617 1.841960788 -0.471931905 7.372134686 -0.005964054 0.203111917 0.010856150 0.979077160
1439803896.200104 1.848084211 -0.472921699 7.388195992 -0.005199020 0.203577325 0.009130061 0.979002476
1439803896.262605 1.855337858 -0.474178284 7.404610634 -0.002014793 0.203736857 0.006732089 0.979000449
1439803896.325106 1.861802101 -0.474989176 7.420808315 0.001824314 0.204272792 0.002883002 0.978908062
1439803896.387608 1.867737293 -0.476492554 7.437086105 0.005532845 0.204746664 0.000218814 0.978799343
1439803896.450110 1.875198603 -0.476829320 7.453480721 0.007478748 0.204667538 -0.001724144 0.978801429
1439803896.512611 1.882819653 -0.477881551 7.470407009 0.006049487 0.204551741 -0.002216279 0.978834569
1439803896.575112 1.888578892 -0.478534520 7.486510277 0.002553436 0.205054432 -0.002648293 0.978743672
1439803896.637613 1.895947218 -0.480110228 7.503116131 -0.001404580 0.205160201 -0.002122686 0.978725076
1439803896.700115 1.902451158 -0.480943978 7.519487858 -0.004008034 0.205554634 -0.001348951 0.978636503
1439803896.762616 1.908550143 -0.482012123 7.535231113 -0.004371691 0.206054032 -0.000407524 0.978530765
1439803896.825117 1.917367458 -0.483404189 7.552546501 -0.002007708 0.205735818 0.000095945 0.978605509
1439803896.887621 1.925731301 -0.484348297 7.570111275 0.001654301 0.205835149 0.000491294 0.978585124
1439803896.950120 1.932541847 -0.485592932 7.586124420 0.004490858 0.206050828 0.000568342 0.978530824
1439803897.012625 1.939767361 -0.486584336 7.602138042 0.006361821 0.206052661 0.001148636 0.978519559
1439803897.075126 1.947249055 -0.487538368 7.619057655 0.006813900 0.206416875 0.001844213 0.978438675
1439803897.137624 1.954873323 -0.488926232 7.635039330 0.006326726 0.206158787 0.003905418 0.978490293
1439803897.200126 1.961695910 -0.489736885 7.651658058 0.004638067 0.206423998 0.003632912 0.978444934
1439803897.262627 1.968845248 -0.490778148 7.668149471 0.003104666 0.206513017 0.003318927 0.978433311
1439803897.325129 1.976346493 -0.491639555 7.684912205 0.002001048 0.206816703 0.004364134 0.978367925
1439803897.387630 1.983283401 -0.492876381 7.701050758 0.001203461 0.206781879 0.005675699 0.978369832
1439803897.450132 1.990664721 -0.494053006 7.717565536 0.000648428 0.206490904 0.005137371 0.978434801
1439803897.512633 1.997794628 -0.494862437 7.733902454 0.000560955 0.206360385 0.004162173 0.978467047
1439803897.575135 2.004509926 -0.495799869 7.750205994 0.000331896 0.206493646 0.003921024 0.978440046
1439803897.637635 2.011729717 -0.496787637 7.766359806 0.000850128 0.206358954 0.004908017 0.978463709
1439803897.700136 2.018684864 -0.497774094 7.782606602 0.001630362 0.206122026 0.005019196 0.978512049
1439803897.762636 2.025891066 -0.498750895 7.798919201 0.002082484 0.205933601 0.004631579 0.978552818
1439803897.825137 2.032783508 -0.499659121 7.815314293 0.002663064 0.206219763 0.004113894 0.978493392
1439803897.887639 2.039506912 -0.500750422 7.831391335 0.002868938 0.206384525 0.003508379 0.978460431
1439803897.950143 2.046761990 -0.501621425 7.847824097 0.002295434 0.206300929 0.003320718 0.978480279
1439803898.012641 2.053873301 -0.502503395 7.864179134 0.000969684 0.206300959 0.004426319 0.978478074
1439803898.075143 2.061172485 -0.503329396 7.880599976 -0.000200031 0.206314698 0.005644366 0.978469372
1439803898.137646 2.068126678 -0.504244328 7.896801949 -0.001105606 0.206496358 0.005775122 0.978429735
1439803898.200146 2.075400352 -0.505219519 7.913040161 -0.001707861 0.206717655 0.005042711 0.978386164
1439803898.262647 2.082334518 -0.506178021 7.929277420 -0.001510233 0.207071424 0.004492809 0.978314340
1439803898.325149 2.089331388 -0.506959736 7.945404530 -0.000324610 0.207117319 0.004657441 0.978304982
1439803898.387650 2.096561670 -0.508080125 7.961562157 0.000393448 0.207134604 0.004459268 0.978302181
1439803898.450155 2.103556156 -0.508950472 7.977824211 0.000808439 0.207291842 0.004717867 0.978267431
1439803898.512652 2.110721350 -0.509995818 7.994091034 0.000743564 0.207359567 0.004826503 0.978252590
1439803898.575156 2.117716551 -0.510884106 8.010321617 0.000773949 0.207491323 0.005366361 0.978221834
1439803898.637657 2.124910355 -0.511751831 8.026567459 0.000302322 0.207609415 0.005691304 0.978195190
1439803898.700157 2.131904125 -0.512658894 8.042792320 -0.000061019 0.207850978 0.006052510 0.978141785
1439803898.762658 2.139317036 -0.513501108 8.058965683 0.000024835 0.207700729 0.006917430 0.978167951
1439803898.825159 2.146028042 -0.514336348 8.075056076 0.000139765 0.207797274 0.007209471 0.978145361
1439803898.887660 2.153438330 -0.515132189 8.091617584 0.000431314 0.207901582 0.006845938 0.978125691
1439803898.950161 2.160406590 -0.516035855 8.107676506 0.001344596 0.208076701 0.006699732 0.978088617
1439803899.012663 2.167751789 -0.516877055 8.124219894 0.001913319 0.208220705 0.007141086 0.978053927
1439803899.075165 2.175141573 -0.517832458 8.140484810 0.001716726 0.208207548 0.007874191 0.978051484
1439803899.137666 2.182398558 -0.518521369 8.156995773 0.001144422 0.208344877 0.008139815 0.978020906
1439803899.200170 2.189641953 -0.519279599 8.173286438 0.000277733 0.208441496 0.007771640 0.978003919
1439803899.262668 2.197091579 -0.520097852 8.189754486 -0.001039394 0.208599836 0.007845896 0.977969050
1439803899.325168 2.204247952 -0.520818174 8.206143379 -0.002478388 0.208769560 0.007865656 0.977930069
1439803899.387669 2.211889267 -0.521737099 8.222751617 -0.003956416 0.208714828 0.009489795 0.977922499
1439803899.450169 2.219140768 -0.522254705 8.239245415 -0.005456927 0.208806485 0.011188535 0.977877736
1439803899.512670 2.226344347 -0.523219347 8.255473137 -0.005619520 0.208870173 0.010747004 0.977868199
1439803899.575171 2.233631611 -0.523816586 8.271649361 -0.003916329 0.209144488 0.008922772 0.977836192
1439803899.637671 2.240533113 -0.524849892 8.288072586 -0.001664086 0.209754169 0.006792710 0.977729142
1439803899.700171 2.247849464 -0.525884092 8.304346085 0.001323169 0.209883571 0.005753549 0.977708578
1439803899.762672 2.255296230 -0.526893497 8.320502281 0.003998486 0.209830910 0.005414955 0.977714539
1439803899.825173 2.262380123 -0.527795434 8.336824417 0.004525595 0.209926248 0.005359883 0.977692068
1439803899.887673 2.269319534 -0.528603852 8.353200912 0.002824625 0.210305661 0.004917208 0.977619231
1439803899.950174 2.277130365 -0.529551208 8.369730949 0.000762884 0.210290119 0.005403864 0.977623820
1439803900.012675 2.284518719 -0.531352222 8.385752678 -0.001659474 0.210309371 0.006174331 0.977613986
1439803900.075175 2.291893482 -0.532069325 8.402333260 -0.002826592 0.210551724 0.005891487 0.977560878
1439803900.137677 2.298304558 -0.532749891 8.418612480 -0.003619669 0.211059257 0.005840476 0.977449119
1439803900.200177 2.305653572 -0.533398151 8.435073853 -0.003845410 0.211303920 0.005863665 0.977395236
1439803900.262677 2.313708067 -0.534749448 8.451777458 -0.005191144 0.211373493 0.006112083 0.977372468
1439803900.325180 2.321461678 -0.535328865 8.468079567 -0.006703066 0.211362004 0.005967073 0.977366626
1439803900.387680 2.328645468 -0.535770953 8.484632492 -0.006008286 0.211946428 0.005137684 0.977249324
1439803900.450180 2.335554123 -0.536729872 8.500670433 -0.002813288 0.212396801 0.004801270 0.977167666
1439803900.512684 2.343030453 -0.537443340 8.516823769 0.001946198 0.212817967 0.004547911 0.977079332
1439803900.575184 2.350485325 -0.539034843 8.532784462 0.006321711 0.213184267 0.004359041 0.976981819
1439803900.637686 2.358257294 -0.539867997 8.549057961 0.010021180 0.213594869 0.003292609 0.976865351
1439803900.700187 2.365760803 -0.540823817 8.565652847 0.010039965 0.214257121 0.002991589 0.976721108
1439803900.762691 2.373404503 -0.541806519 8.582167625 0.007055945 0.214782640 0.003959562 0.976628363
1439803900.825189 2.381267071 -0.542701125 8.598922729 0.002997221 0.215077087 0.005178329 0.976578772
1439803900.887690 2.388703823 -0.543818414 8.615589142 -0.000830625 0.215528086 0.005916774 0.976479352
1439803900.950193 2.396638155 -0.544687629 8.632288933 -0.003348536 0.215976119 0.007829291 0.976361513
1439803901.012693 2.404165983 -0.545657039 8.648598671 -0.004279520 0.216527179 0.009852182 0.976217508
1439803901.075194 2.411659718 -0.546507895 8.664752960 -0.002955057 0.217058241 0.010202526 0.976100862
1439803901.137694 2.419337749 -0.547560930 8.680955887 0.000050610 0.217681706 0.009555017 0.975973010
1439803901.200198 2.426774025 -0.548712313 8.696884155 0.003322599 0.218477443 0.009055346 0.975794315
1439803901.262696 2.434522629 -0.549664378 8.712919235 0.006561237 0.218985930 0.009973595 0.975654960
1439803901.325197 2.442270041 -0.550644755 8.729108810 0.009022928 0.219456092 0.011092944 0.975517571
1439803901.387699 2.449974060 -0.551696420 8.745395660 0.009265036 0.219915658 0.011821737 0.975403249
1439803901.450201 2.457830906 -0.552814543 8.761442184 0.007981488 0.220421582 0.013424011 0.975279629
1439803901.512702 2.465501547 -0.553940237 8.777715683 0.006054888 0.221065640 0.014892180 0.975126386
1439803901.575203 2.473402739 -0.555058241 8.794004440 0.003937761 0.221387669 0.016668916 0.975035429
1439803901.637705 2.481464863 -0.556088567 8.810173035 0.002440055 0.221656978 0.018897682 0.974938512
1439803901.700207 2.489466667 -0.556909323 8.826207161 0.001405479 0.221975401 0.019928517 0.974847555
1439803901.762709 2.496796131 -0.557960510 8.841861725 0.001202239 0.222248286 0.020914698 0.974765003
1439803901.825211 2.504631996 -0.558892667 8.857839584 0.000976585 0.222435042 0.021696296 0.974705577
1439803901.887712 2.512817860 -0.559442520 8.874048233 0.000453940 0.222687975 0.021294728 0.974657059
1439803901.950212 2.520232677 -0.560173631 8.890043259 -0.000412479 0.223022908 0.020211779 0.974603593
1439803902.012714 2.527825594 -0.560823441 8.905878067 -0.001557459 0.223216638 0.019641971 0.974569678
1439803902.075216 2.535651922 -0.561377048 8.921987534 -0.003013701 0.223360717 0.018748876 0.974550843
1439803902.137717 2.543133497 -0.562219620 8.938090324 -0.004542985 0.223715231 0.017478250 0.974487245
1439803902.200218 2.550912380 -0.562870979 8.954052925 -0.005904947 0.223915145 0.016677206 0.974448025
1439803902.262719 2.558362722 -0.563661397 8.970086098 -0.007529784 0.224444598 0.015507365 0.974334359
1439803902.325221 2.565940857 -0.564326763 8.985548019 -0.008396805 0.224855497 0.014774760 0.974243879
1439803902.387721 2.573450089 -0.564871788 9.001911163 -0.009003035 0.225596696 0.013498729 0.974085629
1439803902.450224 2.581076145 -0.565536380 9.017660141 -0.009570825 0.226089329 0.013062141 0.973971963
1439803902.512727 2.588687658 -0.566067338 9.033270836 -0.009248475 0.226499245 0.011669937 0.973897517
1439803902.575227 2.596265793 -0.566740692 9.048935890 -0.007670498 0.226739570 0.010774797 0.973865628
1439803902.637728 2.603975773 -0.567394495 9.064367294 -0.005976428 0.226793841 0.011152612 0.973860621
1439803902.700243 2.611444473 -0.568184435 9.079882622 -0.004937848 0.226847082 0.011430291 0.973850787
1439803902.762731 2.619116068 -0.568909943 9.095433235 -0.003857704 0.226891592 0.011724333 0.973841786
1439803902.825231 2.626702309 -0.569691956 9.110786438 -0.002924884 0.226815715 0.011584354 0.973864377
1439803902.887733 2.634170055 -0.570482612 9.126158714 -0.002433216 0.226835832 0.012417088 0.973850846
1439803902.950234 2.641938686 -0.571279705 9.141710281 -0.002423263 0.226875588 0.013340504 0.973829329
1439803903.012736 2.649576664 -0.572065890 9.157123566 -0.002869000 0.226774678 0.013816483 0.973845005
1439803903.075237 2.657172441 -0.572688580 9.172844887 -0.003690043 0.226770505 0.014343633 0.973835588
1439803903.137739 2.665088654 -0.573440135 9.188277245 -0.004978952 0.226481512 0.015624458 0.973877430
1439803903.200240 2.672964811 -0.573904932 9.204027176 -0.006717597 0.226439938 0.016398618 0.973863900
1439803903.262742 2.679877281 -0.574799776 9.218931198 -0.007520450 0.226238146 0.017984413 0.973876953
1439803903.325243 2.687375546 -0.575497568 9.234344482 -0.006589224 0.225979641 0.017293015 0.973956227
1439803903.387744 2.695026398 -0.576360822 9.249661446 -0.003791238 0.225585282 0.016416118 0.974077702
1439803903.450245 2.702095747 -0.577329755 9.264726639 -0.000827540 0.225190923 0.016382208 0.974176586
1439803903.512751 2.709735394 -0.578095675 9.280053139 0.001662753 0.224586532 0.016348332 0.974315584
1439803903.575251 2.716565132 -0.578660607 9.294912338 0.002255526 0.224129885 0.016885288 0.974410415
1439803903.637751 2.723931313 -0.579452813 9.310293198 0.000268364 0.223737463 0.017902359 0.974484980
1439803903.700253 2.731220245 -0.580121756 9.325800896 -0.003382216 0.223573610 0.019330755 0.974489450
1439803903.762753 2.738368988 -0.580713928 9.341185570 -0.007418148 0.223147660 0.020229639 0.974546492
1439803903.825255 2.746132851 -0.581495047 9.356579781 -0.010240882 0.222432181 0.020879291 0.974670768
1439803903.887756 2.753023148 -0.581893981 9.371794701 -0.010668674 0.222111017 0.021027934 0.974736214
1439803903.950257 2.760230064 -0.582625985 9.386792183 -0.009475216 0.221771896 0.020394180 0.974839211
1439803904.012758 2.766932726 -0.583357930 9.401741982 -0.006990219 0.221616015 0.019616105 0.974911630
1439803904.075262 2.774020195 -0.584125221 9.416502953 -0.003923827 0.221345469 0.019302212 0.974996507
1439803904.137761 2.780832767 -0.584820449 9.431355476 -0.000945213 0.221287340 0.018951314 0.975024045
1439803904.200260 2.787793159 -0.585426152 9.446230888 0.000790068 0.221112832 0.018357512 0.975075126
1439803904.262764 2.794986010 -0.586116374 9.461597443 0.001126851 0.221105173 0.016960269 0.975101829
1439803904.325262 2.802519083 -0.586778343 9.476598740 0.000231337 0.221200228 0.015684655 0.975102246
1439803904.387762 2.809045553 -0.587538302 9.491776466 -0.001809964 0.221767455 0.015067812 0.974981487
1439803904.450265 2.815959930 -0.588174939 9.506749153 -0.003828326 0.221967682 0.015057193 0.974930227
1439803904.512765 2.823205471 -0.588829875 9.521685600 -0.005397657 0.222000062 0.016304076 0.974895358
1439803904.575265 2.830646515 -0.589611948 9.536849022 -0.006447074 0.222166255 0.017585298 0.974828899
1439803904.637765 2.837868214 -0.590323508 9.551684380 -0.007443404 0.222460300 0.018668607 0.974734604
1439803904.700267 2.844924450 -0.590961218 9.566341400 -0.007705356 0.222816184 0.019422609 0.974636495
1439803904.762767 2.852264881 -0.591363668 9.581305504 -0.007715007 0.223271564 0.019075256 0.974539042
1439803904.825269 2.859321594 -0.591824710 9.595852852 -0.007919262 0.223585084 0.019613529 0.974454880
1439803904.887770 2.866481304 -0.592281163 9.610516548 -0.008676539 0.223739043 0.020001557 0.974405229
1439803904.950271 2.873617172 -0.592703640 9.625112534 -0.009457449 0.223897249 0.019895695 0.974363744
1439803905.012771 2.880652666 -0.593253016 9.639430046 -0.009756760 0.224164903 0.019894110 0.974299312
1439803905.075272 2.887670994 -0.593740344 9.653987885 -0.010087771 0.224715278 0.019738417 0.974172294
1439803905.137772 2.894713402 -0.594303370 9.668249130 -0.010352240 0.225455970 0.018788530 0.974017143
1439803905.200273 2.901669979 -0.594831228 9.682794571 -0.010274823 0.226600096 0.018089419 0.973765671
1439803905.262773 2.908741474 -0.595356166 9.696825027 -0.010676022 0.227711543 0.016699109 0.973526895
1439803905.325274 2.915863276 -0.595641315 9.711332321 -0.011803688 0.228936478 0.016732518 0.973225951
1439803905.387774 2.923029900 -0.596080959 9.725456238 -0.012256565 0.229976892 0.016716015 0.972975314
1439803905.450275 2.929954052 -0.596397638 9.739906311 -0.011876004 0.231106028 0.016072830 0.972723305
1439803905.512775 2.937024117 -0.597018003 9.754164696 -0.011039426 0.232046768 0.015057122 0.972525418
1439803905.575278 2.944113255 -0.597643852 9.768157005 -0.009828182 0.232968405 0.014166967 0.972331405
1439803905.637780 2.951356173 -0.598258376 9.782101631 -0.008383132 0.233720139 0.012326209 0.972189605
1439803905.700283 2.958127499 -0.598781109 9.795959473 -0.007553176 0.234497085 0.011006274 0.972025156
1439803905.762781 2.965035915 -0.599278092 9.809825897 -0.007918881 0.235076234 0.008751395 0.971905291
1439803905.825280 2.972187519 -0.599969029 9.823843002 -0.008719659 0.235507026 0.006834034 0.971809506
1439803905.887782 2.979095936 -0.600303292 9.837839127 -0.010112328 0.236153468 0.005089748 0.971649826
1439803905.950283 2.986178875 -0.600699127 9.851755142 -0.011832508 0.236642569 0.004165833 0.971515775
1439803906.012785 2.993305206 -0.601230621 9.865323067 -0.013240965 0.236983776 0.002996893 0.971418738
1439803906.075286 3.000182867 -0.601711631 9.878866196 -0.013340828 0.237476945 0.002537619 0.971298277
1439803906.137789 3.006860018 -0.602305889 9.892020226 -0.012989073 0.238135919 0.002344963 0.971142173
1439803906.200294 3.013867378 -0.602870107 9.905220032 -0.012347545 0.238609001 0.002065077 0.971035063
1439803906.262793 3.020607710 -0.603192508 9.918776512 -0.012340661 0.239229664 0.000447305 0.970884442
1439803906.325293 3.027139187 -0.603681743 9.931777954 -0.012992753 0.239800304 -0.001119341 0.970734656
1439803906.387796 3.033765316 -0.604089260 9.944689751 -0.012514547 0.240182251 -0.001989421 0.970645130
1439803906.450298 3.040571451 -0.604743481 9.957495689 -0.011120922 0.240362957 -0.001011454 0.970618844
1439803906.512798 3.047293186 -0.605500996 9.969863892 -0.008596162 0.240336701 0.001864570 0.970649719
1439803906.575299 3.054130077 -0.606171548 9.982303619 -0.006433847 0.240382493 0.004880484 0.970644653
1439803906.637799 3.060556412 -0.606642306 9.994568825 -0.004983657 0.240682930 0.007233650 0.970564067
1439803906.700301 3.067711592 -0.607280254 10.007000923 -0.004009489 0.240510434 0.009060435 0.970595956
1439803906.762804 3.074011087 -0.607797861 10.019192696 -0.004606531 0.240664840 0.009534114 0.970550537
1439803906.825303 3.080187321 -0.608193815 10.031564713 -0.006041155 0.240738466 0.009385482 0.970525861
1439803906.887807 3.086844921 -0.608639002 10.043987274 -0.008545119 0.240358114 0.009623299 0.970598936
1439803906.950307 3.093225002 -0.608897209 10.056279182 -0.011567665 0.239999264 0.009924202 0.970653415
1439803907.012810 3.099568605 -0.609408975 10.068271637 -0.013952760 0.239559695 0.011677504 0.970711112
1439803907.075309 3.105816364 -0.609742463 10.080302238 -0.015676066 0.239398986 0.013071087 0.970706701
1439803907.137811 3.112149477 -0.610200226 10.092000008 -0.015924292 0.238916516 0.014568177 0.970800221
1439803907.200311 3.118237972 -0.610482872 10.103751183 -0.015782008 0.238882020 0.014715726 0.970808804
1439803907.262812 3.124216557 -0.611012340 10.115303993 -0.015307048 0.238808140 0.014127533 0.970843375
1439803907.325312 3.130095243 -0.611345053 10.126729012 -0.014040790 0.238825768 0.012794130 0.970876575
1439803907.387813 3.135861397 -0.611724973 10.138065338 -0.012808595 0.238820359 0.011189082 0.970914841
1439803907.450314 3.141551018 -0.612122774 10.149383545 -0.011795669 0.238600224 0.009687819 0.970997930
1439803907.512814 3.147225857 -0.612489820 10.160507202 -0.010515782 0.238366753 0.008675963 0.971079528
1439803907.575314 3.152874231 -0.613033533 10.171681404 -0.009117903 0.238308802 0.008468996 0.971109748
1439803907.637816 3.158519268 -0.613594770 10.182506561 -0.007499435 0.238153949 0.008220058 0.971163690
1439803907.700317 3.164192915 -0.614148915 10.193642616 -0.005946781 0.238322422 0.007501814 0.971138895
1439803907.762819 3.169826984 -0.614670515 10.204495430 -0.004648915 0.238224834 0.007350250 0.971171081
1439803907.825321 3.175374031 -0.615373850 10.215085030 -0.004172961 0.238061383 0.007821303 0.971209645
1439803907.887821 3.180747032 -0.615760446 10.225805283 -0.004331915 0.238165617 0.007760756 0.971183896
1439803907.950324 3.186183691 -0.616277218 10.236372948 -0.005430184 0.238114461 0.007412143 0.971193612
1439803908.012827 3.191445112 -0.616636753 10.246743202 -0.006560809 0.237912968 0.007226695 0.971237481
1439803908.075326 3.196671963 -0.617063940 10.257047653 -0.007764370 0.237406716 0.007530863 0.971350133
1439803908.137827 3.201784611 -0.617480159 10.267133713 -0.008476824 0.236420259 0.008546320 0.971576333
1439803908.200327 3.206838131 -0.617967844 10.277236938 -0.009285752 0.235156089 0.009719915 0.971864641
1439803908.262828 3.211683273 -0.618472219 10.287055016 -0.010303701 0.233539760 0.010207515 0.972239077
1439803908.325332 3.216489315 -0.618882895 10.296860695 -0.011183559 0.231760472 0.010837477 0.972648203
1439803908.387829 3.221086979 -0.619217396 10.306574821 -0.011806072 0.230050743 0.011065627 0.973044097
1439803908.450329 3.225555420 -0.619547606 10.316162109 -0.012435010 0.228439912 0.010138472 0.973425806
1439803908.512831 3.229793072 -0.619782209 10.325631142 -0.012767535 0.227007955 0.009360787 0.973764241
1439803908.575332 3.233988285 -0.620028496 10.334992409 -0.013131418 0.225397959 0.008563085 0.974140644
1439803908.637834 3.238000870 -0.620239377 10.344284058 -0.013676011 0.223400891 0.007640912 0.974600792
1439803908.700335 3.242007732 -0.620485783 10.353440285 -0.013940191 0.220670059 0.007424324 0.975220621
1439803908.762836 3.245874643 -0.620820940 10.362559319 -0.014063087 0.217623845 0.007621404 0.975901604
1439803908.825337 3.249753475 -0.621209800 10.371552467 -0.013906776 0.214209855 0.007886545 0.976656795
1439803908.887838 3.253421783 -0.621472478 10.380510330 -0.013763564 0.210623085 0.008669086 0.977432013
1439803908.950340 3.256769896 -0.621703565 10.389481544 -0.014020019 0.207107797 0.008273577 0.978182673
1439803909.012842 3.260202169 -0.621871114 10.398225784 -0.014536625 0.203340784 0.007639077 0.978970289
1439803909.075343 3.263385773 -0.622024059 10.406809807 -0.014731025 0.199745283 0.007251464 0.979710281
1439803909.137844 3.266402721 -0.622182548 10.415595055 -0.014823394 0.196412310 0.005948560 0.980391324
1439803909.200348 3.269533634 -0.622368634 10.424205780 -0.015360129 0.193130448 0.004366545 0.981043160
1439803909.262847 3.272288561 -0.622544765 10.432801247 -0.016143125 0.190344185 0.002437575 0.981581688
1439803909.325349 3.275037289 -0.622779846 10.440756798 -0.017213278 0.187516645 0.000152475 0.982110560
1439803909.387850 3.277781725 -0.623023331 10.449114799 -0.017760135 0.184688658 -0.001420452 0.982635558
1439803909.450351 3.280325890 -0.623203516 10.457370758 -0.018057244 0.182205573 -0.002883731 0.983090401
1439803909.512853 3.282922745 -0.623427927 10.465500832 -0.018404493 0.179999039 -0.004242939 0.983485460
1439803909.575354 3.285660982 -0.623874903 10.473250389 -0.019115541 0.178051904 -0.005064275 0.983822346
1439803909.637856 3.288319111 -0.624149382 10.480842590 -0.019108916 0.176198646 -0.004328980 0.984159648
1439803909.700356 3.291017294 -0.624268532 10.488803864 -0.018428640 0.174004555 -0.003007385 0.984567821
1439803909.762858 3.293569088 -0.624528706 10.496199608 -0.017949468 0.171815902 -0.002022686 0.984963477
1439803909.825360 3.295981407 -0.624842644 10.503286362 -0.017908134 0.169756040 -0.001684291 0.985321939
1439803909.887861 3.298349619 -0.625024736 10.510566711 -0.017681716 0.168020710 -0.001087028 0.985624254
1439803909.950362 3.300449371 -0.625282168 10.517391205 -0.017606441 0.166824102 -0.001991353 0.985827446
1439803910.012864 3.302507877 -0.625507891 10.524187088 -0.017166145 0.165777832 -0.003622381 0.986007035
1439803910.075367 3.304343224 -0.625848770 10.530429840 -0.016327452 0.164920926 -0.004499528 0.986161351
1439803910.137868 3.306230068 -0.626175404 10.536492348 -0.015420247 0.163835913 -0.005670337 0.986350775
1439803910.200369 3.307902098 -0.626691341 10.542121887 -0.014989904 0.162636489 -0.006786520 0.986548841
1439803910.262870 3.309722424 -0.626625180 10.548110008 -0.013903799 0.161469504 -0.007479005 0.986751378
1439803910.325371 3.311424494 -0.626824141 10.553586960 -0.013553729 0.160586923 -0.007441602 0.986900568
1439803910.387872 3.313065767 -0.626939833 10.558839798 -0.013182214 0.160008311 -0.006983059 0.987002969
1439803910.450373 3.314806223 -0.627065420 10.563820839 -0.012513316 0.159124941 -0.005272957 0.987165093
1439803910.512875 3.316416979 -0.627288640 10.568595886 -0.011506693 0.158092216 -0.003479287 0.987351179
1439803910.575377 3.317975760 -0.627423406 10.573276520 -0.010269021 0.157031164 -0.002670324 0.987536669
1439803910.637877 3.318890333 -0.627914667 10.577586174 -0.009619246 0.156279176 -0.002765461 0.987662196
1439803910.700381 3.320422173 -0.628023624 10.581688881 -0.009745664 0.156361520 -0.003648810 0.987645030
1439803910.762880 3.321542263 -0.628074169 10.585884094 -0.009956650 0.156138986 -0.005176304 0.987671316
1439803910.825381 3.322563648 -0.628173232 10.589822769 -0.010142494 0.155396834 -0.005971506 0.987782001
1439803910.887883 3.323577881 -0.628402352 10.593252182 -0.010271907 0.154394045 -0.006580738 0.987933993
1439803910.950384 3.324627638 -0.628413141 10.596922874 -0.009970028 0.153790340 -0.007086474 0.988027751
1439803911.012901 3.325545311 -0.628647089 10.599993706 -0.009902318 0.153649539 -0.007045127 0.988050640
1439803911.075387 3.326418877 -0.628779650 10.603025436 -0.009780014 0.153498530 -0.007128154 0.988074780
1439803911.137888 3.327151537 -0.628926396 10.605777740 -0.009937360 0.153152764 -0.007560675 0.988123596
1439803911.200390 3.327815771 -0.629072785 10.608362198 -0.010356388 0.152530402 -0.008127266 0.988211095
1439803911.262891 3.328464508 -0.629218578 10.610675812 -0.011031624 0.151927918 -0.008696993 0.988291740
1439803911.325393 3.329143047 -0.629254341 10.612953186 -0.011416011 0.151727751 -0.009161918 0.988313913
1439803911.387894 3.329754114 -0.629492640 10.614762306 -0.011518721 0.151824713 -0.009475825 0.988294840
1439803911.450400 3.330162764 -0.629611313 10.616545677 -0.011131362 0.151965976 -0.009665173 0.988275766
1439803911.512900 3.330665350 -0.629666328 10.618274689 -0.010598879 0.151600406 -0.009854945 0.988335907
1439803911.575399 3.331144810 -0.629736781 10.619838715 -0.010295543 0.151022032 -0.010180892 0.988424361
1439803911.637900 3.331570625 -0.629902005 10.621303558 -0.010245395 0.150769293 -0.010625582 0.988458753
1439803911.700401 3.331992626 -0.629949391 10.622700691 -0.010197829 0.150878146 -0.010911972 0.988439560
1439803911.762902 3.332365274 -0.629910409 10.624190331 -0.010238003 0.151091188 -0.011295531 0.988402247
1439803911.825404 3.332749844 -0.630199194 10.625390053 -0.010715879 0.150857791 -0.011467528 0.988430858
1439803911.887909 3.333076477 -0.630140781 10.626677513 -0.010794553 0.150506884 -0.011671380 0.988481104
1439803911.950407 3.333482504 -0.630244136 10.627883911 -0.010912636 0.150190935 -0.011608725 0.988528609
1439803912.012908 3.333777428 -0.630204141 10.629135132 -0.010826315 0.150307924 -0.011446679 0.988513708
1439803912.075410 3.334122658 -0.630189240 10.630197525 -0.010817591 0.150470003 -0.011268664 0.988491178
1439803912.137911 3.334425449 -0.630251348 10.631119728 -0.010828686 0.150498241 -0.011025747 0.988489449
1439803912.200412 3.334747076 -0.630165875 10.632278442 -0.010563578 0.150497735 -0.010919282 0.988493621
1439803912.262913 3.335090876 -0.630246997 10.633312225 -0.010389336 0.150455311 -0.010783944 0.988503397
1439803912.325414 3.335423231 -0.630199194 10.634456635 -0.010106642 0.150555685 -0.010877785 0.988490045
1439803912.387918 3.335774422 -0.630270183 10.635533333 -0.009953865 0.150674105 -0.010913036 0.988473117
1439803912.450419 3.336150646 -0.630290747 10.636756897 -0.009797706 0.150806084 -0.010856339 0.988455176
1439803912.512921 3.336606264 -0.630365372 10.637870789 -0.009773224 0.150931463 -0.010773941 0.988437176
1439803912.575422 3.336969376 -0.630409122 10.639073372 -0.009679830 0.151267424 -0.010600876 0.988388598
1439803912.637925 3.337522984 -0.630470276 10.640335083 -0.009608267 0.151647240 -0.010412601 0.988333106
1439803912.700427 3.337987185 -0.630643964 10.641640663 -0.009658662 0.152347073 -0.010287534 0.988226354
1439803912.762926 3.338554382 -0.630607367 10.643074036 -0.009520525 0.153109431 -0.010258258 0.988110125
1439803912.825427 3.339003086 -0.630679011 10.644435883 -0.009494536 0.153928325 -0.010388984 0.987981796
1439803912.887929 3.339478254 -0.630781293 10.645842552 -0.009395843 0.154517204 -0.010201182 0.987892747
1439803912.950430 3.340176344 -0.630867481 10.647244453 -0.009204167 0.155051872 -0.009898915 0.987813890
1439803913.012930 3.340662956 -0.630937934 10.648638725 -0.009008751 0.156263262 -0.009625110 0.987627447
1439803913.075431 3.341498613 -0.630805075 10.650083542 -0.008778681 0.157800943 -0.009635198 0.987384915
1439803913.137934 3.341967344 -0.631056845 10.651642799 -0.009012532 0.159685463 -0.009363466 0.987082422
1439803913.200434 3.342702389 -0.631134629 10.653096199 -0.009214377 0.161097765 -0.009520564 0.986849546
1439803913.262936 3.343515396 -0.631140471 10.654623985 -0.009358553 0.162298337 -0.009488774 0.986651719
1439803913.325437 3.344100714 -0.631526828 10.655956268 -0.009755114 0.164096385 -0.009491616 0.986350417
1439803913.387944 3.344818115 -0.631416440 10.657596588 -0.009543354 0.166458428 -0.009663379 0.985954940
1439803913.450441 3.345403194 -0.631440163 10.659048080 -0.009414768 0.169119582 -0.009361980 0.985506117
1439803913.512945 3.346415043 -0.631430447 10.660561562 -0.009268967 0.171147138 -0.009079608 0.985160053
1439803913.575444 3.347114563 -0.631468892 10.662194252 -0.009136782 0.173171654 -0.008772296 0.984810233
1439803913.637944 3.348197937 -0.631537795 10.663675308 -0.008882376 0.174896836 -0.008564031 0.984509468
1439803913.700446 3.348928928 -0.631726027 10.665252686 -0.008715821 0.177504346 -0.008351073 0.984045982
1439803913.762948 3.350277185 -0.631544948 10.666961670 -0.008112493 0.180119336 -0.008512776 0.983574510
1439803913.825451 3.350987434 -0.631808877 10.668477058 -0.008184519 0.183515161 -0.008466823 0.982946336
1439803913.887951 3.351861954 -0.632045567 10.670015335 -0.008380555 0.186715096 -0.008475574 0.982341766
1439803913.950453 3.352702618 -0.632081449 10.671723366 -0.008433960 0.190214068 -0.008640135 0.981668353
1439803914.012955 3.353940725 -0.632204175 10.673316956 -0.008544429 0.193702102 -0.008708958 0.980984509
1439803914.075456 3.354864359 -0.632196665 10.674933434 -0.008346726 0.197951779 -0.008722998 0.980137408
1439803914.137959 3.356067657 -0.632391930 10.676448822 -0.008052193 0.202195108 -0.008629479 0.979274154
1439803914.200459 3.357378483 -0.632276535 10.678030968 -0.007237684 0.206756994 -0.008596535 0.978327811
1439803914.262960 3.358701706 -0.632429123 10.679586411 -0.006693879 0.211716861 -0.008383093 0.977272153
1439803914.325460 3.360038996 -0.632795691 10.681068420 -0.006356078 0.217155576 -0.008011839 0.976083398
1439803914.387962 3.361600161 -0.632999718 10.682669640 -0.005851696 0.223043248 -0.007928010 0.974758744
1439803914.450464 3.362945080 -0.633057117 10.684468269 -0.005145428 0.229861528 -0.007963985 0.973177135
1439803914.575463 3.368958473 -0.634187222 10.681804657 -0.006224466 0.238042146 -0.008039393 0.971201599
1439803914.637964 3.366875887 -0.633613467 10.690371513 -0.003412264 0.255950063 -0.007115366 0.966657817
1439803914.700463 3.365925074 -0.634148359 10.691689491 -0.003902292 0.268283844 -0.004987308 0.963319123
1439803914.762968 3.366946697 -0.634766698 10.693797112 -0.004369247 0.279638112 -0.004303438 0.960085869
1439803914.825465 3.368714094 -0.635132134 10.696006775 -0.003985764 0.290617168 -0.004094256 0.956822336
1439803914.950465 3.367800713 -0.640082359 10.695450783 -0.009910182 0.310242593 -0.007032860 0.950579703
