1439803822.636248 -0.000522213 -0.002039865 0.037891053 0.000333847 -0.000460340 0.000865249 0.999999464
1439803822.698750 -0.000799765 -0.002666446 0.050461855 0.000766744 -0.000805456 0.001429347 0.999998331
1439803822.761255 -0.000538674 -0.003471908 0.061514210 0.001140737 -0.001662477 0.002035825 0.999995887
1439803822.823756 -0.001545427 -0.003903729 0.075828783 0.001341956 -0.001832207 0.002352911 0.999994695
1439803822.886255 -0.001745361 -0.004420099 0.088135302 0.001321473 -0.002784897 0.002841800 0.999991179
1439803822.948759 -0.001927675 -0.005241499 0.100290745 0.001544174 -0.003827495 0.003511294 0.999985278
1439803823.011256 -0.001990558 -0.006036049 0.112322956 0.001583172 -0.004966996 0.003606277 0.999979913
1439803823.073757 -0.002565802 -0.006514897 0.124487497 0.001457878 -0.006053234 0.003921271 0.999972939
1439803823.136259 -0.003290673 -0.007030117 0.136474654 0.001117621 -0.007186445 0.004196275 0.999964714
1439803823.198761 -0.003689638 -0.007695906 0.148060352 0.000923880 -0.008929142 0.004301020 0.999950469
1439803823.261277 -0.003764648 -0.008069367 0.159803763 0.001014226 -0.010678256 0.003911883 0.999934793
1439803823.323763 -0.005839361 -0.008701706 0.171511784 0.001370979 -0.012217098 0.004467315 0.999914467
1439803823.386264 -0.006232091 -0.009368993 0.182701290 0.001351132 -0.014685852 0.005115782 0.999878168
1439803823.448768 -0.006810127 -0.009783990 0.193893477 0.001022941 -0.017522240 0.005669552 0.999829829
1439803823.511267 -0.007801426 -0.010498562 0.204930067 0.000165100 -0.020687480 0.006024440 0.999767780
1439803823.573768 -0.009167938 -0.010894343 0.216600403 0.000261814 -0.024651060 0.006315825 0.999676108
1439803823.636270 -0.010144149 -0.011315890 0.227266461 0.001051767 -0.028482441 0.006364801 0.999573469
1439803823.698772 -0.011553218 -0.011991733 0.238001451 0.001788628 -0.033058640 0.006545584 0.999430418
1439803823.761272 -0.013920969 -0.011612700 0.248449519 0.002173265 -0.038719188 0.006786792 0.999224722
1439803823.823774 -0.013372388 -0.008088991 0.258879572 0.000345682 -0.043655545 0.008025798 0.999014318
1439803823.886275 -0.016537081 -0.013564833 0.269758791 0.002444694 -0.050822079 0.006679516 0.998682380
1439803823.948776 -0.018571764 -0.013531091 0.280406594 0.001968867 -0.058068357 0.006933535 0.998286605
1439803824.011280 -0.020688105 -0.014650568 0.290551007 0.003102728 -0.065611519 0.007650392 0.997811079
1439803824.073779 -0.023094425 -0.015137466 0.301035643 0.003621186 -0.073907323 0.007717116 0.997228682
1439803824.136281 -0.025618060 -0.015689291 0.311030716 0.004236299 -0.082486510 0.007690313 0.996553481
1439803824.198785 -0.028788773 -0.016245056 0.321201026 0.004934011 -0.091404013 0.008151944 0.995768309
1439803824.261285 -0.031940676 -0.016876826 0.331199259 0.005660204 -0.100841716 0.008209779 0.994852483
1439803824.323785 -0.035258587 -0.017598597 0.340833008 0.006517137 -0.110719897 0.007778461 0.993799865
1439803824.386289 -0.039009146 -0.018706404 0.350849777 0.007090226 -0.121107362 0.007610618 0.992584884
1439803824.448790 -0.042491075 -0.019883189 0.359340757 0.007621764 -0.131962597 0.007522857 0.991196871
1439803824.511289 -0.046657026 -0.020628817 0.368660510 0.008647535 -0.142979205 0.007803238 0.989657164
1439803824.573791 -0.050992712 -0.021465166 0.377827257 0.009190382 -0.154635847 0.007944179 0.987896860
1439803824.636292 -0.055549845 -0.022302315 0.386764467 0.009808567 -0.166706473 0.007581122 0.985928655
1439803824.698794 -0.060209312 -0.023074985 0.395348072 0.010891006 -0.179228276 0.008308043 0.983712137
1439803824.761295 -0.065494731 -0.023882654 0.403975248 0.011840124 -0.192042798 0.008372915 0.981279373
1439803824.823797 -0.070877932 -0.024703827 0.412348598 0.012263693 -0.205434844 0.007633549 0.978564143
1439803824.886298 -0.076284856 -0.025399715 0.420849919 0.012295898 -0.219343618 0.008788473 0.975530565
1439803824.948800 -0.082242630 -0.026412275 0.428462774 0.012059740 -0.233175278 0.006791446 0.972336233
1439803825.011302 -0.088502914 -0.027145052 0.436158091 0.011833416 -0.247714594 0.005225837 0.968746662
1439803825.073801 -0.095023714 -0.027867895 0.443554938 0.011822375 -0.262682945 0.004661292 0.964798510
1439803825.136303 -0.102361098 -0.028371496 0.451498151 0.012570472 -0.277788609 0.004083163 0.960551322
1439803825.198805 -0.108996019 -0.029328899 0.457980871 0.012975945 -0.293625206 0.004563363 0.955821633
1439803825.261306 -0.115329385 -0.030459840 0.463814259 0.013463049 -0.310245395 0.005256427 0.950546622
1439803825.323806 -0.123903126 -0.030885506 0.471130937 0.014628841 -0.326475352 0.005376132 0.945077181
1439803825.386306 -0.131523326 -0.031780303 0.477099240 0.015274708 -0.343760818 0.004214392 0.938923538
1439803825.448807 -0.139462560 -0.032482468 0.482489556 0.015957288 -0.361888617 0.002780290 0.932080626
1439803825.511307 -0.147476897 -0.033399649 0.486994416 0.016604397 -0.380099624 0.000565264 0.924796343
1439803825.573808 -0.156332165 -0.033962201 0.492366970 0.017144961 -0.398557752 -0.000664635 0.916982710
1439803825.636309 -0.165046036 -0.034603741 0.496716291 0.017462775 -0.416883379 -0.002256485 0.908789396
1439803825.698809 -0.173097789 -0.035900682 0.499578059 0.016554439 -0.435094416 -0.003579622 0.900225520
