1439803790.323158 0.000400554 -0.001692280 0.028390396 0.000197485 0.003908108 0.000295236 0.999992311
1439803790.385659 -0.000644102 -0.002733365 0.044095967 0.000091139 0.005911716 0.000032088 0.999982536
1439803790.448160 0.000276221 -0.006132169 0.077598542 0.000435008 0.011350949 0.000667378 0.999935269
1439803790.510661 0.003395442 -0.006122836 0.115491316 0.001169842 0.016683578 0.001109935 0.999859512
1439803790.573163 0.004093396 -0.008379396 0.146612689 0.000578461 0.021394907 0.001443913 0.999769866
1439803790.635664 0.005487079 -0.010210970 0.175886482 -0.000247182 0.026046524 0.000723276 0.999660432
1439803790.698170 0.008114997 -0.011492889 0.194303513 -0.001035325 0.028709460 0.000406189 0.999587178
1439803790.760667 0.010016669 -0.013143514 0.222895280 -0.001341277 0.033223093 -0.000108180 0.999447048
1439803790.823168 0.012826879 -0.014428901 0.250810891 -0.001630903 0.037437201 -0.000667830 0.999297440
1439803790.885669 0.015012853 -0.015885750 0.277440608 -0.001568506 0.041849799 -0.001665530 0.999121308
1439803790.948174 0.017885387 -0.017296046 0.305114925 -0.001764314 0.046445411 -0.002458732 0.998916268
1439803791.010673 0.021240670 -0.018721070 0.332454503 -0.002068225 0.050842527 -0.002682482 0.998700917
1439803791.073171 0.024470951 -0.020154836 0.360706091 -0.002270606 0.055577323 -0.002871843 0.998447657
1439803791.135672 0.027601440 -0.021837056 0.387991577 -0.002747456 0.060339652 -0.002713504 0.998170435
1439803791.198173 0.031531345 -0.023163471 0.415447563 -0.002820201 0.064916842 -0.002894199 0.997882485
1439803791.260673 0.035723858 -0.024653185 0.442320794 -0.002641046 0.069386199 -0.002383201 0.997583508
1439803791.323177 0.040136896 -0.026013982 0.469676077 -0.002796167 0.073899671 -0.002288442 0.997259140
1439803791.385674 0.045086455 -0.027132530 0.497061729 -0.002678142 0.078061357 -0.002425320 0.996941984
1439803791.448175 0.049934302 -0.028160529 0.522997618 -0.002520842 0.081823736 -0.002316745 0.996640921
1439803791.510675 0.054677673 -0.029809825 0.551794529 -0.002600603 0.086175427 -0.002159767 0.996274233
1439803791.573179 0.059481382 -0.030648481 0.578350186 -0.002216044 0.089864582 -0.001385285 0.995950580
1439803791.635681 0.065560311 -0.032335375 0.605404198 -0.002220041 0.093094215 -0.001222457 0.995654047
1439803791.698179 0.071212687 -0.034075085 0.632359266 -0.002593158 0.096340142 -0.000596040 0.995344937
1439803791.760681 0.076340057 -0.036437780 0.661143243 -0.004037778 0.099792905 0.000244390 0.995000005
1439803791.823182 0.082232326 -0.037368659 0.687132835 -0.003125201 0.102488302 0.000760108 0.994728982
1439803791.885683 0.088418245 -0.038743597 0.713789999 -0.003412770 0.104796104 0.001769156 0.994486332
1439803791.948184 0.094841033 -0.039987773 0.740507364 -0.003462920 0.107081108 0.002544386 0.994240999
1439803792.010685 0.101052843 -0.041481022 0.766496241 -0.002894132 0.109078266 0.003932044 0.994021177
1439803792.073186 0.107373901 -0.042604547 0.792396247 -0.002510388 0.110919535 0.005488412 0.993811071
1439803792.135687 0.113652118 -0.043789152 0.818935633 -0.003185724 0.113011286 0.006494144 0.993567407
1439803792.198188 0.120515928 -0.044638585 0.845635891 -0.004172875 0.115061238 0.007351430 0.993322432
1439803792.260690 0.126877815 -0.045921672 0.871687055 -0.005553337 0.117131539 0.007867374 0.993069708
1439803792.323190 0.133403510 -0.047196634 0.898213923 -0.007018412 0.119331621 0.008166466 0.992796063
1439803792.385692 0.140092477 -0.048385724 0.925402880 -0.007692385 0.121525697 0.008012243 0.992526114
1439803792.448195 0.146764904 -0.049545426 0.951676011 -0.007198849 0.123430945 0.007953479 0.992295206
1439803792.510694 0.153486624 -0.050664775 0.978350759 -0.005682055 0.125561044 0.007558964 0.992040813
1439803792.573210 0.160502091 -0.051769927 1.004309893 -0.004293727 0.127502650 0.007821689 0.991798103
1439803792.635696 0.167430520 -0.052922294 1.030431151 -0.003790099 0.129526451 0.007056080 0.991543591
1439803792.698206 0.174623206 -0.054094158 1.057196736 -0.003559526 0.131564990 0.006971397 0.991276622
1439803792.760701 0.181880787 -0.055073496 1.082862973 -0.003653873 0.133225352 0.006965758 0.991054535
1439803792.823200 0.189210981 -0.056532469 1.108721614 -0.003698684 0.134592071 0.007046532 0.990869105
1439803792.885704 0.196713135 -0.057798844 1.135276914 -0.003839667 0.135738209 0.007875396 0.990705967
1439803792.948202 0.204600066 -0.059107445 1.161347628 -0.003972284 0.136825413 0.008112110 0.990553975
1439803793.010705 0.211768270 -0.060124386 1.188095212 -0.003862961 0.138101205 0.008676999 0.990372598
1439803793.073206 0.219168872 -0.061421644 1.214675665 -0.004197436 0.139322191 0.008728153 0.990199745
1439803793.135708 0.227396205 -0.062659077 1.240908146 -0.005262557 0.140250131 0.008382449 0.990066648
1439803793.198209 0.234353244 -0.063991323 1.267200708 -0.005739672 0.141374007 0.008087020 0.989906549
1439803793.260711 0.241900668 -0.065058298 1.293478489 -0.006191317 0.142082721 0.008523578 0.989798725
1439803793.323210 0.249790415 -0.066418506 1.319331169 -0.006685525 0.142748728 0.008961947 0.989695787
1439803793.385712 0.258224666 -0.067568645 1.345938563 -0.007001649 0.143560380 0.009026939 0.989575624
1439803793.448213 0.265417457 -0.068535164 1.372691274 -0.006994470 0.144752026 0.009257644 0.989399910
1439803793.510715 0.273583144 -0.069498859 1.398781776 -0.006608060 0.145508781 0.009552523 0.989288747
1439803793.573216 0.281048119 -0.070646398 1.425638556 -0.006583753 0.146773547 0.009215450 0.989105284
1439803793.635716 0.289299130 -0.071864031 1.451422453 -0.006743630 0.147486046 0.009294174 0.988997459
1439803793.698216 0.297691822 -0.072957173 1.476585269 -0.006792467 0.147915438 0.009773249 0.988928378
1439803793.760721 0.305153847 -0.073835842 1.504650831 -0.006953101 0.149280682 0.009923326 0.988720596
1439803793.823218 0.313657016 -0.074792162 1.530230761 -0.007396148 0.149687931 0.009792768 0.988657117
1439803793.885718 0.321978807 -0.076229133 1.555870295 -0.007698179 0.150080249 0.009571657 0.988597512
1439803793.948220 0.329462051 -0.077037692 1.582763076 -0.007405550 0.150975883 0.009294563 0.988466024
1439803794.010721 0.338010937 -0.078049660 1.609090924 -0.006703283 0.151422337 0.008855049 0.988406777
1439803794.073225 0.346159160 -0.079063252 1.635202885 -0.005945295 0.151918575 0.008294288 0.988340318
1439803794.135724 0.353897840 -0.080251426 1.661524296 -0.005281853 0.152748019 0.007591048 0.988221884
1439803794.198225 0.361779690 -0.081470013 1.688074589 -0.004924852 0.153463334 0.007072161 0.988116741
1439803794.260726 0.370328844 -0.082552612 1.714543819 -0.004475656 0.153930619 0.006864321 0.988047659
1439803794.323229 0.378123403 -0.084110729 1.740865707 -0.004756163 0.154718593 0.006606574 0.987925053
1439803794.385728 0.386831403 -0.085111082 1.766708493 -0.004702502 0.154839501 0.006064354 0.987909853
1439803794.448230 0.395039260 -0.086208604 1.792833686 -0.005090638 0.155344605 0.005257221 0.987833261
1439803794.510735 0.403600216 -0.087734275 1.819288135 -0.006069053 0.155768558 0.004900747 0.987762749
1439803794.573233 0.411820143 -0.088833220 1.845801950 -0.006601299 0.156328425 0.004620067 0.987672269
1439803794.635733 0.420041114 -0.090036631 1.871675014 -0.006060325 0.156578898 0.004724902 0.987635553
1439803794.698233 0.428186655 -0.091016471 1.897324681 -0.005232320 0.156890735 0.004134373 0.987593472
1439803794.760737 0.436279535 -0.092566237 1.923555255 -0.004962365 0.157379746 0.003603978 0.987519145
1439803794.823239 0.445160270 -0.093627512 1.948729157 -0.004626896 0.157212988 0.003342963 0.987548232
1439803794.885740 0.453063816 -0.094540581 1.975236893 -0.005124343 0.157805175 0.002955125 0.987452567
1439803794.948241 0.461286843 -0.095607877 2.001282454 -0.006131402 0.158088282 0.003323296 0.987400353
1439803795.010742 0.469959915 -0.096876413 2.027439833 -0.007303193 0.158347934 0.004124010 0.987347782
1439803795.073243 0.478177786 -0.097960025 2.053099155 -0.008368402 0.158660620 0.003707872 0.987290740
1439803795.135743 0.486611128 -0.099176988 2.078904152 -0.008521701 0.159011766 0.003250554 0.987234533
1439803795.198244 0.495039701 -0.100523017 2.104792595 -0.007825319 0.159385875 0.003290546 0.987179875
1439803795.260749 0.503221869 -0.101616636 2.130671263 -0.006394747 0.159748167 0.003592679 0.987130523
1439803795.323248 0.512179494 -0.103411689 2.156036615 -0.004727953 0.159630731 0.003980999 0.987157464
1439803795.385749 0.520667672 -0.104598455 2.181274652 -0.002874895 0.159872666 0.004532440 0.987123013
1439803795.448251 0.529454827 -0.105554558 2.206665754 -0.001957819 0.160124257 0.006254768 0.987075090
1439803795.510751 0.537816525 -0.106694192 2.231486320 -0.003060170 0.160366550 0.006601657 0.987030685
1439803795.573253 0.545961857 -0.107588388 2.257780313 -0.005203354 0.161461636 0.005527078 0.986849785
1439803795.635754 0.554355264 -0.108984008 2.283278942 -0.007279149 0.162197307 0.005491953 0.986716211
1439803795.698270 0.563003004 -0.109857149 2.308930159 -0.008483712 0.162737057 0.006026443 0.986614585
1439803795.760757 0.571561396 -0.110908769 2.334049463 -0.008831300 0.163099542 0.006649671 0.986547709
1439803795.823258 0.580085933 -0.112019926 2.358970165 -0.008118969 0.163550720 0.006687786 0.986478865
1439803795.885762 0.588996351 -0.113222800 2.384680510 -0.006678954 0.164050847 0.006726386 0.986406326
1439803795.948262 0.597240567 -0.114283308 2.410092115 -0.005811374 0.164626420 0.006128388 0.986319840
1439803796.010762 0.605505109 -0.115268894 2.435466290 -0.005176413 0.165019542 0.005668688 0.986260414
1439803796.073265 0.614110708 -0.116389468 2.460443735 -0.004813469 0.165280238 0.005546060 0.986219287
1439803796.135763 0.622352421 -0.117283896 2.485368013 -0.004616932 0.165494204 0.005371917 0.986185312
1439803796.198267 0.631304681 -0.118368894 2.510823488 -0.004767543 0.165752441 0.005305365 0.986141622
1439803796.260765 0.639821827 -0.119692460 2.535711050 -0.005051000 0.166150376 0.005577370 0.986071706
1439803796.323265 0.648284554 -0.120685995 2.560910702 -0.004890586 0.166486084 0.006370990 0.986011088
1439803796.385766 0.656812489 -0.121757396 2.585682631 -0.004569939 0.166751266 0.007075813 0.985963047
1439803796.448268 0.665228248 -0.123048328 2.610799313 -0.004745114 0.167252392 0.007176205 0.985876560
1439803796.510769 0.673588574 -0.124134451 2.635835409 -0.004965039 0.167787910 0.007559728 0.985781610
1439803796.573270 0.682273149 -0.125450715 2.659109116 -0.005119469 0.168294236 0.007461797 0.985695243
1439803796.635772 0.691190362 -0.126495630 2.684906483 -0.004704255 0.168169841 0.007260125 0.985720098
1439803796.698275 0.700200200 -0.128130630 2.709628105 -0.004706815 0.168179899 0.007762452 0.985714495
1439803796.760774 0.709478080 -0.129019305 2.734647751 -0.005107096 0.168303102 0.007938812 0.985690117
1439803796.823281 0.717541814 -0.129898846 2.758945227 -0.005104802 0.168646947 0.008840605 0.985623658
1439803796.885779 0.726611733 -0.131017536 2.784096003 -0.005297995 0.168941379 0.009631874 0.985564828
1439803796.948280 0.735463262 -0.131680012 2.808802366 -0.005663237 0.169150785 0.009489930 0.985528231
1439803797.010781 0.744012296 -0.132779583 2.833912373 -0.005922329 0.169619426 0.009904668 0.985442102
1439803797.073281 0.752422214 -0.134097427 2.857908487 -0.006173925 0.169768661 0.010033894 0.985413492
1439803797.135783 0.761085331 -0.135067940 2.882545471 -0.005983213 0.169732228 0.010481399 0.985416293
1439803797.198285 0.770051837 -0.135986060 2.907020569 -0.006163144 0.169472367 0.010439625 0.985460401
1439803797.260790 0.778346896 -0.136999682 2.931645870 -0.006578914 0.169418111 0.010123760 0.985470295
1439803797.323290 0.786706746 -0.137848556 2.956083298 -0.006833922 0.169348598 0.009695744 0.985484838
1439803797.385789 0.795451760 -0.139453202 2.980667114 -0.007190468 0.169304401 0.009866555 0.985488176
1439803797.448293 0.803965092 -0.140314952 3.005077124 -0.006853444 0.169147193 0.010893255 0.985506773
1439803797.510790 0.812703550 -0.141475230 3.029818535 -0.006649622 0.169124052 0.011107417 0.985509753
1439803797.573291 0.821236372 -0.142488033 3.054272890 -0.006925581 0.169236451 0.011066657 0.985489011
1439803797.635794 0.829753578 -0.143378481 3.078939199 -0.007319215 0.169247389 0.010591763 0.985489547
1439803797.698292 0.838290155 -0.144805863 3.102724314 -0.007876411 0.168916151 0.009919559 0.985549033
1439803797.760792 0.846742392 -0.145297289 3.127546787 -0.007714180 0.168785512 0.009066296 0.985580921
1439803797.823298 0.855430663 -0.146448255 3.151848555 -0.007963406 0.168452963 0.009049194 0.985635996
1439803797.885794 0.863436282 -0.147326604 3.176196098 -0.008212958 0.168268427 0.009188415 0.985664189
1439803797.948294 0.871624827 -0.148454577 3.200434208 -0.008324544 0.168086961 0.009071444 0.985695243
1439803798.010795 0.879976988 -0.149488032 3.224972248 -0.008525053 0.168171644 0.008197776 0.985686779
1439803798.073295 0.888480425 -0.150590628 3.249014139 -0.008929870 0.168115318 0.007571228 0.985697806
1439803798.135797 0.896452487 -0.151184306 3.273310423 -0.008533986 0.168140799 0.007212233 0.985699654
1439803798.198299 0.904555261 -0.152106941 3.297608137 -0.008111814 0.168149054 0.006152712 0.985709012
1439803798.260798 0.912669778 -0.153019220 3.321917534 -0.007871211 0.168113381 0.005455490 0.985721171
1439803798.323302 0.920748770 -0.153839886 3.346219540 -0.008538695 0.168121979 0.004084262 0.985720754
1439803798.385803 0.928780556 -0.154734701 3.370453358 -0.009921300 0.167989165 0.001945296 0.985736966
1439803798.448304 0.936865032 -0.155598402 3.395304918 -0.010645717 0.167845055 0.000307034 0.985755861
1439803798.510803 0.945072055 -0.156556547 3.419178247 -0.011065336 0.167589858 0.000715708 0.985794425
1439803798.573308 0.953282297 -0.157594532 3.443311453 -0.009994255 0.167431891 0.001782564 0.985831380
1439803798.635806 0.961370230 -0.158962265 3.467401743 -0.007939466 0.167407274 0.001551728 0.985854626
1439803798.698308 0.969363153 -0.160104215 3.491191149 -0.005286545 0.167516068 0.000570119 0.985855043
1439803798.760812 0.977364480 -0.161396593 3.514874935 -0.003285420 0.167661667 -0.000174543 0.985839069
1439803798.823312 0.985495389 -0.162223548 3.539069891 -0.001562381 0.167681724 -0.000341676 0.985839903
1439803798.885812 0.993872643 -0.163454711 3.562418938 -0.001353320 0.166992828 0.000112433 0.985957205
1439803798.948313 1.002052307 -0.164672554 3.586480141 -0.002078402 0.166791379 0.000635557 0.985989809
1439803799.010817 1.010169625 -0.166032925 3.610462904 -0.003355229 0.166689917 0.001107592 0.986003041
1439803799.073318 1.018214464 -0.167405367 3.634197474 -0.004655490 0.166620865 0.001848818 0.986008286
1439803799.135818 1.026232481 -0.168387011 3.657984734 -0.005229927 0.166490629 0.002620482 0.986025691
1439803799.198321 1.034216642 -0.169676423 3.682025909 -0.005883886 0.166624695 0.002819510 0.985998809
1439803799.260823 1.042276263 -0.170863181 3.705456495 -0.006026047 0.166510031 0.004011324 0.986013174
1439803799.323322 1.050456643 -0.171719968 3.728782654 -0.006108973 0.166325986 0.004685390 0.986040771
1439803799.385824 1.058376551 -0.172791481 3.752330303 -0.006076554 0.166377157 0.004697309 0.986032307
1439803799.448325 1.066282868 -0.173867732 3.775650263 -0.005709491 0.166360259 0.004864711 0.986036479
1439803799.510826 1.074293375 -0.175112769 3.798182011 -0.005600212 0.166009143 0.004766950 0.986096799
1439803799.573329 1.081738114 -0.175609604 3.822968721 -0.005112510 0.166447803 0.004510705 0.986026704
1439803799.635829 1.089467406 -0.176660627 3.846308708 -0.005115964 0.166351929 0.003971304 0.986045182
1439803799.698330 1.097345829 -0.177496567 3.869929790 -0.005062213 0.166319162 0.004037843 0.986050665
1439803799.760832 1.105053663 -0.178286448 3.893623590 -0.005651808 0.166495427 0.004683522 0.986014903
1439803799.823334 1.112995148 -0.179189876 3.916736364 -0.006301905 0.166451380 0.004944181 0.986017108
1439803799.885834 1.120657086 -0.180265248 3.939260006 -0.006734833 0.166444480 0.004883814 0.986015737
1439803799.948336 1.128484011 -0.181254059 3.962911844 -0.006632553 0.166707233 0.005047240 0.985971212
1439803800.010841 1.136154056 -0.182360828 3.985611677 -0.006301802 0.166741922 0.004649697 0.985969484
1439803800.073339 1.143800139 -0.183296084 4.008621693 -0.005188972 0.166733429 0.004431504 0.985978365
1439803800.135840 1.151685119 -0.184549630 4.031109333 -0.004223143 0.166728497 0.004052197 0.985985458
1439803800.198342 1.159145236 -0.185576320 4.054429531 -0.003717355 0.167022064 0.003439553 0.985940158
1439803800.260843 1.166868925 -0.186579719 4.077038288 -0.003626023 0.166998878 0.003131622 0.985945404
1439803800.323345 1.174997091 -0.187880754 4.098997116 -0.003825827 0.166776597 0.002924496 0.985982955
1439803800.385845 1.182636023 -0.189029530 4.121585369 -0.004598647 0.167016566 0.002498197 0.985940218
1439803800.448361 1.190199971 -0.189546570 4.145451546 -0.005003261 0.167423040 0.002737838 0.985868633
1439803800.510849 1.198144197 -0.190433115 4.168869495 -0.005405455 0.167576253 0.003263894 0.985838890
1439803800.573350 1.205930233 -0.191535145 4.190903664 -0.005603760 0.167628914 0.003638468 0.985827506
1439803800.635851 1.213237882 -0.192302406 4.213949203 -0.005484769 0.168194979 0.004127162 0.985729814
1439803800.698354 1.220705509 -0.193210080 4.237570286 -0.005457449 0.168947592 0.004806597 0.985598207
1439803800.760853 1.228869200 -0.193964571 4.260093212 -0.005367224 0.169099525 0.005749441 0.985567570
1439803800.823353 1.237149119 -0.195477724 4.281716347 -0.005545019 0.168887928 0.007030019 0.985594571
1439803800.885855 1.244897008 -0.196678936 4.304502487 -0.005818296 0.169238001 0.008065773 0.985525012
1439803800.948356 1.252972603 -0.197416663 4.327159882 -0.006017301 0.169464111 0.009007778 0.985476792
1439803801.010854 1.260602474 -0.198542908 4.349115372 -0.006599525 0.169560716 0.009653364 0.985450387
1439803801.073358 1.267841816 -0.199579716 4.371613026 -0.006861374 0.169863343 0.009912465 0.985393882
1439803801.135856 1.276828170 -0.200318247 4.394747734 -0.006611117 0.169741526 0.010418115 0.985411346
1439803801.198356 1.284490347 -0.201374561 4.417312622 -0.006505088 0.170036674 0.010985776 0.985355020
1439803801.260870 1.292559385 -0.201989427 4.439252377 -0.006442999 0.169884115 0.011046788 0.985381126
1439803801.323358 1.300103307 -0.202817127 4.462652206 -0.006248712 0.170439824 0.010845155 0.985288620
1439803801.385857 1.308319449 -0.204346552 4.484737873 -0.005903427 0.170341715 0.011267707 0.985302925
1439803801.448361 1.316436291 -0.205277413 4.507047653 -0.004982577 0.170263514 0.012320521 0.985308945
1439803801.510860 1.324324131 -0.206381992 4.530187130 -0.004445684 0.170394644 0.013001094 0.985280097
1439803801.573362 1.332152605 -0.207350284 4.552203178 -0.004304084 0.170025155 0.013423726 0.985338867
1439803801.635863 1.339928985 -0.208271503 4.574770451 -0.004299906 0.169817179 0.014061118 0.985365868
1439803801.698366 1.347709656 -0.209286124 4.597137928 -0.004608359 0.169398099 0.014497358 0.985430300
1439803801.760866 1.355436563 -0.210255176 4.619269848 -0.005040354 0.168864384 0.014769670 0.985515714
1439803801.823367 1.363340974 -0.211214647 4.642209530 -0.005667858 0.168473244 0.014200746 0.985587656
1439803801.885867 1.371064425 -0.212098151 4.664625645 -0.006208444 0.167958915 0.013759122 0.985678434
1439803801.948368 1.378618240 -0.213015854 4.687142849 -0.006296255 0.167509213 0.013926491 0.985752046
1439803802.010869 1.386203051 -0.213981763 4.709397316 -0.005983434 0.166918501 0.013982177 0.985853374
1439803802.073369 1.393712640 -0.214935809 4.731523991 -0.005711369 0.166360185 0.013616309 0.985954523
1439803802.135870 1.401246309 -0.215944797 4.753801823 -0.005749136 0.165713876 0.013316925 0.986067176
1439803802.198376 1.408539772 -0.216928631 4.775927544 -0.006080058 0.165154263 0.012824886 0.986165643
1439803802.260875 1.415648580 -0.217858300 4.798135757 -0.006157250 0.164616004 0.012177887 0.986263335
1439803802.323375 1.422924757 -0.218741179 4.820427895 -0.006560429 0.164005563 0.011256000 0.986373365
1439803802.385874 1.430238962 -0.219672740 4.842679977 -0.007077966 0.163313523 0.010793990 0.986489773
1439803802.448374 1.437504172 -0.220583364 4.864634037 -0.007479935 0.162535027 0.010515264 0.986618400
1439803802.510876 1.444773436 -0.221460015 4.887234688 -0.007946119 0.161905572 0.009010839 0.986733079
1439803802.573377 1.451859593 -0.222504884 4.909075737 -0.008640955 0.161247045 0.007482540 0.986847878
1439803802.635878 1.458939791 -0.223255634 4.931781769 -0.009332473 0.160804808 0.005885880 0.986924529
1439803802.698380 1.466029525 -0.223982781 4.954005718 -0.009985292 0.160146028 0.004779461 0.987031281
1439803802.760883 1.472876072 -0.224832445 4.976359844 -0.010678739 0.159499258 0.002998083 0.987135708
1439803802.823382 1.479549646 -0.225477457 4.998743534 -0.011100915 0.158991501 0.000521351 0.987217367
1439803802.885888 1.486661911 -0.226622790 5.020649910 -0.010237219 0.158388197 -0.000106722 0.987323821
1439803802.948388 1.493814707 -0.227827415 5.042210102 -0.007649189 0.157882497 0.001059898 0.987427711
1439803803.010888 1.500708461 -0.228971064 5.064225197 -0.005075431 0.157730982 0.001124927 0.987468421
1439803803.073389 1.507622719 -0.230137676 5.086223125 -0.003446817 0.157570079 0.000631652 0.987501562
1439803803.135895 1.514464617 -0.231000781 5.107983112 -0.002729747 0.157644212 -0.000535948 0.987492085
1439803803.198391 1.521305561 -0.231949687 5.129722118 -0.003013048 0.157810822 -0.001238286 0.987463951
1439803803.260893 1.528248429 -0.232971996 5.151361465 -0.004619715 0.157652423 -0.001298124 0.987482965
1439803803.323396 1.535176992 -0.233980611 5.173308849 -0.006560666 0.157503322 -0.001011367 0.987496138
1439803803.385895 1.542270184 -0.235148653 5.195107460 -0.007836860 0.157479152 0.000148151 0.987491190
1439803803.448397 1.549347758 -0.236325920 5.216588974 -0.007419681 0.157568768 0.001849908 0.987478435
1439803803.510898 1.556468725 -0.237558514 5.237730503 -0.005630600 0.157646507 0.003507128 0.987473309
1439803803.573399 1.563334584 -0.238761082 5.258656979 -0.003844512 0.157861069 0.003776443 0.987446606
1439803803.635902 1.570303202 -0.239901453 5.280223370 -0.002714074 0.158125475 0.003312976 0.987409770
1439803803.698407 1.577094316 -0.240909681 5.301356316 -0.002187442 0.158474356 0.002982768 0.987356186
1439803803.760904 1.583963394 -0.241809547 5.322897434 -0.001884912 0.158637822 0.003355744 0.987329304
1439803803.823405 1.590841293 -0.242986083 5.343942642 -0.002044921 0.158615500 0.003959190 0.987330377
1439803803.885907 1.597953677 -0.244048476 5.365051270 -0.002734967 0.158517763 0.004883141 0.987340271
1439803803.948408 1.604833603 -0.245150015 5.385927677 -0.003421339 0.158563882 0.005363003 0.987328231
1439803804.010909 1.611736894 -0.246315271 5.406872272 -0.003602083 0.158597037 0.005944127 0.987318933
1439803804.073412 1.618459344 -0.247569203 5.427528858 -0.003195142 0.158787191 0.006314015 0.987287462
1439803804.135912 1.625343084 -0.248735040 5.448294640 -0.002607165 0.158973321 0.006282574 0.987259448
1439803804.198415 1.631975412 -0.249965727 5.468684196 -0.002369675 0.159141883 0.006842669 0.987229168
1439803804.260915 1.638954759 -0.250825465 5.489648819 -0.002068629 0.159055337 0.007394637 0.987239838
1439803804.323416 1.645620584 -0.251839250 5.509975910 -0.002137198 0.159058362 0.007707953 0.987236798
1439803804.385920 1.652264833 -0.252722442 5.531462193 -0.002784053 0.159250677 0.007405666 0.987206459
1439803804.448420 1.658997655 -0.253731787 5.551506996 -0.003372060 0.159137622 0.007948332 0.987218678
1439803804.510920 1.665562153 -0.254770249 5.572031498 -0.003896805 0.159025729 0.008279618 0.987232029
1439803804.573426 1.672190547 -0.255731761 5.592862606 -0.004148832 0.158865273 0.008471706 0.987255216
1439803804.635928 1.678879499 -0.256745696 5.612968445 -0.004264079 0.158411205 0.008533469 0.987327158
1439803804.698425 1.685331941 -0.257836342 5.632965565 -0.004286643 0.158115029 0.008488634 0.987374902
1439803804.760927 1.691703916 -0.258594126 5.653686523 -0.003556642 0.157951966 0.009266588 0.987396896
1439803804.823429 1.698421240 -0.259930998 5.673116207 -0.003593747 0.157490104 0.009412603 0.987469196
1439803804.885931 1.704882860 -0.260573506 5.693784237 -0.003930300 0.157259300 0.010003775 0.987498879
1439803804.948431 1.711036682 -0.261435896 5.713523865 -0.005183630 0.156960994 0.010270400 0.987537801
1439803805.010934 1.717380524 -0.262381881 5.732960224 -0.006489869 0.156714141 0.009559765 0.987576425
1439803805.073434 1.723500729 -0.263247132 5.753211975 -0.007333698 0.156563267 0.009670014 0.987593353
1439803805.135938 1.729527593 -0.263978034 5.772535324 -0.008018523 0.156237125 0.009483637 0.987641513
1439803805.198438 1.735513330 -0.264753520 5.792141438 -0.008511542 0.155890167 0.009463344 0.987692416
1439803805.260938 1.741486430 -0.265792906 5.810714245 -0.008564385 0.155430570 0.009152967 0.987767279
1439803805.323439 1.747253776 -0.266619444 5.829377174 -0.008100873 0.155215368 0.009382613 0.987802863
1439803805.385942 1.753304005 -0.267326564 5.847755909 -0.007502761 0.154812649 0.009784236 0.987866938
1439803805.448441 1.758409858 -0.267902792 5.866921425 -0.007101192 0.154958710 0.008913322 0.987855196
1439803805.510943 1.764835000 -0.269255310 5.884675026 -0.007153432 0.154408857 0.008872509 0.987941325
1439803805.573444 1.770257235 -0.269885749 5.902515888 -0.006805204 0.154213428 0.008720555 0.987975657
1439803805.635948 1.775653839 -0.270663768 5.920049667 -0.006722013 0.153859347 0.008778511 0.988030910
1439803805.698447 1.781242609 -0.271270424 5.938404083 -0.006895273 0.153594345 0.008499186 0.988073349
1439803805.760954 1.786688328 -0.272194862 5.955850124 -0.007491085 0.153245702 0.007757876 0.988129258
1439803805.823450 1.792068601 -0.272956073 5.973224640 -0.008077793 0.152872682 0.007181137 0.988186777
1439803805.885952 1.796998501 -0.273699135 5.990098476 -0.008566170 0.152602926 0.006730918 0.988227546
1439803805.948458 1.802227855 -0.274528325 6.007129669 -0.008653284 0.152036235 0.006887299 0.988313019
1439803806.010954 1.807353973 -0.276007056 6.024293900 -0.008949289 0.151639923 0.006905599 0.988371134
1439803806.073456 1.812480450 -0.276802808 6.040796280 -0.008800676 0.151081562 0.006825809 0.988458574
1439803806.135957 1.817180514 -0.277430922 6.057072163 -0.008882383 0.150831968 0.006237529 0.988499820
1439803806.198461 1.822238564 -0.278460532 6.073446274 -0.009089065 0.150390774 0.006069354 0.988566220
1439803806.260964 1.827391148 -0.278699189 6.090616226 -0.008732117 0.149929985 0.005365787 0.988643467
1439803806.323463 1.832250953 -0.279226959 6.106915951 -0.008264933 0.149132356 0.005620838 0.988766730
1439803806.385963 1.836742163 -0.279911786 6.123061180 -0.008411669 0.148333251 0.005161953 0.988888204
1439803806.448464 1.841796756 -0.280691803 6.138555527 -0.008534955 0.147037938 0.004678032 0.989082992
1439803806.510966 1.845470548 -0.281309038 6.154350758 -0.009292554 0.146326542 0.003767478 0.989185512
1439803806.573470 1.849800825 -0.281949639 6.169856548 -0.010009326 0.145294085 0.002845489 0.989333808
1439803806.635967 1.853969574 -0.282643497 6.185321331 -0.010515087 0.144329667 0.001901242 0.989471972
1439803806.698467 1.858041048 -0.283262342 6.200529575 -0.010539838 0.143373743 0.001450267 0.989611387
1439803806.760968 1.862261772 -0.284031957 6.215663910 -0.010299712 0.142505184 0.001250386 0.989739716
1439803806.823469 1.866439223 -0.284719944 6.230291843 -0.009838461 0.141670391 0.001665225 0.989863575
1439803806.885969 1.870304227 -0.285443932 6.244666100 -0.009947779 0.141139090 0.001533142 0.989938617
1439803806.948477 1.874426603 -0.286085904 6.259150028 -0.010130045 0.140440986 0.001625565 0.990035892
1439803807.010970 1.878422260 -0.286691785 6.273731709 -0.010299058 0.139921784 0.001055745 0.990108430
1439803807.073470 1.882210732 -0.287135959 6.287952423 -0.010093998 0.139446363 0.000354982 0.990178108
1439803807.135972 1.885936260 -0.287595451 6.301899910 -0.009981509 0.139128476 -0.000505568 0.990223885
1439803807.198473 1.889422655 -0.288115680 6.315821171 -0.010385046 0.139172703 -0.001513491 0.990212500
1439803807.260975 1.893089652 -0.288748920 6.329554081 -0.011062989 0.139197245 -0.002208168 0.990200400
1439803807.323479 1.896796346 -0.289127111 6.343178272 -0.011722965 0.139185533 -0.002697690 0.990193248
1439803807.385976 1.900518894 -0.289630890 6.356178284 -0.012374678 0.139064670 -0.002515757 0.990202785
1439803807.448476 1.904229641 -0.290215194 6.369202137 -0.012959898 0.139234200 -0.002681356 0.990171015
1439803807.510977 1.907880545 -0.290769666 6.381915569 -0.013188787 0.139368013 -0.002626531 0.990149379
1439803807.635978 1.914850950 -0.291833520 6.408294678 -0.014054620 0.139890030 -0.004763862 0.990055859
1439803807.698477 1.918186188 -0.292311251 6.420448780 -0.014673846 0.140024573 -0.006248372 0.990019560
1439803807.760979 1.921190262 -0.292456210 6.431797028 -0.014538058 0.140262052 -0.006753925 0.989984632
1439803807.823481 1.924634695 -0.293033957 6.443525791 -0.013754106 0.140219837 -0.005785803 0.990007937
1439803807.885983 1.927822709 -0.293388903 6.455104828 -0.012737905 0.140400946 -0.004295285 0.990003467
1439803807.948489 1.931261420 -0.294055641 6.466032982 -0.012045681 0.140351444 -0.003555187 0.990022063
1439803808.010990 1.934499264 -0.294623494 6.477149010 -0.011310724 0.140337169 -0.003285986 0.990033686
1439803808.073493 1.937427282 -0.295137465 6.488207340 -0.010898305 0.140209109 -0.003891422 0.990054309
1439803808.135988 1.940313458 -0.295421124 6.499086857 -0.010111395 0.140013754 -0.003963613 0.990090013
1439803808.198492 1.942956328 -0.296191752 6.508820057 -0.009821922 0.139906853 -0.005095620 0.990102828
1439803808.260989 1.946000695 -0.296743333 6.519193649 -0.008722294 0.139915481 -0.005781721 0.990108132
1439803808.323489 1.948803544 -0.297423452 6.529416561 -0.008009141 0.140231386 -0.006636967 0.990064144
1439803808.385991 1.951681018 -0.297922879 6.539260387 -0.007212375 0.140290961 -0.006710628 0.990061283
1439803808.448491 1.954410911 -0.297986954 6.550081730 -0.006405840 0.140695125 -0.006330844 0.990012050
1439803808.510990 1.957086802 -0.298787415 6.558710575 -0.006702024 0.140322536 -0.005521863 0.990067780
1439803808.573493 1.960087895 -0.299224824 6.568675518 -0.006756991 0.140087858 -0.004809132 0.990104318
1439803808.635993 1.963049293 -0.299713075 6.577692986 -0.006898165 0.139782071 -0.003911149 0.990150511
1439803808.698492 1.965736628 -0.300103635 6.587061882 -0.006989954 0.139918983 -0.003431269 0.990132332
1439803808.760994 1.968376040 -0.300384551 6.596462250 -0.006957420 0.140182048 -0.003398663 0.990095437
1439803808.823494 1.970795155 -0.300819725 6.606088161 -0.007078125 0.140678331 -0.004222472 0.990021050
1439803808.885994 1.973613024 -0.301183671 6.615275860 -0.006965754 0.140583113 -0.004424747 0.990034461
1439803808.948497 1.975991011 -0.301587403 6.623482227 -0.007123192 0.140227482 -0.004177750 0.990084887
1439803809.010997 1.978701591 -0.302092314 6.632753372 -0.007571064 0.140096977 -0.004156919 0.990100086
1439803809.073498 1.980888724 -0.301976472 6.642548561 -0.006991077 0.140602559 -0.003254882 0.990036130
1439803809.136005 1.983590007 -0.302814990 6.650128365 -0.007076280 0.140238002 -0.002382464 0.990089655
1439803809.198500 1.986005425 -0.303122669 6.658689022 -0.006526798 0.140038207 -0.001914132 0.990122736
1439803809.261000 1.988249660 -0.303428650 6.667681217 -0.006311656 0.140142187 -0.001720818 0.990109801
1439803809.323501 1.990818143 -0.303977430 6.675770760 -0.006424591 0.139880180 -0.001471125 0.990146518
1439803809.386004 1.993108273 -0.304279536 6.684537411 -0.006401044 0.140017360 -0.001668256 0.990126967
1439803809.448503 1.995845914 -0.304864258 6.692698956 -0.006254883 0.139635369 -0.001691865 0.990181804
1439803809.511005 1.998232961 -0.305115312 6.700919628 -0.005742264 0.139576778 -0.001753522 0.990193069
1439803809.573506 2.000452757 -0.305825859 6.709618092 -0.005463645 0.139686480 -0.001991826 0.990178704
1439803809.636006 2.002559900 -0.306321234 6.717927456 -0.005278911 0.139667287 -0.001946588 0.990182459
1439803809.698507 2.005088091 -0.306807309 6.726273537 -0.005115812 0.139469147 -0.001541663 0.990212023
1439803809.761009 2.007557869 -0.307280362 6.734807968 -0.004937954 0.139246881 -0.001064980 0.990244806
1439803809.823512 2.010223389 -0.307526439 6.743175507 -0.004449072 0.138919741 -0.000685542 0.990293384
1439803809.886012 2.012387514 -0.307963014 6.752309799 -0.003830292 0.139324471 -0.000478832 0.990239263
1439803809.948513 2.014879465 -0.308398068 6.760869503 -0.003462331 0.139135659 -0.000412220 0.990267158
1439803810.011014 2.017241955 -0.308860511 6.769465923 -0.003313573 0.139141291 -0.000504469 0.990266860
1439803810.073520 2.019558907 -0.309199214 6.778783798 -0.003235501 0.139309883 -0.000950539 0.990243077
1439803810.136017 2.022212267 -0.309669435 6.787768364 -0.003210378 0.139172062 -0.000884976 0.990262628
1439803810.198518 2.024810553 -0.309986144 6.796786785 -0.003402619 0.139043957 -0.000736228 0.990280092
1439803810.261023 2.027327776 -0.310440898 6.805472374 -0.003383400 0.138765126 -0.000238725 0.990319490
1439803810.323525 2.029738188 -0.310745835 6.815355778 -0.003047645 0.138994709 -0.000061425 0.990288436
1439803810.386025 2.032461882 -0.311378926 6.823918343 -0.003066463 0.138671145 0.000144429 0.990333736
1439803810.448527 2.035155296 -0.311878502 6.833006382 -0.003152857 0.138520285 0.000558883 0.990354419
1439803810.511025 2.037734985 -0.312382460 6.842032909 -0.003195323 0.138274387 0.000958477 0.990388334
1439803810.573527 2.040092945 -0.312862545 6.851774693 -0.003082046 0.138442218 0.000965578 0.990365267
1439803810.636029 2.042747736 -0.313352168 6.861087322 -0.003037901 0.138357982 0.001103678 0.990377009
1439803810.698532 2.045383215 -0.313765943 6.870448589 -0.003100890 0.138263136 0.001752682 0.990389168
1439803810.761035 2.048238516 -0.314334989 6.879804134 -0.003304138 0.138175979 0.002223652 0.990399659
1439803810.823532 2.050741434 -0.314595670 6.889755249 -0.003454735 0.138196081 0.002079649 0.990396678
1439803810.886035 2.053476095 -0.315018833 6.899215698 -0.003469757 0.137962401 0.002483577 0.990428269
1439803810.948536 2.056184053 -0.315750957 6.909049034 -0.003509725 0.138052791 0.002779055 0.990414739
1439803811.011035 2.058883190 -0.316321343 6.918682098 -0.003022691 0.137941197 0.003035079 0.990431190
1439803811.073535 2.061684847 -0.316665143 6.928734303 -0.002514195 0.137725070 0.003244197 0.990462005
1439803811.136037 2.064545870 -0.316965222 6.938698292 -0.002300031 0.137289435 0.003553105 0.990521908
1439803811.198537 2.067237139 -0.317654103 6.948747635 -0.002503456 0.136979997 0.003658982 0.990563869
1439803811.261037 2.070038557 -0.318090975 6.958866596 -0.002337943 0.136459664 0.004216917 0.990633905
1439803811.323538 2.072917223 -0.318555474 6.969235897 -0.002234666 0.136215180 0.004465109 0.990666687
1439803811.386038 2.075708389 -0.319091558 6.979585648 -0.002188901 0.135972217 0.004808338 0.990698576
1439803811.448538 2.078603983 -0.319656461 6.989916325 -0.001904162 0.135506928 0.005737180 0.990757942
1439803811.511040 2.081506252 -0.320193052 6.999973297 -0.001561371 0.134869158 0.006939109 0.990837872
1439803811.573542 2.084460974 -0.320508301 7.011252880 -0.001199338 0.134442523 0.007317022 0.990893662
1439803811.636043 2.087167501 -0.321029216 7.021842003 -0.001296034 0.133960128 0.007124047 0.990960240
1439803811.698548 2.089986801 -0.321387231 7.033071518 -0.001657210 0.133484125 0.006748381 0.991026580
1439803811.761051 2.092706919 -0.321835071 7.044052601 -0.002277681 0.132921666 0.006238653 0.991104305
1439803811.823550 2.095521450 -0.322372884 7.055313110 -0.003031334 0.132401705 0.005587461 0.991175711
1439803811.886048 2.098268747 -0.322899848 7.066668987 -0.003777887 0.131932378 0.004839407 0.991239727
1439803811.948552 2.101015091 -0.323470652 7.077771664 -0.004139502 0.131442472 0.004709137 0.991303980
1439803812.011053 2.103926420 -0.323955595 7.089160919 -0.004119517 0.130915597 0.005257904 0.991371036
1439803812.073553 2.106906891 -0.324512124 7.100574493 -0.004160287 0.130325839 0.005858903 0.991445184
1439803812.136058 2.109871626 -0.325103402 7.111956596 -0.004376231 0.129717767 0.006306757 0.991521239
1439803812.198557 2.112856627 -0.325565040 7.123472214 -0.004556585 0.129132912 0.007084234 0.991591513
1439803812.261058 2.115835905 -0.326197356 7.134985924 -0.004668044 0.128743589 0.007333862 0.991639793
1439803812.323558 2.118826628 -0.326649070 7.146716118 -0.004536041 0.128627196 0.007239639 0.991656244
1439803812.386060 2.121735096 -0.326973319 7.158473015 -0.004309947 0.128750622 0.006723999 0.991644859
1439803812.448562 2.124716997 -0.327556551 7.170111179 -0.004050546 0.128806680 0.006473813 0.991640329
1439803812.511063 2.127769470 -0.328161657 7.181699753 -0.003700893 0.128804550 0.006152002 0.991644025
1439803812.573565 2.130802393 -0.328648359 7.193520546 -0.003142071 0.128950208 0.005687909 0.991629779
1439803812.636064 2.133875370 -0.329034299 7.205539227 -0.002643067 0.129227415 0.005544610 0.991595984
1439803812.698564 2.136856556 -0.329586029 7.218092442 -0.002581524 0.129701525 0.005250679 0.991535842
1439803812.761066 2.140187740 -0.330253959 7.230043411 -0.002797215 0.129825056 0.005138564 0.991519630
1439803812.823567 2.143462181 -0.330722272 7.242363930 -0.002811698 0.130273223 0.005130076 0.991460860
1439803812.886070 2.146775723 -0.331134707 7.255265713 -0.002535334 0.130841613 0.005422023 0.991385221
1439803812.948570 2.150372267 -0.332013041 7.267250061 -0.002451743 0.131136730 0.005771126 0.991344452
1439803813.011086 2.154756069 -0.333003342 7.282987595 -0.000488664 0.133283719 0.007025089 0.991052926
1439803813.073573 2.157215834 -0.333205879 7.292702198 -0.002315191 0.131876990 0.006160264 0.991244256
1439803813.136076 2.160677433 -0.333743274 7.305986404 -0.002095796 0.132088616 0.006242404 0.991216063
1439803813.198575 2.164170027 -0.334380031 7.318901062 -0.002032228 0.132073238 0.006103695 0.991219103
1439803813.261076 2.167559624 -0.334895045 7.332418442 -0.002384168 0.132225648 0.005361129 0.991202235
1439803813.323577 2.171083927 -0.335537255 7.345790863 -0.002633193 0.132305786 0.005127136 0.991192222
1439803813.386077 2.174556494 -0.336031914 7.359287739 -0.002705134 0.132339910 0.005117579 0.991187513
1439803813.448578 2.177928686 -0.336626172 7.373038769 -0.002660445 0.132351115 0.005523110 0.991183937
1439803813.511078 2.181571007 -0.337151587 7.386461258 -0.002573783 0.132013395 0.005633792 0.991228580
1439803813.573579 2.185268402 -0.337736547 7.400848866 -0.002349406 0.131911039 0.005886479 0.991241276
1439803813.636080 2.188962221 -0.338390291 7.415005207 -0.002123583 0.131776705 0.006077169 0.991258502
1439803813.698580 2.192325115 -0.339741915 7.428472519 -0.002414129 0.131698579 0.006165577 0.991267681
1439803813.761083 2.196387053 -0.340017259 7.442731380 -0.002221538 0.131510258 0.006429296 0.991291463
1439803813.823587 2.199839354 -0.340563416 7.457238197 -0.002107849 0.131546766 0.006463660 0.991286635
1439803813.886086 2.203927040 -0.341238379 7.471389771 -0.002213259 0.131251991 0.006290792 0.991326630
1439803813.948587 2.207650900 -0.341904074 7.485865116 -0.002192355 0.131215960 0.006027603 0.991333067
1439803814.011087 2.211717844 -0.342148542 7.501007557 -0.001919285 0.131315768 0.006360360 0.991318345
1439803814.073588 2.215206623 -0.343050271 7.516409397 -0.002404008 0.131839529 0.006089882 0.991249442
1439803814.136092 2.219370842 -0.343647331 7.530990124 -0.002538064 0.131879628 0.006713758 0.991239727
1439803814.198591 2.223386765 -0.344506919 7.546246529 -0.002894700 0.132035777 0.007280056 0.991213977
1439803814.261105 2.227381706 -0.345016271 7.561547756 -0.003177400 0.132071942 0.007693947 0.991205156
1439803814.323597 2.231572151 -0.345877558 7.577019215 -0.003686573 0.132142097 0.007836929 0.991192937
1439803814.386098 2.235571146 -0.346300125 7.592420101 -0.004034059 0.132410645 0.007736044 0.991156518
1439803814.448601 2.239836693 -0.347056538 7.608208656 -0.004734226 0.132515579 0.007381047 0.991142094
1439803814.511100 2.244004250 -0.347720027 7.623769283 -0.005467757 0.132555649 0.006852000 0.991136789
1439803814.573602 2.248139620 -0.348382592 7.639879704 -0.006203851 0.132597566 0.006674610 0.991128087
1439803814.636101 2.252624750 -0.348939717 7.655262947 -0.006308505 0.132312089 0.007352048 0.991160810
1439803814.698602 2.256963015 -0.349564761 7.672199726 -0.006498133 0.132571861 0.007607864 0.991122901
1439803814.761105 2.261352777 -0.350250125 7.687864304 -0.006547062 0.132629439 0.007775310 0.991113603
1439803814.823605 2.265675783 -0.350925744 7.704610348 -0.006536035 0.132863671 0.007500767 0.991084397
1439803814.886107 2.270008326 -0.351750314 7.720414162 -0.006406738 0.132887781 0.007541398 0.991081715
1439803814.948611 2.274608850 -0.352270663 7.737596035 -0.005866180 0.133013949 0.007335361 0.991069674
1439803815.011112 2.278905869 -0.352942765 7.753956795 -0.005356930 0.133074015 0.006671711 0.991069138
1439803815.073609 2.283411741 -0.353629738 7.771097660 -0.004991737 0.133259460 0.005979569 0.991050601
1439803815.136109 2.287998915 -0.354115576 7.787697315 -0.004834287 0.133182749 0.005823027 0.991062582
1439803815.198613 2.292629004 -0.354937583 7.805336952 -0.005172647 0.133318499 0.005789505 0.991042852
1439803815.261112 2.297137737 -0.355641425 7.822467327 -0.005244500 0.133414567 0.005899205 0.991028905
1439803815.323610 2.301851749 -0.356354594 7.840437889 -0.005110379 0.133502111 0.005619679 0.991019428
1439803815.386112 2.306491613 -0.357074469 7.857496738 -0.004961687 0.133524746 0.005509599 0.991017699
1439803815.448612 2.311167240 -0.357910544 7.875388622 -0.005003796 0.133697957 0.005128269 0.990996242
1439803815.511115 2.315654993 -0.358716309 7.892896175 -0.005174560 0.133938879 0.004390839 0.990966380
1439803815.573616 2.320478439 -0.359407037 7.910700321 -0.005070516 0.133874521 0.004407200 0.990975499
1439803815.636117 2.324977398 -0.360154271 7.928015709 -0.004826436 0.133861020 0.004507274 0.990978122
1439803815.698617 2.329741955 -0.360753119 7.944926739 -0.004337641 0.133371696 0.004358162 0.991047025
1439803815.761119 2.334499359 -0.361738712 7.963416576 -0.004855691 0.133569688 0.003147415 0.991022527
1439803815.823619 2.338769197 -0.362325847 7.981510162 -0.005142559 0.133858755 0.002577097 0.990983725
1439803815.886120 2.343833447 -0.363261700 7.998764515 -0.005129283 0.133396700 0.002702125 0.991045773
1439803815.948622 2.348424435 -0.363990247 8.016481400 -0.005200711 0.133234367 0.002561827 0.991067588
1439803816.011125 2.353194714 -0.365083605 8.034018517 -0.005738359 0.133034080 0.001865324 0.991093099
1439803816.073625 2.357738018 -0.366110444 8.051268578 -0.006040895 0.132998049 0.001392682 0.991096914
1439803816.136126 2.362543106 -0.366624206 8.069144249 -0.005907121 0.132868707 0.001432569 0.991114974
1439803816.198627 2.367112875 -0.367358506 8.086894035 -0.006259078 0.132867888 0.001409572 0.991112947
1439803816.261129 2.371971846 -0.368079275 8.104280472 -0.006285256 0.132486105 0.001555426 0.991163731
1439803816.323630 2.376581669 -0.368869931 8.121931076 -0.006149038 0.132373005 0.001240008 0.991180122
1439803816.386131 2.381158352 -0.369800121 8.139687538 -0.006114110 0.132329285 0.000505994 0.991186798
1439803816.448633 2.385637045 -0.370364487 8.157258987 -0.005866528 0.132298484 -0.000045972 0.991192579
1439803816.511134 2.390053272 -0.370992243 8.175161362 -0.005789162 0.132300079 -0.000382507 0.991192698
1439803816.573636 2.394692659 -0.371600121 8.192435265 -0.005689155 0.131940767 -0.000564144 0.991241097
1439803816.636137 2.399364471 -0.372633517 8.210363388 -0.005816644 0.131861880 -0.001556186 0.991249800
1439803816.698638 2.403828859 -0.373463899 8.227981567 -0.005884734 0.131896883 -0.002446393 0.991242945
1439803816.761143 2.408692837 -0.374211013 8.245737076 -0.005838482 0.131866395 -0.002922189 0.991245985
1439803816.823639 2.413159847 -0.374847144 8.264168739 -0.006007094 0.132066846 -0.003948037 0.991214752
1439803816.886140 2.417794228 -0.375694245 8.281786919 -0.006330335 0.131994247 -0.004179752 0.991221428
1439803816.948644 2.422416925 -0.376617014 8.299752235 -0.006353430 0.132087991 -0.004673187 0.991206646
1439803817.011141 2.427091837 -0.377445042 8.317522049 -0.005922624 0.132029086 -0.005179066 0.991214633
1439803817.073642 2.431638956 -0.378218830 8.335611343 -0.005712265 0.132179976 -0.005665051 0.991193056
1439803817.136146 2.436695099 -0.379034102 8.354093552 -0.005248876 0.132034421 -0.005223142 0.991217494
1439803817.198646 2.441320181 -0.379931927 8.372209549 -0.004713589 0.132126495 -0.005737289 0.991205037
1439803817.261148 2.446166992 -0.380781025 8.390477180 -0.003863878 0.132041559 -0.006202488 0.991217256
1439803817.323648 2.450927019 -0.381653398 8.408823013 -0.003631738 0.132041201 -0.006050143 0.991219103
1439803817.386147 2.455640316 -0.382444650 8.427246094 -0.004173896 0.131930709 -0.005847722 0.991232872
1439803817.448650 2.460421324 -0.383109480 8.445829391 -0.004897590 0.131781921 -0.005860118 0.991249323
1439803817.511151 2.465389252 -0.384015620 8.464303017 -0.005190073 0.131594047 -0.005077298 0.991277099
1439803817.573654 2.470313311 -0.384954453 8.482621193 -0.004919303 0.131357834 -0.003946178 0.991314948
1439803817.636165 2.475087881 -0.385748982 8.501515388 -0.005095459 0.131314740 -0.003773064 0.991320431
1439803817.698654 2.479956388 -0.386696219 8.520030022 -0.005681557 0.131046221 -0.003634168 0.991353333
1439803817.761159 2.484771490 -0.387550384 8.538700104 -0.006548457 0.130788758 -0.003306883 0.991383135
1439803817.823657 2.489639521 -0.388367951 8.557511330 -0.006557686 0.130449578 -0.003082966 0.991428435
1439803817.886158 2.494389057 -0.389101118 8.576283455 -0.006156246 0.130165443 -0.003026806 0.991468549
1439803817.948659 2.499426126 -0.390040427 8.594938278 -0.005746691 0.129777253 -0.001864572 0.991524756
1439803818.011161 2.504235983 -0.390792012 8.614082336 -0.005146333 0.129576132 -0.000874914 0.991555750
1439803818.073662 2.509112597 -0.391768396 8.632904053 -0.004700596 0.129262596 -0.000533794 0.991599083
1439803818.136163 2.513828278 -0.392593443 8.652073860 -0.003951706 0.129176915 -0.000504712 0.991613567
1439803818.198665 2.518610954 -0.393595487 8.670815468 -0.003246559 0.128971040 -0.000615037 0.991642833
1439803818.261166 2.523194075 -0.394377351 8.689965248 -0.002761713 0.128972620 -0.001230272 0.991643548
1439803818.323667 2.527940512 -0.395295501 8.708622932 -0.002724515 0.128693566 -0.001288451 0.991679847
1439803818.386169 2.532881975 -0.396254033 8.727649689 -0.002782295 0.128161117 -0.000802649 0.991749167
1439803818.448670 2.537818670 -0.397141993 8.746541023 -0.002683193 0.127636373 -0.000204745 0.991817415
1439803818.511175 2.542655945 -0.398326904 8.765194893 -0.002632663 0.127314553 -0.000244999 0.991858840
1439803818.573673 2.547500610 -0.399327874 8.784632683 -0.002439309 0.127256081 0.000119761 0.991866887
1439803818.636176 2.552430153 -0.400443107 8.803560257 -0.002612353 0.126942351 0.000353382 0.991906583
1439803818.698678 2.557108641 -0.401362479 8.822897911 -0.002332043 0.126791418 0.000752856 0.991926372
1439803818.761178 2.562058449 -0.402433544 8.841773033 -0.001781236 0.126492485 0.000595217 0.991965771
1439803818.823678 2.567452431 -0.402868450 8.861446381 -0.001305560 0.125465274 -0.000137679 0.992097139
1439803818.886179 2.572163582 -0.403789282 8.880572319 -0.001246114 0.125288740 0.000015599 0.992119551
1439803818.948681 2.576249361 -0.405142784 8.900321960 -0.001330259 0.126306117 0.000835406 0.991990089
1439803819.011186 2.581199646 -0.406400681 8.919575691 -0.001413971 0.126141518 0.000805565 0.992010891
1439803819.073684 2.586166382 -0.407454759 8.938672066 -0.001154191 0.125971720 0.001315466 0.992032290
1439803819.136189 2.591240883 -0.408630937 8.958048820 -0.001377497 0.125837758 0.001563803 0.992048621
1439803819.198687 2.595993996 -0.409454972 8.977750778 -0.001749027 0.125998840 0.001622759 0.992027521
1439803819.261188 2.600865602 -0.410323054 8.997438431 -0.001674029 0.125985190 0.002630699 0.992027223
1439803819.323690 2.606132507 -0.411386937 9.016883850 -0.001812791 0.125581414 0.003023517 0.992077053
1439803819.386205 2.610946655 -0.412084103 9.036746025 -0.002090733 0.125633135 0.002945962 0.992070198
1439803819.448693 2.615908146 -0.413226008 9.056537628 -0.003047949 0.125563905 0.002376394 0.992078006
1439803819.511194 2.620864153 -0.414206177 9.076045990 -0.004009498 0.125370041 0.001948264 0.992100060
1439803819.573695 2.625879526 -0.415008098 9.095729828 -0.004786834 0.125122622 0.002056573 0.992127597
1439803819.636197 2.630744696 -0.415824234 9.115600586 -0.005406782 0.125082925 0.001874311 0.992129803
1439803819.698697 2.635660172 -0.416832328 9.135268211 -0.006105203 0.124949209 0.001309472 0.992143452
1439803819.761199 2.640485287 -0.417877078 9.155079842 -0.006503889 0.124981433 0.000952807 0.992137313
1439803819.823703 2.645322800 -0.418692231 9.174572945 -0.006739003 0.124950789 0.001187089 0.992139339
1439803819.886204 2.650220871 -0.419448793 9.194410324 -0.006858955 0.125171572 0.001212250 0.992110670
1439803819.948703 2.655238867 -0.420402884 9.213857651 -0.006820966 0.125416666 0.001027474 0.992080152
1439803820.011205 2.659862041 -0.421239495 9.233163834 -0.006842760 0.125938177 0.000060505 0.992014527
1439803820.073706 2.664735794 -0.422058970 9.252813339 -0.006742911 0.126402721 -0.000460559 0.991955996
1439803820.136209 2.669532776 -0.422996461 9.271971703 -0.006403335 0.126722649 -0.001063055 0.991916955
1439803820.198708 2.674342871 -0.423871815 9.291575432 -0.006155584 0.127093405 -0.001665856 0.991870224
1439803820.261210 2.679352522 -0.424739540 9.310417175 -0.005878938 0.127138168 -0.001825597 0.991865933
1439803820.323712 2.684217930 -0.425607264 9.329834938 -0.005644410 0.127477750 -0.002339582 0.991822600
1439803820.386213 2.689088345 -0.426667392 9.348433495 -0.005045669 0.127602279 -0.002089994 0.991810381
1439803820.448715 2.693956137 -0.427699924 9.367296219 -0.004759609 0.127792493 -0.001959643 0.991787553
1439803820.511214 2.698787212 -0.428419113 9.386075020 -0.004920262 0.128079459 -0.002172870 0.991749287
1439803820.573714 2.703424692 -0.429103464 9.405072212 -0.005489301 0.128547043 -0.003033564 0.991683543
1439803820.636216 2.708175659 -0.430079103 9.423065186 -0.005805765 0.128627852 -0.002819095 0.991671920
1439803820.698716 2.712765932 -0.430952936 9.441341400 -0.006096935 0.128715739 -0.002268814 0.991660178
1439803820.761217 2.717195511 -0.431883365 9.458424568 -0.006453655 0.128403232 -0.001884976 0.991699278
1439803820.823720 2.722176552 -0.432967603 9.477336884 -0.006597553 0.128090650 -0.001128542 0.991739869
1439803820.886218 2.726513863 -0.433861107 9.495065689 -0.006866982 0.127555430 -0.000972723 0.991807163
1439803820.948722 2.730915546 -0.434805393 9.512592316 -0.007413786 0.126853794 -0.001236267 0.991892934
1439803821.011219 2.734909296 -0.435519874 9.529873848 -0.007731496 0.126109913 -0.000908490 0.991985738
1439803821.073719 2.740700483 -0.441159427 9.547451973 -0.012458528 0.124199025 -0.001474073 0.992178023
1439803821.136219 2.743850470 -0.436884820 9.565791130 -0.007514568 0.124950580 -0.001741903 0.992132962
1439803821.198722 2.747978926 -0.437614620 9.583338737 -0.007262728 0.124509133 -0.002008419 0.992189825
1439803821.261221 2.752155781 -0.438348889 9.599952698 -0.007222996 0.123732567 -0.002556003 0.992286026
1439803821.323722 2.755802393 -0.439580768 9.617383003 -0.007327189 0.123280145 -0.002909407 0.992340565
1439803821.386223 2.759968281 -0.440859854 9.633366585 -0.006850100 0.122490667 -0.003115100 0.992441177
1439803821.448722 2.763576746 -0.441497564 9.650917053 -0.006052511 0.122217581 -0.003251529 0.992479563
1439803821.511223 2.767482042 -0.442323267 9.667145729 -0.005822565 0.121756293 -0.003303227 0.992537439
1439803821.573725 2.771371603 -0.443165302 9.683364868 -0.005942372 0.121222615 -0.003172385 0.992602527
1439803821.636228 2.775248289 -0.443889976 9.699438095 -0.005860602 0.120634824 -0.002468775 0.992676556
1439803821.698727 2.779011726 -0.444511294 9.715502739 -0.005908278 0.120129757 -0.002136773 0.992738307
1439803821.761229 2.782626867 -0.445284903 9.731305122 -0.006208865 0.119730532 -0.002296591 0.992784321
1439803821.823729 2.786314487 -0.446025312 9.747042656 -0.006548783 0.119361833 -0.001968052 0.992827296
1439803821.886232 2.789921761 -0.446721792 9.762368202 -0.006811986 0.118925974 -0.001795496 0.992878139
1439803821.948732 2.793505430 -0.447565436 9.777954102 -0.007062871 0.118509971 -0.001830446 0.992926061
1439803822.011234 2.797007084 -0.448314428 9.793051720 -0.007249282 0.118281774 -0.001789223 0.992951989
1439803822.073737 2.800563335 -0.449009717 9.808429718 -0.006990358 0.118322626 -0.001462097 0.992949545
1439803822.136237 2.804173470 -0.449864984 9.823287010 -0.006805554 0.118497029 -0.001338588 0.992930174
1439803822.198740 2.807709217 -0.450496852 9.838403702 -0.006611969 0.118642829 -0.001215508 0.992914200
1439803822.261239 2.811300755 -0.451210111 9.853315353 -0.006524474 0.118670657 -0.000911522 0.992911816
1439803822.323743 2.814674139 -0.451720893 9.868406296 -0.005881945 0.118709624 -0.000227824 0.992911577
1439803822.386243 2.818187475 -0.452349335 9.883324623 -0.005131043 0.118728451 0.000624754 0.992913306
1439803822.448743 2.821565866 -0.453020215 9.898270607 -0.004600548 0.118807532 0.001205439 0.992905915
1439803822.511247 2.825015545 -0.453629553 9.913046837 -0.004368791 0.118778542 0.001297832 0.992910326
1439803822.573748 2.828441143 -0.454464078 9.927736282 -0.004344089 0.118607052 0.001863478 0.992929995
1439803822.636248 2.831905842 -0.455194324 9.942237854 -0.004158357 0.118229553 0.002214638 0.992975116
1439803822.698750 2.835225821 -0.455789417 9.957096100 -0.003579847 0.117928728 0.002791214 0.993011713
1439803822.761255 2.838552475 -0.456490487 9.971762657 -0.003057563 0.117467478 0.003162347 0.993066967
1439803822.823756 2.841820478 -0.457270205 9.986223221 -0.003037577 0.116739243 0.003555357 0.993151605
1439803822.886255 2.845157385 -0.457898706 10.000432014 -0.003026555 0.115810238 0.004022924 0.993258595
1439803822.948759 2.848326445 -0.458761215 10.014618874 -0.002772524 0.114859074 0.004600930 0.993367255
1439803823.011256 2.851341724 -0.459305614 10.028891563 -0.002592984 0.113853626 0.004728089 0.993482888
1439803823.073757 2.854197741 -0.460014701 10.043060303 -0.002834905 0.112821415 0.004817951 0.993599534
1439803823.136259 2.857083797 -0.460373819 10.057157516 -0.002897680 0.111601777 0.005297672 0.993734658
1439803823.198761 2.859912395 -0.461067110 10.070769310 -0.003104169 0.109908976 0.005311844 0.993922591
1439803823.261277 2.862773657 -0.461874127 10.083678246 -0.003069995 0.107859626 0.005572259 0.994145751
1439803823.323763 2.865155697 -0.462714553 10.097311974 -0.003013371 0.105990566 0.005650670 0.994346499
1439803823.386264 2.867573261 -0.463118970 10.110883713 -0.002807988 0.103724219 0.006198264 0.994582832
1439803823.448768 2.869972229 -0.463689476 10.124025345 -0.003199691 0.100899421 0.006918830 0.994867384
1439803823.511267 2.872249603 -0.464332461 10.136760712 -0.003961853 0.097518675 0.007465614 0.995197773
1439803823.573768 2.874017239 -0.464924932 10.150188446 -0.003910898 0.093949124 0.007727834 0.995539308
1439803823.636270 2.875750542 -0.465648204 10.162942886 -0.003278873 0.089765683 0.007755544 0.995927334
1439803823.698772 2.877268076 -0.466171861 10.176012993 -0.002394390 0.085148342 0.007911354 0.996334016
1439803823.761272 2.878674507 -0.466728479 10.188876152 -0.001698276 0.079932868 0.008009982 0.996766627
1439803823.823774 2.879770994 -0.467392117 10.201587677 -0.001644126 0.074103214 0.008160070 0.997215807
1439803823.886275 2.880618095 -0.468113840 10.214312553 -0.001852503 0.067556418 0.007929057 0.997682214
1439803823.948776 2.881244183 -0.468927979 10.226709366 -0.001717346 0.060514260 0.008220614 0.998131990
1439803824.011280 2.881534100 -0.469633669 10.239421844 -0.001264376 0.052880492 0.008700743 0.998562157
1439803824.073779 2.881599903 -0.470381200 10.251693726 -0.000801148 0.044789385 0.008545347 0.998959601
1439803824.136281 2.881458044 -0.471147269 10.263852119 -0.000366286 0.035988927 0.008405473 0.999316752
1439803824.198785 2.880797863 -0.471816570 10.276548386 0.000251268 0.027011214 0.008341437 0.999600291
1439803824.261285 2.879893064 -0.472583950 10.288681984 0.000790021 0.017566526 0.007982175 0.999813497
1439803824.323785 2.878735542 -0.473371685 10.300902367 0.001604800 0.007578754 0.007665277 0.999940634
1439803824.386289 2.877353191 -0.474217921 10.312932014 0.002405091 -0.002993433 0.007730277 0.999962747
1439803824.448790 2.875718117 -0.475039065 10.324940681 0.003379369 -0.013947203 0.008022390 0.999864817
1439803824.511289 2.873486280 -0.475808054 10.336599350 0.004498397 -0.025009856 0.008202281 0.999643445
1439803824.573791 2.871221781 -0.476778328 10.348128319 0.004990525 -0.036919326 0.008448212 0.999270082
1439803824.636292 2.868240118 -0.477435708 10.359972954 0.005791359 -0.048895638 0.008119484 0.998754084
1439803824.698794 2.865132332 -0.478418767 10.371404648 0.006778727 -0.061462618 0.008741395 0.998048067
1439803824.761295 2.861639977 -0.479200929 10.382575035 0.007774529 -0.074646167 0.008517171 0.997143388
1439803824.823797 2.857709885 -0.480030388 10.393786430 0.008328434 -0.088157453 0.007843665 0.996040821
1439803824.886298 2.853538275 -0.480780035 10.404982567 0.008640685 -0.102039695 0.008569223 0.994705856
1439803824.948800 2.848891258 -0.481632739 10.415919304 0.008319359 -0.116350457 0.007654042 0.993143857
1439803825.011302 2.843729973 -0.482439518 10.426598549 0.007896568 -0.131174564 0.006093087 0.991309106
1439803825.073801 2.838208199 -0.483178407 10.437152863 0.007876460 -0.146516711 0.005598669 0.989160955
1439803825.136303 2.832361221 -0.484138131 10.447412491 0.008211742 -0.162155077 0.005203022 0.986717403
1439803825.198805 2.826380491 -0.484915674 10.457442284 0.009029256 -0.178544700 0.005541565 0.983874798
1439803825.261306 2.819904566 -0.486055911 10.467100143 0.009652085 -0.195143461 0.005676989 0.980710804
1439803825.323806 2.813079119 -0.487034261 10.476461411 0.010440243 -0.212372944 0.005538536 0.977117181
1439803825.386306 2.805716515 -0.488077939 10.485478401 0.010954827 -0.230330020 0.004955171 0.973038316
1439803825.448807 2.797760725 -0.488876522 10.494192123 0.011521147 -0.248912260 0.003155860 0.968452334
1439803825.511307 2.789229631 -0.489688396 10.502581596 0.012109899 -0.267903715 0.001203033 0.963368833
1439803825.573808 2.780497551 -0.490383029 10.510760307 0.012513877 -0.287042975 0.000070712 0.957835913
1439803825.636309 2.771437645 -0.491068900 10.518539429 0.012681067 -0.306127340 -0.001499887 0.951904953
1439803825.698809 2.761989117 -0.491756052 10.526152611 0.012630387 -0.325152606 -0.003233245 0.945571661
1439803825.761309 2.752149582 -0.492504478 10.533155441 0.012903590 -0.343741059 -0.005192825 0.938961446
1439803825.823813 2.742082119 -0.493194759 10.539999008 0.013714757 -0.362210691 -0.006766005 0.931970775
1439803825.886313 2.731898069 -0.494164944 10.546307564 0.014029612 -0.380498648 -0.008138377 0.924639225
1439803825.948811 2.720965862 -0.494945079 10.552498817 0.014241804 -0.398351550 -0.009783589 0.917070031
1439803826.011317 2.709733248 -0.495543063 10.558920860 0.014547815 -0.416222751 -0.010892724 0.909081042
1439803826.073813 2.698275805 -0.496140301 10.564737320 0.014998593 -0.433288544 -0.012312251 0.901046336
1439803826.136312 2.686049223 -0.496606439 10.570974350 0.015978424 -0.449501723 -0.013999942 0.893026769
1439803826.198814 2.671601057 -0.495599955 10.579853058 0.018312000 -0.464784265 -0.014235962 0.885120094
1439803826.261320 2.659623623 -0.495721847 10.585850716 0.019208133 -0.480519563 -0.014238042 0.876658022
