1439803916.887987 0.010479307 -0.003189043 0.051733125 -0.000714103 0.028440200 -0.002121009 0.999593019
1439803916.950489 0.016047735 -0.005315787 0.077802852 -0.001001572 0.042502031 -0.004795298 0.999084353
1439803917.012992 0.022813141 -0.007156352 0.104148962 -0.001636720 0.056070127 -0.005910495 0.998408020
1439803917.075493 0.030013742 -0.008447633 0.131318256 -0.002773183 0.069726348 -0.006013313 0.997544169
1439803917.137994 0.038787849 -0.009447605 0.158014089 -0.003492118 0.082416281 -0.007236579 0.996565580
1439803917.200495 0.047608607 -0.010738430 0.185269222 -0.004085194 0.094951466 -0.006978967 0.995449007
1439803917.262997 0.057714786 -0.011574394 0.212236747 -0.003816611 0.106608018 -0.005867711 0.994276464
1439803917.325496 0.067621261 -0.012373595 0.239540711 -0.002212919 0.117963471 -0.005726221 0.992998958
1439803917.387996 0.078468412 -0.013083522 0.267002821 -0.000355143 0.128520951 -0.005504392 0.991691470
1439803917.450499 0.089922413 -0.014547106 0.294488877 0.000426375 0.138930529 -0.004592578 0.990291357
1439803917.512998 0.101896666 -0.015610681 0.322247803 0.000538232 0.148718700 -0.003797746 0.988872111
1439803917.575501 0.114440873 -0.017283026 0.350769728 -0.000665867 0.158456072 -0.003988452 0.987357795
1439803917.638003 0.127490222 -0.018932393 0.378598779 -0.001844378 0.167091429 -0.003682641 0.985932767
1439803917.700502 0.140808061 -0.020032924 0.407730371 -0.002631111 0.175424159 -0.002794649 0.984485447
1439803917.763002 0.155102968 -0.021334670 0.436573297 -0.003216644 0.182905346 -0.001171955 0.983124554
1439803917.825510 0.169223115 -0.022437509 0.465302944 -0.003171660 0.189707011 -0.000613909 0.981835425
1439803917.888006 0.183589727 -0.023735693 0.494460166 -0.003070588 0.195842803 -0.000762082 0.980630159
1439803917.950507 0.197687566 -0.025301740 0.524007797 -0.003334874 0.201391757 -0.001745477 0.979503572
1439803918.013008 0.212065399 -0.026793376 0.553873599 -0.003922104 0.206198007 -0.003294559 0.978496909
1439803918.075510 0.226574868 -0.028372167 0.583969831 -0.004555972 0.210488394 -0.004929895 0.977573335
1439803918.138012 0.240080461 -0.030728778 0.614958704 -0.005576989 0.215045467 -0.006704900 0.976565123
1439803918.200514 0.255138993 -0.032345615 0.645426512 -0.005440554 0.218694270 -0.008079952 0.975744784
1439803918.263015 0.270497501 -0.034304310 0.675969422 -0.004841588 0.222707927 -0.008571696 0.974835515
1439803918.325513 0.286548793 -0.036282372 0.705904245 -0.003478945 0.226591066 -0.008511212 0.973946571
1439803918.388016 0.302460641 -0.037917923 0.735978365 -0.002237691 0.230867699 -0.007943788 0.972950161
1439803918.450520 0.319865495 -0.039192535 0.767028809 -0.001806769 0.234443858 -0.007000307 0.972102761
1439803918.513018 0.336969793 -0.040989872 0.798432469 -0.002158410 0.237818658 -0.006274242 0.971286893
1439803918.575520 0.354009300 -0.042160764 0.830249608 -0.002326376 0.240729496 -0.005689035 0.970572770
1439803918.638026 0.372026831 -0.043651290 0.861586630 -0.002814132 0.242825404 -0.005257376 0.970051706
1439803918.700522 0.389000595 -0.045803074 0.893359482 -0.004319485 0.245170355 -0.005934984 0.969452262
1439803918.763023 0.406699717 -0.047589894 0.926551104 -0.006024581 0.247463241 -0.007156230 0.968852162
1439803918.825523 0.424860060 -0.048935629 0.959351420 -0.007503129 0.249743566 -0.008684070 0.968244016
1439803918.888026 0.442584574 -0.051244546 0.991711974 -0.008178187 0.252117723 -0.010476727 0.967605293
1439803918.950525 0.459874719 -0.053454220 1.024218440 -0.007659130 0.254809469 -0.011584139 0.966891527
1439803919.013026 0.479297698 -0.054529913 1.057010889 -0.006174713 0.256513983 -0.011819214 0.966448545
1439803919.075528 0.497612894 -0.056766681 1.089612126 -0.004543790 0.258193254 -0.010561694 0.966024876
1439803919.138029 0.518103242 -0.058988787 1.122448206 -0.003377112 0.259203613 -0.009500578 0.965770066
1439803919.200529 0.536899149 -0.061068378 1.155118942 -0.002037389 0.260435104 -0.008905176 0.965448141
1439803919.263032 0.557163477 -0.063053392 1.189195037 -0.000229070 0.261752099 -0.009488777 0.965088427
1439803919.325532 0.576448679 -0.065877058 1.224179029 0.000395807 0.263427347 -0.011941116 0.964605212
1439803919.388034 0.594596565 -0.066768892 1.253469706 0.000553292 0.264407039 -0.014332430 0.964304507
1439803919.450535 0.614940882 -0.070122875 1.292153835 0.000109584 0.266214699 -0.017907621 0.963747382
1439803919.513039 0.634252369 -0.072586194 1.324386120 -0.000210960 0.267533720 -0.019429658 0.963352561
1439803919.575538 0.656413376 -0.074988663 1.360582232 -0.000604926 0.269090444 -0.017821454 0.962949812
1439803919.638039 0.677278876 -0.076674461 1.392853737 -0.000906892 0.270599574 -0.015731992 0.962563038
1439803919.700541 0.700427651 -0.079342641 1.429326653 -0.001231903 0.272671759 -0.013503690 0.962011576
1439803919.763041 0.721862614 -0.081233844 1.461748362 -0.001584391 0.274776667 -0.011382848 0.961439371
1439803919.825541 0.745673776 -0.083550677 1.497842312 -0.002068898 0.277388662 -0.009759519 0.960705996
1439803919.888042 0.767032504 -0.085839167 1.530801535 -0.002542546 0.280292571 -0.008723505 0.959871650
1439803919.950545 0.788691044 -0.088275030 1.564023137 -0.003248357 0.283329815 -0.008170495 0.958982229
1439803920.013045 0.815360367 -0.090612993 1.602751613 -0.003678575 0.286089510 -0.007631348 0.958165467
1439803920.075546 0.837447822 -0.092269339 1.635252237 -0.003957233 0.289071888 -0.007380391 0.957270801
1439803920.138048 0.859685957 -0.095213488 1.667477250 -0.003758429 0.292137921 -0.006273954 0.956348240
1439803920.200551 0.888415039 -0.096736796 1.707470298 -0.002980736 0.294932693 -0.003913225 0.955505371
1439803920.263051 0.912170529 -0.099112429 1.740108609 -0.003417733 0.297854930 -0.002039601 0.954602838
1439803920.325553 0.935158849 -0.101357847 1.772930026 -0.003724244 0.300940394 -0.000148233 0.953635633
1439803920.388055 0.964074850 -0.103543118 1.809062839 -0.003273671 0.303537667 -0.000469298 0.952813685
1439803920.450554 0.988410950 -0.105966158 1.842057228 -0.002629200 0.306517661 -0.001233211 0.951860547
1439803920.513055 1.013666034 -0.107899457 1.876736879 -0.001929085 0.309684962 -0.001682076 0.950835764
1439803920.575556 1.038532734 -0.110302709 1.911037326 -0.002018217 0.312893450 -0.002144884 0.949783683
1439803920.638058 1.063451767 -0.112737328 1.942879081 -0.002126161 0.315372139 -0.002523926 0.948962331
1439803920.700559 1.088998079 -0.115004852 1.977744937 -0.001167018 0.317430764 -0.002088305 0.948278427
1439803920.763060 1.117506027 -0.116842538 2.012374163 -0.000244547 0.319264144 -0.002391518 0.947662711
1439803920.825561 1.143486381 -0.118563630 2.045421600 -0.000207830 0.321208954 -0.002579444 0.947004795
1439803920.888062 1.169312239 -0.121071175 2.080006123 -0.000468959 0.323321223 -0.002548034 0.946285725
1439803920.950564 1.195658803 -0.123520993 2.113398552 -0.000329200 0.324590355 -0.002643362 0.945850968
1439803921.013067 1.223282337 -0.126613572 2.147986650 -0.000483870 0.325684428 -0.002649035 0.945474684
1439803921.075564 1.249708533 -0.128019810 2.181545734 -0.000128195 0.327023983 -0.002670087 0.945012271
1439803921.138066 1.276509047 -0.130412996 2.215006113 -0.000123385 0.328707904 -0.001097858 0.944431007
1439803921.200568 1.304199576 -0.132994965 2.249824524 -0.000605120 0.330317110 -0.000028601 0.943869829
1439803921.263070 1.331172466 -0.134959355 2.283163309 -0.001021372 0.331525147 0.001880446 0.943443954
1439803921.325570 1.359485865 -0.137665063 2.316789627 -0.001034070 0.332165807 0.004943313 0.943207502
1439803921.388071 1.387489676 -0.139519721 2.350054026 -0.000867630 0.332812637 0.007568906 0.942962170
1439803921.450572 1.415297508 -0.141709834 2.383493900 -0.000806558 0.333509564 0.009713906 0.942696333
1439803921.513074 1.443151116 -0.142940164 2.417302132 -0.000854527 0.334367245 0.012852472 0.942354798
1439803921.575574 1.471364260 -0.144743741 2.451113224 -0.000877822 0.334874153 0.014726742 0.942147374
1439803921.638077 1.499148130 -0.147085592 2.484722137 -0.000874263 0.335198551 0.015340680 0.942022204
1439803921.700578 1.526401877 -0.148777410 2.516875505 -0.000374611 0.335268974 0.018114390 0.941948235
1439803921.763077 1.554179788 -0.150802329 2.550429106 0.000175467 0.335283816 0.019979119 0.941905260
1439803921.825579 1.581942081 -0.152516365 2.583505154 0.000835880 0.335184664 0.021430114 0.941908300
1439803921.888083 1.609631538 -0.154517993 2.616820574 0.002443459 0.335143387 0.022396315 0.941897750
1439803921.950582 1.637025118 -0.157197982 2.649859905 0.004225235 0.334589690 0.022861950 0.942077100
1439803922.013082 1.663395286 -0.144011810 2.685728312 0.011485711 0.333764255 0.027107395 0.942196727
1439803922.075584 1.691003799 -0.146727338 2.719169855 0.012682368 0.332776934 0.029056709 0.942472517
1439803922.138086 1.719836950 -0.163393900 2.752052546 0.008020834 0.331919432 0.027848670 0.942862451
1439803922.200587 1.746796250 -0.165277109 2.786117077 0.008335687 0.330849648 0.028162694 0.943226337
1439803922.263093 1.773517847 -0.167072743 2.821923494 0.007222073 0.329838753 0.026711371 0.943631649
1439803922.325589 1.800131083 -0.169007346 2.857437372 0.005198851 0.328845322 0.026151272 0.944007337
1439803922.388090 1.827335954 -0.171322882 2.892862320 0.004429298 0.327194601 0.027574586 0.944544196
1439803922.450592 1.854523420 -0.173284188 2.927715778 0.004954549 0.325277656 0.029232951 0.945153594
1439803922.513093 1.881422877 -0.175702453 2.962493896 0.005512897 0.323262751 0.030078301 0.945815027
1439803922.575594 1.907811403 -0.178130418 2.997622728 0.006343515 0.321344912 0.031104712 0.946429968
1439803922.638096 1.934738994 -0.180316597 3.032768488 0.007357600 0.319128722 0.031800490 0.947149098
1439803922.700598 1.961091042 -0.182399213 3.068640947 0.008890649 0.317227751 0.031219069 0.947793663
1439803922.763098 1.987076998 -0.185051456 3.104743958 0.009907698 0.314920545 0.031030171 0.948558927
1439803922.825600 2.013110876 -0.186651498 3.140897751 0.010923518 0.312563717 0.030916655 0.949330688
1439803922.888099 2.038468838 -0.189710632 3.176837683 0.011621246 0.309883475 0.031577941 0.950178921
1439803922.950603 2.064510822 -0.191817015 3.213433027 0.012119072 0.307136595 0.031985566 0.951050580
1439803923.013103 2.089173555 -0.194779992 3.249655008 0.012659458 0.304669142 0.033438921 0.951786876
1439803923.075606 2.115568161 -0.196496740 3.287312031 0.012085862 0.302265555 0.032921791 0.952578425
1439803923.138103 2.139774561 -0.198421225 3.324564457 0.011683377 0.299711883 0.033298608 0.953376889
1439803923.200608 2.164818764 -0.202030942 3.361578941 0.011122243 0.297200710 0.033581328 0.954159498
1439803923.263109 2.190103292 -0.204588428 3.398960829 0.010895625 0.294573039 0.034575563 0.954941154
1439803923.325608 2.214370489 -0.207546294 3.436430454 0.011539923 0.292477012 0.035486531 0.955544233
1439803923.388111 2.239471912 -0.210188583 3.473982573 0.012065239 0.290189534 0.035832439 0.956221998
1439803923.450612 2.263703346 -0.212938696 3.511964560 0.012151183 0.287808388 0.036386456 0.956919372
1439803923.513112 2.288351774 -0.214984939 3.550348043 0.012422403 0.285413027 0.036886055 0.957613945
1439803923.575614 2.312874556 -0.217306629 3.588981628 0.012534257 0.283050001 0.037003193 0.958309114
1439803923.638113 2.335136414 -0.220584363 3.626181126 0.013106939 0.280393690 0.037821472 0.959050119
1439803923.700613 2.359895468 -0.222625002 3.665831566 0.013735346 0.277814567 0.038701527 0.959756494
1439803923.763115 2.382228136 -0.226015180 3.703066587 0.013513419 0.275306344 0.039937399 0.960431576
1439803923.825618 2.405731678 -0.228134468 3.742096186 0.013064637 0.273460001 0.039885197 0.960967302
1439803923.888119 2.430645943 -0.230783537 3.781823635 0.012518656 0.271891564 0.039496887 0.961435497
1439803923.950619 2.453402519 -0.233395830 3.820689678 0.012262844 0.270579100 0.039211228 0.961820662
1439803924.013123 2.476805210 -0.236037999 3.861030340 0.012160463 0.269515961 0.037664708 0.962182224
1439803924.075623 2.500072718 -0.238379687 3.900254011 0.012215367 0.268398225 0.037947185 0.962482810
1439803924.138126 2.522069454 -0.240747809 3.937854528 0.011527651 0.267115355 0.038656443 0.962819934
1439803924.200626 2.546532869 -0.242918968 3.978655338 0.010052337 0.265750587 0.037807714 0.963247716
1439803924.263126 2.569797039 -0.245057404 4.018336773 0.009410272 0.264527738 0.037975505 0.963584125
1439803924.325627 2.593662262 -0.247737423 4.058962822 0.008956243 0.263514042 0.038251311 0.963855267
1439803924.388129 2.616216421 -0.250466764 4.097616196 0.008392097 0.262698978 0.037611991 0.964107931
1439803924.450630 2.638992548 -0.252960622 4.137216568 0.008230675 0.262100011 0.036926318 0.964298844
1439803924.513131 2.661618710 -0.255004942 4.177815437 0.009119144 0.261585444 0.036167324 0.964459360
1439803924.575633 2.684408665 -0.258399308 4.217266560 0.010597981 0.261236012 0.034165230 0.964611948
1439803924.638134 2.707347631 -0.261225909 4.258022308 0.011710526 0.260991991 0.033326812 0.964694440
1439803924.700634 2.731734991 -0.263543308 4.298769474 0.012558144 0.260440141 0.033513248 0.964826465
1439803924.763135 2.753529310 -0.266147047 4.337165833 0.013617799 0.259771943 0.034441650 0.964959502
1439803924.825636 2.776607752 -0.269401997 4.377211094 0.014700245 0.259169966 0.036060032 0.965046346
1439803924.888136 2.800127983 -0.272484571 4.418231964 0.014490790 0.258725017 0.036555093 0.965150297
1439803924.950638 2.823450327 -0.275270581 4.458650589 0.012776137 0.258346528 0.036049273 0.965294957
1439803925.013138 2.845719337 -0.278304636 4.499432087 0.011570708 0.257948518 0.035812046 0.965425372
1439803925.075640 2.868945599 -0.281231731 4.541315079 0.011623903 0.257526368 0.035798475 0.965537965
1439803925.138142 2.892885923 -0.284212172 4.581219673 0.012007496 0.256715119 0.035299443 0.965767622
1439803925.200644 2.916015863 -0.287576467 4.622522354 0.012161218 0.255970240 0.035072628 0.965971649
1439803925.263144 2.938086748 -0.289868146 4.663456440 0.011634408 0.255319804 0.034199134 0.966181576
1439803925.325646 2.961733580 -0.292559355 4.704096317 0.011357850 0.254689187 0.034876451 0.966327071
1439803925.388148 2.986047745 -0.294757366 4.746211052 0.011356751 0.254110098 0.035983469 0.966438949
1439803925.450647 3.008632183 -0.297769129 4.786957264 0.010756739 0.253544122 0.036781590 0.966564417
1439803925.513148 3.032824516 -0.300288081 4.828912735 0.010328996 0.252873778 0.036987279 0.966736853
1439803925.575650 3.055280447 -0.302875996 4.870232582 0.010539318 0.252728999 0.037427310 0.966755509
1439803925.638153 3.078359842 -0.306336761 4.911548138 0.010956449 0.252546787 0.037348479 0.966801524
1439803925.700653 3.101666451 -0.308920532 4.953827858 0.011818763 0.252426386 0.036888525 0.966840446
1439803925.763154 3.124620676 -0.311569631 4.995625496 0.012274799 0.252407640 0.035815340 0.966880023
1439803925.825654 3.147562981 -0.314306259 5.037462711 0.012529944 0.252355039 0.034430549 0.966940761
1439803925.888156 3.170197725 -0.317440987 5.079495907 0.012452799 0.252389073 0.034059711 0.966946006
1439803925.950656 3.194007158 -0.320261329 5.121051311 0.012265713 0.252135903 0.034899574 0.966984510
1439803926.013158 3.218207598 -0.322877586 5.163675308 0.012139796 0.251879185 0.035757329 0.967021704
1439803926.075661 3.242564201 -0.325664699 5.205608845 0.011628452 0.251653284 0.036906455 0.967043579
1439803926.138159 3.266278267 -0.328308046 5.247907639 0.011061420 0.251681805 0.037389323 0.967024267
1439803926.200661 3.288231611 -0.338236511 5.289200306 0.008538241 0.251253068 0.042384189 0.966955304
1439803926.263162 3.311722040 -0.340635270 5.332218647 0.008031339 0.251841247 0.040734597 0.966877520
1439803926.325669 3.335041046 -0.343144834 5.375102043 0.006866159 0.252352118 0.038418699 0.966848135
1439803926.388167 3.359169006 -0.345145047 5.417909145 0.006079838 0.252742440 0.036919426 0.966809809
1439803926.450667 3.385367393 -0.341919482 5.461881161 0.007729543 0.253760904 0.031965021 0.966707766
1439803926.513168 3.409048796 -0.344400227 5.503527164 0.007758418 0.254018337 0.031872120 0.966642976
1439803926.575669 3.433203697 -0.347233534 5.546991825 0.008208184 0.254252732 0.032477006 0.966557503
1439803926.638171 3.457773685 -0.349937677 5.590030193 0.008024347 0.254559219 0.033256404 0.966451883
1439803926.700673 3.482227325 -0.352602035 5.633500576 0.008038548 0.255161583 0.033126529 0.966297388
1439803926.763174 3.506539106 -0.355437189 5.675931454 0.008689236 0.255700678 0.032999214 0.966153562
1439803926.825675 3.530994892 -0.358272016 5.717872143 0.009966028 0.256069690 0.033163279 0.966037869
1439803926.888177 3.555679560 -0.361103177 5.760795116 0.010569593 0.256536722 0.033207346 0.965906024
1439803926.950678 3.579732418 -0.364042401 5.803763866 0.010776107 0.257116526 0.033156902 0.965751290
1439803927.013183 3.604446888 -0.366297364 5.846601963 0.011155799 0.257623285 0.032628372 0.965629935
1439803927.075686 3.629104614 -0.369326383 5.888633251 0.010700396 0.258043945 0.032319929 0.965533137
1439803927.138182 3.653603077 -0.372161299 5.931404114 0.009743685 0.258410871 0.033242144 0.965413868
1439803927.200684 3.678631783 -0.374409467 5.973371029 0.008625003 0.258682311 0.033827651 0.965331435
1439803927.263185 3.703190088 -0.377427489 6.015932083 0.007956466 0.258888245 0.034554824 0.965256214
1439803927.325686 3.727483034 -0.379921705 6.057880402 0.007504691 0.259180248 0.034481172 0.965184093
1439803927.388188 3.752156496 -0.382417530 6.100334167 0.007018878 0.259645373 0.034147818 0.965074599
1439803927.450689 3.776300192 -0.385008752 6.142284393 0.006643162 0.260225773 0.033810347 0.964932799
1439803927.513190 3.800475121 -0.386930197 6.183872700 0.006706913 0.260678291 0.033429898 0.964823425
1439803927.575694 3.824170589 -0.389681101 6.224990845 0.007128447 0.260961264 0.033339623 0.964747071
1439803927.638193 3.848213911 -0.392191023 6.266385078 0.007088096 0.261180371 0.032831002 0.964705467
1439803927.700694 3.873563051 -0.394625634 6.307858944 0.007574277 0.261427075 0.033299904 0.964618862
1439803927.763195 3.896907091 -0.397497147 6.348771095 0.007887285 0.262042582 0.033726964 0.964434505
1439803927.825697 3.921554327 -0.399743855 6.390006065 0.008311087 0.262474567 0.033406049 0.964324653
1439803927.888198 3.945380926 -0.402537763 6.430820942 0.008482398 0.262694001 0.033717815 0.964252591
1439803927.950699 3.969387054 -0.405269235 6.471402645 0.008477487 0.262871116 0.034514584 0.964176178
1439803928.013201 3.993489504 -0.407811761 6.512125969 0.008176569 0.263098836 0.034814972 0.964105844
1439803928.075703 4.017095566 -0.410108387 6.552703381 0.007778353 0.263408363 0.034384932 0.964040041
1439803928.138204 4.041527271 -0.412648588 6.593409538 0.007957252 0.263469905 0.034465849 0.964018881
1439803928.200705 4.064928532 -0.415363997 6.633191586 0.008476836 0.263699234 0.035060890 0.963930309
1439803928.263206 4.089239120 -0.418279797 6.673496246 0.009029427 0.263715744 0.036114078 0.963881850
1439803928.325708 4.113462925 -0.420840293 6.713753700 0.009523578 0.263660133 0.037301209 0.963847101
1439803928.388209 4.136991501 -0.423195720 6.752821445 0.009998599 0.263573438 0.037697073 0.963850617
1439803928.450710 4.160628319 -0.425682038 6.793202400 0.010449280 0.263539135 0.037540976 0.963861287
1439803928.513212 4.184352875 -0.428404450 6.833601475 0.010668910 0.263464957 0.038406156 0.963845074
1439803928.575713 4.207899094 -0.430898577 6.873473644 0.010534990 0.263128310 0.039410871 0.963897943
1439803928.638215 4.232848644 -0.433530390 6.912759304 0.010242609 0.262269646 0.040644832 0.964083850
1439803928.700718 4.255300045 -0.435622275 6.953002930 0.010205424 0.261607677 0.042967241 0.964163423
1439803928.763217 4.279313564 -0.437987387 6.993161678 0.009782079 0.260897934 0.043560565 0.964333475
1439803928.825719 4.301902771 -0.440303743 7.033284664 0.009607759 0.260545820 0.043050278 0.964453340
1439803928.888220 4.324271679 -0.443027556 7.072546959 0.009634258 0.260235935 0.041816995 0.964590967
1439803928.950722 4.347059727 -0.445878804 7.112412453 0.009813577 0.259622395 0.040072929 0.964828491
1439803929.013223 4.368992329 -0.448552012 7.152305126 0.010270273 0.258737147 0.039045334 0.965103686
1439803929.075729 4.391802788 -0.450697392 7.191764355 0.011362721 0.257396638 0.039237007 0.965442061
1439803929.138226 4.415296078 -0.454018474 7.231755733 0.012305410 0.255929142 0.039872199 0.965794504
1439803929.200729 4.437554359 -0.457149684 7.271149635 0.012685983 0.254550815 0.041023724 0.966105580
1439803929.263234 4.459359169 -0.459822506 7.310997486 0.012746409 0.253562689 0.040998250 0.966365695
1439803929.325730 4.480489731 -0.462227494 7.350796223 0.012463212 0.252769560 0.039901547 0.966623008
1439803929.388234 4.504120350 -0.464500993 7.391420364 0.012248540 0.251396030 0.040709320 0.966950238
1439803929.450733 4.525680542 -0.467193335 7.431228638 0.011629201 0.250381500 0.041628607 0.967181921
1439803929.513234 4.547115326 -0.469527990 7.471441746 0.011423330 0.249344766 0.041338891 0.967464626
1439803929.575734 4.568917751 -0.472199500 7.511384964 0.011255594 0.248100802 0.041912176 0.967761636
1439803929.638235 4.590483665 -0.475128323 7.550925255 0.010679096 0.246871740 0.043428026 0.968015671
1439803929.700736 4.612022400 -0.477378368 7.591620445 0.009110044 0.245881349 0.043530900 0.968279123
1439803929.763238 4.633678436 -0.478871286 7.632237434 0.008464978 0.244974166 0.044685706 0.968462288
1439803929.825738 4.656394958 -0.481723875 7.672662258 0.008996295 0.243381634 0.047117095 0.968743742
1439803929.888244 4.677355289 -0.484230340 7.712884426 0.009026499 0.242266402 0.047887836 0.968985140
1439803929.950743 4.699872971 -0.486737996 7.753426552 0.009277987 0.240907073 0.048747793 0.969278812
1439803930.013246 4.721343994 -0.489429802 7.794045448 0.010401471 0.239854068 0.049447529 0.969493032
1439803930.075748 4.742364883 -0.492325634 7.834714413 0.012665553 0.238986000 0.049434856 0.969681084
1439803930.138246 4.762889385 -0.495180309 7.875057220 0.015038961 0.237992212 0.048303116 0.969948649
1439803930.200748 4.784119129 -0.498182118 7.916190624 0.016472269 0.236884579 0.046837781 0.970268309
1439803930.263249 4.804975986 -0.500826299 7.957524300 0.017457945 0.235883862 0.046959549 0.970488966
1439803930.325750 4.826343060 -0.503546715 7.999056816 0.018084677 0.234743044 0.047542550 0.970725656
1439803930.388254 4.847414494 -0.506167114 8.040625572 0.018264458 0.233601376 0.047748119 0.970987618
1439803930.450755 4.868421555 -0.509359539 8.082213402 0.017883096 0.232277587 0.048447635 0.971277595
1439803930.513254 4.889559746 -0.512681246 8.124200821 0.016797889 0.231177509 0.048183620 0.971572518
1439803930.575756 4.909650326 -0.515901029 8.165271759 0.016007489 0.230327740 0.047781538 0.971807480
1439803930.638257 4.930453777 -0.518620789 8.207288742 0.015426271 0.229220897 0.047293477 0.972102404
1439803930.700758 4.950486183 -0.521740258 8.249595642 0.014825483 0.228134990 0.046434548 0.972408593
1439803930.763265 4.971118450 -0.524707198 8.291149139 0.014357334 0.226860210 0.045792151 0.972744226
1439803930.825761 4.990479946 -0.527305424 8.333346367 0.013942116 0.225967318 0.045383699 0.972977221
1439803930.888263 5.010228157 -0.529587746 8.376320839 0.013575688 0.225042894 0.045056086 0.973211884
1439803930.950764 5.030867100 -0.532879651 8.417647362 0.012802700 0.223608479 0.045045231 0.973553419
1439803931.013266 5.050636768 -0.535849631 8.460053444 0.013035714 0.222496107 0.045026086 0.973806083
1439803931.075768 5.070501804 -0.538439333 8.502122879 0.013175693 0.221456841 0.044398032 0.974069834
1439803931.138270 5.090096474 -0.541334867 8.544233322 0.013104421 0.220351756 0.044639289 0.974310398
1439803931.200772 5.110422134 -0.544031382 8.587355614 0.012650722 0.219329730 0.043958355 0.974577904
1439803931.263273 5.130822182 -0.547030985 8.630077362 0.012078949 0.217945889 0.043910295 0.974897742
1439803931.325775 5.149911880 -0.549046695 8.673450470 0.011492432 0.217172235 0.043129444 0.975112319
1439803931.388277 5.170567036 -0.551120460 8.717269897 0.011116114 0.215862602 0.042410277 0.975438952
1439803931.450780 5.189341068 -0.555027783 8.759866714 0.010832362 0.214631334 0.041401301 0.975757182
1439803931.513277 5.208886623 -0.558134317 8.803042412 0.011585444 0.213456452 0.039880462 0.976069510
1439803931.575778 5.227632523 -0.561695457 8.845900536 0.012382835 0.212351710 0.038701572 0.976348102
1439803931.638283 5.246655941 -0.564904153 8.889003754 0.013604089 0.211107701 0.038421802 0.976612628
1439803931.700781 5.265958309 -0.567663908 8.932001114 0.014509219 0.209676519 0.038674846 0.976897895
1439803931.763283 5.284804821 -0.569970489 8.975476265 0.014754909 0.208345160 0.039200161 0.977158070
1439803931.825784 5.303442955 -0.573772371 9.018576622 0.014481721 0.207149357 0.039644808 0.977398396
1439803931.888286 5.322515488 -0.576387048 9.062612534 0.014141665 0.206089169 0.038239971 0.977683485
1439803931.950787 5.341374397 -0.578613222 9.106494904 0.013648873 0.204898775 0.037326176 0.977975965
1439803932.013291 5.359415531 -0.582832694 9.149588585 0.013736201 0.203539491 0.037385996 0.978256226
1439803932.075789 5.377805710 -0.586467028 9.192897797 0.014292655 0.202085838 0.037527360 0.978544176
1439803932.138291 5.396295547 -0.589403689 9.236606598 0.015277611 0.200649872 0.038013294 0.978806019
1439803932.200792 5.415822029 -0.592977703 9.280724525 0.016223947 0.199170157 0.039146010 0.979048312
1439803932.263293 5.433535576 -0.596086681 9.324685097 0.016775370 0.198186234 0.039674532 0.979217410
1439803932.325795 5.451828003 -0.599214375 9.368543625 0.017145807 0.197147638 0.039376251 0.979432642
1439803932.388296 5.469744205 -0.602581739 9.412554741 0.016099039 0.196048185 0.039081559 0.979682863
1439803932.450800 5.487865448 -0.605890274 9.456907272 0.014960526 0.194699034 0.039429877 0.979955971
1439803932.575799 5.524082184 -0.612517476 9.545658112 0.014471980 0.191991419 0.039937951 0.980476856
1439803932.638301 5.540771961 -0.616345227 9.589972496 0.014670478 0.190950230 0.040240262 0.980664790
1439803932.700805 5.558546543 -0.620089829 9.634885788 0.014698772 0.189580604 0.040771924 0.980908155
1439803932.763304 5.577085972 -0.623311102 9.679248810 0.015152622 0.188118264 0.041690145 0.981144130
1439803932.825808 5.594237328 -0.626101255 9.723891258 0.015475723 0.187038913 0.041586708 0.981349826
1439803932.950806 5.627499580 -0.631877840 9.812929153 0.014680472 0.184848458 0.040067222 0.981840193
1439803933.013307 5.644986629 -0.635185599 9.859114647 0.013701061 0.183610007 0.038915686 0.982132971
1439803933.075809 5.661722660 -0.638536811 9.904135704 0.012782232 0.182328388 0.037817620 0.982427001
1439803933.138311 5.677851677 -0.641560435 9.949965477 0.012095965 0.181050539 0.037016243 0.982702494
1439803933.200812 5.694730759 -0.644985855 9.995405197 0.011231074 0.179738700 0.035655059 0.983003855
1439803933.325827 5.727320671 -0.650817215 10.086617470 0.009452500 0.177497730 0.033433057 0.983507693
1439803933.388314 5.743862152 -0.653326154 10.132164001 0.008488939 0.176710829 0.031367239 0.983726263
1439803933.450816 5.759959698 -0.656499803 10.177618980 0.007832845 0.176307544 0.030341323 0.983836234
1439803933.513318 5.775934696 -0.659151852 10.223202705 0.007534438 0.176241353 0.028042445 0.983918607
1439803933.575818 5.791914940 -0.662331700 10.268875122 0.007261749 0.176256254 0.025586082 0.983984947
1439803933.700820 5.824024200 -0.668402195 10.359013557 0.007854460 0.176403433 0.022555552 0.984028101
1439803933.763323 5.839945793 -0.671485186 10.404730797 0.008400422 0.176477253 0.022097787 0.984020770
1439803933.825823 5.856709480 -0.674725294 10.449451447 0.009263251 0.176340386 0.022696901 0.984023929
1439803933.888324 5.874078274 -0.677716494 10.495039940 0.010042688 0.176397696 0.023072688 0.983997285
1439803933.950825 5.891052246 -0.680808008 10.540541649 0.010307519 0.176815152 0.022846235 0.983924925
1439803934.075828 5.923750401 -0.687564254 10.630046844 0.010511041 0.177656278 0.022271059 0.983784378
1439803934.138330 5.939974785 -0.690874636 10.675257683 0.010404279 0.178008988 0.021847462 0.983731270
1439803934.200830 5.956364632 -0.694017947 10.719772339 0.009991778 0.178228244 0.021154664 0.983711004
1439803934.263333 5.973115921 -0.697325706 10.764691353 0.009654069 0.178265184 0.021025078 0.983710468
1439803934.325835 5.989790440 -0.700739086 10.810214043 0.009160153 0.178311870 0.020884952 0.983709693
1439803934.388334 6.006728172 -0.703640580 10.854563713 0.008975129 0.178291246 0.020736177 0.983718276
1439803934.513335 6.039477348 -0.709446013 10.943861008 0.008265778 0.178659260 0.019622644 0.983680606
1439803934.575839 6.055959702 -0.712990999 10.988830566 0.008048875 0.178946793 0.018712860 0.983647823
1439803934.638340 6.072047234 -0.716678321 11.033626556 0.007964942 0.179267719 0.018279113 0.983598232
1439803934.700839 6.089179993 -0.719391465 11.078411102 0.008240359 0.179526255 0.017320456 0.983566165
1439803934.763339 6.105373383 -0.722663283 11.122811317 0.008235490 0.179905310 0.016632231 0.983508825
1439803934.825843 6.122195244 -0.725762606 11.167371750 0.008336425 0.180405930 0.016172742 0.983423948
1439803934.950844 6.155323505 -0.732065320 11.256434441 0.008360698 0.181312889 0.015396508 0.983269393
1439803935.013343 6.172273159 -0.735249996 11.300647736 0.008384215 0.181717664 0.015045132 0.983199894
1439803935.075846 6.189228058 -0.738653958 11.345146179 0.008408334 0.181954533 0.015473923 0.983149230
1439803935.138345 6.206002235 -0.741648734 11.389227867 0.008519673 0.182284072 0.016472645 0.983071029
1439803935.200849 6.223136425 -0.744832158 11.432830811 0.008451108 0.182385862 0.017563768 0.983033836
1439803935.325849 6.256545544 -0.750900507 11.521474838 0.007469946 0.183063731 0.016405534 0.982935786
1439803935.388350 6.273383141 -0.754234850 11.566127777 0.007210748 0.183080509 0.015662372 0.982946694
1439803935.450851 6.289696693 -0.757313192 11.609828949 0.007266108 0.182918325 0.015696676 0.982975960
1439803935.513352 6.306456089 -0.760502696 11.654184341 0.007260757 0.182420835 0.016415527 0.983056724
1439803935.575854 6.322897911 -0.763430119 11.698284149 0.007077077 0.181817323 0.017106032 0.983158052
1439803935.700856 6.356124878 -0.769559085 11.785009384 0.007389223 0.181108832 0.017245220 0.983284056
1439803935.763359 6.371878147 -0.772917271 11.829070091 0.007529401 0.181149662 0.016344223 0.983290911
1439803935.825859 6.388121605 -0.776001453 11.872553825 0.007738833 0.181009829 0.014463482 0.983344436
1439803935.888361 6.405184746 -0.779327929 11.916627884 0.007946772 0.180430874 0.012992358 0.983469725
1439803935.950861 6.420339108 -0.781977355 11.960211754 0.008386425 0.180020526 0.011525967 0.983559549
1439803936.013364 6.435583115 -0.785750866 12.002938271 0.008339814 0.179429755 0.011188631 0.983671784
1439803936.075864 6.451452732 -0.788583398 12.045317650 0.008183391 0.178949967 0.011057715 0.983761966
1439803936.138365 6.467921257 -0.791307628 12.089950562 0.008170168 0.178579241 0.010151281 0.983839214
1439803936.200866 6.483119011 -0.794746637 12.132668495 0.008247823 0.178332731 0.009031883 0.983894229
1439803936.263368 6.497789383 -0.797979236 12.175520897 0.008660059 0.178240225 0.008118150 0.983915389
1439803936.325871 6.513155937 -0.801611245 12.217851639 0.009021502 0.177855209 0.007655729 0.983985543
1439803936.388372 6.528294086 -0.805058956 12.259847641 0.009107844 0.177449331 0.007972429 0.984055519
1439803936.450871 6.543713570 -0.808088481 12.302982330 0.009384094 0.176776662 0.009022160 0.984164894
1439803936.513371 6.558447361 -0.811180472 12.345112801 0.009197051 0.176353872 0.009840441 0.984234691
1439803936.575876 6.573627472 -0.814324498 12.387216568 0.008963358 0.175898880 0.009705255 0.984319568
1439803936.700873 6.603048801 -0.821077347 12.470129967 0.008861248 0.175255120 0.004769724 0.984471619
1439803936.763373 6.617671967 -0.824513793 12.511692047 0.009426231 0.174587429 0.002840276 0.984592497
1439803936.825879 6.631850243 -0.827593863 12.553784370 0.009975037 0.173910558 0.001957509 0.984709024
1439803936.888375 6.646760941 -0.830889642 12.594659805 0.010501569 0.172782645 0.001932926 0.984902084
1439803936.950875 6.660971165 -0.833624363 12.635965347 0.010679225 0.172053769 0.002180284 0.985027254
1439803937.075877 6.688829899 -0.840022922 12.718473434 0.009386034 0.171408847 0.003437012 0.985149264
1439803937.138376 6.704231739 -0.842970014 12.760297775 0.007855826 0.171333119 0.002419863 0.985178888
1439803937.200876 6.718465328 -0.846148491 12.802125931 0.006887343 0.171268716 0.001185425 0.985199571
1439803937.263377 6.731970787 -0.849200249 12.843938828 0.006329747 0.171282575 0.000136044 0.985201597
1439803937.325878 6.746047974 -0.852066040 12.886199951 0.006142500 0.171168074 -0.001172518 0.985221982
1439803937.388378 6.760906219 -0.855163872 12.926308632 0.006319006 0.170869529 -0.001982571 0.985271394
1439803937.513379 6.789293766 -0.861531258 13.008456230 0.007573389 0.170046091 -0.001998705 0.985404968
1439803937.575879 6.802649498 -0.864691138 13.048237801 0.007285445 0.169604704 -0.002030109 0.985483170
1439803937.638379 6.817158222 -0.867328227 13.090398788 0.007027928 0.169270813 -0.002148551 0.985542178
1439803937.700881 6.831035137 -0.870513737 13.131097794 0.006758658 0.168775067 -0.002512557 0.985628188
1439803937.763381 6.844264030 -0.873418212 13.171146393 0.006430356 0.168645859 -0.003978236 0.985647678
1439803937.825881 6.857838631 -0.876369476 13.212222099 0.006393500 0.168522313 -0.004374161 0.985667408
1439803937.888383 6.871421337 -0.879798949 13.252681732 0.005792443 0.168666944 -0.005514627 0.985640705
1439803937.950886 6.884797096 -0.882879257 13.293741226 0.005434613 0.168791696 -0.006440489 0.985615730
1439803938.013385 6.898953438 -0.886016011 13.333050728 0.005795806 0.168667242 -0.006511725 0.985634506
1439803938.075884 6.912425995 -0.889079690 13.372787476 0.006143392 0.168874562 -0.006381019 0.985597730
1439803938.138388 6.926528931 -0.892044425 13.412301064 0.006222523 0.168652058 -0.006235872 0.985636294
1439803938.200885 6.939930916 -0.894885540 13.452125549 0.006172834 0.168883309 -0.006140925 0.985597610
1439803938.263386 6.954179287 -0.897705913 13.491556168 0.005859398 0.168689579 -0.005526066 0.985636294
1439803938.325887 6.967915535 -0.900549650 13.531098366 0.005859428 0.168405682 -0.005910047 0.985682607
1439803938.388390 6.980937958 -0.903411210 13.570512772 0.006114658 0.168396652 -0.005903934 0.985682666
1439803938.450889 6.994453430 -0.906136334 13.610033035 0.005362505 0.168046221 -0.006308820 0.985744357
1439803938.513394 7.007516384 -0.908872604 13.649205208 0.004741309 0.167855859 -0.006449299 0.985779047
1439803938.575894 7.020821571 -0.911603510 13.687811852 0.004282286 0.167269483 -0.006567026 0.985880017
1439803938.638394 7.033807755 -0.914452672 13.726518631 0.004352422 0.166824520 -0.006063328 0.985958338
1439803938.700897 7.046824932 -0.917227983 13.764822006 0.004683492 0.166272387 -0.005752535 0.986051977
1439803938.763396 7.059853554 -0.920166671 13.803236008 0.004608932 0.165811256 -0.005133399 0.986133397
1439803938.825901 7.073129654 -0.922764301 13.841711044 0.004123637 0.165424511 -0.005829418 0.986196578
1439803938.888401 7.081789017 -0.927419782 13.877810478 0.003259776 0.166085809 -0.006337591 0.986085534
1439803938.950902 7.098190784 -0.927655935 13.917806625 0.004045569 0.165435567 -0.006656049 0.986189842
1439803939.013406 7.110991478 -0.930219054 13.955747604 0.004204470 0.165124848 -0.006839798 0.986239970
1439803939.075907 7.123378754 -0.933214486 13.993650436 0.003902327 0.165066332 -0.007098792 0.986249208
1439803939.138405 7.136215210 -0.935514569 14.031005859 0.002818499 0.164455563 -0.008467675 0.986344099
1439803939.200907 7.148736954 -0.937978804 14.068924904 0.001678509 0.163963646 -0.009655390 0.986417711
1439803939.263405 7.160493374 -0.940415382 14.106903076 0.000750201 0.163676828 -0.011222372 0.986449897
1439803939.325907 7.172446251 -0.943218768 14.143451691 0.000636953 0.163306430 -0.010961011 0.986514270
1439803939.388408 7.184932709 -0.946258485 14.179208755 0.001720424 0.162739351 -0.008984621 0.986626685
1439803939.450909 7.197859287 -0.949354470 14.216456413 0.003583177 0.162283316 -0.006033119 0.986719251
1439803939.513411 7.210539341 -0.952168405 14.252731323 0.004965225 0.162080780 -0.004161700 0.986756206
1439803939.575912 7.223114967 -0.954913557 14.289901733 0.005628201 0.162664294 -0.004179517 0.986656547
1439803939.638412 7.235524178 -0.957468033 14.326525688 0.005578062 0.163485050 -0.005000951 0.986517370
1439803939.700914 7.246408463 -0.960064530 14.363577843 0.005053286 0.164719850 -0.006681819 0.986304820
1439803939.763416 7.258003235 -0.961993694 14.400096893 0.004399886 0.165248394 -0.008144659 0.986208558
1439803939.825917 7.269979477 -0.964618683 14.436821938 0.003234097 0.165296361 -0.008200358 0.986204565
1439803939.888418 7.282537460 -0.967247069 14.473102570 0.001922007 0.164924905 -0.006959298 0.986279726
1439803939.950920 7.295103550 -0.969687760 14.509210587 0.001357247 0.164691493 -0.004183463 0.986335337
1439803940.013420 7.308229446 -0.972334445 14.545187950 0.000699896 0.164731815 -0.002415759 0.986335158
1439803940.075924 7.321527481 -0.974434733 14.580567360 0.000436930 0.164560765 -0.001663030 0.986365438
1439803940.138423 7.333471298 -0.977330685 14.615797997 -0.000085005 0.164540127 -0.001997626 0.986368358
1439803940.200926 7.344370365 -0.978922606 14.652025223 0.000407923 0.164799139 -0.002813360 0.986323059
1439803940.263424 7.356065750 -0.981128991 14.687014580 0.000841539 0.164518580 -0.003310218 0.986368060
1439803940.325925 7.367874146 -0.982678831 14.722578049 0.001470714 0.164309755 -0.003633730 0.986401021
1439803940.388428 7.379813671 -0.984480798 14.757692337 0.002082927 0.164066583 -0.003137413 0.986442089
1439803940.450929 7.392104626 -0.987344146 14.791255951 0.002059693 0.163463682 -0.002998676 0.986542642
1439803940.513430 7.403229713 -0.990111887 14.827528954 0.001857040 0.163660303 -0.002978064 0.986510515
1439803940.575931 7.414971352 -0.992038965 14.862661362 0.001905443 0.163387820 -0.002591402 0.986556649
1439803940.638433 7.426139832 -0.994246840 14.897881508 0.001593225 0.163543999 -0.002168781 0.986532390
1439803940.700934 7.437791824 -0.995813966 14.932605743 0.001324221 0.163194880 -0.002000553 0.986590922
1439803940.763436 7.449179173 -0.998087704 14.967831612 0.000642458 0.162985399 -0.002101105 0.986626029
1439803940.825937 7.460654259 -1.000297189 15.001975060 -0.000058752 0.162441850 -0.001832792 0.986716390
1439803940.888439 7.471783638 -1.002516627 15.036748886 -0.000821324 0.162421495 -0.001417758 0.986720085
1439803940.950940 7.482714176 -1.004389763 15.070640564 -0.001624486 0.162162125 -0.001513762 0.986761630
1439803941.013441 7.493846893 -1.006743193 15.104838371 -0.002280835 0.161914155 -0.001466029 0.986801088
1439803941.075942 7.504745483 -1.008361101 15.138107300 -0.002556582 0.161363497 -0.001013947 0.986891210
1439803941.138444 7.515619278 -1.010408163 15.171604156 -0.002979448 0.160897136 -0.000601029 0.986966491
1439803941.200945 7.526329994 -1.012206554 15.203963280 -0.003311950 0.160241157 -0.000770004 0.987072051
1439803941.263446 7.536397934 -1.013749123 15.237176895 -0.003419623 0.160348520 -0.001044260 0.987053990
1439803941.325948 7.546982765 -1.015478253 15.268866539 -0.003434382 0.159640253 -0.000982358 0.987168789
1439803941.388449 7.557050705 -1.017158628 15.301115036 -0.003529961 0.159223288 -0.000700424 0.987236023
1439803941.450951 7.566867352 -1.018844366 15.332744598 -0.003618586 0.158485100 -0.000816622 0.987354398
1439803941.513454 7.576607704 -1.020548224 15.363925934 -0.003771962 0.157462850 -0.000902172 0.987517297
1439803941.575952 7.586042404 -1.022280693 15.394865990 -0.003831535 0.156285137 -0.001023697 0.987704039
1439803941.638452 7.595482349 -1.024024010 15.425491333 -0.003738852 0.155013785 -0.000933798 0.987904787
1439803941.700953 7.604540825 -1.025755048 15.455625534 -0.003761453 0.154082805 -0.001340078 0.988049865
1439803941.763453 7.613226414 -1.027024746 15.485359192 -0.003914217 0.153394133 -0.001897246 0.988155484
1439803941.825954 7.622114182 -1.028745055 15.514504433 -0.004434377 0.152453303 -0.001518811 0.988299549
1439803941.888458 7.630515099 -1.030091286 15.543009758 -0.004631388 0.151556179 -0.001520875 0.988436639
1439803941.950956 7.638772011 -1.032106876 15.570493698 -0.004524186 0.150668487 -0.001050985 0.988573432
1439803942.013455 7.646716595 -1.033828020 15.597604752 -0.004185291 0.149889290 -0.000566095 0.988693774
1439803942.075959 7.654758930 -1.035054207 15.623559952 -0.004095088 0.149003193 -0.000387530 0.988828182
1439803942.138461 7.661713600 -1.036495805 15.648646355 -0.003921680 0.148381814 -0.000048867 0.988922417
1439803942.200962 7.668792725 -1.038351297 15.671756744 -0.003889527 0.147608325 0.000365061 0.989038169
1439803942.263461 7.675399303 -1.039618731 15.694774628 -0.003595370 0.146865025 0.000463337 0.989149868
1439803942.325965 7.681595802 -1.040850282 15.716920853 -0.003364494 0.146069258 0.000750224 0.989268363
1439803942.388466 7.687517166 -1.041823506 15.737346649 -0.003108067 0.145457774 0.000848106 0.989359200
1439803942.450969 7.692972183 -1.042673945 15.757407188 -0.002823563 0.144833997 0.000955650 0.989451468
1439803942.513469 7.697943687 -1.043827295 15.776056290 -0.002523209 0.144363135 0.000848680 0.989521205
1439803942.575969 7.702481747 -1.044558883 15.793485641 -0.002043510 0.143974885 0.000514814 0.989579082
1439803942.638474 7.707088470 -1.045349836 15.809955597 -0.001775493 0.143390059 0.000390408 0.989664555
1439803942.700972 7.711450577 -1.046368361 15.825419426 -0.001981263 0.142725199 0.000584621 0.989760220
1439803942.763474 7.715566635 -1.047357559 15.839529991 -0.002533969 0.142003104 0.000556609 0.989862800
1439803942.825975 7.719348907 -1.048246741 15.852727890 -0.002765414 0.141470179 0.000656187 0.989938438
1439803942.888477 7.722744942 -1.048932552 15.864999771 -0.002836528 0.141046867 0.001319722 0.989997983
1439803942.950978 7.725744724 -1.049698591 15.876201630 -0.002833056 0.140734166 0.001718387 0.990041852
1439803943.013482 7.728485107 -1.050112486 15.886243820 -0.002679403 0.140348062 0.001679689 0.990097165
1439803943.075980 7.730841637 -1.050746679 15.895548820 -0.002584678 0.140049338 0.001479978 0.990140080
1439803943.138482 7.733240128 -1.051179409 15.904014587 -0.002306317 0.139651895 0.001292482 0.990197122
1439803943.200983 7.735098839 -1.051515937 15.911568642 -0.002184331 0.139395609 0.001308843 0.990233541
1439803943.263485 7.736820698 -1.052135348 15.918657303 -0.002178480 0.139279336 0.001058944 0.990250170
1439803943.325986 7.738353729 -1.052499890 15.925622940 -0.001949077 0.139180213 0.001261498 0.990264356
1439803943.388487 7.740426064 -1.053140521 15.931449890 -0.001946370 0.138711378 0.001589130 0.990329623
1439803943.450989 7.741752148 -1.053326607 15.937285423 -0.001609177 0.138641402 0.001831536 0.990339637
1439803943.513493 7.743480682 -1.053712964 15.942941666 -0.001315059 0.138325274 0.002125795 0.990383685
1439803943.575992 7.744809151 -1.053969622 15.948594093 -0.000682622 0.138233528 0.002148200 0.990397096
1439803943.638493 7.746498108 -1.054404497 15.954136848 -0.000290773 0.137967914 0.002047581 0.990434527
1439803943.700995 7.748178482 -1.054844737 15.959638596 -0.000036666 0.137648568 0.001889396 0.990479350
1439803943.763496 7.749505997 -1.055315495 15.965373039 -0.000001072 0.137386397 0.001782526 0.990515888
1439803943.825997 7.750803947 -1.055602789 15.971435547 0.000070601 0.137279734 0.001659295 0.990530908
1439803943.888498 7.752315044 -1.055923343 15.977370262 0.000119102 0.137126565 0.001730470 0.990552008
1439803943.951015 7.754001617 -1.056438208 15.983562469 0.000271139 0.137037098 0.001649368 0.990564525
1439803944.013501 7.755749702 -1.056843042 15.990049362 0.000656768 0.136843547 0.001879102 0.990590692
1439803944.076003 7.757656097 -1.057196498 15.996959686 0.001159945 0.136548296 0.001981742 0.990630746
1439803944.138504 7.759491920 -1.057420731 16.004093170 0.001784556 0.136368036 0.002048369 0.990654528
1439803944.201006 7.761765480 -1.058071494 16.011575699 0.002160557 0.135985687 0.002167602 0.990706086
1439803944.263507 7.763797760 -1.058431625 16.019849777 0.002712613 0.135775939 0.002236472 0.990733325
1439803944.326008 7.766080379 -1.058993816 16.028577805 0.002950269 0.135492995 0.002183816 0.990771532
1439803944.388509 7.768589973 -1.059464931 16.037960052 0.003075658 0.135235861 0.002068310 0.990806520
1439803944.451012 7.771340370 -1.060189009 16.047870636 0.003110076 0.134885952 0.002187269 0.990853846
1439803944.513512 7.773802280 -1.060854316 16.058162689 0.003367732 0.134748027 0.002122206 0.990871906
1439803944.576014 7.776809216 -1.061705589 16.069175720 0.003463396 0.134211585 0.002229189 0.990944147
1439803944.638515 7.779742241 -1.062278986 16.080837250 0.003708153 0.133830726 0.002536419 0.990994036
1439803944.701016 7.783022881 -1.062896729 16.092794418 0.003817573 0.133459866 0.002874284 0.991042733
1439803944.763523 7.786188126 -1.063517809 16.105634689 0.003903294 0.133324966 0.003003979 0.991060138
1439803944.826020 7.789518356 -1.064338326 16.118490219 0.003842268 0.133102715 0.003117272 0.991089880
1439803944.888520 7.792837143 -1.065171361 16.132345200 0.003836223 0.132711425 0.003263373 0.991141915
1439803944.951022 7.796792030 -1.065919042 16.146278381 0.004081113 0.132057935 0.003323684 0.991227984
1439803945.013523 7.800563812 -1.066862464 16.160791397 0.004223478 0.131787583 0.003199799 0.991263807
1439803945.076027 7.804441452 -1.067566395 16.175899506 0.004534720 0.131688714 0.002973104 0.991276264
1439803945.138527 7.808423996 -1.068658113 16.191549301 0.004427996 0.131797671 0.003238623 0.991261482
1439803945.201027 7.812671661 -1.069793940 16.207496643 0.004399973 0.131768465 0.003590082 0.991264284
1439803945.263529 7.817291260 -1.070643663 16.224086761 0.004654904 0.131419331 0.004075736 0.991307557
1439803945.326036 7.821874619 -1.071465969 16.241222382 0.004970194 0.131341517 0.004622349 0.991313934
1439803945.388532 7.826893806 -1.072729349 16.258893967 0.004857470 0.130988926 0.005314686 0.991357684
1439803945.451033 7.831756115 -1.073833227 16.276966095 0.004514863 0.131002277 0.006114805 0.991352916
1439803945.513537 7.833101749 -1.074818254 16.296335220 0.004074371 0.130279511 0.006829961 0.991445422
1439803945.576036 7.838372231 -1.075836658 16.315286636 0.003814061 0.129830495 0.007048051 0.991503835
1439803945.638537 7.846325874 -1.076968551 16.332927704 0.003410608 0.130425856 0.007079084 0.991426885
1439803945.701039 7.851330757 -1.078286171 16.351964951 0.002578800 0.130332589 0.007529132 0.991438389
1439803945.763540 7.856223106 -1.079534054 16.371049881 0.002139739 0.130034417 0.007879265 0.991475880
1439803945.826041 7.860612869 -1.080599189 16.389701843 0.002030371 0.129965886 0.007074722 0.991491139
1439803945.888543 7.865330696 -1.081917286 16.408649445 0.002037276 0.129773974 0.007343313 0.991514325
1439803945.951044 7.869980812 -1.082930446 16.427528381 0.002028543 0.129561201 0.007735006 0.991539180
1439803946.013546 7.875006676 -1.083845735 16.446426392 0.002230342 0.129194394 0.008089192 0.991583765
1439803946.076048 7.879724503 -1.085038066 16.464954376 0.002242079 0.128689915 0.008625857 0.991644859
1439803946.138549 7.884448528 -1.086089730 16.483654022 0.002427730 0.127808511 0.009304455 0.991752207
1439803946.201050 7.889361382 -1.087539315 16.502660751 0.002260599 0.126941428 0.010143789 0.991855741
1439803946.263552 7.893871307 -1.088704944 16.521549225 0.002069419 0.125977337 0.010248484 0.991978049
1439803946.326053 7.898568153 -1.089745879 16.540672302 0.002069345 0.124848418 0.010063986 0.992122650
1439803946.388554 7.902690887 -1.090620160 16.559242249 0.002227962 0.123652130 0.010241475 0.992270291
1439803946.451054 7.906846046 -1.091743827 16.578485489 0.001910920 0.122433990 0.010303325 0.992421329
1439803946.513555 7.911021233 -1.092540383 16.597278595 0.001648055 0.121191278 0.010061610 0.992576838
1439803946.576056 7.914898872 -1.093368888 16.615457535 0.001663553 0.119781278 0.009660101 0.992751896
1439803946.638556 7.918677330 -1.094180703 16.633480072 0.001761524 0.118435390 0.009280984 0.992916822
1439803946.701056 7.922367096 -1.094962120 16.650907516 0.001530960 0.117197081 0.008992046 0.993066788
1439803946.763558 7.926409721 -1.095455527 16.667827606 0.001043514 0.115924187 0.009171004 0.993215144
1439803946.826058 7.930315971 -1.096295118 16.684856415 0.000990793 0.114569046 0.009939851 0.993365049
1439803946.888558 7.934166431 -1.096832871 16.701292038 0.001375832 0.113100216 0.010660803 0.993525445
1439803946.951060 7.938291550 -1.097419143 16.717330933 0.001769706 0.111448973 0.011388769 0.993703306
1439803947.013560 7.942132473 -1.097883940 16.733303070 0.002152945 0.109984331 0.011970822 0.993858874
1439803947.076059 7.945948124 -1.098666191 16.748970032 0.002222950 0.108462006 0.012107269 0.994024396
1439803947.138564 7.949639320 -1.098787904 16.764352798 0.002629141 0.106923252 0.011751922 0.994194329
1439803947.201061 7.953171253 -1.099409580 16.779584885 0.002952851 0.105534032 0.011061655 0.994349778
1439803947.263561 7.956710815 -1.099955916 16.794246674 0.003556333 0.104134545 0.010657884 0.994499743
1439803947.326064 7.960545540 -1.100263119 16.809392929 0.004069992 0.102853104 0.010054954 0.994637430
1439803947.388565 7.964175224 -1.100681663 16.823692322 0.004794544 0.101559870 0.010196241 0.994765639
1439803947.451065 7.966540337 -1.100921988 16.836685181 0.004590384 0.100679554 0.008697384 0.994870305
1439803947.513567 7.970737457 -1.101121068 16.851030350 0.005306266 0.099485867 0.009776144 0.994976819
1439803947.576065 7.975281715 -1.101070166 16.866516113 0.005724571 0.098387368 0.010144738 0.995079994
1439803947.638564 7.979048729 -1.101231813 16.880226135 0.006077944 0.097244039 0.010143737 0.995190322
1439803947.701071 7.983379364 -1.101010561 16.894994736 0.005832571 0.096069373 0.009339840 0.995313704
1439803947.763573 7.987379074 -1.100964069 16.908647537 0.005383072 0.094757415 0.008166891 0.995452344
1439803947.826073 7.990972519 -1.100766540 16.921863556 0.005717496 0.093213156 0.008181224 0.995596111
1439803947.888570 7.994127274 -1.100717545 16.934076309 0.005844073 0.091677383 0.007688622 0.995741904
1439803947.951070 7.996350288 -1.101072788 16.943851471 0.006210988 0.089793406 0.008364087 0.995905936
1439803948.013571 7.997331619 -1.102145433 16.952009201 0.005524004 0.088523872 0.007906988 0.996027350
1439803948.076072 8.003661156 -1.101017594 16.968564987 0.005352544 0.087117963 0.007080325 0.996158481
1439803948.138573 8.010185242 -1.100224495 16.985214233 0.005555146 0.085749038 0.006844414 0.996277809
1439803948.201073 8.014522552 -1.100176573 16.997686386 0.005521095 0.084126823 0.005991634 0.996421754
1439803948.263574 8.019626617 -1.099471092 17.011032104 0.006622700 0.082223222 0.005554610 0.996576428
1439803948.326074 8.023574829 -1.099138737 17.022310257 0.007108615 0.080667071 0.005128935 0.996702552
1439803948.388577 8.027584076 -1.099091649 17.033615112 0.007481404 0.079098307 0.004776677 0.996827304
1439803948.451079 8.030971527 -1.099324465 17.043842316 0.007600202 0.077560231 0.004913739 0.996946573
1439803948.513578 8.035037994 -1.098905087 17.055318832 0.007130749 0.075853415 0.004020507 0.997085392
1439803948.576080 8.046371460 -1.097020388 17.077617645 0.007363068 0.073783904 0.003893022 0.997239470
1439803948.638581 8.051610947 -1.096203327 17.090066910 0.007264615 0.071921363 0.002947660 0.997379482
1439803948.701086 8.059540749 -1.094631791 17.106079102 0.007983256 0.069813222 0.002197414 0.997525692
1439803948.763583 8.069059372 -1.123244524 17.107419968 0.002549964 0.066361599 0.001502781 0.997791231
1439803948.826088 8.069158554 -1.138767362 17.119966507 0.000265663 0.064686894 0.001576282 0.997904301
1439803948.888589 8.080968857 -1.148331404 17.129747391 -0.000960760 0.060802385 0.001295398 0.998148501
1439803948.951088 8.088201523 -1.144332647 17.139593124 -0.000048727 0.057442907 0.000289254 0.998348773
1439803949.013588 8.087096214 -1.151472449 17.159881592 -0.000845896 0.055931251 -0.000722781 0.998434007
1439803949.076092 8.094377518 -1.138596177 17.178043365 0.002223020 0.052253664 -0.002002211 0.998629332
1439803949.138591 8.101854324 -1.131702662 17.191850662 0.003752139 0.048362225 -0.002449105 0.998819828
1439803949.201094 8.102495193 -1.142031550 17.208484650 0.002147743 0.045788012 -0.001243055 0.998948097
1439803949.263594 8.110393524 -1.159406781 17.222705841 -0.001104259 0.042271309 0.000048557 0.999105573
1439803949.326095 8.116630554 -1.177026153 17.237939835 -0.004633161 0.038892373 0.001240382 0.999231875
1439803949.388598 8.129625320 -1.173369169 17.251064301 -0.003813512 0.033804677 0.001461637 0.999420106
1439803949.451097 8.133604050 -1.173744202 17.268337250 -0.003495829 0.029858688 0.001935225 0.999546111
1439803949.513599 8.143321991 -1.170053244 17.285795212 -0.002336429 0.025147924 0.000728894 0.999680758
1439803949.576100 8.148666382 -1.172639847 17.301473618 -0.001428251 0.021178877 -0.000380193 0.999774575
1439803949.638602 8.153143883 -1.168965697 17.319255829 0.000899067 0.017376238 -0.001819849 0.999846935
1439803949.701100 8.165487289 -1.177345634 17.338478088 0.000846229 0.011828919 -0.002413523 0.999926746
1439803949.763604 8.165272713 -1.177483916 17.357337952 0.002076825 0.008002122 -0.002826909 0.999961853
1439803949.826106 8.172675133 -1.178848982 17.376829147 0.003331393 0.002621929 -0.002816037 0.999987066
1439803949.888603 8.180683136 -1.180015564 17.395631790 0.004646711 -0.002955676 -0.002098137 0.999982655
1439803949.951106 8.187530518 -1.180258870 17.415519714 0.006097712 -0.008391542 -0.000619822 0.999945998
1439803950.013607 8.195226669 -1.181298018 17.437105179 0.007766846 -0.014025112 -0.000021815 0.999871492
1439803950.076109 8.204124451 -1.180345535 17.460655212 0.010246295 -0.020673504 -0.000488642 0.999733686
1439803950.138612 8.208442688 -1.177857041 17.482131958 0.012776135 -0.027642198 -0.000136110 0.999536216
1439803950.201109 8.212777138 -1.176913500 17.504188538 0.014920955 -0.034822591 -0.000071076 0.999282122
1439803950.263612 8.213792801 -1.171620965 17.525690079 0.017785069 -0.040984847 -0.000316708 0.999001384
1439803950.326113 8.218190193 -1.170381546 17.548511505 0.019633250 -0.047415275 -0.000047550 0.998682261
1439803950.388615 8.225319862 -1.174659491 17.568729401 0.020230222 -0.054146040 0.000231918 0.998328030
1439803950.451115 8.233644485 -1.176599026 17.591962814 0.021453565 -0.061282292 0.000537111 0.997889757
1439803950.513619 8.236843109 -1.175118208 17.615829468 0.022986513 -0.067977101 0.001518493 0.997420907
1439803950.576119 8.237014771 -1.172479272 17.632047653 0.024421951 -0.073859379 0.002210241 0.996967137
1439803950.638619 8.241298676 -1.176389217 17.645301819 0.024164319 -0.079761207 0.002769001 0.996517241
1439803950.701125 8.242356300 -1.176058173 17.655786514 0.024015762 -0.084650367 0.004201931 0.996112406
1439803950.763622 8.242208481 -1.175903201 17.668153763 0.023703480 -0.089466393 0.006188819 0.995688498
1439803950.826122 8.238170624 -1.169917583 17.683742523 0.024880515 -0.093727857 0.007163851 0.995261133
1439803950.888624 8.244861603 -1.167257786 17.709199905 0.026248235 -0.100132085 0.007552445 0.994599164
1439803950.951125 8.241631508 -1.169665813 17.718231201 0.027002804 -0.104394436 0.008638750 0.994131804
1439803951.013626 8.240675926 -1.170521617 17.726085663 0.029222695 -0.108850062 0.007733261 0.993598461
1439803951.076128 8.241355896 -1.170785069 17.739471436 0.031796534 -0.113889270 0.006133466 0.992965519
1439803951.138628 8.240846634 -1.167259693 17.753894806 0.034448806 -0.118550129 0.005233636 0.992336512
1439803951.201130 8.239028931 -1.168175101 17.762968063 0.035082608 -0.122450165 0.005659592 0.991838276
1439803951.263631 8.239155769 -1.169154167 17.778448105 0.034921940 -0.127052382 0.006970457 0.991256595
1439803951.326132 8.239156723 -1.167950273 17.793277740 0.035056457 -0.131649122 0.008197721 0.990642428
1439803951.388634 8.239229202 -1.168953657 17.804922104 0.034599788 -0.136277542 0.009253751 0.990023017
1439803951.451136 8.239198685 -1.169603348 17.819440842 0.034553569 -0.141098917 0.009565403 0.989346087
1439803951.513636 8.239159584 -1.170956135 17.834358215 0.035285696 -0.145891711 0.009326574 0.988627076
1439803951.576137 8.238899231 -1.171585202 17.846372604 0.036769617 -0.150363058 0.008565264 0.987909734
1439803951.638639 8.239320755 -1.174776912 17.856145859 0.037368316 -0.154943556 0.008903136 0.987176180
1439803951.701139 8.240879059 -1.168397665 17.876922607 0.039359022 -0.160061061 0.009726406 0.986274123
1439803951.763640 8.240446091 -1.166877031 17.890188217 0.039452747 -0.164082438 0.010277639 0.985603809
1439803951.826142 8.239509583 -1.172892094 17.901233673 0.037251592 -0.167408273 0.010128737 0.985131562
1439803951.888641 8.237778664 -1.172691584 17.915225983 0.036163989 -0.170974836 0.009930917 0.984561384
1439803951.951143 8.241096497 -1.173264861 17.933902740 0.035380334 -0.176226094 0.010049161 0.983662367
1439803952.013644 8.239075661 -1.173747420 17.948598862 0.034884732 -0.180528209 0.010408735 0.982895851
1439803952.076146 8.238828659 -1.175145268 17.964153290 0.034520730 -0.184711412 0.010815191 0.982126772
1439803952.138646 8.238292694 -1.169140458 17.974824905 0.035440743 -0.187906176 0.011175549 0.981483698
1439803952.201148 8.238014221 -1.169538498 17.990999222 0.035864852 -0.191177547 0.010212498 0.980846882
1439803952.263648 8.233025551 -1.173549414 18.003036499 0.035345439 -0.193362713 0.008563607 0.980453074
1439803952.326150 8.232948303 -1.174111485 18.019496918 0.035551395 -0.196935490 0.007413170 0.979743600
1439803952.388651 8.232825279 -1.175004840 18.031188965 0.034988005 -0.200311884 0.007053179 0.979081810
1439803952.451151 8.232969284 -1.175082207 18.049951553 0.034549691 -0.203833312 0.005972130 0.978377581
1439803952.513656 8.231788635 -1.177659750 18.064836502 0.033207048 -0.206912920 0.005719771 0.977778912
1439803952.576156 8.234108925 -1.182273149 18.076982498 0.031442132 -0.210351944 0.006727431 0.977096796
1439803952.638657 8.233972549 -1.185131550 18.094814301 0.030098839 -0.213908762 0.009030350 0.976348042
1439803952.701157 8.234708786 -1.190294504 18.111749649 0.029000033 -0.217477649 0.008828743 0.975594461
1439803952.763659 8.234956741 -1.195426464 18.128353119 0.028071115 -0.221027672 0.008416588 0.974827111
1439803952.826163 8.235314369 -1.196477175 18.147428513 0.027433744 -0.224818707 0.008072866 0.973980844
1439803952.888662 8.234340668 -1.192271948 18.160461426 0.027818268 -0.227552533 0.007654401 0.973338246
1439803952.951163 8.231718063 -1.193996906 18.179559708 0.027854729 -0.230203792 0.006392473 0.972722709
1439803953.013664 8.229069710 -1.188215137 18.195035934 0.029828118 -0.232298404 0.004249837 0.972177804
1439803953.076166 8.226989746 -1.187610269 18.212984085 0.030773703 -0.234843582 0.003016945 0.971541226
1439803953.138667 8.229204178 -1.189759851 18.237245560 0.031261906 -0.238487646 0.002303705 0.970639527
1439803953.201169 8.225506783 -1.193048716 18.240671158 0.029784793 -0.239631549 0.004604837 0.970395982
1439803953.263669 8.223175049 -1.194202900 18.259019852 0.029328629 -0.241759971 0.004977305 0.969879985
1439803953.326171 8.225760460 -1.196762681 18.284122467 0.029225396 -0.245190322 0.003914674 0.969026446
1439803953.388673 8.222763062 -1.198907852 18.292398453 0.028843712 -0.246477455 0.003734746 0.968711972
1439803953.451174 8.222867012 -1.200893641 18.313161850 0.029506093 -0.249022022 0.002259313 0.968045592
1439803953.513675 8.220497131 -1.203427315 18.323740005 0.030065781 -0.250367790 0.001536358 0.967682600
1439803953.576177 8.215471268 -1.207535267 18.326381683 0.029956969 -0.250285566 0.001152999 0.967707813
1439803953.638680 8.214618683 -1.211144328 18.346597672 0.030354340 -0.251885712 -0.000988066 0.967280328
1439803953.701180 8.212148666 -1.211290598 18.359239578 0.030848252 -0.252479672 -0.002175799 0.967107892
1439803953.763681 8.210321426 -1.214546442 18.379493713 0.031071534 -0.253921241 -0.002132295 0.966723323
1439803953.826182 8.209032059 -1.216882586 18.397293091 0.031568892 -0.255241334 -0.002172811 0.966359437
1439803953.888683 8.209815979 -1.222170591 18.419334412 0.031526089 -0.257170856 -0.002224391 0.965849042
1439803953.951186 8.204189301 -1.221832752 18.416351318 0.031131040 -0.255491018 -0.001472750 0.966308951
1439803954.013687 8.202498436 -1.223777771 18.430152893 0.030495187 -0.255898893 -0.002316832 0.966219664
1439803954.076188 8.201029778 -1.225829124 18.449693680 0.030493058 -0.256330281 -0.004024251 0.966099739
1439803954.138690 8.199557304 -1.228506327 18.468456268 0.031074630 -0.256199956 -0.006337603 0.966103375
1439803954.201190 8.195769310 -1.232118130 18.476800919 0.031051500 -0.254805744 -0.006129151 0.966474116
1439803954.263696 8.193942070 -1.236652255 18.496971130 0.031164531 -0.255022556 -0.005808190 0.966415286
1439803954.326194 8.189273834 -1.241678476 18.505516052 0.029771848 -0.253669679 -0.005791998 0.966815293
1439803954.388709 8.187027931 -1.241103649 18.521118164 0.029520743 -0.253467917 -0.006719889 0.966869891
1439803954.451196 8.184851646 -1.245111942 18.536407471 0.028224293 -0.253527761 -0.006103495 0.966897011
1439803954.513697 8.181776047 -1.247843981 18.550170898 0.027685713 -0.253175676 -0.005411124 0.967008948
1439803954.576199 8.179051399 -1.250764847 18.565597534 0.027626071 -0.252991050 -0.004308166 0.967064500
1439803954.638700 8.175043106 -1.252629280 18.577474594 0.027494797 -0.251897126 -0.004770370 0.967351615
1439803954.701202 8.171847343 -1.254464388 18.590908051 0.027378257 -0.251430124 -0.005447500 0.967472792
1439803954.763703 8.169021606 -1.257528186 18.608425140 0.027572999 -0.251256853 -0.006475619 0.967505991
1439803954.826206 8.167037964 -1.259700418 18.625152588 0.028078830 -0.251176894 -0.008049861 0.967500329
1439803954.888705 8.164623260 -1.262071967 18.641162872 0.028392797 -0.251190454 -0.008912208 0.967480123
1439803954.951207 8.159708977 -1.265991688 18.651157379 0.027355589 -0.250551492 -0.007042273 0.967691064
1439803955.013709 8.156785965 -1.268315554 18.665567398 0.026654182 -0.250887454 -0.007461470 0.967620492
1439803955.076210 8.153957367 -1.272341728 18.682365417 0.025358992 -0.251675487 -0.007508517 0.967450261
1439803955.138711 8.151033401 -1.274604917 18.697525024 0.024276722 -0.252054870 -0.007992703 0.967375338
1439803955.201212 8.147726059 -1.276212454 18.711347580 0.024109848 -0.252165556 -0.009674194 0.967335343
1439803955.263715 8.143669128 -1.277050138 18.726816177 0.025420638 -0.252056986 -0.012240248 0.967301011
1439803955.326215 8.139945030 -1.280131698 18.737379074 0.025625642 -0.251973867 -0.012255269 0.967317045
1439803955.388717 8.137068748 -1.282736540 18.751903534 0.026452230 -0.252463251 -0.013154397 0.967155397
1439803955.451218 8.134389877 -1.285040855 18.766117096 0.027543413 -0.252977341 -0.013765438 0.966982067
1439803955.513723 8.131847382 -1.287668228 18.781448364 0.028715804 -0.253569573 -0.013472859 0.966796935
1439803955.576219 8.129123688 -1.290301561 18.796312332 0.029742900 -0.254047066 -0.013158082 0.966644883
1439803955.638720 8.125219345 -1.293615580 18.810188293 0.029911464 -0.253998131 -0.013746269 0.966644347
1439803955.701221 8.121299744 -1.296588421 18.821090698 0.028698562 -0.253795087 -0.012791945 0.966747582
1439803955.763721 8.117031097 -1.296732187 18.831949234 0.028502464 -0.252843052 -0.013644404 0.966991127
1439803955.826222 8.113842010 -1.299062967 18.845861435 0.028456500 -0.252842575 -0.015511422 0.966964424
1439803955.888723 8.110888481 -1.301454544 18.859430313 0.028320163 -0.252952993 -0.016931389 0.966915786
1439803955.951223 8.107377052 -1.303759336 18.873268127 0.029035382 -0.252963543 -0.020202894 0.966828942
1439803956.013723 8.104072571 -1.305739403 18.884363174 0.029213784 -0.252786905 -0.022259450 0.966824591
1439803956.076225 8.100824356 -1.307928324 18.896638870 0.029953860 -0.252836198 -0.022814464 0.966776133
1439803956.138724 8.097779274 -1.310240149 18.909461975 0.031359170 -0.253072202 -0.024759928 0.966621935
1439803956.201225 8.094285965 -1.312340140 18.922237396 0.033007026 -0.253211349 -0.025776755 0.966504037
1439803956.263726 8.090656281 -1.315236926 18.935375214 0.033594109 -0.253327429 -0.026092935 0.966444910
1439803956.326227 8.087171555 -1.317173600 18.948276520 0.034092985 -0.253067255 -0.027303634 0.966462195
1439803956.388726 8.083898544 -1.319516420 18.960081100 0.034200292 -0.252502471 -0.029883293 0.966529787
1439803956.451228 8.080785751 -1.322693110 18.976634979 0.034471571 -0.252771556 -0.032414384 0.966368258
1439803956.513728 8.076002121 -1.324177742 18.991483688 0.034814775 -0.252675474 -0.035098597 0.966287255
1439803956.576230 8.071157455 -1.327700973 19.004932404 0.033982273 -0.252192676 -0.036678158 0.966384351
1439803956.638732 8.069810867 -1.330223322 19.019723892 0.033559803 -0.252280593 -0.038781341 0.966294050
1439803956.701232 8.063837051 -1.333991289 19.033573151 0.033076964 -0.251567781 -0.040464554 0.966427565
1439803956.763734 8.062288284 -1.334696054 19.044679642 0.032845236 -0.251648277 -0.040750809 0.966402471
1439803956.826234 8.056804657 -1.336035252 19.060838699 0.033119641 -0.251548052 -0.040782064 0.966417849
1439803956.888736 8.055650711 -1.341583490 19.075506210 0.033217046 -0.251706153 -0.043096729 0.966272891
1439803956.951236 8.047847748 -1.343644738 19.087381363 0.033728708 -0.250385225 -0.043700509 0.966571152
1439803957.013739 8.044462204 -1.344253540 19.098321915 0.034889199 -0.249908507 -0.044930197 0.966597021
1439803957.076238 8.039308548 -1.347036004 19.112848282 0.036197167 -0.249777943 -0.046704724 0.966498554
1439803957.138741 8.035902023 -1.349202394 19.127595901 0.038238712 -0.249827355 -0.049443848 0.966270864
1439803957.201241 8.032140732 -1.351938844 19.141002655 0.039909728 -0.249363720 -0.052149255 0.966180861
1439803957.263747 8.027923584 -1.354003429 19.153610229 0.040243696 -0.249055400 -0.053370640 0.966179848
1439803957.326244 8.025306702 -1.357374191 19.169078827 0.040102303 -0.249688715 -0.055226080 0.965917945
1439803957.388748 8.019939423 -1.359205842 19.181627274 0.040065382 -0.249198988 -0.056976695 0.965944231
1439803957.451247 8.016851425 -1.364740133 19.196002960 0.039072249 -0.249717876 -0.058709152 0.965747178
1439803957.513748 8.012074471 -1.367603183 19.210039139 0.038990833 -0.249297246 -0.061200537 0.965704441
1439803957.576250 8.008388519 -1.371934772 19.225109100 0.038641479 -0.249290407 -0.064400174 0.965512156
1439803957.638751 8.003884315 -1.374817610 19.240304947 0.038773362 -0.249207318 -0.067488611 0.965317369
1439803957.701252 8.000197411 -1.378954649 19.255895615 0.039017789 -0.249668628 -0.069743633 0.965027988
1439803957.763754 7.995786190 -1.382575750 19.272136688 0.039843127 -0.249913171 -0.072801240 0.964705110
1439803957.826255 7.993594646 -1.385644317 19.283407211 0.039860360 -0.250240505 -0.074690014 0.964475095
1439803957.888757 7.989130974 -1.389682293 19.298397064 0.039819710 -0.250362545 -0.076557249 0.964298666
1439803957.951258 7.984101772 -1.393020630 19.313350677 0.040348869 -0.250223905 -0.078899898 0.964123845
1439803958.013763 7.979858398 -1.395463467 19.326725006 0.041202642 -0.250130802 -0.081585132 0.963888347
1439803958.076260 7.976152420 -1.399571419 19.340032578 0.041553736 -0.250350058 -0.083232492 0.963675499
1439803958.138763 7.971724033 -1.402560472 19.354734421 0.042968061 -0.250369281 -0.085838526 0.963379860
1439803958.201262 7.967028618 -1.406419992 19.369241714 0.043896537 -0.250678957 -0.087542199 0.963104129
1439803958.263763 7.960810184 -1.409989834 19.384998322 0.044750612 -0.251703292 -0.090178221 0.962554276
1439803958.326265 7.956920147 -1.414335370 19.400266647 0.044870008 -0.252642959 -0.091358639 0.962191164
1439803958.388764 7.954598427 -1.418260217 19.413448334 0.045248512 -0.252391309 -0.093668327 0.962017357
1439803958.451265 7.949874401 -1.421499014 19.428173065 0.045533899 -0.252652377 -0.096724607 0.961632848
1439803958.513766 7.945110321 -1.425386310 19.444198608 0.044717301 -0.253219366 -0.098450296 0.961346865
1439803958.576268 7.940808773 -1.429130435 19.457839966 0.043688726 -0.253442943 -0.101064578 0.961063981
1439803958.638768 7.936083794 -1.432023406 19.472803116 0.043897472 -0.253582805 -0.104148850 0.960688174
1439803958.701273 7.929817677 -1.434008598 19.484664917 0.044696473 -0.252960473 -0.106493481 0.960558355
1439803958.763772 7.925741673 -1.437233448 19.499347687 0.045276918 -0.253746092 -0.108279906 0.960124135
1439803958.826276 7.920625210 -1.439724565 19.513126373 0.046879675 -0.253673583 -0.111082219 0.959746182
1439803958.888774 7.915427685 -1.442209244 19.528343201 0.048671339 -0.253906041 -0.112794258 0.959395766
1439803958.951276 7.900839329 -1.443322420 19.529808044 0.050626975 -0.262272894 -0.114930220 0.956786752
1439803959.013778 7.894802094 -1.445490360 19.545989990 0.052380268 -0.262573481 -0.115870960 0.956496418
1439803959.076278 7.922580242 -1.464882851 19.495761871 0.051487394 -0.256898493 -0.133270890 0.955819547
1439803959.138783 7.909186840 -1.469093442 19.513044357 0.051077504 -0.255671501 -0.134624138 0.955980897
1439803959.201280 7.898149014 -1.472796679 19.523923874 0.053053979 -0.251514912 -0.140552104 0.956122696
1439803959.263782 7.886595249 -1.477682233 19.535350800 0.054182298 -0.248237416 -0.144381508 0.956345320
1439803959.326283 7.877042770 -1.479522705 19.551563263 0.059736498 -0.245362967 -0.151294172 0.955687523
1439803959.388787 7.870818615 -1.484299898 19.561994553 0.065195471 -0.242155358 -0.160293505 0.954681277
1439803959.451289 7.857093334 -1.492366791 19.574493408 0.068076730 -0.238244608 -0.166970596 0.954319596
1439803959.513790 7.848385811 -1.494623899 19.579174042 0.069121957 -0.234969944 -0.169160828 0.954670608
1439803959.576293 7.841174603 -1.502890348 19.591793060 0.068472482 -0.234815747 -0.172446042 0.954167426
1439803959.638791 7.837812901 -1.502070904 19.597511292 0.068916582 -0.234271258 -0.173288599 0.954116583
1439803959.763793 7.841688156 -1.508923531 19.597658157 0.063608542 -0.237131342 -0.170394167 0.954299986
1439803960.326305 7.841908455 -1.512454629 19.588764191 0.061242003 -0.234598234 -0.171965361 0.954798937
1439803960.638807 7.836658955 -1.513220072 19.615367889 0.063837558 -0.238812834 -0.173990816 0.953215778
