1439803699.696529 -0.001042026 -0.001966935 0.038534507 0.000380161 0.000049568 0.000165268 0.999999881
1439803699.759030 0.000472267 -0.003120760 0.074602693 0.000528572 -0.000579639 0.000029885 0.999999702
1439803699.821533 0.000358490 -0.004452014 0.112550057 0.000494054 -0.000790280 0.000698916 0.999999285
1439803699.884031 0.000246397 -0.006547642 0.150715321 0.000113911 -0.001028647 0.000933260 0.999999046
1439803699.946531 0.001013385 -0.007306059 0.189482227 0.000413966 -0.001860313 0.001224179 0.999997437
1439803700.009033 0.000001006 -0.010519622 0.226894304 0.000337084 -0.001581020 0.000712795 0.999998450
1439803700.071532 0.000272036 -0.011037495 0.265660673 0.001154671 -0.002236993 0.000505381 0.999996662
1439803700.134033 0.000741959 -0.010699438 0.308008224 0.000179753 -0.007293061 0.004076724 0.999965072
1439803700.196534 -0.000612230 -0.012199480 0.346988708 -0.000126494 -0.007534328 0.003982648 0.999963701
1439803700.259036 -0.001357870 -0.016621321 0.380931437 -0.000343563 -0.002847273 -0.000934172 0.999995470
1439803700.321536 -0.002091710 -0.018184064 0.420235574 -0.001219861 -0.003222404 -0.000476128 0.999993920
1439803700.384040 -0.002158977 -0.020854374 0.459082603 -0.002172296 -0.003442617 -0.000859352 0.999991357
1439803700.446541 -0.002802660 -0.023342684 0.497879565 -0.002379125 -0.003633781 -0.000719787 0.999990284
1439803700.509040 -0.003124160 -0.025788100 0.536487103 -0.001899263 -0.003935057 -0.000411155 0.999990344
1439803700.571545 -0.003220556 -0.027945084 0.574920177 -0.000983937 -0.004418818 -0.000853909 0.999989390
1439803700.634047 -0.003877563 -0.029619072 0.613372147 -0.000453423 -0.004788640 -0.001337281 0.999987543
1439803700.696546 -0.004677732 -0.031776786 0.651938498 -0.000375849 -0.005139737 -0.002233469 0.999984205
1439803700.759048 -0.005242644 -0.033801608 0.691245317 -0.000391673 -0.005644516 -0.001778754 0.999982417
1439803700.821550 -0.005812368 -0.035808682 0.729947269 -0.001014731 -0.006273061 -0.001297848 0.999978960
1439803700.884051 -0.006406505 -0.038521364 0.768784761 -0.001770139 -0.006744635 -0.000718714 0.999975443
1439803700.946552 -0.007417134 -0.040408384 0.807755828 -0.002239593 -0.006994934 -0.001104601 0.999972403
1439803701.009051 -0.008544677 -0.042353913 0.847541988 -0.002257860 -0.007170166 -0.001916872 0.999969900
1439803701.071552 -0.009570700 -0.044586975 0.886569202 -0.002282400 -0.007555854 -0.002106773 0.999966621
1439803701.134057 -0.010244202 -0.047033414 0.924865842 -0.002033435 -0.008089183 -0.003596484 0.999958754
1439803701.196557 -0.012285884 -0.048120271 0.965388179 -0.001063545 -0.008309280 -0.004120328 0.999956429
1439803701.259059 -0.013104765 -0.049888711 1.004403830 -0.000659714 -0.008707423 -0.005386143 0.999947369
1439803701.321559 -0.010846338 -0.050531756 1.045883298 0.002627344 -0.009315017 -0.009688376 0.999906182
1439803701.384059 -0.014944519 -0.054406963 1.082857966 -0.000837919 -0.009650809 -0.008434775 0.999917507
1439803701.446564 -0.016112616 -0.057048634 1.122379541 -0.000811048 -0.009695581 -0.009482455 0.999907732
1439803701.509062 -0.017813537 -0.059548605 1.162092805 -0.000286826 -0.009748706 -0.008681623 0.999914765
1439803701.571564 -0.018143887 -0.061553344 1.200622201 0.000223559 -0.010239620 -0.007724618 0.999917686
1439803701.634065 -0.019166492 -0.063896269 1.239959955 0.000603832 -0.010387329 -0.006920398 0.999921918
1439803701.696566 -0.020569518 -0.065908819 1.279077291 0.000666246 -0.010523375 -0.008285444 0.999910057
1439803701.759067 -0.022010790 -0.068203390 1.317692637 0.000442496 -0.010698915 -0.010326656 0.999889374
1439803701.821569 -0.023207858 -0.070384376 1.356852531 0.000651507 -0.011202771 -0.011156209 0.999874830
1439803701.884070 -0.024526983 -0.072838567 1.395936728 0.000836683 -0.011680656 -0.011084173 0.999870002
1439803701.946571 -0.025797918 -0.075289190 1.435646653 0.000977366 -0.012457179 -0.009758219 0.999874353
1439803702.009072 -0.026620280 -0.078049041 1.474590063 0.000975859 -0.012790072 -0.009283598 0.999874651
1439803702.071574 -0.028059682 -0.080447368 1.513219476 0.001359052 -0.012649117 -0.008800508 0.999880373
1439803702.134076 -0.029207392 -0.082752779 1.551726818 0.001355550 -0.012569865 -0.008840089 0.999881029
1439803702.196576 -0.030218896 -0.085016400 1.590525389 0.001043352 -0.012640576 -0.009458915 0.999874830
1439803702.259077 -0.030814346 -0.087319240 1.629928827 0.000860334 -0.013099470 -0.008381109 0.999878705
1439803702.321579 -0.031961046 -0.089754976 1.669786096 0.001324086 -0.013241217 -0.007663296 0.999882102
1439803702.384084 -0.032631349 -0.092394650 1.707903624 0.001728768 -0.013665990 -0.006465571 0.999884188
1439803702.446582 -0.033842798 -0.094537057 1.747221470 0.002197325 -0.013804995 -0.005261180 0.999888420
1439803702.509082 -0.034715410 -0.096874580 1.786131144 0.002187930 -0.014016741 -0.004572887 0.999888897
1439803702.571582 -0.036402412 -0.099512078 1.826111913 0.001902393 -0.014098854 -0.003399146 0.999893010
1439803702.634085 -0.037717499 -0.102470517 1.862545013 0.001568403 -0.014256565 -0.003188745 0.999892056
1439803702.696583 -0.039079685 -0.104698114 1.902125239 0.001460630 -0.014252618 -0.003560391 0.999891043
1439803702.759086 -0.040623978 -0.107671179 1.940364718 0.001300693 -0.014332151 -0.002474885 0.999893367
1439803702.821588 -0.042066913 -0.110185333 1.979496598 0.001393690 -0.014474990 -0.001601946 0.999892950
1439803702.884085 -0.043663230 -0.112343021 2.018753052 0.001982682 -0.014492732 -0.000901575 0.999892592
1439803702.946586 -0.045133445 -0.115502805 2.056009054 0.002644933 -0.014606674 -0.000300013 0.999889791
1439803703.009091 -0.046736326 -0.117388442 2.096364498 0.003654904 -0.014641697 -0.000316561 0.999886036
1439803703.071587 -0.048390262 -0.120234817 2.135103941 0.003634931 -0.014955834 0.000227374 0.999881506
1439803703.134087 -0.050669514 -0.122433558 2.175058126 0.003694913 -0.015169411 0.001489801 0.999876976
1439803703.196592 -0.048247054 -0.127645835 2.213527918 0.002865492 -0.015889684 0.001123545 0.999869049
1439803703.259094 -0.050002381 -0.129826739 2.252798796 0.002304758 -0.016268715 0.002504077 0.999861896
1439803703.321590 -0.050626755 -0.130708516 2.292283058 0.001859891 -0.016795311 0.003425438 0.999851346
1439803703.384090 -0.051787511 -0.133720100 2.330597639 0.001311231 -0.017057382 0.003700383 0.999846816
1439803703.446598 -0.051160119 -0.135729328 2.368302345 0.001542617 -0.017638329 0.003627234 0.999836683
1439803703.509094 -0.052570276 -0.138311863 2.408059359 0.001468795 -0.018104676 0.003862615 0.999827564
1439803703.571594 -0.053317368 -0.140414774 2.445935249 0.000849466 -0.018634144 0.004030229 0.999817908
1439803703.634094 -0.054788012 -0.142925397 2.484212399 0.000189729 -0.018989705 0.003739860 0.999812663
1439803703.696597 -0.055724084 -0.146236300 2.523377657 -0.000431255 -0.019593684 0.004167471 0.999799252
1439803703.759098 -0.056847937 -0.148062125 2.562616348 -0.000723828 -0.020240251 0.005018250 0.999782264
1439803703.821598 -0.058246717 -0.150636986 2.602344751 -0.000784137 -0.020299548 0.002944128 0.999789298
1439803703.884100 -0.059601322 -0.152359739 2.641275167 -0.000491198 -0.020776229 0.002769187 0.999780238
1439803703.946602 -0.060165595 -0.154336393 2.678717852 -0.000245066 -0.021841815 0.005026186 0.999748766
1439803704.009101 -0.061551459 -0.157252774 2.718550444 0.000237893 -0.022324899 0.004643683 0.999740005
1439803704.071603 -0.063132294 -0.159481585 2.756917477 0.000439569 -0.022806933 0.005019600 0.999727190
1439803704.134104 -0.064907543 -0.161980659 2.796130180 0.000440576 -0.023336226 0.005759770 0.999710977
1439803704.196606 -0.066278711 -0.164311573 2.834629774 0.000611542 -0.024012916 0.006256021 0.999691844
1439803704.259107 -0.068434991 -0.166509762 2.873864651 0.000211816 -0.024411146 0.006537981 0.999680579
1439803704.321608 -0.069537021 -0.168527186 2.911573410 -0.000707326 -0.025084741 0.006305875 0.999665201
1439803704.384109 -0.071339093 -0.170649782 2.950075626 -0.001521367 -0.025786338 0.006040747 0.999648094
1439803704.446610 -0.073928297 -0.172948733 2.989111423 -0.001701461 -0.026228430 0.006092299 0.999635935
1439803704.509112 -0.075871073 -0.175276101 3.027441263 -0.002022041 -0.026811548 0.006536054 0.999617100
1439803704.571613 -0.077308878 -0.177697629 3.064981222 -0.002030498 -0.027522419 0.007213987 0.999593079
1439803704.634114 -0.079220176 -0.179494292 3.103111982 -0.001509745 -0.028145665 0.007278233 0.999576211
1439803704.696614 -0.081665367 -0.181891322 3.141413212 -0.001337198 -0.028415591 0.006047522 0.999576986
1439803704.759114 -0.083647549 -0.184293047 3.178808451 -0.001633810 -0.028885957 0.004998013 0.999568880
1439803704.821616 -0.085976385 -0.186539575 3.216604471 -0.001615953 -0.029106271 0.004131490 0.999566495
1439803704.884119 -0.087849043 -0.189116359 3.254011631 -0.001327936 -0.029611945 0.003744424 0.999553561
1439803704.946618 -0.090106256 -0.191391557 3.291557789 -0.000887977 -0.029967200 0.003177679 0.999545455
1439803705.009119 -0.092021286 -0.193555593 3.328883648 -0.000550035 -0.030327959 0.002438697 0.999536872
1439803705.071622 -0.094036192 -0.195806727 3.365732193 -0.000133751 -0.030814813 0.001600616 0.999523818
1439803705.134121 -0.096291542 -0.198105305 3.402563572 -0.000003826 -0.030948753 0.001418568 0.999519944
1439803705.196622 -0.097857542 -0.200514957 3.439933538 -0.000234605 -0.031559054 0.001358639 0.999500930
1439803705.259124 -0.100375727 -0.202745855 3.477137089 -0.000936662 -0.031832214 -0.000160050 0.999492764
1439803705.321625 -0.102082290 -0.205364257 3.513146639 -0.001279167 -0.032299489 -0.000592728 0.999477267
1439803705.384126 -0.104649201 -0.208455160 3.550321102 -0.001901815 -0.032532595 -0.001272999 0.999468088
1439803705.446628 -0.106973067 -0.210998937 3.587028027 -0.002379585 -0.032819323 -0.001779760 0.999456882
1439803705.509129 -0.109180465 -0.212929517 3.624214649 -0.002466709 -0.033380561 -0.001549871 0.999438465
1439803705.571631 -0.110800385 -0.215966061 3.660800457 -0.002089586 -0.034071688 -0.000998526 0.999416709
1439803705.634131 -0.112954825 -0.218229339 3.697958469 -0.001749803 -0.034514930 -0.000643317 0.999402404
1439803705.696633 -0.114976823 -0.220528051 3.734440804 -0.001732482 -0.035017207 0.000997031 0.999384701
1439803705.759133 -0.117090851 -0.223293230 3.770026684 -0.001920928 -0.035539210 0.000957541 0.999365985
1439803705.821636 -0.119602501 -0.225822911 3.807187557 -0.002224217 -0.035867605 0.000584121 0.999353886
1439803705.884136 -0.121817991 -0.228446871 3.842230082 -0.002949711 -0.036499713 0.000753535 0.999329031
1439803705.946636 -0.124148637 -0.230823562 3.878509760 -0.003889169 -0.037179857 0.000602403 0.999300838
1439803706.009138 -0.126695812 -0.233340025 3.914618254 -0.005796275 -0.037787426 0.000802176 0.999268651
1439803706.071640 -0.129579619 -0.235748202 3.951061964 -0.007297902 -0.038343340 0.001480100 0.999236882
1439803706.134139 -0.132412374 -0.238076448 3.987372160 -0.008064999 -0.038776673 0.002189140 0.999212980
1439803706.196640 -0.135155767 -0.240053475 4.023203850 -0.008176340 -0.039225563 0.003326147 0.999191403
1439803706.259141 -0.137566268 -0.242256030 4.057921410 -0.008504801 -0.039839383 0.003662851 0.999163210
1439803706.321644 -0.140556082 -0.244714320 4.093347073 -0.008591855 -0.040297709 0.003559778 0.999144435
1439803706.384144 -0.143810660 -0.247436404 4.128315449 -0.008810694 -0.040516146 0.003367326 0.999134362
1439803706.446646 -0.147114292 -0.249435037 4.163333893 -0.008707414 -0.041016959 0.003222110 0.999115348
1439803706.509146 -0.150022119 -0.251588285 4.198125839 -0.009179607 -0.041710321 0.003448378 0.999081612
1439803706.571652 -0.380290449 -0.282249004 4.336291313 -0.000270864 -0.118462011 -0.000822233 0.992958248
1439803706.634148 -0.389465749 -0.284675479 4.370090961 -0.000909130 -0.119006239 -0.001232394 0.992892325
1439803706.696650 -0.160959914 -0.257018030 4.303080559 -0.010866903 -0.043804485 0.003658691 0.998974264
1439803706.759150 -0.164840773 -0.258919001 4.337927818 -0.011798894 -0.044582602 0.002507223 0.998932838
1439803706.821652 -0.168592677 -0.260294437 4.372458458 -0.012071476 -0.045380015 0.003053070 0.998892188
1439803706.884152 -0.172745705 -0.262338281 4.407351017 -0.012602461 -0.046363693 0.002650606 0.998841584
1439803706.946655 -0.177040070 -0.263551176 4.442304134 -0.012586491 -0.047551267 0.003364376 0.998783827
1439803707.009156 -0.181045473 -0.266542614 4.478744030 -0.012297628 -0.048969302 0.005386129 0.998710036
1439803707.071657 -0.186358929 -0.267865866 4.515273571 -0.011747940 -0.049981572 0.006050318 0.998662710
1439803707.134160 -0.188984305 -0.270136178 4.545725346 -0.011957580 -0.051664680 0.005951211 0.998575151
1439803707.196658 -0.194985747 -0.271261573 4.581556320 -0.012223347 -0.052572720 0.006322385 0.998522282
1439803707.259159 -0.197980881 -0.273108184 4.613118649 -0.013128751 -0.054159470 0.005392704 0.998431444
1439803707.321661 -0.203060150 -0.271942437 4.648677349 -0.012682570 -0.055878356 0.007032142 0.998332262
1439803707.384162 -0.209085673 -0.273484230 4.680867195 -0.013044040 -0.059547331 0.007398236 0.998112857
1439803707.446664 -0.213913202 -0.272585869 4.717495918 -0.013160773 -0.059256993 0.010351772 0.998102307
1439803707.509167 -0.217354089 -0.273798436 4.748987675 -0.013834995 -0.061572336 0.010329122 0.997953296
1439803707.571666 -0.222624511 -0.274600089 4.780782223 -0.014308031 -0.063087761 0.011264390 0.997841835
1439803707.634168 -0.227543354 -0.275742471 4.811657429 -0.014382902 -0.065154925 0.012502078 0.997693181
1439803707.696670 -0.233360589 -0.275950015 4.846093178 -0.014251684 -0.067036539 0.012851765 0.997565925
1439803707.759172 -0.239628822 -0.277334571 4.877370834 -0.014698657 -0.068647861 0.012540595 0.997453868
1439803707.821672 -0.245194823 -0.278290927 4.908590317 -0.015027957 -0.070796154 0.012185428 0.997303128
1439803707.884173 -0.248426110 -0.280207455 4.935698509 -0.015563007 -0.073347598 0.012012365 0.997112632
1439803707.946674 -0.254817545 -0.283838481 4.965109825 -0.017651211 -0.074964948 0.009966800 0.996980071
1439803708.009175 -0.258179486 -0.284269392 4.990785122 -0.018033372 -0.077612840 0.010886986 0.996761024
1439803708.071677 -0.264306962 -0.285285056 5.019217491 -0.019347938 -0.079580039 0.011074860 0.996579170
1439803708.134179 -0.269006610 -0.287375391 5.044473648 -0.020395601 -0.081466667 0.008636627 0.996429920
1439803708.196679 -0.275895894 -0.288655818 5.072863579 -0.021370379 -0.083207108 0.007187103 0.996277153
1439803708.259181 -0.282287657 -0.290504098 5.099063873 -0.023158293 -0.084865183 0.005310606 0.996109128
1439803708.321684 -0.290081799 -0.291864157 5.127357006 -0.024628501 -0.086566687 0.003161815 0.995936573
1439803708.384184 -0.293849647 -0.294147909 5.148694992 -0.027159883 -0.089177705 0.002189959 0.995642960
1439803708.446685 -0.295740187 -0.298513919 5.165223122 -0.029637074 -0.091237664 -0.004320577 0.995378673
1439803708.509186 -0.301010907 -0.300081879 5.187456608 -0.031087343 -0.093632929 -0.006991600 0.995096743
1439803708.571687 -0.303946853 -0.302168846 5.206276894 -0.033257145 -0.096318342 -0.009572899 0.994748771
1439803708.634188 -0.309091270 -0.303526968 5.227314949 -0.035271455 -0.098856062 -0.012557325 0.994397163
1439803708.696692 -0.314487517 -0.305202514 5.248219490 -0.037620485 -0.101477705 -0.016458478 0.993990004
1439803708.759191 -0.319085717 -0.308609456 5.266868591 -0.040728681 -0.103472687 -0.022354726 0.993546605
1439803708.821693 -0.324727595 -0.310283154 5.286410809 -0.042820320 -0.105808847 -0.027173294 0.993092418
1439803708.884194 -0.329471171 -0.311645448 5.305202961 -0.045091927 -0.108838484 -0.030962670 0.992553353
1439803708.946695 -0.335064173 -0.313026369 5.323919296 -0.048052438 -0.111579351 -0.035547275 0.991956353
1439803709.009197 -0.340011358 -0.315158069 5.341225147 -0.051290430 -0.114301562 -0.041973148 0.991232932
1439803709.071699 -0.345404088 -0.316582918 5.358425617 -0.054540411 -0.116998278 -0.047198001 0.990509510
1439803709.134199 -0.349598050 -0.318422318 5.374104500 -0.058351658 -0.119924374 -0.052135285 0.989694476
1439803709.196701 -0.354279637 -0.319062650 5.390069962 -0.061730091 -0.123098731 -0.056000315 0.988888323
1439803709.259204 -0.358397484 -0.320081949 5.405141354 -0.065463483 -0.126821890 -0.060490400 0.987912774
1439803709.321705 -0.362893939 -0.320624113 5.419855118 -0.068315692 -0.130351886 -0.064729057 0.986991107
1439803709.384205 -0.367548168 -0.320813537 5.434636116 -0.071424052 -0.134337127 -0.069548927 0.985908270
1439803709.446706 -0.372639477 -0.321294129 5.449326515 -0.074614957 -0.138366774 -0.074756891 0.984732747
1439803709.509208 -0.377720475 -0.320264935 5.465002060 -0.077827185 -0.144558832 -0.080130354 0.983170807
1439803709.571709 -0.383426189 -0.319650173 5.480599880 -0.082179867 -0.151220396 -0.086243175 0.981295586
1439803709.634210 -0.388295889 -0.319280148 5.496288300 -0.086971216 -0.161164284 -0.093023896 0.978676975
1439803709.696711 -0.392928362 -0.318823218 5.511833668 -0.093732871 -0.174384370 -0.099415913 0.975151658
1439803709.759213 -0.400375962 -0.316728473 5.528256416 -0.099737875 -0.186084300 -0.106252208 0.971666336
1439803709.821717 -0.401889920 -0.315776467 5.533560753 -0.095016249 -0.189003378 -0.113120697 0.970800340
1439803709.884218 -0.406202793 -0.314463258 5.541789055 -0.095824413 -0.192055613 -0.119407527 0.969367921
1439803709.946717 -0.410111904 -0.312940955 5.549528122 -0.094271719 -0.196465299 -0.127329290 0.967626691
1439803710.009219 -0.413766980 -0.311470389 5.556090355 -0.091127925 -0.198904291 -0.135421112 0.966330111
1439803710.071720 -0.417752981 -0.310342193 5.562942982 -0.091829225 -0.201345861 -0.140302166 0.965060890
1439803710.134225 -0.421518922 -0.309210777 5.569476128 -0.092479028 -0.204244673 -0.144820437 0.963721335
1439803710.196725 -0.425095916 -0.307917714 5.575516701 -0.091911547 -0.206939220 -0.149707541 0.962453127
1439803710.259226 -0.428336382 -0.306846142 5.580479622 -0.092122652 -0.207214981 -0.155149564 0.961511314
1439803710.321728 -0.431507587 -0.305736423 5.585337162 -0.091991775 -0.208079442 -0.161434233 0.960301757
1439803710.384230 -0.434259176 -0.304665685 5.589575291 -0.092160411 -0.208892018 -0.164419904 0.959602356
1439803710.446729 -0.436974049 -0.303630352 5.593750000 -0.091956876 -0.210267261 -0.171094611 0.958153546
1439803710.509229 -0.439623475 -0.302556276 5.597730637 -0.092067644 -0.211349919 -0.176456258 0.956931531
1439803710.571733 -0.442043781 -0.301553845 5.601316929 -0.091114603 -0.212578356 -0.181160271 0.955871105
1439803710.634235 -0.444893122 -0.300373316 5.605483532 -0.089425363 -0.215934008 -0.187207788 0.954111576
1439803710.696735 -0.446400404 -0.299816489 5.607334137 -0.088637494 -0.212800235 -0.190186650 0.954299986
