1439803777.322918 -0.000434651 -0.002203196 0.038193822 -0.000179081 -0.000282972 0.000252556 0.999999881
1439803777.385419 -0.001157931 -0.004331146 0.076565988 -0.000072778 -0.000355211 0.000399580 0.999999821
1439803777.447920 -0.001579182 -0.006611229 0.114859223 0.000221818 -0.000604934 0.000415373 0.999999702
1439803777.510421 -0.002129462 -0.008781434 0.152638242 0.000962721 -0.000807314 -0.000093412 0.999999225
1439803777.572925 -0.002613625 -0.010859359 0.190062225 0.002061361 -0.001056128 -0.000995358 0.999996781
1439803777.635425 -0.003900938 -0.012947335 0.229130387 0.003251548 -0.002484399 -0.002644698 0.999988139
1439803777.697926 -0.003877148 -0.015082204 0.265219033 0.003011543 -0.001676330 -0.003461138 0.999988079
1439803777.760429 -0.004666327 -0.017063458 0.303360403 0.003010688 -0.001883422 -0.003856861 0.999986231
1439803777.822929 -0.005260818 -0.019334959 0.340660542 0.002226446 -0.002334867 -0.004465224 0.999984801
1439803777.885433 -0.005520082 -0.021343071 0.378540665 0.001446659 -0.002921538 -0.005736464 0.999978244
1439803777.947931 -0.006498813 -0.024191290 0.415478081 0.002016983 -0.002517266 -0.005413172 0.999980152
1439803778.010434 -0.007568531 -0.026801806 0.453024238 0.002153500 -0.002320307 -0.006335027 0.999974906
1439803778.072934 -0.007986214 -0.028480146 0.490640551 0.002493878 -0.002476207 -0.006072123 0.999975383
1439803778.135435 -0.007707554 -0.031000985 0.526274681 0.002174441 -0.003005385 -0.005726833 0.999976695
1439803778.197937 -0.008542001 -0.032969050 0.563301802 0.001504923 -0.002713668 -0.005495461 0.999980092
1439803778.260441 -0.008445392 -0.035759911 0.600784898 0.000770269 -0.002815582 -0.005099013 0.999982715
1439803778.322940 -0.009102708 -0.037691519 0.638381124 0.000693220 -0.002627999 -0.004602734 0.999985695
1439803778.385441 -0.009902460 -0.039772220 0.676032245 0.000867576 -0.002343182 -0.004782104 0.999985397
1439803778.447943 -0.010881111 -0.041896168 0.713924468 0.001177463 -0.002011016 -0.005046397 0.999984562
1439803778.510446 -0.011700517 -0.045111984 0.751288652 0.000730290 -0.001672567 -0.005984010 0.999980450
1439803778.572947 -0.012158720 -0.047464289 0.789133787 0.001195300 -0.001583712 -0.005303470 0.999983966
1439803778.635447 -0.012348101 -0.050170600 0.824631572 0.001460036 -0.001618702 -0.005542602 0.999982238
1439803778.697953 -0.012652985 -0.052445054 0.861975074 0.001961038 -0.001493414 -0.005933176 0.999979377
1439803778.760453 -0.013253286 -0.054883443 0.898654521 0.002109367 -0.001347760 -0.006459083 0.999975979
1439803778.822950 -0.013298186 -0.057530973 0.935018003 0.001553981 -0.001392658 -0.006305584 0.999977946
1439803778.885458 -0.013553158 -0.060031801 0.972518563 0.000779022 -0.001347159 -0.004409471 0.999989033
1439803778.947955 -0.013812476 -0.062326659 1.009579182 -0.000867582 -0.001443024 -0.004469790 0.999988616
1439803779.010457 -0.013326656 -0.064801738 1.046165228 -0.001789173 -0.001683012 -0.004812386 0.999985397
1439803779.072956 -0.013659121 -0.067269817 1.083084226 -0.002506011 -0.001461363 -0.004519245 0.999985576
1439803779.135458 -0.013216484 -0.069476455 1.119959235 -0.003087728 -0.001644430 -0.003626571 0.999987304
1439803779.197961 -0.012905099 -0.072184876 1.155943513 -0.002983900 -0.002024148 -0.002985494 0.999989033
1439803779.260459 -0.013089010 -0.074656546 1.193032742 -0.003001024 -0.002072990 -0.002968861 0.999988914
1439803779.322960 -0.526521564 -0.061554242 1.386559486 -0.016543048 -0.378883392 -0.009543816 0.925247312
1439803779.385461 -0.551569223 -0.063219637 1.413355470 -0.016661661 -0.379308134 -0.008962833 0.925076962
1439803779.447961 -0.578034043 -0.064353488 1.439586043 -0.016499897 -0.379186273 -0.009510313 0.925124347
1439803779.510463 -0.011736887 -0.082050137 1.337773085 -0.001927001 -0.003685365 -0.001708708 0.999989867
1439803779.572964 -0.012483000 -0.083346821 1.373768091 -0.001602444 -0.004025686 -0.001493160 0.999989510
1439803779.635466 -0.013299577 -0.084815614 1.409300923 -0.001317225 -0.004586485 -0.000822944 0.999988258
1439803779.697962 -0.012594942 -0.087419294 1.446481228 -0.000991880 -0.004902720 -0.000387628 0.999987423
1439803779.760466 -0.012995236 -0.089651845 1.481548429 -0.000658219 -0.007093438 0.000098176 0.999974608
1439803779.822964 -0.012971416 -0.091579080 1.518111706 -0.000142754 -0.008412257 0.000332337 0.999964535
1439803779.885465 -0.014767689 -0.094296247 1.552800298 -0.000390396 -0.009541092 -0.000054761 0.999954402
1439803779.947970 -0.015210707 -0.096909456 1.588175058 -0.000764723 -0.010833507 0.000274074 0.999940991
1439803780.010467 -0.016847344 -0.099097475 1.624037981 -0.001264896 -0.011971580 -0.000088817 0.999927521
1439803780.072969 -0.017928729 -0.101427026 1.659584880 -0.001865965 -0.013209850 -0.000240068 0.999910951
1439803780.135470 -0.018973311 -0.103841200 1.695474863 -0.002387622 -0.014380842 0.000259648 0.999893725
1439803780.197971 -0.019284580 -0.106815279 1.730623960 -0.003282760 -0.016013939 0.001002090 0.999865890
1439803780.260473 -0.020005085 -0.109553874 1.766389847 -0.003960405 -0.017507868 0.001168290 0.999838173
1439803780.322976 -0.021382008 -0.112618387 1.801548243 -0.004452626 -0.018730832 0.000929378 0.999814212
1439803780.385475 -0.021656379 -0.115666375 1.837042451 -0.004413461 -0.020308545 0.001022441 0.999783516
1439803780.447976 -0.022150066 -0.119090289 1.872888565 -0.004199726 -0.021937782 0.001083006 0.999749959
1439803780.510476 -0.022421584 -0.122461282 1.908608913 -0.003977972 -0.023596657 0.001415665 0.999712646
1439803780.572981 -0.022209018 -0.126099735 1.943678141 -0.004237636 -0.025246765 0.001732977 0.999670804
1439803780.635478 -0.021693960 -0.129959598 1.979505897 -0.005215524 -0.027114214 0.001388272 0.999617815
1439803780.697980 -0.021025799 -0.133975953 2.015722036 -0.006158269 -0.029073549 0.001109514 0.999557674
1439803780.760482 -0.022895977 -0.138368055 2.048725605 -0.007059101 -0.030194789 0.001499899 0.999517977
1439803780.822983 -0.021908484 -0.143739253 2.084800720 -0.007786917 -0.032428842 0.002408582 0.999440789
1439803780.885484 -0.025395870 -0.143826112 2.118981123 -0.006427228 -0.032577455 0.001461305 0.999447465
1439803780.947986 -0.020272151 -0.148400575 2.156848907 -0.006976678 -0.036317963 0.000008348 0.999315917
1439803781.010485 -0.018312961 -0.153044298 2.190878391 -0.007925706 -0.039198861 -0.001251836 0.999199212
1439803781.072986 -0.014438972 -0.156825572 2.227589130 -0.009043796 -0.042841487 -0.001849438 0.999039292
1439803781.135489 -0.014938354 -0.158998251 2.263674498 -0.009503867 -0.044732142 -0.002106266 0.998951614
1439803781.197989 -0.006320819 -0.165878803 2.300888538 -0.012266551 -0.050729930 -0.002050684 0.998634934
1439803781.260490 -0.000014096 -0.171916917 2.338878870 -0.014904994 -0.055674847 -0.001348956 0.998336792
1439803781.322992 0.001588345 -0.170532465 2.370525122 -0.013565935 -0.058494925 -0.001629181 0.998194218
1439803781.385497 0.009391099 -0.172539651 2.408456087 -0.014059586 -0.064408533 -0.001253613 0.997823775
1439803781.447994 0.016893715 -0.172173530 2.447511911 -0.013405181 -0.070530325 -0.000503644 0.997419417
1439803781.510496 0.017210007 -0.173461437 2.479460716 -0.013198359 -0.073030032 0.000370996 0.997242332
1439803781.573000 0.024092674 -0.174188361 2.517444372 -0.012450073 -0.079355061 0.000283950 0.996768653
1439803781.635498 0.032108158 -0.175149739 2.556470871 -0.011560015 -0.086472787 0.000519927 0.996186972
1439803781.698002 0.023467660 -0.174347699 2.566413641 -0.010543806 -0.084582843 -0.000316254 0.996360600
1439803781.760504 0.024594814 -0.176090837 2.593940258 -0.012020009 -0.088389046 -0.000057977 0.996013522
1439803781.823003 0.022998631 -0.175529614 2.611314297 -0.012587657 -0.090633780 0.000125642 0.995804727
1439803781.885504 0.021723241 -0.176146477 2.643131971 -0.014141081 -0.093507394 0.001050406 0.995517612
1439803781.948007 0.021327674 -0.176016986 2.668310404 -0.015196039 -0.096611530 0.002028838 0.995204091
1439803782.010507 0.020426989 -0.176777035 2.692849398 -0.015971771 -0.099394485 0.003157744 0.994914889
1439803782.073011 0.021474063 -0.176469609 2.717696428 -0.015303112 -0.103180163 0.004313038 0.994535625
1439803782.135510 0.017362475 -0.178141892 2.744442225 -0.015173815 -0.105145819 0.005599597 0.994325280
1439803782.198014 0.017295182 -0.178438395 2.769201756 -0.014432483 -0.108752780 0.006334000 0.993943870
1439803782.260513 0.013100147 -0.180024937 2.792621136 -0.014327840 -0.110469498 0.007221741 0.993749976
1439803782.323016 0.013634324 -0.179175183 2.818726301 -0.013402320 -0.114521094 0.007440985 0.993302524
1439803782.385517 0.006302416 -0.181086242 2.839903355 -0.013948452 -0.114820011 0.007976830 0.993256330
1439803782.448019 0.005652130 -0.181788266 2.864308119 -0.013973190 -0.118258320 0.008454652 0.992848575
1439803782.510520 -0.001410186 -0.181697547 2.887692451 -0.013405285 -0.119116716 0.008646799 0.992752075
1439803782.573021 -0.005174398 -0.182957560 2.910891533 -0.013558758 -0.121168852 0.008505030 0.992502868
1439803782.635521 -0.004013360 -0.183647722 2.937108994 -0.013262562 -0.125794500 0.008539097 0.991930902
1439803782.698023 -0.014875054 -0.183728039 2.956440926 -0.012429333 -0.124518424 0.007919077 0.992107868
1439803782.760524 -0.019575059 -0.184659630 2.978974581 -0.012017624 -0.126158237 0.007207417 0.991911173
1439803782.823025 -0.021178544 -0.186471164 3.002439976 -0.012420504 -0.129202813 0.006726627 0.991517603
1439803782.885526 -0.029367089 -0.186655283 3.024330139 -0.011915563 -0.128790393 0.006336608 0.991580009
1439803782.948032 -0.034499705 -0.187540919 3.047106981 -0.012390342 -0.129921511 0.006183813 0.991427541
1439803783.010529 -0.036487699 -0.189017147 3.070845366 -0.013491320 -0.132644236 0.005408251 0.991057158
1439803783.073030 -0.045601666 -0.189156651 3.092220545 -0.013660641 -0.131907210 0.004138208 0.991159320
1439803783.135532 -0.051110029 -0.189973772 3.114435434 -0.013740411 -0.132943809 0.003693786 0.991021454
1439803783.198033 -0.056837976 -0.190465137 3.136455297 -0.013734676 -0.133931696 0.003654246 0.990888655
1439803783.260535 -0.062324226 -0.191082358 3.158609390 -0.013352290 -0.135097742 0.003131403 0.990737319
1439803783.323039 -0.065911472 -0.192334384 3.181701183 -0.013299366 -0.137324363 0.002599843 0.990433395
1439803783.385538 -0.073620379 -0.192623898 3.202117920 -0.012952436 -0.137065083 0.002552714 0.990474045
1439803783.448040 -0.077854991 -0.193580925 3.225085974 -0.012955924 -0.138861522 0.001915398 0.990225196
1439803783.510540 -0.085485876 -0.194058418 3.245548964 -0.012732269 -0.138761401 0.001737372 0.990242481
1439803783.573045 -0.090058863 -0.195053786 3.268353462 -0.012836188 -0.140532210 0.001449754 0.989991844
1439803783.635543 -0.097546637 -0.195631564 3.288847685 -0.012845232 -0.140338272 0.000961311 0.990019858
1439803783.698044 -0.101892352 -0.196521401 3.311051130 -0.012937952 -0.142211050 0.000444649 0.989751697
1439803783.760547 -0.109236181 -0.197059274 3.331625938 -0.012546327 -0.142140582 -0.000170582 0.989766955
1439803783.823049 -0.113772154 -0.197828427 3.353366852 -0.012727523 -0.143798739 -0.000561170 0.989524961
1439803783.885551 -0.121534467 -0.198821604 3.374273300 -0.012799399 -0.143307373 -0.001424727 0.989594400
1439803783.948051 -0.126065314 -0.199971229 3.396085024 -0.013265371 -0.145016924 -0.001358710 0.989339292
1439803784.010551 -0.135224044 -0.200336426 3.418340445 -0.013124698 -0.144112691 -0.001930442 0.989472330
1439803784.073053 -0.140867233 -0.200782120 3.440548182 -0.013685280 -0.145360917 -0.001771298 0.989282429
1439803784.135553 -0.147772968 -0.201934054 3.461307764 -0.013949650 -0.145205155 -0.002813676 0.989299238
1439803784.198055 -0.153506160 -0.202923968 3.483142376 -0.014244371 -0.146250010 -0.002940848 0.989140749
1439803784.260560 -0.161439598 -0.203231618 3.505141020 -0.014237245 -0.145900831 -0.002758549 0.989192903
1439803784.323057 -0.167502701 -0.203947783 3.527320147 -0.014644192 -0.146860734 -0.002471465 0.989045680
1439803784.385561 -0.174656034 -0.204517722 3.548143864 -0.014532284 -0.146354362 -0.002939830 0.989121079
1439803784.448071 -0.181022227 -0.205475315 3.570248365 -0.014896421 -0.146906644 -0.002808583 0.989034176
1439803784.510562 -0.187784016 -0.205767691 3.591423035 -0.014987171 -0.146558464 -0.001437990 0.989087403
1439803784.573064 -0.194026887 -0.206238791 3.613050222 -0.015457556 -0.147094473 -0.000394452 0.989001572
1439803784.635564 -0.200953484 -0.206858039 3.634645462 -0.015667563 -0.146836564 -0.000177633 0.989036679
1439803784.698066 -0.207562923 -0.207504898 3.656204939 -0.015798282 -0.147316709 0.000691871 0.988962948
1439803784.760568 -0.214335442 -0.208224460 3.677779436 -0.015236228 -0.147029608 0.000941318 0.989014268
1439803784.823068 -0.220620453 -0.208831459 3.698951721 -0.014612822 -0.147579983 0.001491764 0.988941073
1439803784.885571 -0.227641821 -0.209633723 3.720567942 -0.013477418 -0.147347048 0.001456968 0.988991916
1439803784.948071 -0.234320402 -0.210516378 3.741570473 -0.013152238 -0.147406042 0.001660973 0.988987207
1439803785.010573 -0.240403712 -0.211185724 3.762510777 -0.013123278 -0.147912070 0.002180364 0.988911033
1439803785.073074 -0.247431159 -0.211785734 3.784498692 -0.012994544 -0.147752345 0.002588677 0.988935590
1439803785.135576 -0.254041255 -0.212457433 3.805684566 -0.013181282 -0.147972092 0.002017524 0.988901615
1439803785.198077 -0.261022031 -0.213005185 3.827553988 -0.013064734 -0.147775561 0.001568577 0.988933384
1439803785.260578 -0.267819524 -0.213569075 3.848571062 -0.013167824 -0.147815257 -0.000071136 0.988927305
1439803785.323079 -0.275048077 -0.214158624 3.870624304 -0.013901630 -0.147476673 -0.003493847 0.988961697
1439803785.385581 -0.281470120 -0.214793473 3.891433001 -0.014331841 -0.147515967 -0.004337842 0.988946319
1439803785.448082 -0.288589835 -0.215518326 3.913449049 -0.013376766 -0.146897063 -0.002041664 0.989059210
1439803785.510583 -0.294960856 -0.215929106 3.934722185 -0.011813172 -0.146861523 0.000348068 0.989086449
1439803785.573085 -0.300931275 -0.217091367 3.955227852 -0.010688456 -0.146493509 0.000776251 0.989153564
1439803785.635589 -0.308031619 -0.217669278 3.977466822 -0.008814017 -0.145101339 -0.000000549 0.989377558
1439803785.698088 -0.314800978 -0.218260020 3.999005079 -0.008356197 -0.144138888 -0.000843700 0.989521801
1439803785.760590 -0.321348906 -0.218806684 4.020432472 -0.009296070 -0.143431827 -0.000788900 0.989616215
1439803785.823093 -0.327243030 -0.219299510 4.041369438 -0.010800192 -0.143025622 -0.000278333 0.989660025
1439803785.885592 -0.334102750 -0.220048845 4.063562870 -0.012099315 -0.141715169 -0.000289885 0.989833474
1439803785.948093 -0.340822875 -0.220567644 4.085233688 -0.012739282 -0.140393034 -0.000527907 0.990013778
1439803786.010595 -0.346866846 -0.221526742 4.106705666 -0.012792581 -0.139204189 -0.001112235 0.990180433
1439803786.073099 -0.352608740 -0.222197354 4.127611160 -0.012571023 -0.138121903 -0.001080576 0.990334868
1439803786.135600 -0.359448373 -0.222669959 4.149717808 -0.011964581 -0.136724949 -0.001977153 0.990534842
1439803786.198100 -0.365075707 -0.223392069 4.170774460 -0.011917034 -0.135740012 -0.002740241 0.990669072
1439803786.323101 -0.379127741 -0.224084601 4.214870453 -0.013009937 -0.132700846 -0.004745939 0.991059363
1439803786.385603 -0.384878397 -0.224523902 4.235924721 -0.014029952 -0.131573990 -0.004299942 0.991197765
1439803786.448102 -0.390307963 -0.225644425 4.257945538 -0.014904867 -0.130582929 -0.004356293 0.991315782
1439803786.510602 -0.396250546 -0.226139680 4.279886246 -0.015205705 -0.129417345 -0.004507829 0.991463363
1439803786.573104 -0.401990771 -0.226911649 4.302107334 -0.015587243 -0.128138334 -0.004488943 0.991623640
1439803786.698103 -0.413094580 -0.228219375 4.346735001 -0.014472971 -0.125545561 -0.003036563 0.991977632
1439803786.760604 -0.417510986 -0.230133474 4.370498657 -0.013756816 -0.124638855 -0.002870063 0.992102623
1439803786.823107 -0.423167944 -0.231501341 4.390987396 -0.011339050 -0.122327887 -0.002041586 0.992422879
1439803786.885605 -0.428325176 -0.232505292 4.412967205 -0.009931531 -0.120684475 -0.001613844 0.992639899
1439803786.948105 -0.433825135 -0.233180836 4.435468197 -0.008709152 -0.119030736 -0.000658405 0.992852151
1439803787.073107 -0.446292222 -0.232489824 4.479876041 -0.008884873 -0.115682289 0.000322712 0.993246496
1439803787.135607 -0.452139199 -0.232210368 4.501046181 -0.008963690 -0.113658808 0.000788462 0.993479073
1439803787.198108 -0.456688464 -0.234018147 4.524523735 -0.009701352 -0.112606287 0.001111001 0.993591666
1439803787.260608 -0.461537004 -0.234975561 4.546751022 -0.010795022 -0.111736193 0.003173535 0.993674219
1439803787.323109 -0.466835320 -0.235577732 4.569717884 -0.011479829 -0.110891722 0.004371034 0.993756592
1439803787.448109 -0.477320254 -0.236861855 4.615093708 -0.013437236 -0.109207183 0.004138384 0.993919551
1439803787.510612 -0.482535243 -0.237352788 4.637303829 -0.014347746 -0.108244099 0.003428309 0.994014859
1439803787.573112 -0.487469673 -0.238160104 4.660246372 -0.014935164 -0.107591733 0.003604930 0.994076431
1439803787.635613 -0.492897689 -0.238800064 4.682921410 -0.015033665 -0.106892660 0.003623632 0.994150281
1439803787.698114 -0.497508347 -0.239267781 4.705661774 -0.014623616 -0.106253192 0.004053274 0.994223297
1439803787.760615 -0.502312064 -0.239873379 4.728405476 -0.014271922 -0.105506644 0.004387948 0.994306505
1439803787.823117 -0.507079661 -0.240271375 4.750207901 -0.014348717 -0.104599826 0.004322824 0.994401455
1439803787.885617 -0.512249351 -0.240782678 4.774245739 -0.015104054 -0.103733920 0.003759043 0.994483292
1439803787.948117 -0.516979754 -0.241330296 4.796480179 -0.016005373 -0.102980033 0.002022702 0.994552612
1439803788.010619 -0.522240341 -0.241718873 4.820345402 -0.016421918 -0.101991497 -0.000358088 0.994649649
1439803788.073119 -0.527039945 -0.242180347 4.842540741 -0.016901921 -0.100768976 -0.002188444 0.994763851
1439803788.135619 -0.531864405 -0.242801026 4.866865635 -0.016954122 -0.099283054 -0.002360772 0.994911969
1439803788.198120 -0.536342502 -0.243184492 4.889120579 -0.016499035 -0.097414464 -0.001845813 0.995105386
1439803788.260621 -0.541089952 -0.243752047 4.913354874 -0.016349707 -0.095279299 -0.002354843 0.995313525
1439803788.323121 -0.545329094 -0.244382769 4.935725689 -0.016292948 -0.093035385 -0.003306469 0.995523989
1439803788.385622 -0.550061822 -0.244854316 4.960385799 -0.016027045 -0.090890244 -0.003956824 0.995724082
1439803788.448122 -0.553760052 -0.245214731 4.983757973 -0.015923398 -0.089271463 -0.003719062 0.995873094
1439803788.510622 -0.559249759 -0.244890973 5.008674145 -0.015636530 -0.086950853 -0.003406388 0.996084034
1439803788.573123 -0.564765275 -0.239570051 5.027936459 -0.013187291 -0.085000224 0.002809611 0.996289670
1439803788.635625 -0.567681193 -0.240463287 5.049055099 -0.012254572 -0.082928084 0.002756758 0.996476352
1439803789.073132 -0.562330008 -0.245291561 5.035091400 -0.014764193 -0.082796909 -0.004144387 0.996448457
