1439803608.694958 -0.017930031 -0.002316944 0.036895901 0.001746316 -0.058770373 0.003925262 0.998262286
1439803608.757459 -0.019730566 -0.002708642 0.040702194 0.001603799 -0.064517498 0.004134852 0.997906685
1439803608.819959 -0.021953542 -0.003201689 0.044843122 0.001421187 -0.070452511 0.004442283 0.997504234
1439803608.882460 -0.024265328 -0.003482376 0.049328461 0.001331601 -0.076495565 0.004606497 0.997058392
1439803609.007461 -0.029131385 -0.003759815 0.058776829 0.001118628 -0.088866040 0.003895798 0.996035337
1439803609.069960 -0.032016989 -0.004144158 0.063809358 0.000863189 -0.095051177 0.003381044 0.995466232
1439803609.132463 -0.034684494 -0.004285485 0.069422744 0.000813299 -0.101466589 0.002838938 0.994834542
1439803609.194962 -0.037960742 -0.004413400 0.075347431 0.000685126 -0.107694842 0.002122897 0.994181514
1439803609.257462 -0.041069068 -0.004787194 0.081172697 0.000233786 -0.114215061 0.001595643 0.993454754
1439803609.382465 -0.047763295 -0.004830036 0.093643405 -0.000394951 -0.126906946 0.000733540 0.991914272
1439803609.444963 -0.050889529 -0.005041952 0.100383721 -0.000978830 -0.133573323 0.001102402 0.991037846
1439803609.507464 -0.055164114 -0.005465445 0.105060071 -0.001835533 -0.139540002 0.000495691 0.990214586
1439803609.632471 -0.062394075 -0.005813714 0.117435895 -0.002688030 -0.152400881 0.000042733 0.988315105
1439803609.694965 -0.065363750 -0.006867975 0.122653954 -0.003607414 -0.158961058 0.000262961 0.987278223
1439803609.757465 -0.068830036 -0.007205120 0.129081890 -0.003661952 -0.165331572 0.000963513 0.986230731
1439803609.819968 -0.072189905 -0.007591533 0.134802446 -0.003648068 -0.171646789 0.001117078 0.985151172
1439803609.882467 -0.076183975 -0.007970900 0.140641168 -0.003789756 -0.177779064 0.001005166 0.984062612
1439803609.944967 -0.079737715 -0.008643523 0.145939305 -0.004143034 -0.184025452 0.001136416 0.982912064
1439803610.007470 -0.083501756 -0.009112157 0.151482150 -0.004338834 -0.189609706 0.000591996 0.981849790
1439803610.069969 -0.087362312 -0.009762071 0.157990277 -0.004585020 -0.195390791 -0.000034466 0.980714738
1439803610.132468 -0.090721190 -0.009482774 0.163056031 -0.004518798 -0.199988171 -0.000098005 0.979787886
1439803610.194970 -0.095000401 -0.009490383 0.168716103 -0.004462108 -0.204651326 -0.000449435 0.978824675
1439803610.257471 -0.097631067 -0.009267124 0.174770668 -0.004391135 -0.210449234 -0.000127940 0.977594912
1439803610.319972 -0.780797601 0.108229816 0.270171463 -0.003663920 -0.676751912 0.045718189 0.734781027
