1439803875.137235 0.000862271 -0.002961637 0.048051905 0.003333505 0.006118699 -0.000796801 0.999975383
1439803875.199734 0.001045866 -0.004111308 0.063902594 0.005044341 0.007794694 -0.001524313 0.999955714
1439803875.262232 0.001759553 -0.005377708 0.079872735 0.005876575 0.008720154 -0.000826724 0.999944329
1439803875.324732 0.002152058 -0.006116466 0.095687523 0.006492886 0.009389981 -0.000137076 0.999934793
1439803875.449734 0.003204991 -0.008253611 0.127768338 0.004142652 0.011013238 0.004882565 0.999918818
1439803875.512236 0.003930788 -0.009294253 0.144014955 0.002925518 0.011376585 0.007026166 0.999906301
1439803875.574734 0.004371957 -0.010356602 0.160148293 0.002437956 0.011710400 0.007724852 0.999898612
1439803875.637239 0.004934195 -0.011401608 0.175932601 0.002968387 0.012072437 0.007307279 0.999896049
1439803875.699739 0.004927987 -0.012560407 0.191649184 0.003800828 0.012677186 0.006296539 0.999892592
1439803875.824736 0.006319134 -0.014483726 0.223262727 0.006129121 0.013144184 0.006898264 0.999871016
1439803875.887237 0.006721701 -0.015572961 0.239137486 0.007375263 0.013346422 0.007276726 0.999857247
1439803875.949739 0.007262968 -0.016827242 0.253921360 0.008456431 0.013173313 0.008426039 0.999841988
1439803876.012241 0.007524237 -0.017821509 0.270109653 0.009411890 0.013454899 0.009580835 0.999819279
1439803876.074741 0.008405678 -0.019071454 0.284293026 0.009679574 0.012737764 0.011340209 0.999807715
1439803876.199743 0.014946502 -0.018937651 0.316887945 0.010015882 0.009662698 0.009245609 0.999860406
1439803876.262246 0.010734323 -0.021861793 0.332242936 0.008326014 0.011399224 0.009384323 0.999856353
1439803876.324748 0.012063700 -0.023729185 0.348526478 0.006898948 0.010546919 0.009729107 0.999873221
1439803876.387247 0.012914930 -0.024937097 0.364340097 0.005740025 0.009868435 0.009879007 0.999886036
1439803876.449749 0.013697289 -0.025703810 0.379918873 0.005463824 0.008972717 0.010895204 0.999885499
1439803876.512250 0.014323160 -0.026599243 0.395765901 0.005102825 0.008321698 0.010777435 0.999894321
1439803876.574751 0.015327808 -0.027244981 0.411790520 0.004666512 0.007802636 0.010777032 0.999900579
1439803876.637253 0.014751548 -0.029017994 0.428031147 0.003446798 0.006683674 0.009531904 0.999926269
1439803876.699754 0.018076049 -0.031198611 0.444104910 0.002400242 0.005966059 0.008686250 0.999941587
1439803876.762256 0.019878181 -0.032784663 0.460439622 0.001438715 0.004560336 0.007082280 0.999963462
1439803876.824757 0.016987305 -0.032390777 0.475064844 0.001300189 0.005532964 0.007393936 0.999956489
1439803876.887258 0.017464930 -0.034000330 0.489933908 0.000570286 0.004692738 0.008015009 0.999956667
1439803876.949759 0.018299304 -0.035057761 0.506963611 0.000425020 0.003649954 0.008135913 0.999960124
1439803877.012261 0.017396256 -0.036139280 0.522175431 -0.000905213 0.003801545 0.008487958 0.999956310
1439803877.074768 0.017827012 -0.036339108 0.537959039 -0.001234658 0.003405959 0.006709204 0.999970913
1439803877.137263 0.017338317 -0.036806963 0.554649115 0.000426156 0.003905737 0.005699870 0.999976039
1439803877.199765 0.016904134 -0.037892133 0.570167124 0.003477247 0.004373367 0.005059072 0.999971569
1439803877.262269 0.016183550 -0.038975373 0.585391641 0.006806825 0.004891393 0.003869165 0.999957383
1439803877.324768 0.016233727 -0.040214911 0.601334214 0.010020209 0.005324293 0.002613610 0.999932230
1439803877.387269 0.016375512 -0.040977396 0.618028462 0.013178578 0.006082704 0.001499921 0.999893546
1439803877.449771 0.016044667 -0.042532373 0.634197474 0.013574729 0.007000627 0.001739678 0.999881864
1439803877.512274 0.016405368 -0.043468602 0.649746120 0.012645051 0.007069842 0.001962824 0.999893129
1439803877.574773 0.015843362 -0.044212323 0.666650534 0.010709709 0.007982970 0.000522429 0.999910653
1439803877.637272 0.015962090 -0.044832978 0.682296276 0.008668105 0.008215751 0.000561600 0.999928534
1439803877.699776 0.016319161 -0.046318933 0.699509323 0.005743150 0.008782597 0.000921527 0.999944508
1439803877.762274 0.016608568 -0.047358703 0.714895189 0.004157987 0.009209547 0.001206750 0.999948204
1439803877.824774 0.016841203 -0.048764795 0.730983973 0.003603623 0.009465416 0.000709612 0.999948442
1439803877.887278 0.017494287 -0.049746148 0.748221815 0.003821666 0.009920423 -0.000034389 0.999943495
1439803877.949776 0.018465016 -0.050733522 0.763260424 0.004419249 0.009966688 -0.000128927 0.999940574
1439803878.012276 0.018429099 -0.052123010 0.779924572 0.005257760 0.010647820 0.000142909 0.999929488
1439803878.074778 0.018198233 -0.052934255 0.796279013 0.006296321 0.011122282 -0.000367332 0.999918222
1439803878.137278 0.019261628 -0.054033317 0.811051190 0.006313721 0.010850023 -0.000798579 0.999920845
1439803878.199778 0.019207405 -0.055192180 0.828819811 0.006207846 0.011566118 -0.001015513 0.999913275
1439803878.262279 0.019720921 -0.055996303 0.844568789 0.006203284 0.011431867 -0.001184346 0.999914706
1439803878.324781 0.019878151 -0.057092477 0.861253977 0.006019959 0.011783438 -0.000980544 0.999911964
1439803878.387279 0.020185972 -0.058365408 0.877297580 0.005002629 0.012100848 -0.001371613 0.999913335
1439803878.449780 0.020367244 -0.058912035 0.893704891 0.003975867 0.012652417 -0.000537688 0.999911904
1439803878.574781 0.021168772 -0.061013203 0.926844716 0.002593738 0.013692538 0.001319414 0.999902010
1439803878.637281 0.021201320 -0.062163733 0.943105936 0.002444176 0.014499829 -0.001559750 0.999890685
1439803878.699786 0.021435570 -0.063322261 0.959301293 0.003552055 0.015172723 -0.003950081 0.999870777
1439803878.762283 0.022245795 -0.064892255 0.975089431 0.005304659 0.015342644 -0.004513950 0.999858022
1439803878.824784 0.022434611 -0.065621845 0.991304457 0.007908224 0.015795754 -0.004893420 0.999831975
1439803878.887287 0.022794116 -0.066311866 1.007222295 0.009167303 0.015966255 -0.003874850 0.999822974
1439803878.949784 0.022483405 -0.067574933 1.023821592 0.009101472 0.016891878 -0.002425756 0.999812961
1439803879.012288 0.019526424 -0.068320423 1.040788651 0.008172251 0.020251730 -0.001893780 0.999759674
1439803879.074787 0.020798415 -0.070044063 1.056648493 0.005823551 0.020676317 -0.002374101 0.999766469
1439803879.137287 0.022189101 -0.070996933 1.072398067 0.004550526 0.020356253 -0.002056370 0.999780297
1439803879.199786 0.022787517 -0.071154349 1.089596629 0.005407006 0.020814722 -0.000745966 0.999768436
1439803879.262288 0.025705503 -0.073604114 1.105238914 0.005053354 0.019582639 0.000186444 0.999795437
1439803879.324790 0.025639711 -0.074965104 1.121284485 0.005857700 0.020187780 0.000844229 0.999778688
1439803879.387291 0.027376931 -0.075248778 1.137341261 0.007150302 0.019432159 0.000461975 0.999785483
1439803879.449793 0.027314605 -0.076676138 1.153023005 0.006871474 0.019908698 0.000735600 0.999777913
1439803879.512292 0.028209105 -0.077922165 1.169062614 0.006676608 0.019712595 0.000915317 0.999782979
1439803879.574793 0.029023016 -0.079039037 1.184832573 0.006187905 0.019510506 0.001074093 0.999789894
1439803879.637295 0.029448785 -0.079940721 1.201016426 0.005837322 0.019622184 0.001565499 0.999789178
1439803879.699801 0.029677706 -0.080973804 1.216068268 0.005215991 0.019773139 0.002242602 0.999788344
1439803879.762301 0.029978994 -0.081873693 1.231624126 0.004556668 0.019925490 0.002651733 0.999787569
1439803879.824804 0.030263528 -0.082757235 1.247268081 0.004375993 0.020114046 0.002215423 0.999785662
1439803879.887304 0.031390410 -0.083735064 1.263933182 0.004218113 0.020134730 0.000621262 0.999788165
1439803879.949802 0.031732749 -0.084837727 1.279523253 0.004282281 0.020243846 0.000425300 0.999785781
1439803880.012303 0.032202981 -0.085786194 1.295239925 0.004417285 0.020291619 0.000502830 0.999784231
1439803880.074804 0.032677185 -0.086836025 1.311014414 0.004736803 0.020163463 -0.000079929 0.999785483
1439803880.137303 0.033188157 -0.087755926 1.325771809 0.005683811 0.020123007 0.000014030 0.999781370
1439803880.199806 0.033560168 -0.088832252 1.341153979 0.006612781 0.020488044 0.000273339 0.999768198
1439803880.262306 0.034127876 -0.089749001 1.356538892 0.007400811 0.020647136 0.001642425 0.999758124
1439803880.324807 0.035035744 -0.091037340 1.372068167 0.007578393 0.020865167 0.001982314 0.999751627
1439803880.387310 0.035317577 -0.091916583 1.387508988 0.007674326 0.021171082 0.001406070 0.999745429
1439803880.449812 0.035981469 -0.093112893 1.403546095 0.007312800 0.021481121 0.000848373 0.999742150
1439803880.512315 0.036731832 -0.094178751 1.418846369 0.006588870 0.021785568 0.000068719 0.999740958
1439803880.574812 0.036980450 -0.095081553 1.434422493 0.006270762 0.022464326 -0.000521278 0.999727845
1439803880.637314 0.037626814 -0.095993832 1.449716091 0.006211639 0.022925040 -0.000357290 0.999717832
1439803880.699815 0.038161058 -0.097127177 1.465290189 0.005926261 0.023596743 -0.000756255 0.999703705
1439803880.762319 0.039026458 -0.098045066 1.480864882 0.006080219 0.024252778 -0.000255293 0.999687314
1439803880.824820 0.039583627 -0.099052623 1.496739388 0.006148689 0.025363978 0.000045716 0.999659359
1439803880.887319 0.040327854 -0.100067854 1.512469649 0.006284132 0.026451197 -0.000470474 0.999630213
1439803880.949824 0.041189335 -0.101144850 1.528266311 0.006235086 0.027536942 0.000119589 0.999601305
1439803881.012324 0.041728441 -0.102138877 1.544098854 0.005479988 0.028784133 0.000444862 0.999570549
1439803881.074826 0.042684786 -0.103050336 1.559931278 0.005322475 0.029684857 0.000643419 0.999544919
1439803881.137328 0.043459170 -0.103893921 1.575652242 0.005975951 0.030563384 0.001575566 0.999513745
1439803881.199827 0.044227891 -0.104908116 1.591650724 0.006899762 0.031637147 0.001776184 0.999474049
1439803881.262328 0.045333151 -0.106188692 1.607395291 0.007591269 0.032649327 0.001874943 0.999436259
1439803881.324828 0.046268575 -0.107112095 1.623477578 0.008214653 0.033847317 0.002608101 0.999389827
1439803881.387329 0.047284380 -0.107975416 1.639586926 0.009244310 0.035078846 0.003087890 0.999337018
1439803881.449830 0.048257537 -0.109008245 1.655934453 0.009257807 0.036637973 0.002991587 0.999281228
1439803881.512331 0.049802661 -0.109850407 1.670886517 0.009221706 0.037896693 0.004132576 0.999230564
1439803881.574833 0.051071092 -0.111336865 1.688317657 0.009327725 0.039458238 0.005051662 0.999164879
1439803881.637337 0.052496508 -0.112110779 1.704295874 0.009506484 0.040775076 0.004737421 0.999111891
1439803881.699836 0.054053150 -0.113204569 1.719913363 0.009404209 0.041596442 0.005494906 0.999075115
1439803881.762337 0.055456527 -0.114226371 1.736982942 0.008613999 0.043031741 0.004506763 0.999026418
1439803881.824839 0.056343719 -0.115390480 1.754167438 0.006815927 0.044502225 0.001862994 0.998984277
1439803881.887340 0.057551153 -0.115999863 1.770460367 0.005080258 0.045628678 0.000168416 0.998945534
1439803881.949844 0.059071064 -0.117254958 1.786859035 0.003953690 0.046667706 0.000549972 0.998902500
1439803882.012343 0.060521848 -0.118263237 1.803473353 0.003535847 0.047646705 0.001186416 0.998857260
1439803882.074844 0.061926134 -0.119315743 1.819519281 0.004376627 0.048154838 0.002253264 0.998827755
1439803882.137347 0.063451111 -0.120334633 1.836483240 0.006272386 0.048765529 0.004270304 0.998781443
1439803882.199851 0.064835399 -0.121516928 1.852775931 0.008438288 0.049566355 0.004635526 0.998724401
1439803882.262348 0.066496827 -0.122525975 1.868772864 0.009285024 0.049861703 0.006032099 0.998694777
1439803882.324850 0.068050668 -0.123491570 1.885818720 0.009077228 0.050092272 0.006817207 0.998680055
1439803882.387352 0.069250494 -0.124396697 1.902398348 0.007935924 0.050377209 0.006459361 0.998677850
1439803882.449853 0.070377372 -0.126268908 1.919653296 0.006356302 0.050683431 0.006965363 0.998670280
1439803882.512354 0.072615519 -0.126419201 1.937049389 0.005706704 0.050167389 0.007839950 0.998693764
1439803882.574856 0.074274242 -0.127655342 1.954393625 0.005262656 0.049477745 0.009151177 0.998719454
1439803882.637357 0.076068841 -0.128755212 1.971413255 0.005522877 0.048521783 0.011039092 0.998745859
1439803882.699861 0.077711463 -0.129483908 1.988644004 0.006430174 0.047575682 0.012001991 0.998774827
1439803882.762363 0.079566553 -0.130829751 2.005519390 0.007712388 0.046403985 0.012828326 0.998810589
1439803882.824861 0.081007548 -0.132198215 2.023080111 0.008394470 0.045570299 0.012761967 0.998844326
1439803882.887363 0.082029678 -0.132938266 2.039938688 0.008861360 0.044754270 0.012146718 0.998884857
1439803882.949865 0.083796330 -0.134331062 2.057800531 0.009065209 0.043729234 0.012242508 0.998927236
1439803883.012368 0.084917530 -0.135682702 2.075146437 0.009545078 0.042757045 0.013106049 0.998953938
1439803883.074867 0.086223431 -0.137072846 2.092290878 0.009850001 0.041779745 0.013951129 0.998980880
1439803883.137368 0.087833159 -0.137844712 2.110214710 0.010127834 0.040728834 0.013903377 0.999022186
1439803883.199870 0.089250445 -0.139114931 2.127590656 0.009671424 0.039617207 0.013512321 0.999076724
1439803883.262372 0.089963384 -0.140350416 2.145301342 0.009022420 0.038939364 0.012988717 0.999116421
1439803883.324874 0.091428727 -0.141342074 2.162772417 0.008109664 0.037580032 0.013000833 0.999176145
1439803883.387374 0.092492573 -0.142567605 2.180421829 0.006584729 0.036434952 0.012927881 0.999230683
1439803883.449878 0.093444638 -0.143624738 2.198174953 0.005172339 0.035345804 0.012197081 0.999287307
1439803883.512377 0.094322331 -0.144996211 2.215816259 0.004364262 0.034321181 0.012116992 0.999327838
1439803883.574878 0.095477112 -0.146105990 2.233611822 0.004396931 0.033305984 0.011532305 0.999368966
1439803883.637383 0.096091785 -0.147266105 2.251244068 0.004896477 0.032412104 0.011274112 0.999399006
1439803883.699881 0.097074524 -0.148294881 2.269354343 0.005802181 0.031432036 0.011483405 0.999423087
1439803883.762383 0.097907484 -0.149551332 2.286721468 0.006099918 0.030277660 0.010993965 0.999462426
1439803883.824883 0.098688364 -0.150686130 2.304362297 0.006102700 0.029121879 0.010625257 0.999500751
1439803883.887385 0.099489748 -0.151804164 2.322277784 0.005795892 0.027881309 0.009926186 0.999545157
1439803883.949886 0.100282930 -0.153024793 2.340065241 0.005687599 0.026642926 0.010576799 0.999572873
1439803884.012388 0.100703962 -0.154050350 2.358018160 0.005819673 0.025547840 0.010424703 0.999602318
1439803884.074888 0.101410083 -0.155373305 2.376118183 0.005837423 0.024244608 0.008816090 0.999650121
1439803884.137388 0.102024131 -0.156631112 2.393998146 0.005809084 0.023047782 0.007962960 0.999685764
1439803884.199893 0.102552138 -0.157714054 2.411666155 0.005946343 0.021798862 0.008739312 0.999706507
1439803884.262393 0.103299141 -0.158867806 2.429461241 0.005603178 0.020399071 0.009911201 0.999727070
1439803884.324890 0.103689983 -0.159927666 2.447266340 0.005012496 0.019225867 0.009926267 0.999753356
1439803884.387391 0.104174651 -0.161081329 2.465287209 0.003385151 0.018320395 0.009647473 0.999779880
1439803884.449892 0.104604699 -0.161992475 2.483319521 0.000987230 0.017412683 0.008997823 0.999807417
1439803884.512391 0.105230123 -0.163032994 2.501326323 -0.001485375 0.016586665 0.010497149 0.999806225
1439803884.574893 0.105859898 -0.164046332 2.519185066 -0.003323518 0.015643895 0.012268861 0.999796867
1439803884.637393 0.106328487 -0.164998025 2.537276745 -0.003257410 0.015036941 0.012782304 0.999799907
1439803884.699893 0.106829889 -0.166117728 2.554906130 -0.001054493 0.014239462 0.013010890 0.999813437
1439803884.762396 0.107093684 -0.167063981 2.572622776 0.002621577 0.013791942 0.012650223 0.999821424
1439803884.824897 0.107424334 -0.168480352 2.589866877 0.006222196 0.013265778 0.012979294 0.999808431
1439803884.887397 0.107687764 -0.169487536 2.607907295 0.010112434 0.012777520 0.011259364 0.999803841
1439803884.949900 0.107786693 -0.170730606 2.625411987 0.011975892 0.012343359 0.008612883 0.999814987
1439803885.012402 0.107966080 -0.172083572 2.643464327 0.011891703 0.012221218 0.006547949 0.999833167
1439803885.074905 0.107853591 -0.173352718 2.661409855 0.011706189 0.012308783 0.005366034 0.999841332
1439803885.137403 0.107938290 -0.174611419 2.679439306 0.010809957 0.012167702 0.004798849 0.999855995
1439803885.199905 0.108118713 -0.175943941 2.697483778 0.008597769 0.012167145 0.003567959 0.999882638
1439803885.262406 0.108292177 -0.177026525 2.715498924 0.005987728 0.012486307 0.002095283 0.999901950
1439803885.324921 0.108490646 -0.178075686 2.733505011 0.004011119 0.012874962 0.000625892 0.999908864
1439803885.387407 0.108492061 -0.179166049 2.751892567 0.001938998 0.013504685 -0.000291166 0.999906898
1439803885.449908 0.109034434 -0.180390418 2.769309521 0.000781876 0.013527514 -0.001166553 0.999907494
1439803885.512409 0.109415576 -0.181565747 2.787330866 0.000800989 0.013966963 -0.002481756 0.999899089
1439803885.574914 0.109901473 -0.182702959 2.805411339 0.002174116 0.014400664 -0.003242241 0.999888718
1439803885.637412 0.110426560 -0.183890373 2.823253632 0.003966629 0.014839062 -0.004026695 0.999873936
1439803885.699913 0.110854797 -0.184981853 2.841204882 0.005985088 0.015407137 -0.004379191 0.999853790
1439803885.762415 0.111444227 -0.186197847 2.859018803 0.007170149 0.016072225 -0.004079150 0.999836802
1439803885.824915 0.111949824 -0.187341526 2.877044201 0.007644052 0.016971370 -0.004385559 0.999817133
1439803885.887417 0.112358846 -0.188356027 2.894998789 0.007317125 0.017806355 -0.005649548 0.999798715
1439803885.949918 0.112828135 -0.189646244 2.913077831 0.005956654 0.018595818 -0.007599737 0.999780476
1439803886.012423 0.113020428 -0.190797165 2.931113958 0.004653644 0.019453505 -0.009335542 0.999756396
1439803886.074930 0.113679737 -0.191869721 2.949567080 0.003512668 0.020113602 -0.009912780 0.999742389
1439803886.137424 0.114436217 -0.192946985 2.967954874 0.002119452 0.020822285 -0.010366853 0.999727190
1439803886.199925 0.115016282 -0.193872541 2.986134052 0.001017076 0.021932276 -0.011232694 0.999695837
1439803886.262426 0.115790561 -0.194934711 3.004431725 0.001042148 0.023360547 -0.012360224 0.999650121
1439803886.324949 0.116609603 -0.196074545 3.022627831 0.001494653 0.024908397 -0.013323388 0.999599874
1439803886.387428 0.117463723 -0.197150081 3.040915251 0.002335800 0.026374122 -0.014208375 0.999548435
1439803886.449931 0.118412033 -0.198343918 3.059352875 0.003328249 0.027722996 -0.014579416 0.999503791
1439803886.512431 0.119399384 -0.199347109 3.077736855 0.004463252 0.028932124 -0.014825776 0.999461472
1439803886.574932 0.120664917 -0.200588331 3.096222162 0.005051729 0.030050635 -0.014649475 0.999428272
1439803886.637433 0.121816829 -0.201814890 3.114646912 0.005759174 0.031411164 -0.014599686 0.999383330
1439803886.699935 0.122934997 -0.203053609 3.133079290 0.005907821 0.032804940 -0.014426505 0.999340177
1439803886.762435 0.124285035 -0.204343677 3.151459455 0.005607262 0.034054119 -0.013829038 0.999308586
1439803886.824936 0.125265181 -0.205389440 3.170026541 0.004711069 0.035471428 -0.013305465 0.999271035
1439803886.887438 0.126395538 -0.206475317 3.188454390 0.003246703 0.036708459 -0.012992349 0.999236286
1439803886.949936 0.127766013 -0.207737401 3.207162380 0.002223114 0.037731156 -0.011794019 0.999215901
1439803887.012437 0.129108727 -0.208872229 3.225696325 0.002346920 0.038795687 -0.010747627 0.999186575
1439803887.074940 0.130772799 -0.210277125 3.244404554 0.003512277 0.039674796 -0.010177996 0.999154627
1439803887.137438 0.132103086 -0.211665273 3.262771368 0.005612695 0.040834151 -0.009282013 0.999107063
1439803887.199938 0.133606315 -0.212908030 3.281464100 0.007769405 0.041852947 -0.009605631 0.999047399
1439803887.262440 0.135042787 -0.214202225 3.299895048 0.008716436 0.042830113 -0.010417299 0.998990059
1439803887.324940 0.136592522 -0.215507075 3.318619490 0.008192536 0.043860380 -0.010351366 0.998950481
1439803887.387440 0.138559103 -0.216745436 3.337364435 0.006979662 0.044660427 -0.009241647 0.998935103
1439803887.449942 0.139900550 -0.218414754 3.356069088 0.005245494 0.045717604 -0.008001869 0.998908579
1439803887.512442 0.141545638 -0.219882086 3.374810219 0.003850243 0.046701849 -0.007772310 0.998871207
1439803887.574942 0.142935231 -0.221077845 3.393460274 0.003313778 0.047853321 -0.007055982 0.998823941
1439803887.637443 0.144675314 -0.222464353 3.411942720 0.002995077 0.048721701 -0.005451074 0.998793006
1439803887.699943 0.146220133 -0.223734438 3.430429459 0.002987704 0.049531654 -0.004625606 0.998757362
1439803887.762446 0.148082823 -0.224978909 3.448926687 0.003215940 0.050060574 -0.004443880 0.998731136
1439803887.824948 0.149871081 -0.226262778 3.467230082 0.003807974 0.050559353 -0.004209382 0.998704910
1439803887.887448 0.151585907 -0.227536589 3.485609055 0.004535416 0.050861668 -0.004777880 0.998683989
1439803887.949950 0.153263792 -0.228783071 3.503853321 0.005586963 0.051067956 -0.004185507 0.998670757
1439803888.012450 0.155072987 -0.230098933 3.522088766 0.006797511 0.051187653 -0.003270671 0.998660564
1439803888.074952 0.156864464 -0.231400132 3.540402889 0.007299412 0.051401515 -0.003129656 0.998646498
1439803888.137453 0.158578992 -0.232639670 3.558557749 0.006870163 0.051686428 -0.003126154 0.998634815
1439803888.199955 0.160399482 -0.233898789 3.576861143 0.006240359 0.051998716 -0.002883205 0.998623490
1439803888.262458 0.162201986 -0.235194772 3.595059156 0.005546844 0.052199900 -0.002624469 0.998617768
1439803888.324957 0.164031699 -0.236407876 3.613196611 0.004465217 0.052203495 -0.002212607 0.998624027
1439803888.387459 0.165780425 -0.237665087 3.631169081 0.003982372 0.052248783 -0.002760814 0.998622358
1439803888.449960 0.167420149 -0.238886222 3.649172544 0.004113729 0.052402977 -0.004077525 0.998609185
1439803888.512463 0.169163018 -0.240137875 3.667001486 0.004807045 0.052603997 -0.003971900 0.998595953
1439803888.574963 0.170693859 -0.241331279 3.684703827 0.005411770 0.053099439 -0.005483071 0.998559475
1439803888.637465 0.172547221 -0.242469996 3.702748060 0.005782470 0.053395458 -0.007236474 0.998530507
1439803888.699966 0.174281016 -0.243742734 3.720424175 0.006337031 0.054044191 -0.007052184 0.998493552
1439803888.762467 0.176146075 -0.244929716 3.737887144 0.006868916 0.055022251 -0.006452617 0.998440683
1439803888.824968 0.178207383 -0.246172100 3.755719185 0.006442492 0.055752411 -0.004721196 0.998412669
1439803888.887469 0.180221885 -0.247183949 3.773251295 0.004754583 0.056617234 -0.003547009 0.998378336
1439803888.949974 0.182267249 -0.248378739 3.790904760 0.003993867 0.057560157 -0.003118703 0.998329163
1439803889.012472 0.184246629 -0.249587044 3.808317661 0.003537611 0.058544036 -0.002667739 0.998274982
1439803889.074974 0.186236262 -0.250763863 3.825640440 0.003140603 0.059234250 -0.003113704 0.998234332
1439803889.137475 0.188122511 -0.251998872 3.843045235 0.002873654 0.060038544 -0.003351438 0.998186290
1439803889.199976 0.190456033 -0.252971619 3.860511303 0.003053123 0.060553197 -0.000739366 0.998160064
1439803889.262478 0.192714721 -0.253946006 3.877676487 0.001434535 0.061476942 0.002196824 0.998105049
1439803889.324979 0.195050955 -0.254740208 3.895133734 -0.001858369 0.062456179 0.005003394 0.998033464
1439803889.387481 0.197440207 -0.255484253 3.912442207 -0.004793124 0.063657217 0.006365671 0.997940004
1439803889.449981 0.199509382 -0.256621301 3.929443121 -0.003723206 0.064964481 0.005213955 0.997866988
1439803889.512486 0.201463580 -0.258145452 3.945944071 0.001959899 0.066233814 0.003307292 0.997796714
1439803889.574984 0.202713907 -0.259794354 3.963528395 0.010033000 0.066435061 0.002420967 0.997737348
1439803889.637486 0.205602944 -0.261261076 3.978589058 0.017773047 0.067816444 0.002270355 0.997536898
1439803889.699987 0.207937360 -0.262500644 3.995184898 0.023636663 0.068559170 0.003728868 0.997360051
1439803889.762489 0.210757494 -0.263807982 4.011743069 0.023146857 0.069375567 0.004846323 0.997310281
1439803889.824994 0.213406146 -0.264806539 4.029737949 0.017337408 0.070668258 0.004701743 0.997338116
1439803889.887492 0.214895993 -0.265974283 4.046011925 0.008707830 0.072334521 0.004063456 0.997334123
1439803889.949993 0.217331439 -0.266864598 4.063622952 0.000345388 0.073462732 0.003039852 0.997293293
1439803890.012494 0.219754517 -0.267715544 4.080449581 -0.005739188 0.074127033 0.002916216 0.997228026
1439803890.074997 0.222236544 -0.268618017 4.096978664 -0.008604661 0.074520253 0.004337109 0.997172952
1439803890.137499 0.224837244 -0.269800633 4.113283157 -0.007933357 0.074728146 0.006551507 0.997150838
1439803890.199998 0.227423340 -0.270792276 4.129638195 -0.004457830 0.074767254 0.008346608 0.997156143
1439803890.262502 0.229896456 -0.271464884 4.145582676 0.000362341 0.074578427 0.009025997 0.997174263
1439803890.325005 0.231921911 -0.272791266 4.161876202 0.005331490 0.074526601 0.007887294 0.997173548
1439803890.387502 0.233759433 -0.274225473 4.178339481 0.009074093 0.074502505 0.006768301 0.997156560
1439803890.450005 0.235881925 -0.274701893 4.194849968 0.012011601 0.074334539 0.005463665 0.997146010
1439803890.512505 0.238170952 -0.275826097 4.211430073 0.013045383 0.073951676 0.004190160 0.997167706
1439803890.575010 0.240745932 -0.276901633 4.227024078 0.012274207 0.073220968 0.003912868 0.997232556
1439803890.637510 0.243309170 -0.277729511 4.243228912 0.010051080 0.072569683 0.004685414 0.997301698
1439803890.700009 0.245435119 -0.277857751 4.261160851 0.007797573 0.071944341 0.006487268 0.997357070
1439803890.762514 0.247720748 -0.279723674 4.276586533 0.005603257 0.071546651 0.006448575 0.997400641
1439803890.825013 0.249822021 -0.280817032 4.292317390 0.005048237 0.071138106 0.004787569 0.997442186
1439803890.887514 0.251510739 -0.281976104 4.309463024 0.005981151 0.070943870 0.003413478 0.997456551
1439803890.950015 0.253436774 -0.283350468 4.325639248 0.007971825 0.070730530 0.002356051 0.997460783
1439803891.012516 0.256207407 -0.284582853 4.339840412 0.009975329 0.069884844 0.001731421 0.997503698
1439803891.075016 0.258038610 -0.285421789 4.358398914 0.011686753 0.069355883 0.001864743 0.997521758
1439803891.137517 0.260140330 -0.286410004 4.374967098 0.011261954 0.069017388 0.001691099 0.997550428
1439803891.200018 0.262225747 -0.287116349 4.391375065 0.009563150 0.068779208 0.002656852 0.997582495
1439803891.262519 0.264284700 -0.288422912 4.408347130 0.007032253 0.068519607 0.003435879 0.997619033
1439803891.325021 0.266337305 -0.289136380 4.424689293 0.004546495 0.068062536 0.003319247 0.997665167
1439803891.387522 0.268150121 -0.290323794 4.441189289 0.003038181 0.067952573 0.002495410 0.997680783
1439803891.450024 0.269987732 -0.291309983 4.457520485 0.003395027 0.068074152 0.001365138 0.997673571
1439803891.512525 0.272394806 -0.292635113 4.474069595 0.005360384 0.068027742 0.000505550 0.997668862
1439803891.575026 0.274147809 -0.293698430 4.490569115 0.007287799 0.068554632 -0.001164445 0.997620046
1439803891.637528 0.276010275 -0.294103384 4.507845402 0.009496801 0.068854071 -0.001216072 0.997580767
1439803891.700029 0.278892130 -0.295631617 4.524479866 0.011030594 0.068881497 -0.000248322 0.997563839
1439803891.762530 0.280965835 -0.296381593 4.541573048 0.012052571 0.069315776 0.001507384 0.997520804
1439803891.825032 0.282746017 -0.297612727 4.557670593 0.011739076 0.069852978 0.002506889 0.997485042
1439803891.887533 0.285786897 -0.299599916 4.575326443 0.010870758 0.070389092 0.003597176 0.997453868
1439803891.950034 0.288224548 -0.300696969 4.592531681 0.010421824 0.071191765 0.004993576 0.997395694
1439803892.012536 0.290441930 -0.302142203 4.609240055 0.009906866 0.071718954 0.005624487 0.997359812
1439803892.075037 0.291120857 -0.302248478 4.627265930 0.013687039 0.072275363 0.006609179 0.997268915
1439803892.137539 0.295368314 -0.305427432 4.640256882 0.011018178 0.072186664 0.006019253 0.997312129
1439803892.200040 0.298085868 -0.305825055 4.659108162 0.012361995 0.072890028 0.005254230 0.997249544
1439803892.262542 0.300174415 -0.308028102 4.675189972 0.013038894 0.073226787 0.005095368 0.997217059
1439803892.325044 0.302962542 -0.309041947 4.693253994 0.014095775 0.073658668 0.005857783 0.997166693
1439803892.387547 0.305294573 -0.310605288 4.710127831 0.014803622 0.074250363 0.007070364 0.997104704
1439803892.450047 0.307462156 -0.311763763 4.726784706 0.014678154 0.075036734 0.007350771 0.997045636
1439803892.512548 0.309925914 -0.312940121 4.744483471 0.014067131 0.075898282 0.005860132 0.996999085
1439803892.575051 0.312157720 -0.313953638 4.760853291 0.013267120 0.076860830 0.004810259 0.996941924
1439803892.637550 0.315321773 -0.315462887 4.777327538 0.012436816 0.077306144 0.004866768 0.996917963
1439803892.700052 0.318006337 -0.316306055 4.794147015 0.011532964 0.077795677 0.004854926 0.996890783
1439803892.762552 0.320310265 -0.317888647 4.811175346 0.010806462 0.078304663 0.004452694 0.996860921
1439803892.825068 0.322948396 -0.319329798 4.829007149 0.010286761 0.079234660 0.003283083 0.996797502
1439803892.887555 0.325961262 -0.320240676 4.846134663 0.010372875 0.079882674 0.003479460 0.996744215
1439803892.950057 0.328648478 -0.321800441 4.863176823 0.010701942 0.080848567 0.003521467 0.996662736
1439803893.012558 0.331139237 -0.323212713 4.879790306 0.011013440 0.082030505 0.002474845 0.996565878
1439803893.075059 0.333927989 -0.324121922 4.896618366 0.010965222 0.082975447 0.002049044 0.996489108
1439803893.137564 0.336322486 -0.325226456 4.913889408 0.010463435 0.084227636 0.001792956 0.996389985
1439803893.200064 0.339225650 -0.326122075 4.930972099 0.009991224 0.084894441 0.001924700 0.996338010
1439803893.262564 0.342153013 -0.327590764 4.948640823 0.009378484 0.085615195 0.002079003 0.996281981
1439803893.325063 0.344844460 -0.328984201 4.964878559 0.008965684 0.086331286 0.002316505 0.996223450
1439803893.387564 0.347774684 -0.330663621 4.982104778 0.009009067 0.086998984 0.002793827 0.996163726
1439803893.450065 0.350970089 -0.331881821 4.999697208 0.009147577 0.087727517 0.002851838 0.996098459
1439803893.512565 0.353789270 -0.332962334 5.017055988 0.009399389 0.088500790 0.002707631 0.996028066
1439803893.575066 0.356247306 -0.334103972 5.033891678 0.009373219 0.089395374 0.002843080 0.995948076
1439803893.637567 0.359586239 -0.335166931 5.051418304 0.007688823 0.089967176 0.003344380 0.995909452
1439803893.700067 0.363950968 -0.337644666 5.068576813 0.005344072 0.090531394 0.003789458 0.995872080
1439803893.762567 0.366949558 -0.338941783 5.085846901 0.004040982 0.091467716 0.002391518 0.995796978
1439803893.825068 0.370202184 -0.340577662 5.103591919 0.004342166 0.092574522 0.000773272 0.995696008
1439803893.887568 0.372491837 -0.340346098 5.120817661 0.007352746 0.094013058 0.000761775 0.995543540
1439803893.950069 0.375705719 -0.342267424 5.136894703 0.011503313 0.095072128 0.001851845 0.995402217
1439803894.012570 0.378703237 -0.343728244 5.152831078 0.016077735 0.095968261 0.003646913 0.995247841
1439803894.075071 0.382833779 -0.345548213 5.170961380 0.018341418 0.097127005 0.004880546 0.995091021
1439803894.137573 0.385119736 -0.346290052 5.188265800 0.018415589 0.098867252 0.005553587 0.994914711
1439803894.200074 0.387831390 -0.347559094 5.206443787 0.015209758 0.100466937 0.007051421 0.994799137
1439803894.262575 0.393767834 -0.348276347 5.225238323 0.010403437 0.100963756 0.006856566 0.994812071
1439803894.325077 0.397272587 -0.349679917 5.242847443 0.005777790 0.101867653 0.006860065 0.994757533
1439803894.387577 0.401191950 -0.350809485 5.260089874 0.002815364 0.102348693 0.008480291 0.994708419
1439803894.450077 0.405197740 -0.351880819 5.277019024 0.001278293 0.102531724 0.010250499 0.994676113
1439803894.512579 0.409004748 -0.353025317 5.294193268 0.000779757 0.102913804 0.012330553 0.994613528
1439803894.575078 0.412930667 -0.354156911 5.311076164 0.001055063 0.103385925 0.012885294 0.994557261
1439803894.637578 0.416392505 -0.354982108 5.328539371 0.001889651 0.103873111 0.013491184 0.994497299
1439803894.700080 0.420120656 -0.355970562 5.345556736 0.002039313 0.104130901 0.012858662 0.994478345
1439803894.762580 0.423632026 -0.356866002 5.363250256 0.001922999 0.104214281 0.012809767 0.994470537
1439803894.825080 0.427412748 -0.357628793 5.380672455 0.002129892 0.104315415 0.013233261 0.994453967
1439803894.887582 0.431105137 -0.358724087 5.397744656 0.001552680 0.104154482 0.013791938 0.994464278
1439803894.950082 0.435501575 -0.359655946 5.414435387 0.001278873 0.103707403 0.014808892 0.994496763
1439803895.012582 0.438597500 -0.360592246 5.432591438 0.001140940 0.104120836 0.015431089 0.994444251
1439803895.075084 0.442408383 -0.361493647 5.450053215 0.000986566 0.104025945 0.016434554 0.994438291
1439803895.137583 0.446211517 -0.362390459 5.467413425 0.000276275 0.103944749 0.017926143 0.994421482
1439803895.200084 0.450200260 -0.363187969 5.484774590 -0.001276764 0.103584282 0.020409089 0.994410455
1439803895.262587 0.453854859 -0.363867521 5.502809048 -0.003642141 0.103406794 0.022456082 0.994378924
1439803895.325085 0.457634866 -0.364651769 5.520722866 -0.005933844 0.103031769 0.023616774 0.994379938
1439803895.387586 0.461423516 -0.365574777 5.538495541 -0.006863325 0.102721095 0.024480022 0.994385242
1439803895.450093 0.465315402 -0.366651803 5.555938244 -0.005598550 0.102328241 0.025340885 0.994412065
1439803895.512588 0.468587220 -0.367399901 5.573311806 -0.001478530 0.102119945 0.025993278 0.994431317
1439803895.575092 0.472527266 -0.368553370 5.590651512 0.004011841 0.101568751 0.025808893 0.994485617
1439803895.637591 0.475134254 -0.369890481 5.607080936 0.008958939 0.101593763 0.024384068 0.994486749
1439803895.700093 0.478891492 -0.371205628 5.624100685 0.012219292 0.101311058 0.023439553 0.994503558
1439803895.762594 0.482888222 -0.372024834 5.643216133 0.013350254 0.101442374 0.023445060 0.994475484
1439803895.825095 0.486833572 -0.373361379 5.660767555 0.011882508 0.101066574 0.023929158 0.994520843
1439803895.887596 0.490268469 -0.374521703 5.678854465 0.008938127 0.100852683 0.022969427 0.994596004
1439803895.950098 0.493711770 -0.375236541 5.697146416 0.005099739 0.100872301 0.021079894 0.994662941
1439803896.012600 0.497237384 -0.376460552 5.714964390 0.000953084 0.100743443 0.020477045 0.994701207
1439803896.075101 0.500735700 -0.377037495 5.732855797 -0.002699223 0.100902364 0.020061715 0.994690359
1439803896.137617 0.504343271 -0.378206700 5.751324177 -0.004392582 0.100870743 0.020109361 0.994686604
1439803896.200104 0.507635713 -0.379212976 5.768538475 -0.003246506 0.101019911 0.018826174 0.994700968
1439803896.262605 0.510828555 -0.380240440 5.785905838 0.000096759 0.101580411 0.016167186 0.994695961
1439803896.325106 0.514636159 -0.381504893 5.804220676 0.004314122 0.101964876 0.013182016 0.994691312
1439803896.387608 0.517763913 -0.382549047 5.821813583 0.008592584 0.102360591 0.010853494 0.994651020
1439803896.450110 0.520960927 -0.383386195 5.839456558 0.010537917 0.102569960 0.009420755 0.994625330
1439803896.512611 0.524768293 -0.384420127 5.857332230 0.009173721 0.102407776 0.008702979 0.994662106
1439803896.575112 0.528246462 -0.385463983 5.875476837 0.005798596 0.102493174 0.008235087 0.994682670
1439803896.637613 0.531916201 -0.386449337 5.893625259 0.002054190 0.102780119 0.007911106 0.994670510
1439803896.700115 0.535382032 -0.387624890 5.911566734 -0.000630886 0.103058197 0.008561127 0.994638264
1439803896.762616 0.539113522 -0.388869464 5.929540634 -0.001030191 0.103180885 0.009559168 0.994616151
1439803896.825117 0.542834699 -0.390141845 5.946911812 0.001210767 0.103333183 0.010464917 0.994590998
1439803896.887621 0.546629906 -0.391308010 5.964369774 0.004573099 0.103540145 0.010993143 0.994554043
1439803896.950120 0.550541222 -0.392552435 5.981983662 0.007360245 0.103609808 0.011208361 0.994527638
1439803897.012625 0.554067433 -0.393539250 5.999604225 0.009129561 0.103947617 0.011693655 0.994472146
1439803897.075126 0.557506204 -0.394533038 6.017274857 0.009681256 0.104330599 0.012827143 0.994412839
1439803897.137624 0.561491668 -0.395958245 6.035050869 0.008813317 0.104293779 0.014459596 0.994402349
1439803897.200126 0.565249920 -0.397079557 6.052956104 0.007285696 0.104342721 0.014586115 0.994407773
1439803897.262627 0.568925142 -0.398327291 6.070650578 0.005669702 0.104408354 0.014037785 0.994419277
1439803897.325129 0.572703898 -0.399446428 6.088411331 0.004419485 0.104540281 0.015298483 0.994393110
1439803897.387630 0.576552391 -0.400638103 6.106245995 0.003523328 0.104546383 0.016222706 0.994381428
1439803897.450132 0.580248296 -0.401614934 6.123974323 0.003201963 0.104348868 0.015560893 0.994413853
1439803897.512633 0.583796620 -0.402733266 6.141634464 0.002942351 0.104247138 0.014556389 0.994440556
1439803897.575135 0.587345839 -0.403724968 6.159315109 0.002916449 0.104337648 0.014330512 0.994434416
1439803897.637635 0.591073036 -0.404753447 6.176868439 0.003402308 0.104186229 0.015430581 0.994432271
1439803897.700136 0.594720542 -0.405813694 6.194442749 0.004118865 0.103890710 0.015558341 0.994458497
1439803897.762636 0.598304033 -0.406830549 6.212029934 0.004553718 0.103833430 0.015162203 0.994468689
1439803897.825137 0.601955175 -0.407933354 6.229651928 0.005274394 0.103935599 0.014985909 0.994457126
1439803897.887639 0.605440974 -0.409010530 6.247201920 0.005618113 0.104095779 0.014437458 0.994446635
1439803897.950143 0.609066963 -0.410070032 6.264785290 0.005033692 0.104027599 0.014218976 0.994460046
1439803898.012641 0.612665355 -0.411075771 6.282280922 0.003572849 0.103967212 0.015255845 0.994457304
1439803898.075143 0.616528928 -0.411994934 6.300159454 0.002299307 0.103982843 0.016239168 0.994443834
1439803898.137646 0.620251894 -0.413059175 6.317764282 0.001263560 0.104068846 0.016190354 0.994437516
1439803898.200146 0.623758674 -0.414079130 6.335422516 0.000829348 0.104464322 0.015461752 0.994408071
1439803898.262647 0.627355874 -0.415120751 6.352807999 0.001107973 0.104737334 0.014932483 0.994387209
1439803898.325149 0.631031394 -0.416057527 6.370310307 0.002145107 0.104805082 0.015108574 0.994375706
1439803898.387650 0.634757340 -0.417156219 6.387585163 0.002982019 0.104804054 0.015202628 0.994372189
1439803898.450155 0.638456643 -0.418281883 6.404977322 0.003228537 0.104862362 0.015430101 0.994361818
1439803898.512652 0.642038465 -0.419224083 6.422655582 0.003324081 0.105016969 0.015590132 0.994342685
1439803898.575156 0.645815969 -0.420162320 6.440599918 0.003349625 0.105112702 0.016066672 0.994324863
1439803898.637657 0.649485946 -0.421159685 6.457845688 0.002729627 0.105247520 0.016342657 0.994307995
1439803898.700157 0.653012931 -0.422150582 6.475252628 0.002375118 0.105512112 0.016740238 0.994274259
1439803898.762658 0.657039404 -0.423073977 6.493061066 0.002376226 0.105395839 0.017540110 0.994272768
1439803898.825159 0.660130084 -0.423922747 6.510228157 0.002526144 0.105518177 0.017919173 0.994252682
1439803898.887660 0.662850142 -0.424515873 6.527251720 0.002954386 0.105957992 0.017616455 0.994210124
1439803898.950161 0.667995095 -0.425909966 6.545845032 0.003657227 0.105797328 0.017364062 0.994229376
1439803899.012663 0.671723127 -0.426734746 6.563134670 0.004174915 0.105857469 0.017809432 0.994213045
1439803899.075165 0.675323009 -0.427627772 6.580733299 0.003999288 0.105968535 0.018610533 0.994187236
1439803899.137666 0.679005980 -0.428403288 6.598336697 0.003464474 0.106120281 0.018988380 0.994165957
1439803899.200170 0.682755053 -0.429513276 6.615984917 0.002465811 0.106171623 0.018513702 0.994172394
1439803899.262668 0.687099874 -0.430392772 6.634237289 0.001079261 0.106252313 0.018226536 0.994171560
1439803899.325168 0.690494835 -0.431411505 6.651896477 -0.000399124 0.106458485 0.018265691 0.994149268
1439803899.387669 0.694722176 -0.432085752 6.669892311 -0.001922743 0.106426924 0.019529566 0.994126856
1439803899.450169 0.698747516 -0.432776153 6.687507153 -0.003671244 0.106309429 0.021000687 0.994104505
1439803899.512670 0.702395499 -0.433630258 6.705344200 -0.003670022 0.106514476 0.020523075 0.994092584
1439803899.575171 0.706258953 -0.434301585 6.722964287 -0.001719728 0.106810085 0.019120196 0.994094133
1439803899.637671 0.709841549 -0.435454756 6.740520954 0.000660242 0.107364967 0.017163761 0.994071245
1439803899.700171 0.713701725 -0.436640382 6.758265018 0.003732847 0.107510000 0.016513629 0.994059861
1439803899.762672 0.717774332 -0.437225401 6.775976181 0.006616335 0.107540816 0.016130887 0.994047821
1439803899.825173 0.721758187 -0.438492626 6.794065475 0.007067746 0.107658193 0.016107868 0.994032323
1439803899.887673 0.725699842 -0.439462215 6.811534882 0.005346708 0.107714944 0.015603936 0.994044960
1439803899.950174 0.729478240 -0.440785557 6.829548836 0.003131842 0.108081780 0.015788006 0.994011700
1439803900.012675 0.733825564 -0.442226499 6.846642494 0.000766981 0.107858345 0.015767189 0.994040966
1439803900.075175 0.737818658 -0.443129241 6.864504337 -0.000314238 0.108025461 0.015642066 0.994024992
1439803900.137677 0.737807810 -0.444625497 6.880393028 -0.001554647 0.109603591 0.016262315 0.993841112
1439803900.200177 0.742105782 -0.444584846 6.898491859 -0.001317294 0.109772347 0.015681442 0.993832171
1439803900.262677 0.747444510 -0.445642978 6.917284966 -0.002441271 0.109387241 0.015597882 0.993873835
1439803900.325180 0.752333462 -0.446932018 6.935277462 -0.004347718 0.109258175 0.015644267 0.993880808
1439803900.387680 0.756756783 -0.446829170 6.953189373 -0.003192338 0.109396204 0.014615656 0.993885636
1439803900.450180 0.760712683 -0.448168784 6.970842838 -0.000213996 0.109769560 0.014601367 0.993849814
1439803900.512684 0.764495969 -0.449707180 6.987962246 0.004050654 0.110275276 0.015361725 0.993774116
1439803900.575184 0.768457651 -0.450850666 7.005454540 0.008762835 0.110846646 0.015184714 0.993682861
1439803900.637686 0.772695422 -0.451834202 7.022930145 0.012551215 0.111319520 0.014682698 0.993596911
1439803900.700187 0.777440608 -0.452486634 7.041153908 0.012827051 0.111637436 0.014313429 0.993563116
1439803900.762691 0.780876577 -0.453807920 7.058809757 0.009561538 0.112473920 0.015301901 0.993490815
1439803900.825189 0.785050809 -0.454615623 7.077067375 0.005548465 0.112898067 0.015879255 0.993464172
1439803900.887690 0.789141595 -0.456019133 7.094922543 0.001487264 0.113036707 0.016417885 0.993454039
1439803900.950193 0.793313622 -0.457020581 7.112886429 -0.001258714 0.113499090 0.018211860 0.993370354
1439803901.012693 0.797515333 -0.458027333 7.130770683 -0.002351952 0.114012040 0.020176655 0.993271649
1439803901.075194 0.801716030 -0.458611190 7.148533821 -0.000895321 0.114557572 0.020505860 0.993204534
1439803901.137694 0.805608094 -0.459974110 7.165625095 0.002081359 0.115266167 0.020366631 0.993123651
1439803901.200198 0.809833705 -0.461222738 7.183138847 0.005311408 0.116110526 0.020207942 0.993016481
1439803901.262696 0.814060986 -0.462267101 7.200578213 0.008390208 0.116686620 0.021193188 0.992907166
1439803901.325197 0.818295538 -0.463127434 7.218107700 0.010784465 0.117120154 0.022740083 0.992798805
1439803901.387699 0.822865367 -0.464216828 7.235743046 0.010998699 0.117539972 0.023480926 0.992729545
1439803901.450201 0.826987445 -0.465500325 7.253235340 0.009470765 0.118139736 0.024911672 0.992639244
1439803901.512702 0.831368506 -0.466654509 7.271015644 0.007375024 0.118761688 0.026353385 0.992545605
1439803901.575203 0.835748434 -0.467722654 7.288540840 0.005173492 0.119048707 0.027694885 0.992488623
1439803901.637705 0.840097785 -0.468836963 7.305894852 0.003413603 0.119391248 0.029611660 0.992399693
1439803901.700207 0.844574273 -0.469688684 7.323191643 0.002310619 0.119677097 0.030677138 0.992336094
1439803901.762709 0.848824143 -0.470828325 7.340777874 0.002028768 0.119946249 0.031585835 0.992275715
1439803901.825211 0.853323579 -0.471763343 7.358185768 0.001730874 0.120113768 0.032275435 0.992233813
1439803901.887712 0.857814908 -0.472481042 7.375493050 0.001207642 0.120365262 0.032083701 0.992210329
1439803901.950212 0.861987829 -0.473432511 7.393255234 0.000339453 0.120721079 0.030856023 0.992206752
1439803902.012714 0.866186380 -0.474123240 7.410464764 -0.000726922 0.120861374 0.030235238 0.992208600
1439803902.075216 0.870462179 -0.474807680 7.427966595 -0.002157525 0.121066310 0.029231438 0.992211580
1439803902.137717 0.874770105 -0.475599766 7.445581436 -0.003420396 0.121319912 0.027881736 0.992215872
1439803902.200218 0.879091203 -0.476312518 7.462966442 -0.004646484 0.121539131 0.026890134 0.992211461
1439803902.262719 0.883365393 -0.477181941 7.480366230 -0.006180611 0.121962622 0.025725372 0.992182016
1439803902.325221 0.887297034 -0.477811515 7.497521877 -0.006931808 0.122688547 0.024506705 0.992118359
1439803902.387721 0.891742945 -0.478683054 7.514845371 -0.007527361 0.123087719 0.023441821 0.992090344
1439803902.450224 0.895920813 -0.479248971 7.532021523 -0.008020238 0.123653859 0.022653224 0.992034376
1439803902.512727 0.900107801 -0.479898632 7.549357414 -0.007538879 0.124187768 0.021445591 0.991998315
1439803902.575227 0.904447913 -0.480521142 7.566376686 -0.005856498 0.124393471 0.020573609 0.992002368
1439803902.637728 0.908843160 -0.481420100 7.583240032 -0.004205463 0.124454066 0.021283388 0.991988182
1439803902.700243 0.913006067 -0.482154489 7.600131989 -0.003184188 0.124550752 0.021661850 0.991971612
1439803902.762731 0.917421341 -0.482906550 7.617088795 -0.002122232 0.124497160 0.022190990 0.991969526
1439803902.825231 0.921792746 -0.483947992 7.634325504 -0.001233082 0.124625616 0.022070028 0.991957605
1439803902.887733 0.926426291 -0.484803647 7.651250839 -0.000803991 0.124558337 0.022890942 0.991947889
1439803902.950234 0.930800259 -0.485542029 7.668139458 -0.000882497 0.124587089 0.023747565 0.991924047
1439803903.012736 0.935068369 -0.486448586 7.684958935 -0.001364205 0.124467142 0.024346497 0.991924047
1439803903.075237 0.939336538 -0.487315714 7.701747894 -0.002317157 0.124316528 0.024901289 0.991927385
1439803903.137739 0.943674803 -0.487987965 7.718595505 -0.003710566 0.124219671 0.025877072 0.991910279
1439803903.200240 0.947589099 -0.488729656 7.735252857 -0.005613338 0.124233782 0.026741955 0.991876662
1439803903.262742 0.952148676 -0.489422441 7.752136707 -0.006410692 0.123854570 0.028040655 0.991883397
1439803903.325243 0.956395507 -0.490180641 7.768746376 -0.005411470 0.123545028 0.027502516 0.991943002
1439803903.387744 0.960277975 -0.491082817 7.785091877 -0.002568015 0.123325720 0.026893646 0.991998434
1439803903.450245 0.964511216 -0.492153734 7.801617622 0.000470203 0.122792169 0.027324410 0.992056072
1439803903.512751 0.968753636 -0.493011355 7.818425655 0.002930002 0.122312643 0.027420472 0.992108405
1439803903.575251 0.972741961 -0.493723333 7.834667206 0.003415722 0.121748939 0.028027965 0.992159247
1439803903.637751 0.976804495 -0.494397879 7.851491928 0.001447338 0.121396631 0.028768592 0.992186010
1439803903.700253 0.980924845 -0.495315135 7.867962360 -0.002404763 0.120956354 0.030002549 0.992201388
1439803903.762753 0.984803140 -0.495780706 7.884934425 -0.006420664 0.120624311 0.030266704 0.992215931
1439803903.825255 0.989007354 -0.496425033 7.901845455 -0.009310896 0.120085485 0.030297406 0.992257476
1439803903.887756 0.992888033 -0.496948957 7.918247223 -0.009789295 0.119652294 0.030512348 0.992298603
1439803903.950257 0.996733248 -0.497827291 7.934430599 -0.008593481 0.119334042 0.029872926 0.992367446
1439803904.012758 1.000995636 -0.498610228 7.950809002 -0.005912081 0.118924484 0.029485499 0.992447793
1439803904.075262 1.004956365 -0.499460310 7.967068195 -0.002803700 0.118690506 0.029599069 0.992486060
1439803904.137761 1.008766174 -0.500208914 7.983228683 0.000176556 0.118604451 0.029493926 0.992503405
1439803904.200260 1.012728214 -0.500975668 7.999318123 0.001969044 0.118368782 0.029111594 0.992540896
1439803904.262764 1.016445160 -0.501765013 8.015515327 0.002365316 0.118389234 0.027781842 0.992575705
1439803904.325262 1.020252228 -0.502414882 8.032014847 0.001681848 0.118717559 0.026476560 0.992573559
1439803904.387762 1.023821712 -0.503257871 8.048290253 -0.000205503 0.119188502 0.025789954 0.992536604
1439803904.450265 1.027737379 -0.504243731 8.064680099 -0.002308994 0.119262621 0.025625642 0.992529333
1439803904.512765 1.031853914 -0.504964709 8.080915451 -0.004056612 0.119317919 0.026496535 0.992494226
1439803904.575265 1.036074638 -0.505667031 8.097013474 -0.005231801 0.119403929 0.027600387 0.992448270
1439803904.637765 1.040125251 -0.506481171 8.113089561 -0.006391305 0.119666584 0.028552722 0.992382884
1439803904.700267 1.044049978 -0.506941915 8.129011154 -0.006618756 0.120087899 0.029083367 0.992315114
1439803904.762767 1.048289061 -0.507634759 8.145217896 -0.006682342 0.120459981 0.028952146 0.992273390
1439803904.825269 1.052159071 -0.508106232 8.161105156 -0.006904048 0.120839842 0.029431224 0.992211580
1439803904.887770 1.056047797 -0.508485913 8.177025795 -0.007607556 0.121011019 0.029696265 0.992177665
1439803904.950271 1.060000420 -0.509080291 8.192592621 -0.008602446 0.121227309 0.029171662 0.992158711
1439803905.012771 1.063967824 -0.509717107 8.208092690 -0.008896940 0.121489972 0.029196337 0.992123246
1439803905.075272 1.067927361 -0.510299861 8.223732948 -0.009230154 0.121966742 0.029081427 0.992065072
1439803905.137772 1.071917295 -0.510906160 8.239400864 -0.009302359 0.122786529 0.028144157 0.991990328
1439803905.200273 1.075836658 -0.511503339 8.255170822 -0.009195749 0.123845942 0.027608095 0.991874695
1439803905.262773 1.079817533 -0.511943817 8.270567894 -0.009398284 0.125003636 0.026189089 0.991766036
1439803905.325274 1.083898902 -0.512437344 8.286031723 -0.010619231 0.126165226 0.026006648 0.991611421
1439803905.387774 1.087928653 -0.512747467 8.301527023 -0.010951338 0.127247781 0.026084684 0.991467416
1439803905.450275 1.091919541 -0.513280869 8.316900253 -0.010666960 0.128301263 0.025468379 0.991350770
1439803905.512775 1.095934987 -0.513878465 8.332127571 -0.009756028 0.129218951 0.024579583 0.991263390
1439803905.575278 1.099927187 -0.514634669 8.347739220 -0.008388050 0.130336836 0.023624675 0.991152763
1439803905.637780 1.103819132 -0.515174866 8.362847328 -0.006729062 0.131349042 0.022000989 0.991069198
1439803905.700283 1.107900023 -0.515767932 8.377919197 -0.005923028 0.131973088 0.020589352 0.991021752
1439803905.762781 1.111743450 -0.516211152 8.393286705 -0.005800345 0.132720441 0.018250588 0.990968466
1439803905.825280 1.115601301 -0.516985238 8.408167839 -0.006456748 0.133180246 0.016418699 0.990934789
1439803905.887782 1.119842768 -0.517496884 8.423284531 -0.007713290 0.133551493 0.014779146 0.990901649
1439803905.950283 1.123690724 -0.517965257 8.438334465 -0.009421770 0.134131521 0.013654683 0.990824640
1439803906.012785 1.127706647 -0.518573284 8.453015327 -0.010726815 0.134549499 0.012261026 0.990772963
1439803906.075286 1.131751180 -0.519190371 8.467969894 -0.010807492 0.135035113 0.011857349 0.990710914
1439803906.137789 1.135628819 -0.519796669 8.482234955 -0.010414158 0.135694072 0.011722796 0.990626693
1439803906.200294 1.139769793 -0.520271242 8.496692657 -0.009734466 0.136188313 0.011369386 0.990569890
1439803906.262793 1.143624306 -0.520777225 8.510930061 -0.009729384 0.136773914 0.009766861 0.990506351
1439803906.325293 1.147407651 -0.521300018 8.525280952 -0.010169420 0.137286350 0.008243602 0.990444899
1439803906.387796 1.151228666 -0.521821022 8.539345741 -0.009671923 0.137686580 0.007444082 0.990400672
1439803906.450298 1.155097961 -0.522384703 8.553105354 -0.008375039 0.137982905 0.008390905 0.990363657
1439803906.512798 1.159215450 -0.523280799 8.566859245 -0.006164942 0.137962550 0.011588251 0.990350485
1439803906.575299 1.163294315 -0.523903131 8.580433846 -0.004242463 0.138025284 0.014722710 0.990310192
1439803906.637799 1.167445779 -0.524688840 8.593873024 -0.003164652 0.138000816 0.017538659 0.990271747
1439803906.700301 1.171376228 -0.525266826 8.607170105 -0.002451222 0.138157740 0.019209053 0.990220904
1439803906.762804 1.175069094 -0.525788367 8.620762825 -0.003056510 0.138390541 0.019583028 0.990179360
1439803906.825303 1.178928137 -0.526179314 8.634273529 -0.004454541 0.138295904 0.019288491 0.990193069
1439803906.887807 1.182497740 -0.526725829 8.647740364 -0.007018290 0.138052762 0.019218363 0.990213513
1439803906.950307 1.186172009 -0.527037501 8.661088943 -0.010112041 0.137747288 0.019158835 0.990230441
1439803907.012810 1.189903140 -0.527552009 8.674314499 -0.012560733 0.137257949 0.020784680 0.990237594
1439803907.075309 1.193665743 -0.527856052 8.687272072 -0.014330919 0.136866838 0.022288123 0.990234971
1439803907.137811 1.197463274 -0.528428078 8.700486183 -0.014841167 0.136527643 0.023538843 0.990245342
1439803907.200311 1.200941086 -0.528863668 8.713068962 -0.014879881 0.136464238 0.023673160 0.990250289
1439803907.262812 1.204551935 -0.529343247 8.725986481 -0.014181045 0.136338443 0.023276512 0.990287304
1439803907.325312 1.207817435 -0.529964387 8.737894058 -0.013021075 0.136334762 0.022086702 0.990330994
1439803907.387813 1.211225152 -0.530202270 8.751029968 -0.011416728 0.136452839 0.020614197 0.990366280
1439803907.450314 1.214408159 -0.530575812 8.763319969 -0.010269199 0.136348590 0.019103950 0.990423501
1439803907.512814 1.217841625 -0.531026483 8.775864601 -0.008901841 0.136142179 0.018254668 0.990481079
1439803907.575314 1.221165180 -0.531574667 8.787976265 -0.007421542 0.136008456 0.018219979 0.990512311
1439803907.637816 1.224540234 -0.532186270 8.800002098 -0.005781814 0.135911897 0.018151075 0.990537763
1439803907.700317 1.227750063 -0.532813251 8.811728477 -0.004244926 0.135999396 0.017751904 0.990540743
1439803907.762819 1.231102347 -0.533478260 8.823751450 -0.002993694 0.135885239 0.017775301 0.990560591
1439803907.825321 1.234261036 -0.534130573 8.835381508 -0.002528032 0.135896057 0.018063176 0.990555167
1439803907.887821 1.237545967 -0.534625471 8.847134590 -0.002747005 0.135759547 0.018197112 0.990570843
1439803907.950324 1.240619302 -0.535049200 8.858553886 -0.003670334 0.135787740 0.017744398 0.990572214
1439803908.012827 1.243696570 -0.535492003 8.870147705 -0.004829381 0.135548487 0.017343340 0.990607142
1439803908.075326 1.246593714 -0.535891354 8.881262779 -0.005948756 0.135157272 0.017516652 0.990651429
1439803908.137827 1.249617219 -0.536445618 8.892024994 -0.006869868 0.134082571 0.018421432 0.990775108
1439803908.200327 1.252555132 -0.536925912 8.903396606 -0.007739440 0.132730037 0.019614287 0.990927875
1439803908.262828 1.255368829 -0.537470102 8.914165497 -0.008788009 0.131072149 0.020081354 0.991130471
1439803908.325332 1.258112907 -0.538000464 8.924819946 -0.009787153 0.129129544 0.020698836 0.991363406
1439803908.387829 1.260627866 -0.538361907 8.935455322 -0.010391011 0.127401054 0.020811871 0.991578460
1439803908.450329 1.263113379 -0.538682878 8.945797920 -0.010891919 0.125698686 0.019844610 0.991810143
1439803908.512831 1.265335321 -0.538924694 8.956140518 -0.011073208 0.124283314 0.019037647 0.992002308
1439803908.575332 1.267543793 -0.539259970 8.966248512 -0.011376418 0.122624904 0.018157031 0.992221773
1439803908.637834 1.269542694 -0.539507210 8.976227760 -0.011788579 0.120588504 0.017174268 0.992483974
1439803908.700335 1.271540284 -0.539757490 8.986239433 -0.011988427 0.117864557 0.016954089 0.992812574
1439803908.762836 1.273497581 -0.540203094 8.995933533 -0.012151133 0.114697076 0.017185319 0.993177533
1439803908.825337 1.275306225 -0.540450335 9.005709648 -0.011861259 0.111340500 0.017404724 0.993559122
1439803908.887838 1.277043581 -0.540746152 9.015295982 -0.011756513 0.107705310 0.018171743 0.993947268
1439803908.950340 1.278570414 -0.541016936 9.024947166 -0.011893192 0.104069792 0.017710745 0.994341195
1439803909.012842 1.280140758 -0.541180491 9.034249306 -0.012281319 0.100232042 0.016987020 0.994743288
1439803909.075343 1.281476259 -0.541393578 9.043349266 -0.012411436 0.096600875 0.016661629 0.995106339
1439803909.137844 1.282732368 -0.541738451 9.052549362 -0.012454667 0.093116231 0.015412631 0.995458007
1439803909.200348 1.283936143 -0.542005062 9.061768532 -0.012778183 0.089861020 0.013727353 0.995777726
1439803909.262847 1.284865618 -0.542118967 9.070836067 -0.013272880 0.087044358 0.011748045 0.996046722
1439803909.325349 1.285899401 -0.542512238 9.079669952 -0.014041093 0.084186323 0.009372048 0.996307015
1439803909.387850 1.286822438 -0.542647004 9.088297844 -0.014320900 0.081410013 0.007559210 0.996549129
1439803909.450351 1.287761211 -0.542976260 9.096982956 -0.014526012 0.078769982 0.006174219 0.996767879
1439803909.512853 1.288758993 -0.543269634 9.105429649 -0.014740851 0.076466784 0.004813873 0.996951520
1439803909.575354 1.289666772 -0.543666482 9.113637924 -0.015255831 0.074629419 0.003851551 0.997087181
1439803909.637856 1.290705442 -0.543972731 9.122034073 -0.015185881 0.072699137 0.004662007 0.997227430
1439803909.700356 1.291697621 -0.544108272 9.130097389 -0.014697243 0.070562460 0.005825522 0.997382045
1439803909.762858 1.292732477 -0.544445813 9.137904167 -0.014350164 0.068302676 0.006938745 0.997537315
1439803909.825360 1.293675303 -0.544693708 9.145606995 -0.014197007 0.066178091 0.007333015 0.997679889
1439803909.887861 1.294622421 -0.545002341 9.153252602 -0.014077302 0.064307190 0.007989271 0.997798860
1439803909.950362 1.295181751 -0.545139849 9.160634041 -0.013744740 0.063165694 0.007079984 0.997883260
1439803910.012864 1.295467377 -0.545320988 9.167647362 -0.013055309 0.062385757 0.005447058 0.997951865
1439803910.075367 1.296112299 -0.545767605 9.174281120 -0.012133103 0.061438493 0.004691008 0.998026133
1439803910.137868 1.296619773 -0.546055913 9.180809975 -0.011010859 0.060430225 0.003636896 0.998105109
1439803910.200369 1.297125936 -0.546385288 9.187020302 -0.010196607 0.059228949 0.002410954 0.998189449
1439803910.262870 1.297624230 -0.546597421 9.192876816 -0.009338070 0.058087837 0.001959258 0.998265862
1439803910.325371 1.298145294 -0.546952486 9.198591232 -0.009082219 0.057199739 0.002029963 0.998319387
1439803910.387872 1.298574686 -0.546966434 9.204051018 -0.008686744 0.056662992 0.002576316 0.998352230
1439803910.450373 1.299326897 -0.547188520 9.209278107 -0.008235224 0.055758372 0.004263448 0.998401225
1439803910.512875 1.299867153 -0.547381401 9.214458466 -0.007317753 0.054743629 0.006163558 0.998454571
1439803910.575377 1.300388575 -0.547593057 9.219308853 -0.006206108 0.053750362 0.006988590 0.998510659
1439803910.637877 1.300821900 -0.547924757 9.223951340 -0.005557941 0.053136013 0.007028114 0.998547077
1439803910.700381 1.301100612 -0.548169911 9.228278160 -0.005470817 0.053053875 0.006020548 0.998558521
1439803910.762880 1.301274538 -0.548243463 9.232614517 -0.005540364 0.052867718 0.004617309 0.998575449
1439803910.825381 1.301442146 -0.548408926 9.236739159 -0.005645329 0.052138150 0.003782193 0.998616755
1439803910.887883 1.301324725 -0.548897862 9.240574837 -0.005364470 0.050682820 0.004047371 0.998692214
1439803910.950384 1.302073002 -0.548663259 9.244244576 -0.005297100 0.050478537 0.002710347 0.998707414
1439803911.012901 1.302215576 -0.548909307 9.247344971 -0.005268013 0.050417975 0.002807932 0.998710334
1439803911.075387 1.302430391 -0.548983455 9.250581741 -0.005023438 0.050307766 0.002749438 0.998717308
1439803911.137888 1.302624464 -0.549212694 9.253490448 -0.005167261 0.049898665 0.002319095 0.998738170
1439803911.200390 1.302775264 -0.549359322 9.256198883 -0.005498742 0.049245734 0.001678037 0.998770118
1439803911.262891 1.302914858 -0.549470544 9.258650780 -0.006052115 0.048674945 0.001016402 0.998795748
1439803911.325393 1.303090215 -0.549549341 9.260933876 -0.006446094 0.048481386 0.000544527 0.998803079
1439803911.387894 1.303125381 -0.549725294 9.262947083 -0.006411887 0.048755795 0.000197243 0.998790085
1439803911.450400 1.303244114 -0.549789667 9.264841080 -0.005961333 0.048833285 0.000018469 0.998789132
1439803911.512900 1.303310037 -0.549914896 9.266553879 -0.005464179 0.048548255 -0.000106456 0.998805881
1439803911.575399 1.303428769 -0.550004959 9.268211365 -0.005113809 0.047977157 -0.000408513 0.998835266
1439803911.637900 1.303607941 -0.550160170 9.269796371 -0.004981476 0.047673147 -0.000791255 0.998850286
1439803911.700401 1.303703785 -0.550244153 9.271260262 -0.004942997 0.047829006 -0.001129170 0.998842657
1439803911.762902 1.303809762 -0.550375700 9.272642136 -0.005102200 0.047970373 -0.001406793 0.998834729
1439803911.825404 1.303901672 -0.550363779 9.274175644 -0.005243831 0.047754604 -0.001609095 0.998844028
1439803911.887909 1.304035902 -0.550471842 9.275419235 -0.005471640 0.047323130 -0.001779738 0.998863041
1439803911.950407 1.304120183 -0.550556898 9.276489258 -0.005623349 0.047098551 -0.001750654 0.998872876
1439803912.012908 1.303936362 -0.550507069 9.277779579 -0.005546367 0.047378805 -0.001607706 0.998860300
1439803912.075410 1.304407120 -0.550597310 9.278948784 -0.005600410 0.047248449 -0.001434367 0.998866439
1439803912.137911 1.304478049 -0.550732553 9.279907227 -0.005696358 0.047342677 -0.001283126 0.998861611
1439803912.200412 1.304618597 -0.550731778 9.281099319 -0.005524318 0.047231443 -0.001029728 0.998868167
1439803912.262913 1.304738760 -0.550748050 9.282265663 -0.005276755 0.047199618 -0.000932479 0.998871088
1439803912.325414 1.304890037 -0.550830245 9.283291817 -0.005134252 0.047274657 -0.000952906 0.998868287
1439803912.387918 1.305073857 -0.550887227 9.284551620 -0.004966420 0.047333647 -0.001022081 0.998866260
1439803912.450419 1.305241108 -0.550902605 9.285816193 -0.004792031 0.047432479 -0.001028504 0.998862386
1439803912.512921 1.305467486 -0.550993085 9.287040710 -0.004798797 0.047537204 -0.000932973 0.998857498
1439803912.575422 1.305558562 -0.551012278 9.288360596 -0.004638128 0.047900479 -0.000758676 0.998841047
1439803912.637925 1.305824041 -0.551113725 9.289692879 -0.004664124 0.048276968 -0.000476150 0.998822987
1439803912.700427 1.305950761 -0.551153481 9.291073799 -0.004606125 0.049060803 -0.000430356 0.998785079
1439803912.762926 1.306233883 -0.551266551 9.292439461 -0.004635943 0.049828757 -0.000476678 0.998746872
1439803912.825427 1.306475520 -0.551358342 9.293878555 -0.004642728 0.050553102 -0.000495316 0.998710454
1439803912.887929 1.306643128 -0.551414132 9.295424461 -0.004504894 0.051163364 -0.000209309 0.998680115
1439803912.950430 1.306919217 -0.551462233 9.296902657 -0.004302443 0.051836099 0.000078481 0.998646319
1439803913.012930 1.307153463 -0.551489234 9.298547745 -0.004074323 0.053013969 0.000375581 0.998585403
1439803913.075431 1.307374358 -0.551497996 9.300102234 -0.003995994 0.054813601 0.000519763 0.998488486
1439803913.137934 1.307561874 -0.551562011 9.301549911 -0.004116558 0.056756958 0.000578991 0.998379350
1439803913.200434 1.307805896 -0.551591814 9.303297997 -0.004232423 0.058298316 0.000472140 0.998290122
1439803913.262936 1.307984710 -0.551626921 9.304663658 -0.004454012 0.059863783 0.000510779 0.998196483
1439803913.325437 1.308241487 -0.551656902 9.306527138 -0.004433368 0.061723035 0.000282544 0.998083413
1439803913.387944 1.308450818 -0.551695228 9.308068275 -0.004422811 0.064213403 0.000348386 0.997926354
1439803913.450441 1.308671474 -0.551736116 9.309695244 -0.004363075 0.066989481 0.000585598 0.997743964
1439803913.512945 1.308886170 -0.551763058 9.311347008 -0.004303821 0.069494545 0.001036374 0.997572482
1439803913.575444 1.309115052 -0.551785111 9.313054085 -0.004206556 0.071678907 0.001265800 0.997418106
1439803913.637944 1.309308171 -0.551821887 9.314662933 -0.003987785 0.073976710 0.001652727 0.997250617
1439803913.700446 1.309532046 -0.551851153 9.316319466 -0.003693986 0.076817147 0.001873625 0.997036576
1439803913.762948 1.309736371 -0.551884174 9.317995071 -0.003440866 0.080156490 0.002100369 0.996774137
1439803913.825451 1.309974074 -0.551930308 9.319832802 -0.003285517 0.083771974 0.002058123 0.996477425
1439803913.887951 1.310210347 -0.551963627 9.321610451 -0.003300063 0.087355100 0.002101704 0.996169567
1439803913.950453 1.310401917 -0.551996648 9.323193550 -0.003456197 0.091109410 0.002081235 0.995832741
1439803914.012955 1.310639858 -0.552038848 9.324968338 -0.003553009 0.095273837 0.002217968 0.995442271
1439803914.075456 1.310873032 -0.552075148 9.326798439 -0.003412976 0.099912904 0.002307569 0.994987607
1439803914.137959 1.311101794 -0.552109838 9.328559875 -0.003010422 0.104929805 0.002417992 0.994472146
1439803914.200459 1.311331868 -0.552144587 9.330431938 -0.002405766 0.110362411 0.002822217 0.993884504
1439803914.262960 1.311593056 -0.552181542 9.332464218 -0.001769667 0.116249286 0.003154445 0.993213475
1439803914.325460 1.311794996 -0.552222133 9.334062576 -0.001252350 0.122611545 0.003665645 0.992447197
1439803914.387962 1.312030435 -0.552259207 9.335893631 -0.000680559 0.129596874 0.004034513 0.991558313
1439803914.450464 1.312330604 -0.552309453 9.338320732 -0.000017272 0.137489438 0.004151879 0.990494549
1439803914.575463 1.312918782 -0.552407384 9.342967987 0.001267956 0.155367285 0.004542965 0.987845540
1439803914.637964 1.322057247 -0.555167735 9.344243050 -0.001153415 0.156562209 0.004671221 0.987656355
1439803914.700463 1.323654532 -0.553992510 9.347000122 0.000486933 0.166811809 0.005093997 0.985975504
1439803914.762968 1.325273752 -0.554774761 9.349390030 -0.000254341 0.177365541 0.005495137 0.984129667
1439803914.825465 1.327308655 -0.555396616 9.351818085 -0.000323505 0.187877536 0.005589759 0.982176483
1439803914.950465 1.299421310 -0.551942348 9.361358643 0.005584354 0.239474267 0.011493924 0.970818639
1439803915.012970 1.302719831 -0.550624371 9.365314484 0.006582006 0.252104998 0.010355555 0.967622101
1439803915.075467 1.302779436 -0.550080121 9.369531631 0.006782781 0.268066347 0.010337811 0.963321149
1439803915.137966 1.305609941 -0.551430285 9.373902321 0.005403906 0.282186717 0.011354911 0.959277093
1439803915.200472 1.306206942 -0.551636755 9.378746986 0.005166550 0.298869878 0.012561910 0.954197228
1439803915.325471 1.285901308 -0.554027557 9.391084671 0.003101212 0.353328109 0.022554960 0.935222387
1439803915.387969 1.233064651 -0.562823892 9.414371490 -0.002992615 0.421513855 0.040378358 0.905917585
1439803915.450470 1.222037315 -0.566909432 9.425747871 -0.006544956 0.453157216 0.045141630 0.890262902
1439803915.512970 1.211241484 -0.570612550 9.438823700 -0.009170874 0.486077011 0.049900535 0.872441947
1439803915.575473 1.200288534 -0.576438785 9.453156471 -0.014026623 0.519898176 0.055827118 0.852286637
