1439803778.447943 -0.000166900 -0.001660178 0.028789189 0.000294192 -0.000055973 -0.000227154 0.999999940
1439803778.510446 -0.000334903 -0.003193240 0.057592437 0.000600045 -0.000116551 -0.000122369 0.999999821
1439803778.572947 -0.000543441 -0.004771271 0.086389899 0.001131470 -0.000210983 0.000101566 0.999999344
1439803778.635447 -0.000778807 -0.006484453 0.115182519 0.001711241 -0.000309652 0.000335092 0.999998450
1439803778.697953 -0.001087696 -0.008193971 0.143947169 0.002230422 -0.000304867 -0.000278227 0.999997437
1439803778.760453 -0.001322604 -0.009951169 0.172686160 0.002393672 -0.000329974 -0.000799779 0.999996722
1439803778.822950 -0.001547257 -0.011551355 0.201567963 0.002154569 -0.000441942 -0.000277185 0.999997497
1439803778.885458 -0.002432457 -0.014894959 0.229553819 0.002806624 -0.001297280 0.000271672 0.999995172
1439803778.947955 -0.002061206 -0.014874223 0.259411365 -0.000227930 -0.000752640 0.001000243 0.999999166
1439803779.010457 -0.002507738 -0.016558142 0.288599938 -0.001230901 -0.000783100 0.000088571 0.999998927
1439803779.072956 -0.002933071 -0.018032987 0.317805648 -0.001617647 -0.000640187 0.000629610 0.999998271
1439803779.135458 -0.003331480 -0.019426251 0.346563786 -0.001928922 -0.000764670 0.001483685 0.999996722
1439803779.197961 -0.003605614 -0.020894838 0.375483930 -0.001445021 -0.001084024 0.002171816 0.999996006
1439803779.260459 -0.003956706 -0.022450715 0.404059023 -0.001029288 -0.001333770 0.002413853 0.999995649
1439803779.322960 -0.004982313 -0.023178544 0.433208644 -0.000505916 -0.001226911 0.003087040 0.999994338
1439803779.385461 -0.005318504 -0.024592493 0.461358905 -0.000124330 -0.001612160 0.003166221 0.999993682
1439803779.447961 -0.005878642 -0.026277250 0.489710182 0.000064277 -0.002098497 0.002783523 0.999993920
1439803779.510463 -0.006577970 -0.028269019 0.519258320 0.000082286 -0.002366478 0.003042281 0.999992549
1439803779.572964 -0.007461067 -0.031014653 0.548795462 -0.000379855 -0.002738240 0.003511099 0.999989986
1439803779.635466 -0.008014022 -0.031783499 0.578618705 0.000019533 -0.005391126 0.003714475 0.999978542
1439803779.697962 -0.008126058 -0.035060633 0.605335295 -0.000359026 -0.005225789 0.004409191 0.999976575
1439803779.760466 0.001383933 -0.036785159 0.643868685 0.000486080 -0.009126374 0.005028114 0.999945581
