1439803722.634433 -0.000233555 -0.002204083 0.038516846 -0.000296982 0.001229059 -0.001818245 0.999997556
1439803722.696935 -0.004237502 -0.005085761 0.053660989 0.003229611 0.005751503 -0.015150157 0.999863505
1439803722.759435 -0.001863412 -0.008838324 0.069445908 0.003353192 0.005457725 -0.012890241 0.999896407
1439803722.821939 -0.002029620 -0.007010846 0.097341463 0.004289623 0.004356659 0.000298232 0.999981284
1439803722.884438 -0.000429651 -0.007503739 0.117288291 0.006208475 0.003779808 0.002446976 0.999970615
1439803722.946942 -0.001223328 -0.009094715 0.137172267 0.006504736 0.004993056 0.002448601 0.999963403
1439803723.009446 -0.001260601 -0.010709109 0.156683862 0.005940355 0.005999028 0.003145030 0.999959409
1439803723.071940 -0.000870793 -0.011943837 0.176087797 0.003666864 0.006361760 0.004466764 0.999963045
1439803723.134443 -0.001152482 -0.013559464 0.196224868 0.000762464 0.006702721 0.004747054 0.999965966
1439803723.196943 0.000003546 -0.014349987 0.215313092 -0.001483417 0.006327896 0.005112551 0.999965787
1439803723.259444 0.000184727 -0.014333043 0.235113621 -0.002126197 0.006674509 0.005177075 0.999962032
1439803723.321946 0.001993410 -0.015445997 0.250979155 -0.002914003 0.006137077 0.003874283 0.999969423
1439803723.384447 0.002287402 -0.016299699 0.270182252 -0.002277054 0.006302921 0.003832300 0.999970198
1439803723.446948 0.002450775 -0.017728409 0.289427012 -0.001207357 0.006730955 0.004317272 0.999967277
1439803723.509450 0.002516102 -0.018530879 0.308640033 0.001158299 0.006929435 0.004754815 0.999963999
1439803723.571951 0.002832834 -0.019752294 0.327636391 0.003300104 0.006869603 0.004525382 0.999960721
1439803723.634452 0.003439192 -0.020105774 0.347905636 0.005596803 0.006578369 0.003305456 0.999957204
1439803723.696954 0.003190030 -0.022220887 0.366046399 0.005879809 0.006874985 0.003486341 0.999952972
1439803723.759455 0.003397541 -0.023393743 0.385376364 0.006077427 0.006660730 0.003323160 0.999953806
1439803723.821957 0.003355986 -0.024920121 0.404876709 0.004715219 0.006468619 0.003356034 0.999962330
1439803723.884457 0.003669049 -0.026149182 0.423789412 0.002966543 0.006157345 0.003976698 0.999968708
1439803723.946959 0.003995531 -0.027361643 0.443083942 0.001519851 0.005964329 0.004855740 0.999969244
1439803724.009460 0.003872044 -0.028840913 0.462815642 0.000322569 0.006059253 0.005502389 0.999966443
1439803724.071962 0.004014259 -0.030165793 0.481881946 0.000083743 0.005965129 0.004054709 0.999973953
1439803724.134463 0.003815365 -0.031313710 0.501210511 0.000917141 0.006178475 0.001927404 0.999978602
1439803724.196964 0.003930984 -0.032618683 0.520460665 0.002834563 0.006131154 0.003005415 0.999972641
1439803724.259465 0.003949589 -0.033951998 0.539816618 0.004447033 0.006084811 0.004358393 0.999962091
1439803724.321967 0.004138946 -0.035083286 0.558846653 0.005246073 0.005685824 0.004735803 0.999958873
1439803724.384468 0.004655403 -0.036447864 0.577698827 0.004400345 0.005617812 0.003611002 0.999967992
1439803724.446970 0.004719629 -0.037543610 0.597071528 0.003232076 0.005791092 0.003457160 0.999972045
1439803724.509471 0.004732353 -0.038778957 0.616743326 0.001345457 0.005788441 0.003539591 0.999976099
1439803724.571972 0.004659083 -0.039945677 0.636274695 0.000019903 0.005512050 0.002841067 0.999980748
1439803724.634474 0.004808635 -0.041026205 0.655786335 -0.000249038 0.005355393 0.003187707 0.999980569
1439803724.696975 0.004931499 -0.042122673 0.675147414 0.000462116 0.005479704 0.002886506 0.999980688
1439803724.759476 0.004469275 -0.043273002 0.695078790 0.001988056 0.006060717 0.002047653 0.999977589
1439803724.821977 0.004821938 -0.044313032 0.714224577 0.002838146 0.006596199 0.003128964 0.999969304
1439803724.884478 0.005096439 -0.045228161 0.733724415 0.001568415 0.007432022 0.005626996 0.999955297
1439803724.946980 0.005628945 -0.046025090 0.752850354 0.000526359 0.007631500 0.006766812 0.999947846
1439803725.009482 0.006129730 -0.047352068 0.772020161 -0.000342872 0.007973093 0.006702647 0.999945700
1439803725.071982 0.005981902 -0.048486158 0.791310072 -0.001013233 0.008629829 0.005664228 0.999946237
1439803725.134483 0.006004106 -0.049677838 0.810662389 -0.000055257 0.008974817 0.006314547 0.999939799
1439803725.196985 0.006068077 -0.050704833 0.830147922 0.001973636 0.008917903 0.007518124 0.999930024
1439803725.259486 0.006491384 -0.051685207 0.849264443 0.002797750 0.008892160 0.007652606 0.999927282
1439803725.321988 0.006434570 -0.052879263 0.869057059 0.002544505 0.008962521 0.008686477 0.999918878
1439803725.384489 0.006428130 -0.054182153 0.888216674 0.001666002 0.008992395 0.008363727 0.999923170
1439803725.446990 0.006482248 -0.055411965 0.907304585 0.000994781 0.008899243 0.007734685 0.999929965
1439803725.509489 0.006692668 -0.056624409 0.926832080 0.000657967 0.008552876 0.007645904 0.999933958
1439803725.572012 0.006927643 -0.057577264 0.945726752 0.000704927 0.007952444 0.008466823 0.999932289
1439803725.634491 0.006658748 -0.058570940 0.964724600 0.000787076 0.007033564 0.009337231 0.999931335
1439803725.696991 0.006621290 -0.059536386 0.984080911 0.001143498 0.006232375 0.009257568 0.999937057
1439803725.759492 0.005457897 -0.060444411 1.004452586 0.001662942 0.005874076 0.008542218 0.999944866
1439803725.821992 0.005319275 -0.061567426 1.023640275 0.002253258 0.005093460 0.008199335 0.999950886
1439803725.884493 0.005077438 -0.062704518 1.042811632 0.003112244 0.004357617 0.007703445 0.999956012
1439803725.946993 0.004798964 -0.063498102 1.062675834 0.003701178 0.003638590 0.007282801 0.999960005
1439803726.009494 0.003877813 -0.064285725 1.082691193 0.003631995 0.003158388 0.006936563 0.999964356
1439803726.071994 0.004045487 -0.065680213 1.101320267 0.003183251 0.002380085 0.006839548 0.999968708
1439803726.134496 0.003701144 -0.066697866 1.120893240 0.002801788 0.001833903 0.006947495 0.999970257
1439803726.196998 0.002610347 -0.067349344 1.140842676 0.002618355 0.001666709 0.007083136 0.999970138
1439803726.259497 0.000860200 -0.067546763 1.162150264 0.002621672 0.001790077 0.007255244 0.999968648
1439803726.321999 0.002769874 -0.069798134 1.180031896 0.002080760 0.001078373 0.006790210 0.999974191
1439803726.384500 0.004801351 -0.070707873 1.201074362 0.002068112 0.000271260 0.007035349 0.999973059
1439803726.447003 0.004744741 -0.071769729 1.220566869 0.001611903 0.000163310 0.007326479 0.999971867
1439803726.509503 0.005100217 -0.072675228 1.240440130 0.001219522 -0.000065865 0.007797112 0.999968886
1439803726.572006 0.006511982 -0.073182754 1.260168910 0.001619674 -0.000463198 0.007584568 0.999969840
1439803726.634506 0.006856881 -0.074102320 1.280547738 0.001682579 -0.000660609 0.007679601 0.999968886
1439803726.697007 0.007200590 -0.074835569 1.300242424 0.001670181 -0.000736789 0.007558694 0.999969780
1439803726.759509 0.007542307 -0.075960658 1.320331216 0.001826335 -0.000872907 0.007750449 0.999967933
1439803726.822009 0.007948731 -0.076844089 1.339256525 0.001969151 -0.000907851 0.007927546 0.999966204
1439803726.884510 0.008704240 -0.077793323 1.359032273 0.001609317 -0.001227704 0.008550266 0.999961376
1439803726.947012 0.008750875 -0.078879446 1.378826618 0.001393083 -0.001049322 0.008643991 0.999961138
1439803727.009514 0.008908001 -0.079880595 1.397550821 0.000964427 -0.001102491 0.008566545 0.999962211
1439803727.072013 0.009614932 -0.080383591 1.418454885 -0.000722151 -0.001179155 0.008898014 0.999959409
1439803727.134514 0.010054521 -0.080927476 1.437752128 -0.002869395 -0.001170111 0.009510919 0.999949932
1439803727.197016 0.010953672 -0.081477597 1.457338810 -0.003230439 -0.001557467 0.009882374 0.999944746
1439803727.259517 0.011907310 -0.081138685 1.478169918 -0.002004708 -0.001550503 0.009680330 0.999949932
1439803727.322018 0.013728776 -0.082382411 1.496923208 -0.000167497 -0.001737613 0.009697579 0.999951422
1439803727.384520 0.013316562 -0.083690912 1.517116189 0.003578096 -0.001106793 0.010959931 0.999932945
1439803727.447021 0.013840405 -0.084836051 1.536651492 0.006339437 -0.000866482 0.011756301 0.999910414
1439803727.509522 0.014666076 -0.085556254 1.556471109 0.007247856 -0.000850238 0.012183900 0.999899149
1439803727.572023 0.015883036 -0.085939199 1.576755524 0.006972167 -0.001138458 0.012223405 0.999900341
1439803727.634525 0.016631000 -0.086949900 1.596738338 0.005771983 -0.001372324 0.012632817 0.999902606
1439803727.697029 0.018186046 -0.091125146 1.616452336 0.003407834 -0.001832819 0.012619255 0.999912858
1439803727.759527 0.019028250 -0.091758102 1.636513114 0.003128238 -0.002187539 0.013376752 0.999903202
1439803727.822033 0.019805878 -0.092562944 1.656235695 0.003523468 -0.002465512 0.014079432 0.999891639
1439803727.884534 0.020671818 -0.093556195 1.676800966 0.004278828 -0.002690924 0.014370765 0.999883950
1439803727.947032 0.022294071 -0.092850879 1.697002769 0.005394056 -0.002674026 0.014275489 0.999879956
1439803728.009533 0.023339974 -0.094182611 1.716590643 0.006330376 -0.003056103 0.014783868 0.999866009
1439803728.072035 0.024270270 -0.095164821 1.736499190 0.006506796 -0.003536434 0.015226625 0.999856651
1439803728.134536 0.022828329 -0.099296048 1.756320953 0.005084968 -0.003893262 0.017135607 0.999832690
1439803728.197038 0.023012780 -0.100209124 1.776338577 0.004225710 -0.004406749 0.017281804 0.999832034
1439803728.259539 0.021821398 -0.101185247 1.797747850 0.003535202 -0.004367457 0.017685067 0.999827802
1439803728.322040 0.022473855 -0.102365591 1.817533851 0.002472715 -0.005047717 0.017785346 0.999826014
1439803728.384541 0.023273317 -0.103905998 1.837263942 0.002054682 -0.005957902 0.017933208 0.999819338
1439803728.447042 0.024080686 -0.104966894 1.856634140 0.002201115 -0.006698641 0.017580392 0.999820590
1439803728.509545 0.025655840 -0.105893001 1.876406908 0.002373083 -0.007866287 0.017475104 0.999813557
1439803728.572048 0.027464025 -0.107032306 1.895876169 0.002072515 -0.009179919 0.017312871 0.999805808
1439803728.634546 0.029400975 -0.107718535 1.915600419 0.002122440 -0.010601032 0.017441783 0.999789417
1439803728.697045 0.027203858 -0.108341806 1.936958671 0.002587127 -0.010362703 0.017957333 0.999781728
1439803728.759547 0.027981084 -0.108872086 1.957264662 0.003161636 -0.011392860 0.018384699 0.999761105
1439803728.822048 0.029876254 -0.110908888 1.976811051 0.002591850 -0.012757733 0.018282980 0.999748051
1439803728.884550 0.030439220 -0.112075485 1.997089267 0.002948657 -0.013772790 0.018814096 0.999723792
1439803728.947051 0.029283341 -0.113129929 2.017927647 0.003406993 -0.013618637 0.019275224 0.999715626
1439803729.009551 0.029407848 -0.114039466 2.038161993 0.003549646 -0.014479604 0.019270692 0.999703169
1439803729.072054 0.029278781 -0.115457118 2.058408976 0.003773445 -0.015041183 0.019126112 0.999696791
1439803729.134554 0.029180489 -0.116460070 2.078817129 0.004408116 -0.015959593 0.019254267 0.999677479
1439803729.197055 0.028762400 -0.117793202 2.099355698 0.004252257 -0.016243052 0.018780226 0.999682665
1439803729.259557 0.028784119 -0.118714012 2.119847536 0.004526562 -0.017355451 0.018406637 0.999669671
1439803729.322059 0.028134428 -0.120216191 2.139935493 0.004502231 -0.017519338 0.017756797 0.999678671
1439803729.384559 0.028198175 -0.120979644 2.160393953 0.004998636 -0.018860532 0.018443655 0.999639511
1439803729.447064 0.027706854 -0.122627683 2.180476189 0.004917338 -0.019004563 0.018545164 0.999635279
1439803729.509567 0.028651826 -0.123945475 2.200423717 0.005024657 -0.020835010 0.018442763 0.999600172
1439803729.572064 0.027872846 -0.125181600 2.220546722 0.005050024 -0.020858057 0.017923743 0.999608994
1439803729.634565 0.028624907 -0.125855014 2.240647316 0.005661416 -0.022742333 0.017805031 0.999566734
1439803729.697067 0.028218679 -0.127300173 2.260356426 0.006004997 -0.023205673 0.018033536 0.999550045
1439803729.759568 0.028522968 -0.128299087 2.280461073 0.006651914 -0.025143266 0.018460710 0.999491274
1439803729.822070 0.028772868 -0.129607916 2.299353361 0.006731279 -0.026043758 0.017467724 0.999485552
1439803729.884571 0.029328972 -0.130901396 2.319153786 0.006653165 -0.028138326 0.017236384 0.999433279
1439803729.947074 0.029336005 -0.132109642 2.338494062 0.005648989 -0.029006701 0.017056821 0.999417722
1439803730.009572 0.030108333 -0.132868171 2.358360767 0.005147299 -0.031409670 0.017266026 0.999344230
1439803730.072072 0.030024812 -0.134390786 2.377252340 0.004754011 -0.032520093 0.016313458 0.999326646
1439803730.134573 0.030276224 -0.135869727 2.396796703 0.004837971 -0.034448326 0.016130181 0.999264598
1439803730.197074 0.030179754 -0.137063965 2.415964842 0.005255296 -0.036152784 0.016433701 0.999197304
1439803730.259574 0.029777110 -0.138511032 2.434923172 0.005854127 -0.037662771 0.016417222 0.999138474
1439803730.322075 0.029696837 -0.139762253 2.453674555 0.005810275 -0.039475866 0.016558656 0.999066412
1439803730.384575 0.029655620 -0.141165599 2.473391533 0.005039716 -0.041833658 0.017009994 0.998967052
1439803730.447076 0.029106826 -0.142568767 2.491416216 0.004433458 -0.043171044 0.017161598 0.998910427
1439803730.509577 0.028728262 -0.143938810 2.510682106 0.004017062 -0.045409612 0.017743412 0.998802781
1439803730.572077 0.028058916 -0.145361125 2.529365778 0.004064849 -0.047094807 0.017635304 0.998726487
1439803730.634577 0.027505130 -0.146790028 2.548701763 0.004538718 -0.049531803 0.018321101 0.998594165
1439803730.697078 0.026512265 -0.148053318 2.566171408 0.005319921 -0.051006485 0.018330753 0.998515904
1439803730.759579 0.025602221 -0.149048045 2.583573103 0.006411770 -0.052632421 0.017883284 0.998433232
1439803730.822081 0.024593472 -0.150236025 2.599817753 0.006331245 -0.053886939 0.017862786 0.998367190
1439803730.884580 0.023553938 -0.151350617 2.616005182 0.006132222 -0.055008736 0.017079774 0.998320937
1439803730.947083 0.022427410 -0.152535722 2.633574486 0.006009024 -0.056696508 0.016958367 0.998229325
1439803731.009584 0.020637572 -0.153392494 2.645550966 0.005481069 -0.055979490 0.016457411 0.998281181
1439803731.072084 0.019970804 -0.154433176 2.659470320 0.005345017 -0.056650385 0.015442354 0.998260319
1439803731.134587 0.018716902 -0.155648828 2.676243305 0.005044856 -0.058051169 0.015580571 0.998179257
1439803731.197088 0.016986072 -0.156528547 2.687133312 0.004566654 -0.056904811 0.015381272 0.998250663
1439803731.259588 0.015679628 -0.157679990 2.703861475 0.003685737 -0.058343627 0.016960572 0.998145700
1439803731.322091 0.013644099 -0.158319473 2.715126276 0.003269081 -0.056748893 0.016185829 0.998251915
1439803731.384594 0.012110353 -0.159236044 2.728989601 0.002568932 -0.056712341 0.016702022 0.998247564
1439803731.447095 0.010694385 -0.160283223 2.743925571 0.002610865 -0.057182979 0.016920790 0.998216927
1439803731.509596 0.009865642 -0.160972461 2.759844303 0.003085787 -0.058907628 0.018555328 0.998086214
1439803731.572094 0.007094711 -0.162351072 2.771157503 0.004297337 -0.056470633 0.016685627 0.998255551
1439803731.634594 0.005635172 -0.163059384 2.786181688 0.005394284 -0.057193957 0.018305385 0.998180687
1439803731.697097 0.004303038 -0.163662076 2.801258087 0.005376466 -0.058240060 0.019731866 0.998093069
1439803731.759603 0.002356112 -0.164991707 2.812731504 0.004775703 -0.056377973 0.018094284 0.998234093
1439803731.822099 0.000592142 -0.165625930 2.827555656 0.004087348 -0.056763828 0.019588917 0.998187065
1439803731.884599 -0.000872850 -0.166675881 2.839912653 0.003124573 -0.055993948 0.018741067 0.998250306
1439803731.947104 -0.002685368 -0.167042628 2.854163170 0.002603778 -0.056295253 0.019980988 0.998210788
1439803732.009600 -0.003583819 -0.166690782 2.868239641 0.002972501 -0.057394594 0.021375854 0.998118281
1439803732.072101 -0.005776018 -0.169243261 2.880835056 0.002639588 -0.055477846 0.018284436 0.998288989
1439803732.134605 -0.007384270 -0.169490218 2.895106316 0.003135743 -0.055875041 0.019942693 0.998233676
1439803732.197107 -0.008873194 -0.170899615 2.908010960 0.003560074 -0.055112664 0.018976199 0.998293459
1439803732.259607 -0.010674834 -0.171358630 2.921926260 0.003792791 -0.055310436 0.019949600 0.998262703
1439803732.322107 -0.012023002 -0.171969727 2.935258389 0.003816391 -0.055616863 0.020855134 0.998227060
1439803732.384608 -0.013678402 -0.173604250 2.948578119 0.004155621 -0.054410782 0.018761223 0.998333693
1439803732.447114 -0.015214086 -0.174364910 2.961780548 0.004152793 -0.054536007 0.019802887 0.998306751
1439803732.509615 -0.016841948 -0.175312996 2.975533485 0.004275368 -0.053941835 0.019361205 0.998347223
1439803732.572113 -0.018489122 -0.175897434 2.988789797 0.004336021 -0.054004729 0.020132940 0.998328269
1439803732.634614 -0.019558430 -0.177082807 3.002316475 0.004080298 -0.053782828 0.019467132 0.998354554
1439803732.697115 -0.021642834 -0.177621275 3.015648127 0.003978114 -0.053591479 0.020621577 0.998342037
1439803732.759618 -0.022451758 -0.179104418 3.028930187 0.004142668 -0.053501967 0.020066304 0.998357475
1439803732.822118 -0.024224341 -0.179380253 3.041869402 0.004544277 -0.053459991 0.021529112 0.998327553
1439803732.884620 -0.025154948 -0.180592164 3.055569649 0.004708055 -0.053388715 0.020974357 0.998342395
1439803732.947120 -0.026847064 -0.181643516 3.068271637 0.004411214 -0.053075746 0.021845333 0.998341799
1439803733.009621 -0.028632402 -0.181952566 3.081565142 0.004322831 -0.053063788 0.023193490 0.998312414
1439803733.072121 -0.029649615 -0.183062345 3.095909119 0.004295303 -0.052893162 0.022474213 0.998337984
1439803733.134623 -0.031062275 -0.184274733 3.108608007 0.003862305 -0.052663412 0.023391379 0.998330832
1439803733.197124 -0.032569766 -0.184800863 3.122702360 0.004355234 -0.052543476 0.024274826 0.998314023
1439803733.259625 -0.033754766 -0.185598686 3.135459423 0.003891161 -0.052563474 0.025336318 0.998288512
1439803733.322126 -0.034986764 -0.186573282 3.149176359 0.004021436 -0.052426279 0.025705596 0.998285770
1439803733.384626 -0.036271989 -0.187536269 3.162168980 0.003368277 -0.052266691 0.026143353 0.998285234
1439803733.447132 -0.037602872 -0.188202783 3.175651073 0.002456560 -0.052173287 0.026334615 0.998287737
1439803733.509631 -0.038840979 -0.189155221 3.188685656 0.001742963 -0.052278016 0.027822385 0.998243392
1439803733.572131 -0.040227205 -0.189950287 3.202026606 0.001887676 -0.052270461 0.027485250 0.998252869
1439803733.634630 -0.041502029 -0.190846235 3.215020657 0.002449230 -0.052421309 0.026339881 0.998274624
1439803733.697131 -0.042964637 -0.191816166 3.228179693 0.004365751 -0.052461930 0.025502028 0.998287678
1439803733.759635 -0.044234455 -0.192796916 3.240977764 0.006354968 -0.052712817 0.025369851 0.998267174
1439803733.822134 -0.045697153 -0.193665817 3.254185438 0.007448781 -0.053106796 0.025833145 0.998226881
1439803733.884635 -0.047023714 -0.194597960 3.267186165 0.007144376 -0.053430922 0.025006438 0.998232841
1439803733.947135 -0.047058582 -0.194507793 3.281027555 0.006358777 -0.054474033 0.025400061 0.998171806
1439803734.009637 -0.048487455 -0.195363507 3.294217587 0.005156572 -0.054886851 0.025753701 0.998147070
1439803734.072138 -0.049697787 -0.196220398 3.306998968 0.003923068 -0.055455152 0.025805540 0.998119891
1439803734.134639 -0.052545875 -0.198137164 3.319161654 0.002738318 -0.055021808 0.025856314 0.998146594
1439803734.197140 -0.054080099 -0.199201852 3.331960440 0.002281787 -0.055375636 0.024668813 0.998158216
1439803734.259642 -0.055437267 -0.199997917 3.344872475 0.002174912 -0.055911053 0.024916580 0.998122454
1439803734.322144 -0.056362242 -0.200684935 3.357245922 0.002740169 -0.056509607 0.025548598 0.998071373
1439803734.384647 -0.057773739 -0.201567501 3.369912386 0.003685433 -0.056719154 0.026250323 0.998038232
1439803734.447148 -0.059165806 -0.202416882 3.382716894 0.004350803 -0.057002645 0.025866760 0.998029351
1439803734.509649 -0.060611963 -0.203251988 3.395554781 0.004892156 -0.057123262 0.026240394 0.998010218
1439803734.572151 -0.062015712 -0.204160899 3.408210278 0.005390437 -0.057350494 0.026896689 0.997977197
1439803734.634653 -0.063479066 -0.204921007 3.420823097 0.005504606 -0.057558000 0.027215479 0.997955918
1439803734.697154 -0.064768463 -0.205881953 3.433381081 0.005092843 -0.057795465 0.026078587 0.997974753
1439803734.759656 -0.066558212 -0.206953496 3.446226597 0.004868171 -0.057578165 0.025241623 0.998009980
1439803734.822156 -0.067693502 -0.207648724 3.458720207 0.004582950 -0.058001626 0.026158471 0.997963190
1439803734.884655 -0.069314212 -0.208514899 3.471333742 0.003978730 -0.058076266 0.026294529 0.997957885
1439803734.947155 -0.070731133 -0.209534183 3.483812094 0.003470028 -0.058201697 0.026130490 0.997956753
1439803735.009656 -0.072273135 -0.210412994 3.496367931 0.002968671 -0.058268171 0.025879653 0.997961044
1439803735.072156 -0.073766917 -0.211075097 3.508839130 0.002481989 -0.058364101 0.025954194 0.997954845
1439803735.134656 -0.075217575 -0.212005436 3.521240950 0.002049781 -0.058466721 0.026288481 0.997941077
1439803735.197163 -0.076663733 -0.212711319 3.534116745 0.002138766 -0.058670312 0.026464971 0.997924209
1439803735.259660 -0.078327179 -0.213924617 3.546720743 0.001573332 -0.058470737 0.025394227 0.997964859
1439803735.322162 -0.079969883 -0.214695811 3.559226751 0.000969359 -0.058439553 0.025369717 0.997968078
1439803735.384663 -0.081472903 -0.215508848 3.571422815 0.000500085 -0.058523368 0.025341671 0.997964203
1439803735.447164 -0.082907736 -0.216503382 3.583834410 0.000240056 -0.058801450 0.027685875 0.997885644
1439803735.509664 -0.084365219 -0.217629671 3.595972300 0.000706011 -0.058859173 0.028714795 0.997852981
1439803735.572165 -0.085983664 -0.218754262 3.607974529 0.001682909 -0.058558416 0.028027749 0.997889042
1439803735.634666 -0.087299198 -0.219709352 3.620312214 0.002713567 -0.058084991 0.025941547 0.997970819
1439803735.697168 -0.088665813 -0.220399916 3.632129908 0.003071267 -0.057978705 0.024769578 0.998005748
1439803735.759669 -0.090206236 -0.221410900 3.643985510 0.002949481 -0.058415785 0.025761019 0.997955561
1439803735.822170 -0.091755986 -0.222324595 3.655687094 0.002556775 -0.059131015 0.026651030 0.997891128
1439803735.884671 -0.092777312 -0.223224759 3.668272495 0.001685860 -0.059930298 0.026426680 0.997851253
1439803735.947173 -0.094300002 -0.224080861 3.679757357 0.001208699 -0.060541313 0.025711287 0.997833729
1439803736.009675 -0.095638424 -0.224865586 3.691376448 0.001288853 -0.061216529 0.025190515 0.997805715
1439803736.072176 -0.097167730 -0.225756615 3.702606440 0.001557512 -0.061874919 0.024808399 0.997774363
1439803736.134677 -0.098748267 -0.226524293 3.714997530 0.001850172 -0.062612005 0.024176078 0.997743368
1439803736.197179 -0.099999011 -0.227364570 3.726349354 0.002018114 -0.063782781 0.023279138 0.997690201
1439803736.259680 -0.101362258 -0.227947444 3.737347841 0.002117020 -0.064844452 0.022680141 0.997635365
1439803736.322181 -0.102899611 -0.228930861 3.749375105 0.001998713 -0.065720201 0.022045268 0.997592509
1439803736.384682 -0.104649693 -0.229930431 3.760726213 0.001765899 -0.066587105 0.021688521 0.997543275
1439803736.447183 -0.106266856 -0.230534390 3.771769762 0.001794543 -0.067526788 0.020673085 0.997501612
1439803736.509685 -0.107827216 -0.231318444 3.783549070 0.001134149 -0.068559274 0.019570440 0.997454405
1439803736.572186 -0.109582126 -0.231953129 3.794696093 0.000446580 -0.069530763 0.018074429 0.997415960
1439803736.634688 -0.111034989 -0.232699677 3.805238485 -0.000553213 -0.070826262 0.015408079 0.997369528
1439803736.697189 -0.112939924 -0.233538136 3.817361116 -0.000593192 -0.071756996 0.016093472 0.997292101
1439803736.759691 -0.114469618 -0.234378770 3.828320026 -0.000300265 -0.072950624 0.016924756 0.997191906
1439803736.822191 -0.116336644 -0.235202715 3.839795589 0.000537953 -0.073901467 0.017080272 0.997119129
1439803736.884693 -0.118006378 -0.236032650 3.850559473 0.001701769 -0.074809864 0.017304132 0.997046173
1439803736.947194 -0.119747579 -0.236821666 3.861267328 0.003010866 -0.075390048 0.016081119 0.997019887
1439803737.009695 -0.121518493 -0.237600014 3.872881413 0.003528141 -0.076088995 0.015528660 0.996973872
1439803737.072196 -0.123392403 -0.238377333 3.883792162 0.003277124 -0.076786458 0.015722819 0.996918201
1439803737.134699 -0.124976873 -0.239055842 3.894356251 0.002581574 -0.077732131 0.015901238 0.996844113
1439803737.197199 -0.126824051 -0.240015000 3.905878544 0.001610885 -0.078165226 0.015628330 0.996816576
1439803737.259701 -0.128673017 -0.240801424 3.916707516 0.000940264 -0.078824677 0.015879389 0.996761560
1439803737.322202 -0.130659550 -0.241956085 3.927299738 0.000393872 -0.079322539 0.015436595 0.996729374
1439803737.384703 -0.132599294 -0.242804304 3.938613892 0.000450561 -0.079728007 0.015856680 0.996690452
1439803737.447208 -0.134761930 -0.243564695 3.949711084 0.000600025 -0.080254376 0.015624695 0.996651769
1439803737.509706 -0.136668533 -0.244149208 3.960708618 0.000868124 -0.081012242 0.016502919 0.996576130
1439803737.572209 -0.138881177 -0.245393470 3.971192598 0.000679415 -0.081286460 0.016041044 0.996561468
1439803737.634713 -0.140397310 -0.246178806 3.981334209 0.000767937 -0.082272343 0.015602625 0.996487439
1439803737.697210 -0.143101692 -0.247425154 3.992122650 0.000064829 -0.082592532 0.015018484 0.996470213
1439803737.759711 -0.144448102 -0.248596594 4.002809048 -0.001094246 -0.083333932 0.016072325 0.996391475
1439803737.822213 -0.146418333 -0.249479964 4.013014793 -0.001968565 -0.083830483 0.015179485 0.996362448
1439803737.884714 -0.148914218 -0.249733374 4.023860931 -0.000924832 -0.084346727 0.014842184 0.996325493
1439803737.947215 -0.151318491 -0.250865668 4.035025120 -0.000061722 -0.084312007 0.014314104 0.996336579
1439803738.009716 -0.153333902 -0.251950055 4.044879436 0.000415612 -0.084395200 0.014029071 0.996333480
1439803738.072218 -0.154849231 -0.252186149 4.054678917 0.001320922 -0.084636651 0.014745452 0.996301889
1439803738.134720 -0.155926049 -0.252880007 4.065023422 0.001700777 -0.084884956 0.015762489 0.996264637
1439803738.197221 -0.157623291 -0.253292650 4.074779987 0.001596073 -0.085164927 0.015883107 0.996239007
1439803738.259722 -0.158747435 -0.253763437 4.083810329 0.000292833 -0.085519865 0.016075091 0.996206760
1439803738.322223 -0.160810530 -0.254594415 4.094837666 -0.001451496 -0.084928274 0.016374756 0.996251404
1439803738.384727 -0.161769152 -0.255007148 4.103757381 -0.002464206 -0.085502870 0.016928429 0.996191025
1439803738.447225 -0.163379073 -0.255943865 4.112763405 -0.003246505 -0.085451223 0.016524365 0.996200025
1439803738.509724 -0.165355921 -0.256070524 4.123657703 -0.002688547 -0.085105091 0.017636329 0.996212244
1439803738.572227 -0.166864634 -0.256231725 4.132822990 -0.001638477 -0.085254423 0.018178057 0.996192038
1439803738.634726 -0.168067157 -0.257058859 4.142083645 -0.001388513 -0.084984653 0.018265212 0.996213853
1439803738.697226 -0.169418991 -0.257274121 4.150663853 -0.001132432 -0.085046403 0.018776186 0.996199429
1439803738.759727 -0.171256602 -0.257951677 4.160534382 -0.001664583 -0.084699236 0.018255897 0.996237934
1439803738.822228 -0.172741115 -0.258203030 4.169151306 -0.001877754 -0.084904894 0.018838981 0.996209145
1439803738.884728 -0.173968196 -0.258655608 4.178331852 -0.002149460 -0.084881246 0.019742118 0.996193111
1439803738.947231 -0.175305903 -0.259121805 4.186849117 -0.002329616 -0.084930487 0.020358494 0.996176124
1439803739.009729 -0.176883876 -0.259395033 4.195585251 -0.002043240 -0.084895782 0.021248709 0.996161163
1439803739.072230 -0.178377748 -0.259773940 4.204745770 -0.001242076 -0.084597133 0.022011919 0.996171296
1439803739.134733 -0.179889977 -0.259971768 4.213214397 -0.000057086 -0.084452510 0.022382617 0.996176064
1439803739.197232 -0.181459069 -0.260192573 4.221867561 0.000665856 -0.084281072 0.023483152 0.996165037
1439803739.259731 -0.182909727 -0.259888440 4.230031013 0.001794874 -0.084485024 0.024882048 0.996112406
1439803739.322233 -0.183185458 -0.259961933 4.237828732 0.002478792 -0.085233606 0.025622087 0.996028423
1439803739.384733 -0.187782526 -0.263256729 4.245863438 -0.006760816 -0.076269776 0.029096771 0.996639669
1439803739.447234 -0.189196229 -0.263228655 4.254168987 -0.006952592 -0.076294623 0.030118121 0.996606052
1439803739.509735 -0.188355446 -0.260571867 4.262741566 0.001943401 -0.085128143 0.029072842 0.995943844
1439803739.572236 -0.190170646 -0.260405958 4.270966530 0.002039625 -0.085397370 0.029823702 0.995898426
1439803739.634737 -0.190973639 -0.260776341 4.278194904 0.001302198 -0.086235635 0.030798487 0.995797753
1439803739.697239 -0.192316055 -0.260167271 4.286129475 0.001569461 -0.087231793 0.033195380 0.995633602
1439803739.759739 -0.193814456 -0.260499030 4.293610096 0.000777442 -0.087925352 0.031750467 0.995620668
1439803739.822241 -0.195478439 -0.260437727 4.301519871 -0.000229258 -0.089038663 0.031366616 0.995534122
1439803739.884742 -0.196956813 -0.260600388 4.308793545 -0.000809212 -0.090226047 0.032834541 0.995379567
1439803739.947244 -0.198394895 -0.260740519 4.315879345 0.000315973 -0.091417477 0.035364989 0.995184422
1439803740.009745 -0.200006664 -0.260864854 4.323005676 0.001308407 -0.092308901 0.036964577 0.995043218
1439803740.072260 -0.201607287 -0.261101663 4.329749584 0.001811584 -0.092920564 0.038269833 0.994936109
1439803740.134747 -0.203545690 -0.261265993 4.337231636 0.002062231 -0.093826957 0.038991392 0.994822562
1439803740.197249 -0.205152631 -0.261235327 4.343861580 0.002493827 -0.094804399 0.039501470 0.994708776
1439803740.259750 -0.206957340 -0.261172414 4.350849628 0.003444536 -0.095715806 0.039483100 0.994619370
1439803740.322251 -0.208757043 -0.261044145 4.357498169 0.004813854 -0.096325926 0.039730042 0.994544983
1439803740.384753 -0.210618794 -0.260962665 4.364117622 0.005365936 -0.097245783 0.040465869 0.994422913
1439803740.447255 -0.212715983 -0.260747582 4.371129513 0.005587942 -0.098558970 0.041674443 0.994242489
1439803740.509759 -0.214684367 -0.260622710 4.377721310 0.005449187 -0.099649958 0.043174911 0.994070470
1439803740.572260 -0.216823161 -0.261115849 4.381834507 0.006318066 -0.100683346 0.044350147 0.993909478
1439803740.634759 -0.218777180 -0.260318190 4.390453815 0.006359105 -0.100807317 0.047525130 0.993749857
1439803740.697260 -0.220662117 -0.260169864 4.396291733 0.007469884 -0.101126321 0.049283553 0.993624032
1439803740.759762 -0.222737730 -0.259943664 4.401945114 0.008422303 -0.101081587 0.048599239 0.993654728
1439803740.822263 -0.224580288 -0.259793550 4.407205105 0.008851785 -0.101198032 0.049676772 0.993585885
1439803740.884764 -0.226440668 -0.259649575 4.412273407 0.009712760 -0.100920521 0.052322578 0.993470192
1439803740.947266 -0.229056656 -0.259166092 4.418437004 0.011166453 -0.100751698 0.054409053 0.993359983
1439803741.009766 -0.231576681 -0.258761585 4.424344540 0.012152372 -0.100673586 0.056312691 0.993250251
1439803741.072268 -0.234219670 -0.258301198 4.430198669 0.013750968 -0.100393258 0.059222490 0.993088484
1439803741.134769 -0.237141967 -0.257843226 4.436089516 0.015219404 -0.099496610 0.061186645 0.993038297
1439803741.197270 -0.239278913 -0.257519782 4.440836430 0.015928021 -0.099238448 0.064201340 0.992862642
1439803741.259772 -0.240871310 -0.258207649 4.446438789 0.016067835 -0.099338166 0.065231539 0.992783248
1439803741.322273 -0.242730498 -0.258009195 4.451706886 0.017057179 -0.099066630 0.067107491 0.992668867
1439803741.384775 -0.244820893 -0.258166313 4.457218170 0.017367642 -0.098729938 0.068494163 0.992602289
1439803741.447276 -0.246391177 -0.258292735 4.461974621 0.017134165 -0.098927103 0.069352821 0.992527127
1439803741.509777 -0.248165905 -0.258561254 4.466839314 0.017223462 -0.098881632 0.070166618 0.992472887
1439803741.572278 -0.249750614 -0.258814692 4.471621990 0.017613074 -0.098686077 0.071774609 0.992370546
1439803741.634780 -0.251541734 -0.258862466 4.476668835 0.018200159 -0.098638020 0.073947132 0.992205203
1439803741.697280 -0.253084242 -0.258715034 4.481677055 0.019020714 -0.098708473 0.075488515 0.992066681
1439803741.759782 -0.253868937 -0.259277850 4.485163212 0.018591668 -0.098872751 0.075759970 0.992037773
1439803741.822284 -0.256441116 -0.260162771 4.490933418 0.018720524 -0.098524839 0.077237986 0.991955996
1439803741.884785 -0.257356107 -0.260914981 4.494908333 0.019178610 -0.098721884 0.077694036 0.991892040
1439803741.947286 -0.259084761 -0.261244863 4.499921799 0.020676140 -0.098638326 0.078865029 0.991777837
1439803742.009787 -0.260682225 -0.261629075 4.504590034 0.022287346 -0.098369122 0.079005294 0.991758525
1439803742.072291 -0.262604773 -0.261940986 4.509531975 0.023594907 -0.098334074 0.079139113 0.991721094
1439803742.134790 -0.263648331 -0.262818605 4.513457775 0.023707353 -0.098545007 0.077014431 0.991864681
1439803742.197292 -0.264871776 -0.263564020 4.517755985 0.023878204 -0.098919250 0.075232744 0.991960108
1439803742.259795 -0.266686797 -0.264038622 4.522560596 0.024547577 -0.098731913 0.072943240 0.992133379
1439803742.322294 -0.268452108 -0.264653444 4.527522087 0.024515353 -0.098405235 0.072576925 0.992193520
1439803742.384797 -0.270122766 -0.264918089 4.532158852 0.024113556 -0.098426014 0.074372254 0.992068350
1439803742.447302 -0.271609902 -0.265607089 4.537186146 0.023175389 -0.098549239 0.076043583 0.991951764
1439803742.509798 -0.273107708 -0.266345561 4.541721821 0.021894900 -0.098579921 0.077601105 0.991857171
1439803742.572300 -0.274792075 -0.266799986 4.546640396 0.020765292 -0.098321065 0.078488126 0.991837382
1439803742.634803 -0.276365399 -0.267481565 4.551438808 0.019617476 -0.098008417 0.079599589 0.991803110
1439803742.697304 -0.277888000 -0.268205076 4.556962490 0.019225307 -0.097848035 0.079621516 0.991824865
1439803742.759805 -0.279109001 -0.268860608 4.562388420 0.019300813 -0.097867534 0.078094490 0.991942883
1439803742.822307 -0.280849755 -0.269682378 4.567377567 0.019345442 -0.097932622 0.078068241 0.991937637
1439803742.884806 -0.282476246 -0.270152181 4.572452068 0.019398790 -0.098335624 0.079563297 0.991777956
1439803742.947307 -0.284064531 -0.270782113 4.577471256 0.019465288 -0.098948464 0.081471302 0.991560757
1439803743.009808 -0.285468519 -0.271408170 4.582915783 0.020254688 -0.099311389 0.082725011 0.991404831
1439803743.072310 -0.286964893 -0.271962941 4.587904453 0.021908885 -0.099429034 0.084464587 0.991211176
1439803743.134811 -0.288614988 -0.272602856 4.593028069 0.023528971 -0.099349163 0.085690364 0.991076827
1439803743.197313 -0.290211439 -0.273317218 4.598241329 0.024544686 -0.099356316 0.085835047 0.991038978
1439803743.259814 -0.291756332 -0.273961902 4.603290558 0.025805790 -0.099534877 0.085998319 0.990974844
1439803743.322315 -0.293234169 -0.275278986 4.608649731 0.026796322 -0.099672720 0.086055368 0.990929723
1439803743.384819 -0.294728637 -0.276331246 4.613592148 0.027718995 -0.099714041 0.085133910 0.990979791
1439803743.447320 -0.296477377 -0.276887476 4.618773937 0.028494172 -0.099673845 0.085784651 0.990905762
1439803743.509822 -0.298439085 -0.278217137 4.624367237 0.027923873 -0.099073134 0.086787574 0.990894914
1439803743.572320 -0.297857046 -0.277693361 4.628685474 0.027508829 -0.099690668 0.086558104 0.990864635
1439803743.634822 -0.300527096 -0.278932750 4.633701801 0.027042320 -0.099436469 0.087781146 0.990795434
1439803743.697324 -0.301943660 -0.279711515 4.638617516 0.026497960 -0.099276617 0.088860042 0.990729988
1439803743.759825 -0.303490877 -0.280377418 4.643839359 0.025971668 -0.099116102 0.090575159 0.990604699
1439803743.822326 -0.304778755 -0.281167865 4.648704052 0.025515147 -0.098795719 0.090161905 0.990686238
1439803743.884827 -0.306337059 -0.282017648 4.653980732 0.025733931 -0.098268703 0.089957297 0.990751565
1439803743.947328 -0.307558954 -0.282675207 4.658683777 0.025946641 -0.098100826 0.090260901 0.990735054
1439803744.009829 -0.309342086 -0.283648044 4.664078236 0.026128031 -0.097824261 0.091913939 0.990605652
1439803744.072331 -0.310495615 -0.284398764 4.669301033 0.026132621 -0.097876959 0.092384115 0.990556598
1439803744.134833 -0.311951518 -0.285200328 4.674593449 0.025953975 -0.097431377 0.092476048 0.990596652
1439803744.197334 -0.313161790 -0.286009520 4.679667473 0.025564428 -0.097304694 0.093902677 0.990485013
1439803744.259837 -0.314534605 -0.286798269 4.684618473 0.025436098 -0.097044252 0.094495237 0.990457535
1439803744.322339 -0.315954804 -0.287619412 4.690061569 0.025630347 -0.096879713 0.094204426 0.990496337
1439803744.384837 -0.317407250 -0.288549066 4.694921970 0.025566760 -0.096505634 0.093799993 0.990572810
1439803744.447339 -0.318271279 -0.288789213 4.699316978 0.025716336 -0.096641533 0.093409121 0.990592659
1439803744.509840 -0.318874896 -0.289023578 4.703703880 0.025774442 -0.097630292 0.093748115 0.990462184
1439803744.572342 -0.320411384 -0.289652079 4.708782673 0.026558161 -0.097894825 0.095583782 0.990239859
1439803744.634843 -0.321384251 -0.290182769 4.713317394 0.027568281 -0.098382510 0.096207134 0.990103543
1439803744.697348 -0.322544396 -0.290778756 4.718048573 0.028218372 -0.098688029 0.097602718 0.989918232
1439803744.759846 -0.323426604 -0.291324735 4.722432613 0.028012354 -0.099017501 0.098137379 0.989838302
1439803744.822347 -0.324306726 -0.291951001 4.726815224 0.027889743 -0.099318370 0.096352592 0.989986956
1439803744.884848 -0.325678766 -0.292457998 4.731660843 0.027944878 -0.099443547 0.093262300 0.990268767
1439803744.947349 -0.326539516 -0.293013960 4.735949993 0.027799584 -0.100123517 0.091815434 0.990339518
1439803745.009851 -0.327614963 -0.293561876 4.740504742 0.027405495 -0.100791596 0.092999347 0.990172267
1439803745.072352 -0.328559101 -0.294039041 4.745123863 0.026989916 -0.101563998 0.094368227 0.989975214
1439803745.134867 -0.329456925 -0.294573098 4.749661922 0.026835321 -0.101876386 0.096669488 0.989725232
1439803745.197358 -0.330339909 -0.295115292 4.754222393 0.026728483 -0.102112390 0.099191159 0.989454269
1439803745.259856 -0.331415653 -0.295667946 4.758774281 0.026997000 -0.101630211 0.101031080 0.989310443
1439803745.322358 -0.332328558 -0.296221256 4.763266563 0.027790088 -0.101076134 0.100758322 0.989373088
1439803745.384858 -0.333365381 -0.296745360 4.767808437 0.028384797 -0.100510709 0.100637831 0.989426076
1439803745.447362 -0.334416151 -0.297310531 4.772330284 0.028359128 -0.100373685 0.100697875 0.989434600
1439803745.509861 -0.335337579 -0.297726750 4.776875019 0.028919481 -0.100744471 0.101176277 0.989331901
1439803745.572364 -0.336327493 -0.298297167 4.781466961 0.029673044 -0.100775488 0.102100544 0.989211440
1439803745.634864 -0.337392867 -0.298678637 4.786057472 0.030908033 -0.100794598 0.104121916 0.988960981
1439803745.697367 -0.338170230 -0.299352974 4.790397167 0.031675380 -0.100951493 0.104827009 0.988846183
1439803745.759868 -0.339010775 -0.300180823 4.794705391 0.032139234 -0.100838251 0.104102097 0.988919318
1439803745.822369 -0.340236366 -0.300798059 4.799419880 0.033184081 -0.100845598 0.104415804 0.988851011
1439803745.884872 -0.341238260 -0.301418900 4.803926468 0.034320939 -0.100830063 0.103717975 0.988887250
1439803745.947374 -0.341985822 -0.301806927 4.808148861 0.035377406 -0.101102673 0.102659650 0.988932610
1439803746.072371 -0.343970180 -0.302994341 4.817135334 0.034951936 -0.101749450 0.100679576 0.989084959
1439803746.134871 -0.345015943 -0.303682506 4.821667194 0.034203701 -0.101997189 0.100152582 0.989139080
1439803746.197372 -0.345815718 -0.304209590 4.825806141 0.033639334 -0.102346338 0.099395700 0.989198744
1439803746.259874 -0.346666992 -0.304736584 4.830127239 0.033114869 -0.103002548 0.099298537 0.989158094
1439803746.322377 -0.347665846 -0.305352688 4.834534645 0.032112770 -0.103606991 0.098580070 0.989199817
1439803746.384877 -0.348684013 -0.305974722 4.838952541 0.030727725 -0.104004219 0.097094320 0.989349067
1439803746.509878 -0.350587487 -0.307177633 4.847631931 0.029474499 -0.104632355 0.096994840 0.989330769
1439803746.572381 -0.351540089 -0.307745129 4.851971149 0.029620571 -0.105281003 0.097158164 0.989241540
1439803746.634881 -0.352412105 -0.308357537 4.856290817 0.029999018 -0.106011406 0.098471232 0.989022255
1439803746.697385 -0.353256822 -0.309008241 4.860476494 0.030806296 -0.106333375 0.099158809 0.988894165
1439803746.759886 -0.354194522 -0.309628099 4.864837170 0.032296795 -0.106682993 0.099238612 0.988800943
1439803746.884884 -0.356288254 -0.310647070 4.873239517 0.036100127 -0.107199952 0.098934844 0.988643944
1439803746.947386 -0.357339680 -0.311276555 4.877638817 0.037649326 -0.107629813 0.098409556 0.988591909
1439803747.009888 -0.358141005 -0.311789215 4.881752491 0.038366817 -0.108242229 0.096721888 0.988663971
1439803747.072389 -0.358986795 -0.312295169 4.886089325 0.038377080 -0.109223805 0.098175779 0.988412321
1439803747.197390 -0.360517502 -0.313306034 4.894031525 0.035176016 -0.111721560 0.102113515 0.987853110
1439803747.259891 -0.361786664 -0.314020693 4.898403645 0.033760346 -0.112119563 0.103174545 0.987747192
1439803747.322392 -0.362791002 -0.314751029 4.902681351 0.033025727 -0.112586260 0.103190780 0.987717211
1439803747.384894 -0.363435388 -0.315097988 4.906579494 0.033417139 -0.113239788 0.102225132 0.987729788
1439803747.447394 -0.364316881 -0.315759480 4.910261154 0.033513371 -0.113798387 0.100837804 0.987804890
1439803747.509894 -0.365146458 -0.316367805 4.914143085 0.034031898 -0.114485934 0.101032734 0.987687767
1439803747.572397 -0.366074145 -0.316964597 4.918250084 0.035199597 -0.115159683 0.101092786 0.987562418
1439803747.634895 -0.366855860 -0.317572087 4.921740055 0.036223438 -0.116033778 0.101615824 0.987369359
1439803747.697396 -0.367482543 -0.318254352 4.925024033 0.035981920 -0.117007352 0.101987526 0.987224936
1439803747.759899 -0.368370652 -0.318904877 4.928906918 0.035525929 -0.117871985 0.102501966 0.987085283
1439803747.822399 -0.369832456 -0.319673419 4.931035519 0.034394190 -0.117959678 0.102665178 0.987097979
1439803747.884897 -0.370462477 -0.320025235 4.935142517 0.034184579 -0.119007751 0.102511764 0.986995399
1439803747.947400 -0.370966375 -0.320764065 4.938762665 0.032405436 -0.120310508 0.102446288 0.986904263
1439803748.009899 -0.372084200 -0.322118104 4.942199707 0.029520238 -0.120682709 0.102474295 0.986946404
1439803748.072399 -0.371100187 -0.323268652 4.945877075 0.027496273 -0.122782446 0.100506134 0.986948311
1439803748.134901 -0.371359110 -0.322912782 4.949748516 0.028493281 -0.123715214 0.099189200 0.986936748
1439803748.259902 -0.370646775 -0.324755013 4.957259178 0.030877410 -0.125645980 0.096838668 0.986854553
1439803748.322406 -0.370699406 -0.325909019 4.960595131 0.031919539 -0.126126945 0.095645636 0.986876369
1439803748.384906 -0.371022165 -0.327135444 4.963677883 0.032831155 -0.126544908 0.095297523 0.986826658
1439803748.447406 -0.371011972 -0.328257054 4.966970444 0.033682905 -0.127349690 0.095751077 0.986650527
1439803748.509907 -0.371547818 -0.327997774 4.970685959 0.035653114 -0.127742812 0.096310407 0.986476004
1439803748.572409 -0.371680856 -0.328042209 4.974234581 0.036533304 -0.128635347 0.097332820 0.986227453
1439803748.634909 -0.371681333 -0.328593105 4.978098392 0.036359135 -0.129427925 0.097734094 0.986090481
1439803748.697412 -0.370245099 -0.328440845 4.981939793 0.036147594 -0.131928578 0.096985333 0.985840797
1439803748.759914 -0.369681180 -0.328996241 4.985393047 0.034820992 -0.133181512 0.096160471 0.985800862
1439803748.822414 -0.372922778 -0.331639081 4.988205910 0.031778917 -0.130715951 0.096530959 0.986197352
1439803748.884915 -0.375076532 -0.332663834 4.991226673 0.030697580 -0.129447937 0.096667819 0.986385465
1439803748.947416 -0.375948071 -0.331960320 4.994179726 0.031305786 -0.129284114 0.095588177 0.986492991
1439803749.009918 -0.378668308 -0.333885133 4.998130798 0.029751034 -0.127786472 0.096433841 0.986653924
1439803749.072419 -0.378466904 -0.335048378 5.001512527 0.028926687 -0.128843829 0.096324034 0.986551702
1439803749.134920 -0.378309011 -0.336097449 5.004410744 0.028005054 -0.129665151 0.096700676 0.986433804
1439803749.197422 -0.378415763 -0.337405562 5.007440567 0.026937552 -0.130151406 0.096921489 0.986377835
1439803749.259924 -0.378162086 -0.338604122 5.010779381 0.026173631 -0.130705297 0.096237272 0.986392140
1439803749.322424 -0.378151178 -0.339715958 5.014430523 0.025664352 -0.130897194 0.095759742 0.986426532
1439803749.384925 -0.377947986 -0.340857267 5.017490864 0.024785651 -0.131136209 0.095573314 0.986435354
1439803749.447427 -0.377577305 -0.342092365 5.020691872 0.024122002 -0.131400585 0.095557772 0.986418128
1439803749.509929 -0.377385378 -0.343265027 5.023909092 0.023371549 -0.131460607 0.095587581 0.986425340
1439803749.572432 -0.377129138 -0.344591856 5.027452946 0.022398317 -0.131200969 0.095267788 0.986513376
1439803749.634934 -0.376917064 -0.345814735 5.030776501 0.021560196 -0.130930543 0.095153570 0.986579001
1439803749.697436 -0.376681328 -0.347162634 5.034443855 0.020580115 -0.130244941 0.094601192 0.986743808
1439803749.759935 -0.376808941 -0.348685682 5.037892818 0.018949477 -0.129001573 0.093814448 0.987014890
1439803749.822436 -0.378990173 -0.348607689 5.041677475 0.019572314 -0.125472337 0.094438009 0.987398148
1439803749.884940 -0.379830122 -0.349178284 5.045015812 0.018871417 -0.123244725 0.094924532 0.987645626
1439803749.947438 -0.380271673 -0.349947602 5.048699856 0.018287182 -0.121253870 0.094747633 0.987920046
1439803750.009941 -0.381325722 -0.350272357 5.051668644 0.018049747 -0.118386574 0.095850594 0.988165736
1439803750.072443 -0.382524729 -0.350363284 5.055624008 0.018071601 -0.114909016 0.094672151 0.988689303
1439803750.134942 -0.384055674 -0.350666583 5.059128761 0.017450094 -0.110905685 0.093983032 0.989223242
1439803750.197443 -0.384309649 -0.351188600 5.062173367 0.016083091 -0.108258985 0.093043298 0.989628375
1439803750.259944 -0.385198295 -0.351713717 5.065468311 0.014884527 -0.104555734 0.090884231 0.990245759
1439803750.322446 -0.385431528 -0.351881742 5.069472790 0.014387703 -0.101573005 0.089443959 0.990694523
1439803750.384947 -0.385939598 -0.352344215 5.072550297 0.013481827 -0.097498320 0.088528581 0.991198778
1439803750.447448 -0.386656523 -0.352809608 5.075856209 0.012896389 -0.092706747 0.088688850 0.991651893
1439803750.509950 -0.387463063 -0.353066862 5.079363823 0.012867236 -0.087139018 0.089535452 0.992080927
1439803750.572451 -0.387767762 -0.353550315 5.082759380 0.012274632 -0.081657521 0.090335913 0.992482126
1439803750.634967 -0.387724370 -0.353853792 5.086877346 0.011709745 -0.076036535 0.090303533 0.992938340
1439803750.697452 -0.387775242 -0.354206145 5.090247631 0.011297509 -0.069279291 0.089659661 0.993495762
1439803750.759952 -0.388086855 -0.354456365 5.093643665 0.010652500 -0.061461724 0.089857586 0.993999302
1439803750.822455 -0.388471007 -0.354760110 5.096926212 0.008474886 -0.053043630 0.089335464 0.994552016
1439803750.884955 -0.388743043 -0.355310738 5.100210190 0.005170918 -0.044636257 0.089527443 0.994970202
1439803750.947454 -0.388580322 -0.355132490 5.104321957 0.003686314 -0.036022980 0.089990444 0.995284140
1439803751.009955 -0.388535321 -0.355394125 5.107692242 0.002381221 -0.026357656 0.091348201 0.995467305
1439803751.072455 -0.388417840 -0.355627000 5.111104012 0.001786852 -0.015840633 0.091990449 0.995632291
1439803751.134956 -0.388273686 -0.355926573 5.114364147 0.000891801 -0.004596808 0.093620785 0.995596945
1439803751.197459 -0.387649834 -0.355987281 5.118112087 -0.000425156 0.006155145 0.095620044 0.995398760
1439803751.259957 -0.387265414 -0.356106013 5.121445179 -0.002188032 0.017373152 0.097068720 0.995123625
1439803751.322458 -0.386703074 -0.356191993 5.124859333 -0.003241530 0.028727282 0.097901478 0.994776130
1439803751.384959 -0.386089861 -0.356256843 5.128127575 -0.003977526 0.039962057 0.099287756 0.994248033
1439803751.509959 -0.386968791 -0.357959688 5.128669262 -0.010065770 0.060035098 0.102189563 0.992900670
1439803751.572459 -0.384986579 -0.357065558 5.138249397 -0.009433249 0.076074369 0.098825231 0.992147803
1439803751.634960 -0.382924676 -0.356570184 5.141302109 -0.011223471 0.085418627 0.099270903 0.991323829
1439803751.697461 -0.381864130 -0.356646538 5.144462585 -0.013608010 0.097300209 0.100315616 0.990093052
1439803751.759960 -0.380847454 -0.356631488 5.147561550 -0.014874379 0.109938897 0.101078913 0.988673508
1439803751.822462 -0.379692078 -0.356689036 5.150504112 -0.015920287 0.122643352 0.103581518 0.986902237
1439803751.884962 -0.378361106 -0.356415808 5.153645992 -0.015840106 0.135403737 0.106421649 0.984931171
1439803751.947463 -0.377036214 -0.356354356 5.156580448 -0.016883349 0.148293525 0.108377673 0.982841969
1439803752.009964 -0.375639558 -0.356214702 5.159492016 -0.018365998 0.161007121 0.109186247 0.980723083
1439803752.072463 -0.374181390 -0.355692953 5.162526131 -0.018749913 0.173674494 0.108894251 0.978584528
1439803752.134964 -0.372660756 -0.355479628 5.165432930 -0.020896694 0.186516702 0.109978110 0.976053119
1439803752.197466 -0.371039510 -0.355274320 5.168272495 -0.024246922 0.199682787 0.111332431 0.973213255
1439803752.259967 -0.369289041 -0.354865044 5.171145916 -0.027356273 0.213016242 0.113054641 0.970100164
1439803752.322468 -0.367398024 -0.354659110 5.173831463 -0.030682748 0.226190895 0.115934603 0.966672361
1439803752.384970 -0.365531564 -0.354302764 5.176642418 -0.033536829 0.240316108 0.116572328 0.963085830
1439803752.447471 -0.363631487 -0.353974104 5.179313183 -0.036772873 0.254825383 0.114929326 0.959428489
1439803752.509972 -0.361670971 -0.353711665 5.181944847 -0.040381890 0.269964337 0.113529019 0.955300868
1439803752.572474 -0.359498978 -0.353246629 5.184522629 -0.043517400 0.285065323 0.112618074 0.950873911
1439803752.634975 -0.357276440 -0.352820754 5.186990738 -0.046422735 0.300618887 0.111612052 0.946052849
1439803752.697475 -0.354980946 -0.352311254 5.189377785 -0.048997954 0.316333234 0.111636780 0.940781474
1439803752.759975 -0.352499485 -0.351805329 5.191645622 -0.051518500 0.331754774 0.114226878 0.935006320
1439803752.822478 -0.349992514 -0.351240754 5.193799973 -0.054010753 0.347251236 0.117333680 0.928833783
1439803752.884977 -0.347380877 -0.350616753 5.195888519 -0.056471042 0.362681001 0.119695827 0.922467589
1439803752.947477 -0.344694138 -0.350100398 5.197961807 -0.060183588 0.378452808 0.119505808 0.915898323
1439803753.009980 -0.341990232 -0.349518955 5.199976444 -0.063512757 0.393985033 0.117818221 0.909318864
1439803753.072481 -0.339336157 -0.348959625 5.201869965 -0.066244990 0.409453273 0.114721805 0.902661920
1439803753.134982 -0.336570024 -0.348351836 5.203694344 -0.068654440 0.424608141 0.111684524 0.895835400
1439803753.197487 -0.333677292 -0.347746372 5.205490112 -0.071045972 0.439707726 0.108496942 0.888728261
1439803753.259984 -0.330744267 -0.347053945 5.207162857 -0.073218450 0.454777241 0.106515333 0.881175995
1439803753.322486 -0.327754259 -0.346409798 5.208547115 -0.073637523 0.469538927 0.107218169 0.873278260
1439803753.384989 -0.324659705 -0.345750451 5.209823132 -0.073275365 0.484068483 0.108560406 0.865172267
1439803753.447487 -0.321539044 -0.345050454 5.211175919 -0.073588163 0.498494655 0.108614758 0.856907606
1439803753.509989 -0.318390131 -0.344328433 5.212297440 -0.074549623 0.512106478 0.109050170 0.848703325
1439803753.572488 -0.315193534 -0.343573838 5.213397026 -0.076810256 0.524926007 0.109217137 0.840609610
1439803753.634989 -0.311992288 -0.342812479 5.214468956 -0.080136351 0.537024438 0.108514890 0.832710862
1439803753.697491 -0.308772802 -0.342069089 5.215528488 -0.084362917 0.548356116 0.106441289 0.825141609
1439803753.759991 -0.305565357 -0.341325521 5.216507912 -0.087409183 0.558985293 0.105640993 0.817762256
1439803753.822494 -0.302294016 -0.340516001 5.217338085 -0.089741126 0.568610489 0.106128849 0.810780704
1439803753.884996 -0.298956990 -0.339745700 5.218211174 -0.092629090 0.577403069 0.106110230 0.804217756
1439803753.947495 -0.295591593 -0.338985890 5.218965054 -0.093477011 0.585987926 0.106099047 0.797886729
1439803754.009995 -0.292227328 -0.338244557 5.219563961 -0.092030928 0.594600618 0.107124761 0.791520476
1439803754.072497 -0.288777351 -0.337360114 5.220217705 -0.091191217 0.602916777 0.107189894 0.785293460
1439803754.134998 -0.285544336 -0.336600244 5.220747471 -0.091618560 0.610781372 0.106585935 0.779224992
1439803754.197499 -0.282073975 -0.335814357 5.221316338 -0.093282796 0.618491888 0.105706491 0.773040950
1439803754.260001 -0.278759718 -0.335027069 5.221729755 -0.095384918 0.625860691 0.104944669 0.766933322
1439803754.322501 -0.275418699 -0.334208548 5.222068787 -0.097589210 0.633129179 0.103830747 0.760817289
1439803754.385002 -0.272000760 -0.333345741 5.222160339 -0.099980600 0.640084147 0.102382272 0.754860282
1439803754.447505 -0.268675566 -0.332623273 5.222550392 -0.102440290 0.647337019 0.102100223 0.748355746
1439803754.510007 -0.265246004 -0.331732839 5.222388268 -0.103845306 0.653947949 0.102265097 0.742367864
1439803754.572508 -0.261567861 -0.330917776 5.222884655 -0.104586355 0.661451936 0.102209903 0.735592425
1439803754.635007 -0.258145720 -0.330172688 5.222865582 -0.104354493 0.668681026 0.102210119 0.729060292
1439803754.697509 -0.254664987 -0.329450667 5.222469330 -0.103936948 0.675561845 0.102039836 0.722773254
1439803754.760010 -0.250989497 -0.328325957 5.222820282 -0.104109414 0.683107436 0.100768581 0.715801060
1439803754.822513 -0.247416615 -0.327369004 5.222335339 -0.105410367 0.689621627 0.099900953 0.709457874
1439803754.885015 -0.243510127 -0.326251835 5.221991062 -0.106748216 0.696328223 0.099477015 0.702734828
1439803754.947515 -0.240168959 -0.325553209 5.222242832 -0.107835487 0.703822494 0.099904008 0.694999754
1439803755.010015 -0.236537158 -0.324673921 5.221573353 -0.107316889 0.710230231 0.100803703 0.688400090
1439803755.072516 -0.232986033 -0.323703349 5.220818996 -0.106455594 0.716344118 0.101663910 0.682043076
1439803755.135016 -0.229541242 -0.322978169 5.220686436 -0.106056355 0.722656012 0.102570929 0.675277412
1439803755.197518 -0.225998402 -0.322029293 5.219775677 -0.105863839 0.727912307 0.103228785 0.669537425
1439803755.260020 -0.222530663 -0.321085811 5.218716621 -0.105955601 0.732793152 0.103103526 0.664196730
1439803755.322521 -0.219214797 -0.320161968 5.217688560 -0.105669722 0.737519264 0.103231557 0.658970773
1439803755.385022 -0.215072930 -0.319492280 5.218253136 -0.105986573 0.743467450 0.103348851 0.652182519
1439803755.447523 -0.210860372 -0.319148600 5.218210697 -0.106713519 0.748492956 0.104133487 0.646163106
1439803755.510023 -0.207751215 -0.317541927 5.216889858 -0.106734619 0.752698243 0.102866784 0.641460359
1439803755.572525 -0.204145193 -0.316635579 5.216068745 -0.107322589 0.757209778 0.102532208 0.636083663
1439803755.635025 -0.200632274 -0.315719575 5.215157509 -0.107297465 0.761788785 0.102955163 0.630527854
1439803755.697527 -0.196977258 -0.314740628 5.214139462 -0.106558628 0.766489565 0.103681751 0.624811232
1439803755.760029 -0.193309188 -0.313823074 5.213134766 -0.106205277 0.770972788 0.104488380 0.619195879
1439803755.822530 -0.189742446 -0.312860340 5.212055206 -0.106347457 0.775440872 0.104980402 0.613482594
1439803755.885031 -0.186073542 -0.311911315 5.210885048 -0.105915934 0.779895067 0.106380396 0.607641995
1439803755.947532 -0.182532310 -0.310985267 5.209739685 -0.106095195 0.784335554 0.107581288 0.601654232
1439803756.010034 -0.178931713 -0.310003817 5.208522797 -0.107429475 0.788595259 0.108773306 0.595604539
1439803756.072537 -0.175316811 -0.309036970 5.207271576 -0.109387621 0.792705774 0.109876938 0.589558184
1439803756.135036 -0.171683550 -0.307973921 5.205967903 -0.112018280 0.796526670 0.111063324 0.583662629
1439803756.197538 -0.168092132 -0.306954503 5.204638481 -0.115441121 0.800161242 0.111705244 0.577873111
1439803756.260039 -0.164502501 -0.305858046 5.203233719 -0.118117198 0.803830981 0.112631395 0.572030008
1439803756.322540 -0.160983205 -0.304826945 5.201714039 -0.119953848 0.807557940 0.114424162 0.566010952
1439803756.385042 -0.157468677 -0.303745389 5.200212955 -0.122231998 0.811319828 0.115733504 0.559844017
1439803756.447543 -0.153871536 -0.302674115 5.198554039 -0.123711154 0.815176904 0.116398692 0.553745031
1439803756.510045 -0.150432706 -0.301654667 5.196904659 -0.123756073 0.819445074 0.116306357 0.547418535
1439803756.572546 -0.146983862 -0.300649822 5.195099831 -0.123504676 0.823979676 0.115309641 0.540839851
1439803756.635050 -0.143615365 -0.299591273 5.193319321 -0.125346750 0.828562021 0.112899028 0.533879161
1439803756.697549 -0.140125394 -0.298431784 5.191461086 -0.127384007 0.833244979 0.110347867 0.526592314
1439803756.760050 -0.136725426 -0.297368467 5.189509392 -0.128668070 0.838155687 0.108390845 0.518836200
1439803756.822552 -0.133350611 -0.296317697 5.187500477 -0.129115418 0.843228877 0.107070267 0.510715365
1439803756.885053 -0.130053759 -0.295288622 5.185317993 -0.129071936 0.848253131 0.106865242 0.502381206
1439803756.947554 -0.126716137 -0.294254541 5.183110714 -0.129647195 0.853146374 0.106626421 0.493926823
1439803757.010055 -0.123450279 -0.293217957 5.180791378 -0.130716860 0.858090460 0.106070064 0.485121608
1439803757.072556 -0.120171309 -0.292178273 5.178386211 -0.132291973 0.863137424 0.105257683 0.475829124
1439803757.135057 -0.117003679 -0.291112900 5.175921440 -0.133537695 0.868139505 0.104738943 0.466402501
1439803757.197559 -0.113840103 -0.290152967 5.173393726 -0.134842485 0.872911811 0.104580276 0.457061797
1439803757.260067 -0.110729456 -0.289137781 5.170767307 -0.135689288 0.877545357 0.104123853 0.447951764
1439803757.322562 -0.107618332 -0.288130879 5.168001652 -0.135813057 0.882191241 0.103558138 0.438826978
1439803757.385063 -0.104577780 -0.287118316 5.165184975 -0.135967195 0.886807263 0.102692127 0.429581344
1439803757.447564 -0.101599693 -0.286139786 5.162350655 -0.135759339 0.891481638 0.101537615 0.420142800
1439803757.510066 -0.098659277 -0.285168111 5.159420013 -0.136649162 0.895803690 0.100165553 0.410888791
1439803757.572567 -0.095667839 -0.284130692 5.156412125 -0.137217939 0.899970114 0.099482141 0.401656926
1439803757.635069 -0.092821121 -0.283136845 5.153316498 -0.138183966 0.903814971 0.099369571 0.392618597
1439803757.697572 -0.089953899 -0.282116055 5.150175095 -0.138705060 0.907534480 0.099821940 0.383637428
1439803757.760074 -0.087176085 -0.281119645 5.146927834 -0.139237538 0.910983980 0.100191019 0.375077218
1439803757.822572 -0.084361315 -0.280082703 5.143643379 -0.140402064 0.914216459 0.100578837 0.366578043
1439803757.885074 -0.081644297 -0.279137373 5.140280724 -0.141270220 0.917273462 0.100704663 0.358483791
1439803757.947576 -0.078927517 -0.278186202 5.136840820 -0.141370401 0.920360744 0.100152455 0.350599438
1439803758.010077 -0.076301336 -0.277270555 5.133486748 -0.142398372 0.923295259 0.097967952 0.343002677
1439803758.072584 -0.073655367 -0.276299536 5.129921913 -0.143131256 0.926110804 0.095356755 0.335766762
1439803758.135079 -0.071076870 -0.275385857 5.126384735 -0.143935353 0.928873181 0.092684314 0.328461438
1439803758.197583 -0.068516970 -0.274442852 5.122758865 -0.144038722 0.931614518 0.090264902 0.321246743
1439803758.260082 -0.066020489 -0.273512721 5.119075775 -0.145038992 0.934090793 0.088076741 0.314134538
1439803758.322584 -0.063535690 -0.272619009 5.115366459 -0.146339878 0.936358094 0.086714022 0.307081193
1439803758.385084 -0.061075687 -0.271720052 5.111523151 -0.147883609 0.938412607 0.085937202 0.300211698
1439803758.447586 -0.058670759 -0.270846128 5.107706070 -0.148907408 0.940412462 0.085554473 0.293481439
1439803758.510088 -0.056281090 -0.269923806 5.103758335 -0.149529770 0.942296684 0.085687108 0.287011296
1439803758.572590 -0.053926468 -0.269085348 5.099824905 -0.149737313 0.944074512 0.085480250 0.281060755
1439803758.635090 -0.051622152 -0.268243551 5.095806122 -0.149582356 0.945798755 0.084950224 0.275451094
1439803758.697592 -0.049319267 -0.267440557 5.091867447 -0.148729414 0.947581470 0.084347554 0.269915581
1439803758.760092 -0.047130823 -0.266596198 5.087738514 -0.148075178 0.949171185 0.083537184 0.264894933
1439803758.822594 -0.044854879 -0.265765250 5.083714485 -0.148085877 0.950657248 0.082293510 0.259902269
1439803758.885095 -0.042635679 -0.264908850 5.079531193 -0.147928834 0.952077210 0.081254952 0.255075902
1439803758.947597 -0.040482521 -0.264062345 5.075440884 -0.147759572 0.953411102 0.080612950 0.250351667
1439803759.010098 -0.038337827 -0.263335109 5.071290493 -0.147600308 0.954646707 0.080196008 0.245830044
1439803759.072599 -0.036243916 -0.262541831 5.067055225 -0.147707254 0.955770850 0.079922877 0.241447687
1439803759.135101 -0.034143806 -0.261786580 5.062808037 -0.147984236 0.956861317 0.079779960 0.236964792
1439803759.197602 -0.032057643 -0.260963202 5.058473110 -0.147492006 0.958087623 0.079143696 0.232487559
1439803759.260103 -0.030053616 -0.260134935 5.054062843 -0.146847323 0.959236443 0.078043953 0.228496090
1439803759.322607 -0.028068900 -0.259368360 5.049671173 -0.145876929 0.960366786 0.076728456 0.224784896
1439803759.385106 -0.026081681 -0.258654356 5.045355320 -0.145171553 0.961358547 0.075523101 0.221384659
1439803759.447608 -0.024100304 -0.257896841 5.040841103 -0.144010723 0.962337673 0.074353695 0.218262747
1439803759.510109 -0.022135854 -0.257186890 5.036463261 -0.143722624 0.963076115 0.072860256 0.215684041
1439803759.572610 -0.020136356 -0.256460428 5.031972885 -0.144108966 0.963589549 0.071388595 0.213615254
1439803759.635111 -0.018132448 -0.255721569 5.027526379 -0.145041332 0.963908076 0.070137173 0.211955220
1439803759.697613 -0.016120553 -0.255007565 5.023108006 -0.146143630 0.964114547 0.069037139 0.210615978
1439803759.760114 -0.014150381 -0.254309475 5.018630028 -0.146332845 0.964391530 0.068237782 0.209473774
1439803759.822615 -0.012132764 -0.253603995 5.014082909 -0.146403447 0.964661479 0.068546474 0.208075896
1439803759.885117 -0.010174155 -0.252867579 5.009535789 -0.146105379 0.964978278 0.069172211 0.206604317
1439803759.947618 -0.008189797 -0.252173722 5.005027771 -0.145892784 0.965219140 0.069761612 0.205427736
1439803760.010119 -0.006206632 -0.251441658 5.000460625 -0.145839542 0.965315878 0.070796348 0.204655766
1439803760.072621 -0.004230738 -0.250718772 4.995798588 -0.145219162 0.965406239 0.072012797 0.204245716
1439803760.135122 -0.002246380 -0.249968469 4.991247177 -0.143754274 0.965578079 0.072621286 0.204254404
1439803760.197623 -0.000291228 -0.249292791 4.986648560 -0.142241165 0.965665162 0.072860308 0.204815924
1439803760.260125 0.001730204 -0.248509586 4.982076645 -0.141554549 0.965626597 0.072925046 0.205449462
1439803760.322625 0.003757596 -0.247757554 4.977516651 -0.141383678 0.965524554 0.072877698 0.206062511
1439803760.385128 0.005809426 -0.246980190 4.972910404 -0.141597733 0.965382338 0.072483271 0.206720293
1439803760.447628 0.007894516 -0.246158600 4.968325615 -0.141006753 0.965363085 0.072372936 0.207252026
1439803760.510132 0.009952068 -0.245420635 4.963740349 -0.140890718 0.965280831 0.072635293 0.207621947
1439803760.572632 0.012205720 -0.244719744 4.958688259 -0.141807899 0.965036869 0.072580814 0.208149821
1439803760.635132 0.014288664 -0.243935108 4.954114437 -0.141819552 0.964953721 0.072862685 0.208428770
1439803760.697634 0.016207457 -0.243064344 4.949722290 -0.141305014 0.964964151 0.073639825 0.208456948
1439803760.760135 0.018281579 -0.242299557 4.945086002 -0.141180098 0.964879513 0.073864348 0.208853260
1439803760.822636 0.020382762 -0.241489530 4.940402985 -0.141342789 0.964789689 0.073489986 0.209289983
1439803760.885138 0.022535205 -0.240737736 4.935760021 -0.141330317 0.964740872 0.073305659 0.209587812
1439803760.947639 0.024669528 -0.239927828 4.931125164 -0.141849250 0.964645445 0.072656237 0.209902510
1439803761.010140 0.026859760 -0.239163697 4.926408291 -0.142733976 0.964474201 0.071961530 0.210328430
1439803761.072642 0.028970957 -0.238357961 4.921813011 -0.143484756 0.964306355 0.071203992 0.210844442
1439803761.135143 0.031108022 -0.237562537 4.917088509 -0.143894643 0.964164019 0.070901059 0.211317465
1439803761.197645 0.033299685 -0.236786723 4.912379742 -0.144110456 0.964043260 0.071170554 0.211630583
1439803761.260148 0.035462141 -0.236008048 4.907590866 -0.143686026 0.964004040 0.071772166 0.211894557
1439803761.322650 0.037630081 -0.235229969 4.902821064 -0.143594891 0.963927984 0.072267599 0.212133914
1439803761.385148 0.039752841 -0.234405935 4.898156166 -0.143827111 0.963832498 0.072574914 0.212305218
1439803761.447650 0.041937470 -0.233617663 4.893308640 -0.144193411 0.963709295 0.072819449 0.212532461
1439803761.572650 0.046369433 -0.231951892 4.883811474 -0.142879695 0.963769376 0.073071085 0.213059947
1439803761.635150 0.048589945 -0.231147051 4.879000187 -0.142185256 0.963779867 0.073051773 0.213483304
1439803761.697654 0.050821781 -0.230299771 4.874269962 -0.142205864 0.963739634 0.072903581 0.213701800
1439803761.760151 0.052994132 -0.229429305 4.869366169 -0.141676322 0.963780999 0.072751001 0.213918909
1439803761.822652 0.055208445 -0.228643000 4.864666462 -0.141112775 0.963864386 0.072856538 0.213879824
1439803761.947657 0.059597969 -0.227112174 4.854962826 -0.140865222 0.963876486 0.073084585 0.213910580
1439803762.010154 0.061998367 -0.226277649 4.850040436 -0.140831813 0.963927209 0.072972223 0.213742211
1439803762.072654 0.064254165 -0.225446463 4.845203876 -0.140248463 0.964027405 0.072836518 0.213720351
1439803762.135155 0.066528678 -0.224597573 4.840228558 -0.140161261 0.964047790 0.072424747 0.213825420
1439803762.197655 0.068838358 -0.223730266 4.835332870 -0.140298814 0.964070380 0.071795665 0.213845506
1439803762.260155 0.071071625 -0.222866237 4.830284595 -0.140109256 0.964079499 0.071350865 0.214077458
1439803762.322659 0.073344231 -0.222182691 4.825352669 -0.139478520 0.964098454 0.071599551 0.214320898
1439803762.447656 0.077914596 -0.220456481 4.815329075 -0.139324397 0.963957727 0.071451373 0.215102136
1439803762.510157 0.080266953 -0.219584882 4.810439110 -0.139176115 0.963868439 0.071506798 0.215579286
1439803762.572659 0.082748532 -0.218842506 4.805348396 -0.138951734 0.963753283 0.071458809 0.216253683
1439803762.635161 0.085058212 -0.217937827 4.800479412 -0.138507470 0.963665247 0.071199432 0.217015281
1439803762.697662 0.087457180 -0.217074990 4.795512676 -0.138028041 0.963541567 0.071263321 0.217847168
1439803762.760161 0.089739084 -0.216357052 4.789927483 -0.138011068 0.963248074 0.071603514 0.219041184
1439803762.822662 0.092209578 -0.215680838 4.784649849 -0.138020754 0.962956667 0.072221383 0.220110938
1439803762.885162 0.094825149 -0.215033889 4.780167580 -0.137432680 0.962842286 0.073248811 0.220639005
1439803762.947663 0.096865177 -0.214115441 4.775550842 -0.136163741 0.962619603 0.073946036 0.222159594
1439803763.010163 0.099349260 -0.213477373 4.770066261 -0.129262179 0.963091433 0.075165898 0.223821834
1439803763.197668 0.099053621 -0.213554680 4.769954681 -0.127852395 0.963018239 0.076228760 0.224585965
1439803763.260166 0.098027706 -0.213929772 4.770119667 -0.129120171 0.962467313 0.076450005 0.226141661
1439803763.322666 0.096168756 -0.214541674 4.770768166 -0.130351067 0.961438179 0.076173112 0.229875728
1439803763.385166 0.095809698 -0.214414358 4.770606041 -0.130528226 0.961073101 0.075528584 0.231508866
1439803763.447669 0.095926642 -0.215092182 4.770531654 -0.131283998 0.960675895 0.077307805 0.232141882
1439803763.510168 0.095363617 -0.215133190 4.771004677 -0.136208341 0.960036218 0.076728091 0.232143462
1439803763.572670 0.096702695 -0.214432180 4.765920639 -0.136795953 0.959459007 0.076336153 0.234303430
1439803763.635169 0.097578406 -0.214159310 4.760903358 -0.141342089 0.957990587 0.076906562 0.237406552
1439803763.697671 0.098906159 -0.213854611 4.756372452 -0.144368216 0.956926405 0.077940665 0.239530697
1439803763.760172 0.100128651 -0.213430345 4.751741409 -0.147405565 0.955841660 0.078346506 0.241868109
1439803763.822674 0.102284074 -0.212343335 4.746642113 -0.149917603 0.955366254 0.077814743 0.242373452
1439803763.885175 0.104110956 -0.212590635 4.741091728 -0.145355895 0.955293894 0.079238035 0.244962484
1439803763.947676 0.105036855 -0.212206721 4.735645294 -0.148710951 0.953911304 0.078878045 0.248428181
1439803764.010177 0.106788635 -0.211642563 4.726339340 -0.148743913 0.953094244 0.078454047 0.251657754
1439803764.072679 0.108034372 -0.211387396 4.719890594 -0.146198124 0.952331662 0.079105437 0.255798489
1439803764.135179 0.109216690 -0.211114705 4.717430592 -0.144278646 0.952052295 0.080102578 0.257611573
1439803764.197680 0.110723376 -0.210699737 4.712163925 -0.143346936 0.951404989 0.080491096 0.260387063
1439803764.260183 0.112562180 -0.210357308 4.708467960 -0.142315492 0.951234698 0.081198044 0.261353612
1439803764.322681 0.114020944 -0.209875762 4.703661919 -0.142600253 0.950555801 0.081928447 0.263432354
1439803764.385186 0.115348816 -0.209410071 4.700259686 -0.141873926 0.950062633 0.082312979 0.265475690
1439803764.447689 0.116850615 -0.208663464 4.697496414 -0.142912254 0.949425876 0.082948200 0.266994596
1439803764.510199 0.118220329 -0.208609998 4.695152283 -0.140931830 0.949359775 0.083160020 0.268213868
1439803764.572688 0.119876266 -0.208423615 4.693130493 -0.138547689 0.949438810 0.083948120 0.268929541
1439803764.635188 0.121068120 -0.207290351 4.690200806 -0.141064599 0.948751450 0.081328884 0.270845234
1439803764.697690 0.122500777 -0.206773877 4.687833309 -0.141115785 0.948391140 0.081628963 0.271987647
1439803764.760191 0.124006987 -0.206207693 4.685443878 -0.141200304 0.948121011 0.081601813 0.272892088
1439803764.822693 0.125497103 -0.205679238 4.683084488 -0.141594931 0.947761476 0.081461787 0.273976207
1439803764.885193 0.126968265 -0.205182612 4.680747986 -0.142247617 0.947329998 0.081816241 0.275022894
1439803764.947694 0.128502846 -0.204614460 4.678339005 -0.142284304 0.947019577 0.082167774 0.275966585
1439803765.010197 0.129999280 -0.204084873 4.675952911 -0.142210141 0.946665108 0.083174504 0.276917815
1439803765.072698 0.131502271 -0.203542292 4.673560143 -0.142437547 0.946200311 0.084357113 0.278029472
1439803765.135200 0.133104444 -0.202996910 4.671152592 -0.142115057 0.945795834 0.085869998 0.279105633
1439803765.197704 0.134643197 -0.202465117 4.668741226 -0.141758874 0.945446074 0.086817056 0.280176640
1439803765.260203 0.136127710 -0.201895654 4.666368484 -0.141945049 0.945142448 0.087183297 0.280991912
1439803765.322702 0.137677431 -0.201347828 4.663956642 -0.142097533 0.944753110 0.087224506 0.282208741
1439803765.385207 0.139220715 -0.200783730 4.661588192 -0.141634509 0.944574773 0.086672686 0.283206761
1439803765.447705 0.140822768 -0.200200737 4.659111977 -0.141450986 0.944353044 0.085936040 0.284260303
1439803765.510206 0.142384887 -0.199636459 4.656714916 -0.141354442 0.944131136 0.085319094 0.285229713
1439803765.572707 0.143983722 -0.199088931 4.654330254 -0.141218007 0.943996191 0.084650479 0.285942227
1439803765.635208 0.145559788 -0.198534310 4.651928425 -0.140512243 0.943898976 0.084283128 0.286718369
1439803765.697714 0.147136807 -0.197989523 4.649526596 -0.140188873 0.943708777 0.084335625 0.287486196
1439803765.760212 0.148761511 -0.197406113 4.647121429 -0.140128478 0.943544745 0.084421635 0.288028359
1439803765.822714 0.150336027 -0.196849585 4.644704819 -0.140293449 0.943242610 0.085129209 0.288728446
1439803765.885214 0.151961565 -0.196302950 4.642295837 -0.140385076 0.943019748 0.086091891 0.289126247
1439803765.947719 0.153583050 -0.195705950 4.639830112 -0.140158609 0.942807198 0.086484492 0.289811194
1439803766.010217 0.155218601 -0.195123255 4.637399673 -0.140474662 0.942573011 0.086574927 0.290392518
1439803766.072716 0.156921029 -0.194494665 4.634769440 -0.140348166 0.942402422 0.086496241 0.291029900
1439803766.135217 0.158565760 -0.193949819 4.632351398 -0.139842480 0.942293286 0.086436912 0.291643858
1439803766.197717 0.160206437 -0.193359017 4.630042076 -0.139784127 0.942094684 0.085900351 0.292470783
1439803766.260217 0.161925077 -0.192784131 4.627551079 -0.139657915 0.941918969 0.085846670 0.293112159
1439803766.322724 0.163568020 -0.192188084 4.625102520 -0.139665842 0.941638887 0.086049877 0.293947369
1439803766.385220 0.165252805 -0.191613734 4.622642040 -0.139213830 0.941390991 0.086387277 0.294855446
1439803766.447724 0.166925669 -0.190998614 4.620161533 -0.138695300 0.941137910 0.086433679 0.295892239
1439803766.510223 0.168627262 -0.190413654 4.617694855 -0.138579547 0.940825820 0.086492501 0.296920151
1439803766.572726 0.170312881 -0.189820826 4.615242004 -0.138572112 0.940540433 0.086219333 0.297905505
1439803766.635229 0.172036409 -0.189246476 4.612792015 -0.138033092 0.940318584 0.086216971 0.298855275
1439803766.697727 0.173730493 -0.188676655 4.610349178 -0.137624085 0.940041363 0.086178005 0.299925387
1439803766.760228 0.175485253 -0.188120484 4.607957840 -0.137952864 0.939723194 0.085923851 0.300842762
1439803766.822730 0.177247286 -0.187508762 4.605470181 -0.137625590 0.939490378 0.085781395 0.301759094
1439803766.885230 0.179019570 -0.186942935 4.602985859 -0.137179583 0.939226925 0.086122215 0.302683860
1439803766.947731 0.180860162 -0.186257005 4.600401402 -0.136858925 0.938990355 0.086359054 0.303494453
1439803767.010232 0.182606101 -0.185620546 4.597852230 -0.136592969 0.938641429 0.087183915 0.304456145
1439803767.072732 0.184424996 -0.184997439 4.595354557 -0.136681959 0.938304842 0.087989569 0.305221081
1439803767.135234 0.186252594 -0.184367120 4.592824459 -0.136698127 0.937951744 0.088511132 0.306146801
1439803767.197736 0.187977195 -0.183774233 4.590439796 -0.136093244 0.937624216 0.088859893 0.307316422
1439803767.260238 0.189792156 -0.183146894 4.587943077 -0.135923922 0.937312663 0.088723786 0.308379143
1439803767.322740 0.191556692 -0.182543039 4.585474491 -0.135739997 0.936920285 0.088186130 0.309803516
1439803767.385241 0.193440557 -0.181918919 4.583020687 -0.136167333 0.936586618 0.087557927 0.310801446
1439803767.447740 0.195288658 -0.181228638 4.580544472 -0.136474088 0.936209321 0.087086402 0.311934054
1439803767.510241 0.197077274 -0.180617929 4.578109741 -0.136871755 0.935722351 0.087143235 0.313202560
1439803767.572744 0.198864937 -0.180037200 4.575667858 -0.136475861 0.935321033 0.087419845 0.314494342
1439803767.635249 0.200727582 -0.179377258 4.573185921 -0.136583596 0.934962213 0.087543346 0.315478653
1439803767.697749 0.202620506 -0.178664684 4.570553780 -0.137618631 0.934431970 0.087049812 0.316733807
1439803767.760249 0.204360247 -0.178049982 4.568080902 -0.138064370 0.933882475 0.086958840 0.318182111
1439803767.822748 0.205959558 -0.177386999 4.565476894 -0.137434974 0.933250725 0.087174505 0.320242614
1439803767.885255 0.208041906 -0.176721394 4.563066483 -0.138000563 0.933096051 0.087500349 0.320361137
1439803767.947751 0.210047483 -0.176122606 4.560717583 -0.138898641 0.932762980 0.088207379 0.320748836
1439803768.010254 0.211933732 -0.175513327 4.558299541 -0.138419226 0.932488620 0.088655435 0.321629137
1439803768.072757 0.213946939 -0.174864054 4.555909634 -0.138185099 0.932367265 0.088998079 0.321986914
1439803768.135259 0.215901494 -0.174172640 4.553471565 -0.137385711 0.932209074 0.089379124 0.322680652
1439803768.197760 0.217804313 -0.173541307 4.551151276 -0.138062209 0.931881547 0.089410141 0.323328614
1439803768.260257 0.219745755 -0.172906160 4.548793793 -0.138655022 0.931602299 0.089612752 0.323823273
1439803768.322759 0.221631050 -0.172270536 4.546433926 -0.139025390 0.931089997 0.089749329 0.325097531
1439803768.385260 0.223521233 -0.171612740 4.544031620 -0.138146654 0.930720508 0.089771703 0.326520920
1439803768.447763 0.225314379 -0.170909941 4.541690826 -0.136641830 0.930365324 0.089406595 0.328261822
1439803768.510269 0.227104664 -0.170304358 4.539426327 -0.136275768 0.929962695 0.089482673 0.329531670
1439803768.572765 0.228911996 -0.169661045 4.537148476 -0.136338487 0.929459393 0.089326806 0.330964953
1439803768.635265 0.230773449 -0.168993354 4.534828186 -0.136470348 0.928948641 0.089518063 0.332290173
1439803768.697767 0.232528925 -0.168371737 4.532569885 -0.136133477 0.928386807 0.090112872 0.333834231
1439803768.760270 0.234305859 -0.167776883 4.530344963 -0.136588916 0.927762568 0.090535425 0.335266113
1439803768.822773 0.235973120 -0.167191923 4.528160095 -0.135594189 0.927167118 0.091527715 0.337042987
1439803768.885270 0.237712622 -0.166607022 4.525993347 -0.136430949 0.926524997 0.091665074 0.338431031
1439803768.947771 0.239664197 -0.166021347 4.523749352 -0.136711642 0.926094949 0.091322690 0.339585334
1439803769.010273 0.241549253 -0.165443957 4.521571159 -0.136736482 0.925691187 0.090998918 0.340761125
1439803769.072774 0.243335128 -0.164814949 4.519337654 -0.136701256 0.925213516 0.090413220 0.342225313
1439803769.135275 0.245105982 -0.164232194 4.517139435 -0.136051312 0.924685001 0.090237871 0.343954593
1439803769.197779 0.247153997 -0.163623273 4.514881134 -0.136016563 0.924488604 0.090221941 0.344500035
1439803769.260275 0.249097228 -0.162999332 4.512662411 -0.136794388 0.923888981 0.089938834 0.345872045
1439803769.322774 0.250988483 -0.162435830 4.510452271 -0.137032345 0.923404932 0.090222865 0.346994549
1439803769.385275 0.252821207 -0.161798537 4.508214474 -0.135761261 0.922899902 0.091110863 0.348602176
1439803769.447774 0.254817009 -0.161145449 4.505894661 -0.135721937 0.922345281 0.092203595 0.349796057
1439803769.510277 0.256767988 -0.160551131 4.503690720 -0.136873141 0.921641469 0.092906378 0.351014525
1439803769.572782 0.258721471 -0.159951806 4.501379490 -0.137081280 0.921002746 0.094040237 0.352305412
1439803769.635281 0.260598540 -0.159377933 4.499166489 -0.136385113 0.920467556 0.094621465 0.353815466
1439803769.697780 0.262650013 -0.158707619 4.496863365 -0.136714950 0.919988692 0.094560750 0.354948014
1439803769.760281 0.264555097 -0.158060610 4.494625092 -0.136032581 0.919460237 0.094827823 0.356504887
1439803769.822783 0.266578555 -0.157421291 4.492341518 -0.135540754 0.918990791 0.095531926 0.357712567
1439803769.885284 0.268674493 -0.156722367 4.490067005 -0.135359362 0.918668926 0.095602803 0.358588070
1439803769.947784 0.270715237 -0.156065702 4.487800598 -0.135329559 0.918155968 0.096051268 0.359791130
1439803770.010286 0.272785068 -0.155352592 4.485552788 -0.136006266 0.917639375 0.095910773 0.360889703
1439803770.072790 0.274800897 -0.154698551 4.483295918 -0.136015639 0.917067826 0.096508212 0.362177402
1439803770.135288 0.276906013 -0.153995752 4.481052399 -0.135935202 0.916606367 0.097169034 0.363197714
1439803770.197788 0.278958440 -0.153312206 4.478818893 -0.136142209 0.916028678 0.097362638 0.364523321
1439803770.260290 0.281088710 -0.152599692 4.476532936 -0.136339769 0.915618360 0.097119361 0.365543902
1439803770.322792 0.283225417 -0.151873589 4.474277496 -0.136025310 0.915209234 0.097346105 0.366623729
1439803770.385294 0.285475969 -0.151040673 4.471990108 -0.135128170 0.915080309 0.097065292 0.367350966
1439803770.447796 0.287548423 -0.150334001 4.469762802 -0.134714767 0.914601922 0.097375229 0.368610024
1439803770.510298 0.289690375 -0.149577677 4.467541695 -0.134140745 0.914273143 0.098225884 0.369408429
1439803770.572797 0.350985646 -0.184900790 4.167876720 -0.129570395 0.932120621 0.068340801 0.331198126
1439803770.635300 0.291605592 -0.148925245 4.465556622 -0.135259762 0.913425863 0.099045843 0.370874554
1439803770.697800 0.291766405 -0.148671329 4.465256691 -0.133759812 0.913376093 0.098181814 0.371769726
1439803770.760303 0.291944623 -0.148747563 4.464866638 -0.134634599 0.912965536 0.098541178 0.372366905
1439803770.822802 0.293458104 -0.148569226 4.462599754 -0.135661900 0.912104249 0.098288581 0.374167114
1439803770.885300 0.295013428 -0.147900045 4.460840225 -0.136681646 0.911596060 0.097476982 0.375245214
1439803770.947802 0.296498060 -0.147535682 4.459840775 -0.135388792 0.911456227 0.098488212 0.375789195
1439803771.010304 0.297417641 -0.147159934 4.459099770 -0.136051625 0.911059558 0.098882139 0.376407772
1439803771.072807 0.298595548 -0.146648943 4.458147526 -0.137005702 0.910930634 0.098010823 0.376601517
1439803771.135308 0.299712420 -0.146356225 4.456908226 -0.137364015 0.910544693 0.098062523 0.377389997
1439803771.197806 0.300734639 -0.146034956 4.455873489 -0.138179317 0.910363674 0.097731657 0.377614856
1439803771.260310 0.301819801 -0.145738482 4.454724312 -0.138885945 0.910008430 0.097656481 0.378230900
1439803771.322814 0.303435087 -0.145206094 4.453294754 -0.138158277 0.909811556 0.097661972 0.378968745
1439803771.385310 0.304274559 -0.145246327 4.452516556 -0.140957579 0.909508586 0.097793818 0.378631085
1439803771.447812 0.305505157 -0.144634128 4.450975418 -0.139318228 0.908903122 0.097417451 0.380782515
1439803771.510317 0.307014108 -0.144042015 4.449609756 -0.138112038 0.908867061 0.097153954 0.381374925
1439803771.572814 0.308098793 -0.143720865 4.448503017 -0.137850806 0.908660114 0.097679481 0.381827980
1439803771.635318 0.309221506 -0.143394947 4.447296619 -0.138418600 0.908185244 0.098255634 0.382603854
1439803771.697820 0.310317993 -0.143058896 4.446129322 -0.139740452 0.907686770 0.098317154 0.383289814
1439803771.760321 0.311881304 -0.142425835 4.444739342 -0.138383612 0.907490671 0.098337471 0.384240031
1439803771.822821 0.312999249 -0.142125845 4.443598747 -0.138523161 0.907196939 0.098526411 0.384834439
1439803771.885323 0.314098239 -0.141799390 4.442453861 -0.138674006 0.906904221 0.098194346 0.385554343
1439803771.947824 0.315516949 -0.141261756 4.441133976 -0.138166964 0.906617939 0.097230285 0.386652380
1439803772.010324 0.316665292 -0.140928805 4.439960480 -0.138794422 0.906259060 0.097052932 0.387312949
1439803772.072825 0.317807913 -0.140590847 4.438776493 -0.139874294 0.905789793 0.097413696 0.387931198
1439803772.135328 0.319112182 -0.140097618 4.437561035 -0.139322132 0.905511200 0.098194622 0.388582826
1439803772.197828 0.320299506 -0.139746547 4.436381817 -0.139743268 0.905193269 0.099168368 0.388925016
1439803772.260329 0.321521878 -0.139341831 4.435154438 -0.139585897 0.904901564 0.099808246 0.389496148
1439803772.322833 0.322710037 -0.138977408 4.433962822 -0.139631405 0.904724061 0.099595986 0.389946312
1439803772.385334 0.324369788 -0.138724744 4.433863640 -0.140724868 0.905268967 0.099524118 0.388303429
1439803772.447847 0.325115204 -0.138137519 4.431629181 -0.139132470 0.904198885 0.099285819 0.391419023
1439803772.510335 0.326336145 -0.137778223 4.430472374 -0.138880745 0.903820455 0.099815801 0.392246783
1439803772.572836 0.327549100 -0.137346447 4.429298401 -0.139281332 0.903223157 0.100219071 0.393376201
1439803772.635338 0.328774333 -0.136967242 4.428132057 -0.141295955 0.902423084 0.100811683 0.394341379
1439803772.697839 0.329969406 -0.136580050 4.426990509 -0.141729087 0.901848853 0.101272844 0.395379931
1439803772.760341 0.331175685 -0.136187732 4.425841808 -0.141891375 0.901320577 0.101536147 0.396457374
1439803772.822849 0.332413912 -0.135771334 4.424701691 -0.142108157 0.900833666 0.101378314 0.397525430
1439803772.885346 0.333667040 -0.134982705 4.422794819 -0.142299071 0.900443852 0.101056352 0.398421139
1439803772.947845 0.334914446 -0.134545326 4.421673298 -0.143306479 0.899909377 0.100742869 0.399345994
1439803773.010345 0.336135983 -0.134514451 4.421257019 -0.144676253 0.899185658 0.100348160 0.400579780
1439803773.072847 0.337332010 -0.134116828 4.420158386 -0.144453794 0.898755312 0.100489035 0.401589245
1439803773.135350 0.338553190 -0.133726120 4.419004440 -0.143318236 0.898448408 0.100692451 0.402630568
1439803773.197851 0.339809299 -0.133306980 4.417881012 -0.143236533 0.898041606 0.100196727 0.403689504
1439803773.260353 0.341035008 -0.132912755 4.416748524 -0.143263742 0.897626638 0.099460721 0.404783249
1439803773.322853 0.342244625 -0.132499218 4.415636539 -0.143102929 0.897283196 0.098681062 0.405791163
1439803773.385358 0.343536377 -0.132113934 4.414505959 -0.143675327 0.896987796 0.097995117 0.406407744
1439803773.447862 0.344750047 -0.131735981 4.413401604 -0.143664747 0.896787703 0.097702451 0.406923205
1439803773.510356 0.346029162 -0.131326914 4.412276745 -0.144740894 0.896582842 0.097696774 0.406994641
1439803773.572856 0.347277761 -0.130929530 4.411149979 -0.145656601 0.896331251 0.098613948 0.407000989
1439803773.635360 0.348601341 -0.130462706 4.409988403 -0.147668749 0.896087885 0.099614605 0.406567752
1439803773.697857 0.349819779 -0.130066514 4.408870220 -0.149309069 0.895740688 0.101188704 0.406344920
1439803773.760358 0.351018906 -0.129657745 4.407742500 -0.151087925 0.895373225 0.102141321 0.406258941
1439803773.822873 0.352288604 -0.129214883 4.406585693 -0.150769323 0.895514667 0.102242030 0.406040192
1439803773.885359 0.353532434 -0.128791213 4.405465126 -0.148960799 0.895924330 0.101335019 0.406031311
1439803773.947860 0.354741931 -0.128375232 4.404338837 -0.147333443 0.896234930 0.099940360 0.406285197
1439803774.010360 0.355996966 -0.127946198 4.403185844 -0.146870211 0.896441936 0.098729007 0.406292439
1439803774.072862 0.357223511 -0.127508342 4.402080059 -0.146907717 0.896539092 0.098432951 0.406136304
1439803774.135362 0.358472466 -0.127088130 4.400942802 -0.146883011 0.896675646 0.099012144 0.405702770
1439803774.197862 0.359642625 -0.126700461 4.399834156 -0.147001758 0.896635652 0.099386625 0.405656546
1439803774.260364 0.360851526 -0.126310885 4.398697376 -0.147059321 0.896635532 0.099283241 0.405661255
1439803774.322864 0.362045050 -0.125898480 4.397595406 -0.146008492 0.896930277 0.098303601 0.405627847
1439803774.385365 0.363241553 -0.125463963 4.396398544 -0.143096372 0.897383809 0.097676419 0.405814022
1439803774.447867 0.364453793 -0.125105679 4.395246029 -0.140864819 0.897736013 0.097814150 0.405782580
1439803774.510368 0.365638614 -0.124652445 4.394030094 -0.139818057 0.897748530 0.098135054 0.406039447
1439803774.572869 0.366739750 -0.124306560 4.392897606 -0.138998464 0.897709787 0.100176238 0.405907959
1439803774.635371 0.367905498 -0.123958349 4.391724586 -0.138574734 0.897561133 0.102302931 0.405851156
1439803774.697874 0.369102836 -0.123670101 4.390530586 -0.137902394 0.897333086 0.104174331 0.406108260
1439803774.760371 0.370242476 -0.123364091 4.389369011 -0.138007864 0.897263050 0.104507312 0.406141639
1439803774.822873 0.371398807 -0.122965515 4.388250351 -0.139168501 0.896992743 0.103670202 0.406557024
1439803774.885377 0.372624278 -0.122616649 4.387105942 -0.140713319 0.896754622 0.102655783 0.406807870
1439803774.947876 0.373891234 -0.122203708 4.385989189 -0.141737446 0.896782994 0.101886541 0.406583220
1439803775.010392 0.375023484 -0.121890426 4.384835243 -0.142054588 0.896483481 0.101886228 0.407132626
1439803775.072879 0.376296282 -0.121469796 4.383672714 -0.143465936 0.896271288 0.101241514 0.407265872
1439803775.135380 0.377508283 -0.121104479 4.382488728 -0.144422248 0.895978093 0.101283871 0.407562286
1439803775.197881 0.378740788 -0.120747328 4.381288528 -0.145100728 0.895639241 0.101164915 0.408095270
1439803775.260385 0.379916668 -0.120418966 4.380172729 -0.146365389 0.895267546 0.101194061 0.408451885
1439803775.322886 0.381242633 -0.119974613 4.379009247 -0.147361785 0.895143688 0.100708582 0.408485025
1439803775.385385 0.382576585 -0.119512200 4.377796650 -0.147472560 0.894964218 0.101274714 0.408698291
1439803775.447887 0.383927107 -0.119034708 4.376585960 -0.147463486 0.894841313 0.102155156 0.408751607
1439803775.510388 0.385244966 -0.118551254 4.375432968 -0.147364631 0.894721508 0.103586048 0.408689290
1439803775.572889 0.386550188 -0.118084908 4.374268532 -0.147169337 0.894639015 0.105009980 0.408576936
1439803775.635393 0.387904882 -0.117731869 4.373037338 -0.146721229 0.894484401 0.106376670 0.408722967
1439803775.697894 0.389108539 -0.117209375 4.371935844 -0.146107495 0.894343257 0.106700025 0.409167290
1439803775.760395 0.390542030 -0.116698086 4.370726585 -0.144416943 0.894570470 0.106216520 0.409396440
1439803775.822895 0.391779780 -0.116267443 4.369591236 -0.143716618 0.894510388 0.105210111 0.410033524
1439803775.885396 0.393077016 -0.115810275 4.368438244 -0.143097833 0.894408464 0.103889778 0.410808325
1439803775.947899 0.394442320 -0.115345776 4.367267609 -0.142540008 0.894249082 0.103223771 0.411516368
1439803776.010400 0.395795107 -0.114894032 4.366100788 -0.142644480 0.893933296 0.103861235 0.412005603
1439803776.072900 0.397111773 -0.114437699 4.364925861 -0.142704934 0.893533289 0.104619950 0.412659913
1439803776.135400 0.398436189 -0.114009440 4.363749504 -0.143567324 0.893145084 0.104552291 0.413217992
1439803776.197903 0.399753451 -0.113576472 4.362586021 -0.143886879 0.892765701 0.104130216 0.414032489
1439803776.260401 0.401155353 -0.113063574 4.361418724 -0.144707933 0.892486870 0.103365563 0.414538771
1439803776.322903 0.402551532 -0.112567186 4.360237122 -0.144211128 0.892353654 0.103486329 0.414968282
1439803776.385415 0.403649330 -0.112231135 4.359173298 -0.143437192 0.891764998 0.104867302 0.416153640
1439803776.447907 0.405004382 -0.111761093 4.357998848 -0.143606305 0.891366959 0.106453083 0.416545212
1439803776.510403 0.406845331 -0.110621035 4.356608868 -0.143504500 0.892043233 0.104652844 0.415587664
1439803776.572908 0.408187866 -0.109847844 4.354280472 -0.142911613 0.890484571 0.103732504 0.419348329
1439803776.760410 0.408849239 -0.109827340 4.353863716 -0.143063426 0.890589118 0.103255130 0.419192374
1439803777.072914 0.409527183 -0.109828889 4.353694439 -0.144122854 0.891199172 0.102767415 0.417650044
1439803777.135416 0.409225345 -0.110097349 4.354067802 -0.143924341 0.891635358 0.104769602 0.416287780
1439803777.260418 0.408890963 -0.110037684 4.354452133 -0.140267894 0.891727328 0.106699303 0.416848332
1439803777.322918 0.409212589 -0.110122085 4.354298115 -0.138113856 0.891937912 0.108290255 0.416706800
1439803777.447920 0.409575105 -0.109762311 4.353954315 -0.140885532 0.891781092 0.105455570 0.416841567
1439803777.572925 0.409716368 -0.109713197 4.354161263 -0.142060950 0.892418325 0.105061658 0.415174901
1439803777.635425 0.409737587 -0.109259784 4.354268551 -0.137407854 0.892873406 0.103665084 0.416112512
1439803777.760429 0.409732699 -0.109231472 4.353773117 -0.134077385 0.891763449 0.104876250 0.419263750
1439803777.822929 0.409596324 -0.109382808 4.353979111 -0.140068159 0.891743362 0.103018582 0.417806029
1439803777.947931 0.409158349 -0.109624565 4.353966236 -0.139979914 0.891158998 0.105470881 0.418469965
1439803778.010434 0.408760548 -0.109757364 4.353534222 -0.138584673 0.889594018 0.107603744 0.421708733
1439803778.072934 0.408497930 -0.109922290 4.353357315 -0.135765359 0.888627827 0.109686367 0.424119353
1439803778.260441 0.408097148 -0.109142125 4.353617668 -0.136315420 0.888752699 0.105083160 0.424846232
1439803778.322940 0.408330917 -0.108955681 4.353306770 -0.138708293 0.889268696 0.103003249 0.423499167
1439803778.447943 0.408374310 -0.109585583 4.353119373 -0.138447568 0.888467908 0.106679395 0.424354255
1439803778.572947 0.408096910 -0.110061407 4.353106499 -0.137497678 0.887635887 0.109858871 0.425591409
1439803778.697953 0.408007622 -0.109941244 4.352646351 -0.138992518 0.886662543 0.108709797 0.427425802
1439803778.885458 0.408055186 -0.110247970 4.352740288 -0.140192345 0.886380076 0.110344738 0.427200675
1439803779.322960 0.407391667 -0.110428393 4.352545738 -0.140837044 0.884823740 0.111919247 0.429797560
