0.104128 -0.000153022 -0.000801062 0.047132164 -0.000861978 -0.000101129 0.000250941 0.999999583
0.208254 -0.000412998 -0.001442593 0.094216436 -0.000825723 -0.000284157 0.000795653 0.999999285
0.312504 -0.000589201 -0.002277219 0.141109765 -0.000396237 -0.000293139 0.001517177 0.999998689
0.416625 -0.001076284 -0.002992041 0.188128859 -0.000403232 -0.000091546 0.001675328 0.999998510
0.520755 -0.001269572 -0.003703919 0.235709503 -0.000839074 -0.000110724 0.001947214 0.999997735
0.625004 -0.001816743 -0.004394872 0.284088999 -0.001402337 0.000125628 0.002556877 0.999995708
0.729128 -0.001671735 -0.005152041 0.330747902 -0.001733527 -0.000066267 0.002414732 0.999995589
0.833252 -0.002306521 -0.005982029 0.379303455 -0.000897032 -0.000066265 0.001966246 0.999997675
0.937506 -0.002348037 -0.006462488 0.426384956 0.000321401 -0.000280062 0.000576705 0.999999762
1.041630 -0.003166238 -0.007466916 0.475286573 0.000686417 -0.000046401 -0.001210566 0.999998987
1.145875 -0.003262999 -0.008287519 0.523424506 0.000764509 -0.000221824 -0.002369498 0.999996841
1.250003 -0.003949515 -0.009171022 0.572867572 0.000239256 -0.000039190 -0.002757053 0.999996185
1.354255 -0.003929510 -0.009874370 0.620380402 -0.001006814 0.000047839 -0.001709370 0.999998033
1.458401 -0.004125623 -0.010774571 0.669067562 -0.001972276 0.000171040 0.000194401 0.999998033
1.562526 -0.004208962 -0.011457703 0.717781961 -0.000825954 0.000019980 0.001349540 0.999998748
1.666754 -0.004464854 -0.012199640 0.767445087 0.000133537 -0.000002204 0.001872612 0.999998212
1.771007 -0.004711926 -0.013031676 0.815741599 0.000906154 0.000259706 0.000832130 0.999999225
1.875129 -0.005261608 -0.013762652 0.865532935 -0.000074998 0.000752413 -0.000671219 0.999999464
1.979377 -0.005531367 -0.014266483 0.914327919 -0.001778553 0.001031435 -0.000975974 0.999997377
2.083502 -0.006330403 -0.014822105 0.964262843 -0.002765608 0.001455552 0.000130268 0.999995112
2.187759 -0.005541679 -0.015335866 1.013701558 -0.001778710 0.001095180 0.002186222 0.999995410
2.291881 -0.005745854 -0.016273633 1.063553810 -0.000808979 0.001068198 0.002590442 0.999995768
2.396132 -0.005942693 -0.017054671 1.114118814 0.000511552 0.001383086 0.002709784 0.999995232
2.500257 -0.006268232 -0.017935665 1.163852453 0.000895314 0.001687578 0.000790784 0.999997854
2.604383 -0.006934940 -0.018820582 1.214558125 0.002101591 0.002029023 0.000120692 0.999995708
2.708628 -0.006657241 -0.019871144 1.263879538 0.001694380 0.001927339 -0.000179596 0.999996662
2.812757 -0.006739249 -0.020808430 1.314440250 0.001193218 0.001889617 -0.000431987 0.999997377
2.916881 -0.006394965 -0.021605417 1.364408016 0.000280135 0.001536560 -0.000645563 0.999998569
3.021006 -0.006782958 -0.022320393 1.415392160 0.000250528 0.001579844 -0.002209075 0.999996245
3.125256 -0.006897680 -0.023562290 1.465663075 0.000303530 0.001679557 -0.003204939 0.999993384
3.229379 -0.007099355 -0.024179481 1.516366124 0.000159517 0.001641024 -0.004246480 0.999989629
3.333502 -0.007243252 -0.025246497 1.567464471 0.000039902 0.001525698 -0.004942665 0.999986589
3.437629 -0.007292082 -0.026085988 1.618704319 0.000071512 0.001328010 -0.004448050 0.999989212
3.541754 -0.007362498 -0.027300192 1.669411182 0.000234108 0.000919055 -0.003906682 0.999991894
3.645880 -0.007739106 -0.028201008 1.720686913 0.000153034 0.000605041 -0.003710221 0.999992907
3.750007 -0.007723339 -0.028901514 1.772283196 -0.000355166 0.000036322 -0.003776381 0.999992788
3.854131 -0.007986125 -0.029807944 1.823749423 -0.000234537 -0.000575660 -0.003676073 0.999993026
3.958276 -0.008535309 -0.030655986 1.875048995 -0.000498991 -0.001110907 -0.003828829 0.999991953
4.062383 -0.008848350 -0.031493392 1.926717162 -0.000919660 -0.001669651 -0.003868926 0.999990702
4.166506 -0.009290333 -0.032311045 1.978655577 -0.001456315 -0.002047279 -0.003179513 0.999991775
4.270633 -0.009585958 -0.033129543 2.030568123 -0.001472627 -0.002313697 -0.002633603 0.999992788
4.374756 -0.010217842 -0.033769645 2.083221912 -0.001140707 -0.002526637 -0.001295564 0.999995351
4.478884 -0.010789635 -0.034444895 2.135816336 -0.001239445 -0.002604081 -0.000600352 0.999995649
4.583132 -0.011371583 -0.035201982 2.186436892 -0.001680223 -0.002362440 0.000349481 0.999995708
4.687259 -0.011290931 -0.036387514 2.235876322 -0.002125324 -0.001983849 0.000812454 0.999995470
4.791384 -0.011925823 -0.036915697 2.289128542 -0.001844443 -0.001890503 0.001551305 0.999995291
4.895505 -0.012142336 -0.038029555 2.340322971 -0.001439357 -0.001652378 0.001936829 0.999995708
4.999630 -0.013268765 -0.038448289 2.392021418 -0.001272395 -0.001281065 0.002046142 0.999996245
5.103758 -0.014292530 -0.039335348 2.444159031 -0.001114486 -0.000750940 0.001291914 0.999998271
5.207869 -0.014213948 -0.040270969 2.494532585 -0.001850752 -0.000723967 0.000051416 0.999998033
5.311998 -0.014827440 -0.040379465 2.546129465 -0.002331529 -0.000278127 -0.001807316 0.999995589
5.416245 -0.015482055 -0.041397963 2.596655369 -0.002675412 0.000087291 -0.003639282 0.999989808
5.520244 -0.015549352 -0.042029861 2.647552252 -0.002480961 0.000296574 -0.005756713 0.999980330
5.624505 -0.016411303 -0.042529620 2.697607279 -0.002168837 0.000719491 -0.007113761 0.999972105
5.728633 -0.016418591 -0.043331839 2.748110771 -0.002154645 0.000955883 -0.008001641 0.999965191
5.832639 -0.017333712 -0.044112686 2.798424006 -0.002344921 0.001386480 -0.008117869 0.999963343
5.936757 -0.017094364 -0.044849616 2.848619223 -0.002159757 0.001258839 -0.007869639 0.999965906
6.040889 -0.017911416 -0.046038747 2.899560690 -0.001763123 0.001310227 -0.007346481 0.999970555
6.145012 -0.017000174 -0.046799511 2.947750330 -0.001697686 0.001001847 -0.007243033 0.999971807
6.249010 -0.017716629 -0.048014294 2.998553514 -0.001913862 0.000818549 -0.007174132 0.999972105
6.353135 -0.017704349 -0.048249092 3.048098326 -0.001433523 0.000653513 -0.007162910 0.999973118
6.457260 -0.017887756 -0.049698137 3.097960949 -0.001761551 0.000248372 -0.007280215 0.999971926
6.561386 -0.019231020 -0.049266592 3.147821903 -0.001841500 0.000036815 -0.006805546 0.999975145
6.665511 -0.018723661 -0.050358683 3.197001219 -0.002497471 -0.000799148 -0.005587324 0.999980927
6.769636 -0.018947313 -0.051752597 3.246151686 -0.002856044 -0.001236587 -0.004975681 0.999982774
6.873636 -0.019771544 -0.052103575 3.296216488 -0.002777661 -0.001681460 -0.003556665 0.999988377
6.977759 -0.020182801 -0.052870780 3.345242977 -0.002512117 -0.001960933 -0.002779847 0.999991059
7.081885 -0.020236135 -0.053535569 3.394750118 -0.002387866 -0.002198235 -0.002170285 0.999992371
7.186013 -0.020947292 -0.054227415 3.443919182 -0.002157439 -0.002150910 -0.002208126 0.999992907
7.290011 -0.021264521 -0.054927338 3.492811441 -0.001861324 -0.002196607 -0.002250212 0.999993324
7.394135 -0.021952333 -0.055789508 3.541931629 -0.001531133 -0.002023127 -0.002777285 0.999992907
7.498256 -0.022765743 -0.056751925 3.590362549 -0.001736102 -0.001840236 -0.003329479 0.999991238
7.602386 -0.023176594 -0.057750311 3.639056921 -0.002555780 -0.001798010 -0.003535234 0.999988854
7.706383 -0.024066225 -0.058725983 3.687274933 -0.003282243 -0.001614308 -0.004140270 0.999984741
7.810511 -0.024395460 -0.059145290 3.735954046 -0.002426435 -0.001562626 -0.003910078 0.999988198
7.914632 -0.025081236 -0.060055315 3.784817696 -0.001338011 -0.001497737 -0.004082259 0.999989629
8.018763 -0.025403051 -0.060845532 3.833471537 -0.000688923 -0.001656570 -0.003732512 0.999991417
8.122760 -0.025896415 -0.061732709 3.880433083 -0.001413915 -0.001428329 -0.002344821 0.999995232
8.226883 -0.026232628 -0.062144689 3.928810596 -0.002376819 -0.001054668 -0.001144696 0.999995947
8.331011 -0.026320076 -0.063016914 3.976621866 -0.002689573 -0.000691043 -0.000284430 0.999996066
8.435138 -0.026392817 -0.063514352 4.024759769 -0.001784716 -0.000295621 -0.000457102 0.999998212
8.539282 -0.026431469 -0.064071201 4.072358131 -0.000527057 0.000005118 -0.001732132 0.999998331
8.643387 -0.027295578 -0.065281883 4.120647907 0.000415827 0.000695740 -0.002332839 0.999996960
8.747509 -0.027725179 -0.066309333 4.168825150 0.000346407 0.001505203 -0.003923303 0.999991119
8.851635 -0.027929384 -0.067147240 4.217393875 -0.000730642 0.002077495 -0.004385231 0.999987960
8.955763 -0.028097352 -0.068376191 4.265409946 -0.001955219 0.002598268 -0.004309575 0.999985397
9.059886 -0.027684730 -0.068163775 4.314029217 -0.002041884 0.002803458 -0.003963486 0.999986112
9.164012 -0.027570860 -0.069161415 4.362409592 -0.001664444 0.003334380 -0.004549727 0.999982655
9.268135 -0.027306337 -0.069577925 4.410564899 -0.001557047 0.003882286 -0.005126185 0.999978125
9.372259 -0.027504161 -0.070458300 4.459113121 -0.001336360 0.004613682 -0.006479346 0.999967456
9.476392 -0.027444720 -0.071159035 4.506329060 -0.000853250 0.005149536 -0.006566186 0.999964833
9.580513 -0.026659548 -0.071449876 4.554827690 -0.000367759 0.005476577 -0.006775678 0.999961972
9.684640 -0.026968237 -0.072964445 4.603258133 -0.000399783 0.006184534 -0.006768337 0.999957860
9.788784 -0.026129242 -0.073825449 4.651189327 -0.000980481 0.006493350 -0.006520476 0.999957144
9.892888 -0.026536360 -0.074383035 4.700086117 -0.001344684 0.007055824 -0.005967241 0.999956369
9.997010 -0.025636062 -0.075209320 4.747922421 -0.001517016 0.007147431 -0.005625070 0.999957502
10.101140 -0.024808951 -0.076041713 4.797328472 -0.001479797 0.007059176 -0.004541817 0.999963701
10.205260 -0.025179401 -0.076731443 4.845710754 -0.001911360 0.007050367 -0.003686037 0.999966502
10.309390 -0.025083005 -0.077271000 4.894162655 -0.001682813 0.006896558 -0.003107901 0.999969959
10.413390 -0.024406563 -0.077921063 4.942554474 -0.001614952 0.006221362 -0.002175885 0.999976993
10.517510 -0.024185911 -0.078514427 4.989805222 -0.002110771 0.005683524 -0.001350300 0.999980688
10.621640 -0.024042308 -0.079177141 5.037689686 -0.002193078 0.005180196 -0.000564221 0.999984026
10.725760 -0.024010830 -0.079539694 5.086171150 -0.002209694 0.004585772 -0.000259889 0.999987006
10.829890 -0.023163781 -0.080458984 5.135284424 -0.001810651 0.003813135 -0.000212778 0.999991059
10.934020 -0.023165669 -0.081358686 5.183193684 -0.001756897 0.003281308 0.000181839 0.999993026
11.038140 -0.022839045 -0.082468964 5.231307507 -0.000629556 0.002752950 0.001464685 0.999994934
11.142270 -0.022958715 -0.082681216 5.281186104 -0.000200373 0.002408955 0.003715135 0.999990165
11.246390 -0.022542579 -0.083456300 5.329519272 -0.001369443 0.001863400 0.007515847 0.999969065
11.350520 -0.022022571 -0.084584326 5.379008293 -0.002252958 0.001009505 0.010983636 0.999936640
11.454640 -0.022314392 -0.085104212 5.426766872 -0.000561130 0.000557659 0.012677578 0.999919355
11.558780 -0.022171449 -0.085728362 5.475634575 0.001149178 0.000661666 0.012188573 0.999924839
11.663020 -0.023087446 -0.087157637 5.523345947 0.001878955 0.001251920 0.010862919 0.999938428
11.767160 -0.022944745 -0.088296138 5.572195053 0.001900083 0.001498585 0.011072938 0.999935746
11.871260 -0.023233442 -0.089268677 5.619879246 0.000086202 0.001948557 0.012762343 0.999916673
11.975390 -0.022623774 -0.090252623 5.669804573 -0.001329995 0.002039684 0.015547028 0.999876201
12.079640 -0.022430833 -0.090802848 5.718706131 -0.001795809 0.002124122 0.017042683 0.999850869
12.183770 -0.022438513 -0.092122853 5.767424107 -0.002140237 0.002094239 0.018623641 0.999822080
12.287890 -0.022171874 -0.092262745 5.816967964 -0.002236951 0.002449650 0.017413363 0.999842882
12.392020 -0.022467874 -0.092783704 5.865384579 -0.001591222 0.003261887 0.014888529 0.999882579
12.496260 -0.022680104 -0.093464896 5.914337158 -0.000459612 0.003760130 0.012963143 0.999908805
12.600390 -0.022460546 -0.094226949 5.962727070 -0.000108735 0.004174156 0.011394910 0.999926329
12.704520 -0.022449218 -0.094993830 6.013096333 -0.000814581 0.004317890 0.010441937 0.999935806
12.808640 -0.022165235 -0.096287034 6.061705589 -0.000830466 0.004171506 0.009754436 0.999943376
12.912790 -0.022249475 -0.096800104 6.111179352 0.000154139 0.003804905 0.009394798 0.999948621
13.016890 -0.021723151 -0.098222166 6.160691738 0.001973809 0.003718541 0.006204231 0.999971867
13.121140 -0.021802206 -0.099357158 6.210678577 0.002632221 0.003674650 0.003209658 0.999984622
13.225270 -0.022749800 -0.099658974 6.262079239 0.002150718 0.003785369 0.001747948 0.999988973
13.329390 -0.022604492 -0.100728661 6.311503410 0.001151301 0.004142229 0.000033461 0.999990761
13.433520 -0.022767268 -0.101630345 6.358902454 0.000153297 0.004499241 -0.001110188 0.999989271
13.537640 -0.023120891 -0.103073590 6.412089825 -0.000466009 0.003936642 0.001098120 0.999991536
13.641770 -0.021974843 -0.104302190 6.461995602 -0.000391457 0.002913729 0.001653422 0.999994338
13.745910 -0.022358419 -0.105545029 6.513153076 0.001601357 0.002015640 0.001845946 0.999994993
13.850020 -0.023353960 -0.106111236 6.562514782 0.003723712 0.001428318 0.001105680 0.999991417
13.954150 -0.023668665 -0.106757864 6.614087105 0.004042492 0.000951609 -0.000842461 0.999991000
14.058400 -0.024478324 -0.108269960 6.665222168 0.003539692 0.000971121 -0.002854012 0.999989212
14.162520 -0.024572236 -0.109602824 6.714481354 0.001941111 0.001190822 -0.004329890 0.999988019
14.266640 -0.024082802 -0.108735919 6.766344547 0.001225315 0.001073400 -0.003953808 0.999990821
14.370770 -0.025156090 -0.110712387 6.817032814 0.000698176 0.001428109 -0.004414901 0.999988973
14.474890 -0.025990680 -0.112316087 6.868396759 0.000222945 0.001517342 -0.003502035 0.999992669
14.579010 -0.026461307 -0.113117792 6.920024395 0.000009207 0.001645272 -0.002457977 0.999995589
14.683140 -0.026914602 -0.114536509 6.971619129 -0.000058434 0.001903129 -0.001222661 0.999997437
14.787290 -0.026216451 -0.114822239 7.022484779 -0.000611672 0.001917399 0.000897147 0.999997556
14.891390 -0.025674779 -0.115678787 7.074528694 -0.001333877 0.002039483 0.002864958 0.999992907
14.995520 -0.026029486 -0.116425097 7.126444340 -0.001245150 0.002227114 0.004222567 0.999987841
15.099640 -0.026003819 -0.117339246 7.177010059 0.000922464 0.002416590 0.003014741 0.999992073
15.203790 -0.026651867 -0.118378438 7.229199409 0.003486942 0.002676783 -0.000789325 0.999990046
15.308020 -0.026390638 -0.119561121 7.280395508 0.003378487 0.003216716 -0.005074821 0.999976218
15.412140 -0.027087756 -0.120749563 7.333080292 0.001500487 0.003891699 -0.009187167 0.999949098
15.516270 -0.027080499 -0.121348128 7.385080338 0.000594163 0.004410272 -0.010084627 0.999939263
15.620390 -0.026790161 -0.122466989 7.436914921 0.000260974 0.004035325 -0.008659426 0.999954343
15.724520 -0.026198279 -0.123221502 7.489447594 0.000320931 0.003334573 -0.007039930 0.999969602
15.828640 -0.026309412 -0.124250479 7.541601658 0.000568848 0.002933720 -0.005953983 0.999977827
15.932650 -0.026381880 -0.125273332 7.594503880 0.000840160 0.002704429 -0.005862683 0.999978781
16.036770 -0.026394714 -0.126116306 7.646875858 0.000702825 0.002603666 -0.006643856 0.999974251
16.140900 -0.026525855 -0.126915619 7.700138569 0.000395695 0.002582768 -0.007444029 0.999968886
16.245020 -0.026368864 -0.128167510 7.753288746 0.000487253 0.002345552 -0.006673691 0.999974847
16.349140 -0.026390582 -0.129195929 7.806868553 0.000958321 0.002159240 -0.006316639 0.999977231
16.453270 -0.026535410 -0.129897788 7.860074043 0.001210093 0.002020492 -0.006412475 0.999976635
16.557390 -0.026470602 -0.131256908 7.913780689 0.001122153 0.001697191 -0.006278196 0.999978244
16.661520 -0.026838176 -0.131857514 7.967100620 0.001406484 0.001770781 -0.006758997 0.999974608
16.765650 -0.026717387 -0.132983297 8.021183968 0.001451988 0.001514946 -0.006670882 0.999975562
16.869650 -0.027258741 -0.133623481 8.075074196 0.001668256 0.001399229 -0.007106135 0.999972403
16.973770 -0.027142778 -0.134819075 8.128323555 0.001748067 0.001205010 -0.006991012 0.999973297
17.077890 -0.027350895 -0.136062533 8.181911469 0.001700244 0.001139161 -0.007424928 0.999970317
17.182030 -0.027477397 -0.137042254 8.236597061 0.001739547 0.001053246 -0.007028230 0.999973238
17.286140 -0.027568093 -0.137872636 8.290105820 0.001950916 0.001100917 -0.006221260 0.999978125
17.390270 -0.027979095 -0.139054269 8.344324112 0.001749069 0.001332727 -0.005763154 0.999980927
17.494400 -0.027243163 -0.140510023 8.400959015 0.001292519 0.000961833 -0.004924186 0.999986529
17.598420 -0.027546642 -0.141330451 8.454876900 0.001361125 0.001027589 -0.005275675 0.999984622
17.702520 -0.026626650 -0.142657340 8.510995865 0.001350224 0.000589722 -0.005016786 0.999986351
17.806640 -0.027940694 -0.143645436 8.565443993 0.001657282 0.001110079 -0.005440305 0.999983191
17.910650 -0.027939774 -0.145341784 8.621371269 0.001177018 0.001183776 -0.006147190 0.999979734
18.014770 -0.028344933 -0.145330280 8.676103592 0.000508703 0.001651923 -0.006246964 0.999978960
18.118900 -0.028499272 -0.145839110 8.731897354 0.000463092 0.001911789 -0.005969435 0.999980271
18.223020 -0.028278876 -0.147142157 8.787074089 0.001179307 0.002128617 -0.006419380 0.999976456
18.327020 -0.028359976 -0.148641497 8.841657639 0.001614364 0.002326289 -0.006455992 0.999975145
18.431150 -0.028754875 -0.149519131 8.897279739 0.001498828 0.002695434 -0.007223015 0.999969125
18.535360 -0.028584253 -0.150861487 8.952748299 0.000801592 0.002511879 -0.006636007 0.999974489
18.639420 -0.028520327 -0.151490852 9.008834839 0.000820767 0.002192770 -0.006711361 0.999974728
18.743480 -0.028802127 -0.152913913 9.064121246 0.000665270 0.002288843 -0.006972122 0.999972820
18.847540 -0.029030520 -0.153918982 9.120182991 0.000488568 0.002358672 -0.007726301 0.999967217
18.951650 -0.029135272 -0.154497117 9.175419807 0.000756372 0.002466606 -0.008296159 0.999962211
19.055650 -0.029488284 -0.155422956 9.231343269 0.000540018 0.002508442 -0.008294026 0.999962270
19.159650 -0.029204395 -0.156531081 9.287242889 0.000543158 0.002307720 -0.007747621 0.999967158
19.263770 -0.029147252 -0.157507077 9.344022751 0.000227295 0.002110858 -0.006789859 0.999974668
19.367870 -0.029187743 -0.158584267 9.399386406 -0.000208536 0.002326821 -0.005854677 0.999980092
19.471780 -0.029324904 -0.159649909 9.456099510 0.000205843 0.002127759 -0.005282239 0.999983728
19.575900 -0.029692493 -0.160297126 9.511361122 0.000699803 0.002209002 -0.004268052 0.999988198
19.679910 -0.029334866 -0.161372840 9.567852020 -0.000212289 0.002310350 -0.003413530 0.999991477
19.784020 -0.029410928 -0.162387893 9.624389648 -0.001114115 0.002559620 -0.002089279 0.999993920
19.888070 -0.029424626 -0.163177505 9.680086136 -0.000601057 0.002669937 -0.001869419 0.999994516
19.992130 -0.029548731 -0.164348140 9.737132072 -0.000202824 0.002808749 -0.001639816 0.999994695
20.096150 -0.029781170 -0.165116757 9.793293953 0.000069659 0.003189894 -0.002356978 0.999992132
20.200150 -0.029751018 -0.166236952 9.849850655 0.000066669 0.003709920 -0.003325885 0.999987602
20.304270 -0.029896848 -0.166988820 9.906078339 0.000228881 0.004233622 -0.004135104 0.999982476
20.408270 -0.029810980 -0.168274045 9.962511063 0.000360663 0.004686709 -0.004767311 0.999977589
20.512310 -0.029782556 -0.169289395 10.019335747 0.000401491 0.005072942 -0.004717637 0.999975920
20.616400 -0.029338196 -0.170153543 10.074886322 0.000864709 0.005496576 -0.005025309 0.999971867
20.720420 -0.029493779 -0.170978636 10.132280350 0.001227266 0.005903422 -0.004519652 0.999971628
20.824520 -0.028490722 -0.172548220 10.187205315 0.000855730 0.006309379 -0.004448318 0.999969840
20.928690 -0.027885482 -0.173403159 10.244086266 0.000433608 0.006534435 -0.003959646 0.999970734
21.032780 -0.027285218 -0.174852088 10.298487663 0.000196729 0.006781973 -0.003535186 0.999970734
21.136780 -0.027244940 -0.175970182 10.355508804 0.001463655 0.006883579 -0.003297258 0.999969780
21.240880 -0.026244566 -0.177046537 10.411073685 0.002460683 0.006614051 -0.002500703 0.999971986
21.344920 -0.025499418 -0.178372860 10.466638565 0.002448434 0.006017962 -0.002525394 0.999975681
21.448900 -0.024714120 -0.179700941 10.523108482 0.002424872 0.005591393 -0.001979424 0.999979436
21.552900 -0.024735354 -0.180861816 10.580793381 0.002751043 0.005270644 -0.001858150 0.999980569
21.657020 -0.024556257 -0.182414740 10.637386322 0.002805458 0.004904190 -0.002206709 0.999981582
21.761020 -0.023673013 -0.183343545 10.694714546 0.002619269 0.004430414 -0.001745605 0.999985218
21.865030 -0.023252048 -0.184819281 10.751189232 0.002518814 0.003894016 -0.001805827 0.999987602
21.969150 -0.023137063 -0.185652420 10.808622360 0.001896823 0.003359368 -0.001311268 0.999991715
22.073170 -0.023430631 -0.186572596 10.866576195 0.001311025 0.003164167 -0.002222096 0.999991655
22.177150 -0.023167640 -0.187875152 10.923733711 0.001171560 0.003362306 -0.002250103 0.999991119
22.281150 -0.023153789 -0.189139113 10.981239319 0.001348479 0.003935663 -0.002738759 0.999987602
22.385270 -0.022957243 -0.189972967 11.040202141 0.001442469 0.004121912 -0.002091533 0.999988258
22.489270 -0.023161709 -0.191192120 11.098328590 0.001904548 0.004233718 -0.000788460 0.999988914
22.593280 -0.021823317 -0.192066431 11.156737328 0.003032684 0.004280966 -0.000384847 0.999986172
22.697420 -0.020556353 -0.193759903 11.215685844 0.003383223 0.003855549 -0.000100041 0.999986827
22.801400 -0.021476403 -0.194716573 11.273767471 0.003972797 0.003081383 -0.000376966 0.999987304
22.905400 -0.021384243 -0.195923060 11.332743645 0.003710561 0.002016207 -0.001075566 0.999990523
23.009400 -0.021808535 -0.197034180 11.390905380 0.002103346 0.001935118 -0.001563532 0.999994695
23.113490 -0.021782998 -0.198277667 11.450826645 0.000566721 0.002163052 -0.000927490 0.999997079
23.217420 -0.021761812 -0.199122861 11.509255409 0.000258720 0.002309672 -0.000308322 0.999997258
23.321400 -0.021925490 -0.199914768 11.567574501 0.001010470 0.002554534 -0.000185046 0.999996185
23.425400 -0.021944493 -0.201706350 11.626351357 0.000757538 0.002692043 0.000769726 0.999995768
23.529550 -0.021350391 -0.202551112 11.684603691 0.000686339 0.002758058 0.000581508 0.999995768
23.633550 -0.021428570 -0.203563720 11.744220734 0.000742325 0.002972586 0.000558635 0.999995112
23.737530 -0.020936057 -0.205141917 11.802486420 0.001162289 0.003127134 -0.000215698 0.999994397
23.841660 -0.021001577 -0.206445917 11.860481262 0.001385126 0.003549533 -0.000509252 0.999992609
23.945650 -0.020928375 -0.207463086 11.920214653 0.000476490 0.003945514 -0.000072664 0.999992073
24.049650 -0.020770699 -0.208549008 11.977999687 0.000177214 0.004082415 0.000104395 0.999991655
24.153670 -0.020674311 -0.209411323 12.037896156 0.000803473 0.004039482 0.000702053 0.999991238
24.257780 -0.020501047 -0.210758343 12.096442223 0.000890116 0.004093480 -0.000285446 0.999991179
24.361780 -0.020506211 -0.211733758 12.155233383 0.001792475 0.003945598 -0.000875961 0.999990225
24.465780 -0.020379968 -0.213062465 12.214057922 0.003285697 0.003536113 -0.001767638 0.999986768
24.569780 -0.020550296 -0.214738429 12.272249222 0.002926605 0.003258491 -0.002438316 0.999987423
24.673900 -0.020879313 -0.215665728 12.332140923 0.001378183 0.002757428 -0.002932012 0.999990940
24.777900 -0.020955555 -0.217157274 12.389042854 -0.000154328 0.002475765 -0.003562605 0.999990582
24.882030 -0.021301407 -0.218540609 12.447849274 0.000341988 0.001735829 -0.003644728 0.999991775
24.986020 -0.021249082 -0.219267324 12.505934715 0.001189077 0.000852382 -0.003423870 0.999993026
25.090170 -0.021688571 -0.220548734 12.564061165 0.000527701 0.000178909 -0.002976052 0.999995410
25.194150 -0.021546215 -0.221446007 12.622413635 0.000397690 -0.000528121 -0.002039032 0.999997675
25.298280 -0.021948017 -0.222609833 12.680336952 0.000717697 -0.000657688 -0.001984078 0.999997556
25.402400 -0.021994244 -0.223850176 12.739866257 0.001215486 -0.001064723 -0.001214289 0.999997973
25.506530 -0.022151288 -0.225118190 12.797979355 0.001214818 -0.001196163 -0.001380970 0.999997616
25.610540 -0.022675615 -0.226207241 12.857263565 0.001444055 -0.001165107 -0.000909862 0.999997854
25.714650 -0.022878155 -0.227649525 12.915636063 0.001634035 -0.001190651 -0.000591698 0.999997795
25.818650 -0.023354270 -0.228604034 12.973614693 0.002105615 -0.001236482 -0.000736085 0.999996722
25.922780 -0.023646273 -0.229771256 13.031558990 0.002045609 -0.001213741 -0.000452816 0.999997079
26.026980 -0.024035640 -0.231050223 13.090147972 0.002530714 -0.001206030 -0.000918081 0.999995649
26.130900 -0.024584819 -0.232625514 13.148410797 0.003087519 -0.001195342 0.000119894 0.999994516
26.235050 -0.024407167 -0.233686417 13.206135750 0.002237710 -0.001334562 0.000686731 0.999996364
26.339150 -0.025001705 -0.234966487 13.264385223 0.001879716 -0.001317322 0.001469394 0.999996305
26.443290 -0.024994299 -0.236048758 13.322793961 0.002450696 -0.001391985 0.001596697 0.999994755
26.547800 -0.025362693 -0.237216830 13.380933762 0.002806830 -0.001467809 0.001390678 0.999993980
26.651410 -0.025820581 -0.238729239 13.438842773 0.002318270 -0.001081084 0.000376222 0.999996662
26.757930 -0.026209163 -0.239572003 13.497660637 0.002009558 -0.001004329 -0.000128532 0.999997497
26.862580 -0.026622230 -0.240965322 13.556554794 0.002189262 -0.000850253 -0.000239885 0.999997199
26.963660 -0.026839178 -0.242614731 13.615995407 0.002481066 -0.000800949 -0.000099613 0.999996603
27.067820 -0.027366312 -0.244196713 13.674437523 0.002473257 -0.000770861 -0.000307205 0.999996603
27.171920 -0.028098894 -0.245392382 13.733296394 0.002700802 -0.000554339 -0.000511448 0.999996066
27.276060 -0.028489590 -0.246796161 13.792453766 0.002788152 -0.000374195 -0.001365231 0.999995112
27.380140 -0.029388286 -0.248006314 13.851848602 0.002372854 -0.000144932 -0.001737072 0.999995649
27.484700 -0.029646780 -0.249063045 13.910029411 0.003092961 0.000055521 -0.003323276 0.999989688
27.588410 -0.030867204 -0.250229418 13.969443321 0.003626386 0.000382600 -0.004284415 0.999984205
27.692530 -0.031034997 -0.251723409 14.025798798 0.003468445 0.000594259 -0.004708949 0.999982715
27.796540 -0.032171141 -0.253773987 14.080835342 0.002837417 0.001363645 -0.006158859 0.999976039
27.900670 -0.032659195 -0.254871964 14.138781548 0.002801341 0.001597411 -0.006671608 0.999972522
28.005230 -0.033967391 -0.256283611 14.192200661 0.003036174 0.002499859 -0.007376295 0.999965072
28.108940 -0.033627890 -0.257532656 14.252934456 0.002974093 0.002428259 -0.007794749 0.999962211
