1439803608.319953 -0.009025262 -0.001063049 0.019599704 0.001091484 -0.031029796 0.002394567 0.999514997
1439803608.382454 -0.010280461 -0.001175668 0.022075372 0.001235467 -0.034874260 0.002692912 0.999387324
1439803608.444955 -0.011501996 -0.001336834 0.026850004 0.001444900 -0.039707310 0.002957764 0.999205947
1439803608.507458 -0.012884190 -0.001726991 0.029880485 0.001470061 -0.044349950 0.003091048 0.999010205
1439803608.632458 -0.017123684 -0.001922113 0.035857834 0.001717281 -0.053556878 0.003108636 0.998558462
1439803608.694958 -0.019884713 -0.002546595 0.042096440 0.001558405 -0.059103217 0.003221033 0.998245478
1439803608.757459 -0.020618143 -0.002599671 0.042367648 0.001495915 -0.064455330 0.003384090 0.997913718
1439803608.819959 -0.026685562 -0.002632935 0.050341535 0.001887995 -0.069291100 0.004060235 0.997586489
1439803608.882460 -0.029316748 -0.003104862 0.055305231 0.001686017 -0.075386479 0.004180673 0.997144222
1439803609.007461 -0.042987254 -0.008120201 0.059465654 -0.000785287 -0.083633430 0.003557744 0.996489942
1439803609.069960 -0.047185231 -0.008360898 0.065610223 -0.000872244 -0.089423798 0.003261782 0.995987952
1439803609.132463 -0.047662906 -0.006670013 0.073544785 -0.000023278 -0.096944794 0.002442721 0.995286763
1439803609.194962 -0.052969180 -0.007084853 0.080029987 -0.000206634 -0.102502443 0.001966935 0.994730830
1439803609.257462 -0.044236816 -0.004818948 0.085419886 0.000175814 -0.113789842 0.001032467 0.993504286
1439803609.382465 -0.055130456 -0.004908544 0.099335492 -0.000327760 -0.125007734 0.000231748 0.992155671
1439803609.444963 -0.062570810 -0.006711191 0.106643952 -0.001553874 -0.130000681 0.000526329 0.991512537
1439803609.507464 -0.067683429 -0.007376559 0.113772169 -0.002299621 -0.136075392 0.000629695 0.990695596
1439803609.632471 -0.080851138 -0.009299526 0.126218930 -0.003879024 -0.146699339 0.000594430 0.989173293
1439803609.694965 -0.073491886 -0.007112559 0.131378099 -0.003404524 -0.157287821 0.000254606 0.987546921
1439803609.757465 -0.077617973 -0.007235106 0.137903661 -0.003415153 -0.163227141 0.000382586 0.986582518
1439803609.819968 -0.081942096 -0.007656928 0.144274279 -0.003415146 -0.169180840 0.000377557 0.985579073
1439803609.882467 -0.082821235 -0.008146547 0.149299592 -0.003808854 -0.176725820 0.000177470 0.984252751
1439803609.944967 -0.087229893 -0.008337307 0.155521825 -0.003861385 -0.182646975 0.000170665 0.983170986
1439803610.007470 -0.091569863 -0.008898953 0.161506251 -0.004116466 -0.188084200 -0.000261374 0.982144237
1439803610.069969 -0.096022680 -0.009088287 0.167251363 -0.004182996 -0.192960814 -0.000859517 0.981197178
1439803610.132468 -0.100768067 -0.009342042 0.172972247 -0.004327924 -0.197537705 -0.001017005 0.980285227
1439803610.194970 -0.105960242 -0.009365260 0.179781750 -0.004170234 -0.201999426 -0.001250681 0.979375958
1439803610.257471 -0.108087450 -0.009563347 0.185548037 -0.004400330 -0.208049074 -0.000871913 0.978108108
1439803610.319972 -0.114175245 -0.009566477 0.192178294 -0.004201933 -0.212122306 -0.001233145 0.977233350
1439803610.382472 -0.117965214 -0.010363599 0.197281808 -0.004491227 -0.217158586 -0.000985287 0.976125538
1439803610.444972 -0.123368189 -0.012163593 0.202033445 -0.005287100 -0.221518338 0.000023472 0.975141883
1439803610.507476 -0.128162056 -0.012352957 0.207135916 -0.005230353 -0.225962535 -0.000139135 0.974121928
1439803610.569974 -0.129679337 -0.012575928 0.213991642 -0.005028683 -0.231983647 -0.000709841 0.972706437
1439803610.632474 -0.136554599 -0.012590872 0.219743654 -0.004639333 -0.235298634 -0.000706497 0.971911788
1439803610.694978 -0.140693992 -0.013823149 0.224393338 -0.004875806 -0.239926532 -0.000559529 0.970778644
1439803610.757476 -0.145919412 -0.014585081 0.230057538 -0.004599483 -0.243902072 -0.000317836 0.969788909
1439803610.819978 -0.147178710 -0.014267108 0.235371813 -0.004090422 -0.249398679 -0.001045145 0.968391716
1439803610.882480 -0.151754752 -0.014550409 0.240835980 -0.003697465 -0.253310651 -0.001379092 0.967376947
1439803610.944980 -0.156290293 -0.015176391 0.245850936 -0.003562767 -0.257217586 -0.001483767 0.966345787
1439803611.007481 -0.161993220 -0.016522426 0.250731766 -0.003760720 -0.260511726 -0.000479986 0.965463221
1439803611.069983 -0.165070221 -0.015703665 0.256782025 -0.003081383 -0.264748991 -0.001210531 0.964311659
1439803611.132483 -0.169359133 -0.015939388 0.262419820 -0.002551369 -0.268435687 -0.000843179 0.963293850
1439803611.194984 -0.173831761 -0.016542161 0.267546088 -0.002381522 -0.271886379 -0.000780730 0.962326109
1439803611.257485 -0.178297982 -0.017016238 0.272425085 -0.002040841 -0.275363445 -0.000899316 0.961337626
1439803611.319988 -0.182982922 -0.017403370 0.277580112 -0.001626743 -0.278691113 -0.001206461 0.960378647
1439803611.382487 -0.187658042 -0.017752392 0.282596916 -0.001178345 -0.281904489 -0.001474805 0.959440589
1439803611.444988 -0.192342564 -0.017827613 0.288169950 -0.000588251 -0.285155714 -0.001452919 0.958479881
1439803611.507491 -0.196894139 -0.018625686 0.292824507 -0.000587819 -0.288259417 -0.001450013 0.957551062
1439803611.569991 -0.201573133 -0.018899392 0.298025250 -0.000318757 -0.291250885 -0.001431682 0.956645548
1439803611.632491 -0.206096619 -0.019077457 0.303418428 0.000022337 -0.294104248 -0.001580287 0.955772042
1439803611.694994 -0.210513771 -0.019282263 0.308885962 0.000358582 -0.296778649 -0.001658175 0.954944789
1439803611.757494 -0.214776218 -0.019727714 0.313770980 0.000545536 -0.299202621 -0.001700567 0.954187930
1439803611.820001 -0.219010279 -0.020060221 0.318835676 0.000830095 -0.301653057 -0.001744497 0.953415811
1439803611.882497 -0.224062845 -0.020579033 0.323823810 0.000942444 -0.303662986 -0.002159295 0.952776551
1439803611.944998 -0.228396356 -0.020921351 0.329038888 0.000948991 -0.306116223 -0.002026533 0.951991498
1439803612.007499 -0.232676759 -0.021347675 0.334020168 0.000791225 -0.308439821 -0.001863688 0.951241672
1439803612.070000 -0.236912027 -0.021554384 0.338772863 0.000852593 -0.310600519 -0.001824194 0.950538397
1439803612.132502 -0.241252646 -0.021623600 0.343629569 0.000898344 -0.312584311 -0.001677085 0.949888110
1439803612.195003 -0.245214269 -0.022161683 0.347895652 0.000574937 -0.314525694 -0.001574606 0.949247479
1439803612.257506 -0.249184966 -0.022188257 0.352198660 0.000732586 -0.316433609 -0.001218549 0.948613584
1439803612.320006 -0.252948105 -0.022469601 0.356299162 0.000769301 -0.318342000 -0.000880699 0.947975218
1439803612.382507 -0.257202625 -0.022520827 0.360205173 0.000980795 -0.319856226 -0.000451321 0.947465479
1439803612.445011 -0.260514736 -0.022623543 0.363884062 0.001263416 -0.321739227 -0.000200048 0.946827471
1439803612.507510 -0.264278591 -0.022894640 0.367499083 0.001459006 -0.323267877 -0.000286991 0.946306348
1439803612.570011 -0.268031567 -0.023148043 0.371313542 0.001670734 -0.324990749 -0.000593791 0.945715547
1439803612.632512 -0.271484733 -0.023642804 0.374558270 0.001622929 -0.326793432 -0.001122591 0.945093751
1439803612.695014 -0.275252044 -0.023779819 0.377982080 0.001840057 -0.328462422 -0.001274050 0.944514394
1439803612.757515 -0.278565735 -0.024037017 0.381371140 0.002019947 -0.330320537 -0.001610866 0.943865299
1439803612.820019 -0.282385707 -0.024371572 0.385034919 0.002117798 -0.331774563 -0.001821284 0.943354547
1439803612.882519 -0.284882993 -0.025102852 0.388275892 0.001998186 -0.333960742 -0.003100637 0.942579746
1439803612.945018 -0.288230658 -0.025249870 0.391336322 0.002370997 -0.335438311 -0.003822569 0.942051411
1439803613.007520 -0.291447222 -0.025632279 0.394361496 0.002559670 -0.337019801 -0.004484652 0.941483378
1439803613.070021 -0.294571221 -0.025787365 0.397175401 0.002807711 -0.338513613 -0.004732767 0.940945387
1439803613.132523 -0.297674417 -0.025845446 0.399988115 0.003134359 -0.339860201 -0.004998808 0.940457463
1439803613.195024 -0.300646752 -0.026043978 0.402822495 0.003303395 -0.341104686 -0.005062005 0.940005898
1439803613.257525 -0.303391427 -0.026334513 0.405555606 0.003373459 -0.342368215 -0.005059546 0.939546168
1439803613.320026 -0.306235820 -0.026457338 0.408318341 0.003457164 -0.343611717 -0.004908046 0.939092577
1439803613.382527 -0.308970332 -0.026706737 0.411084384 0.003428805 -0.344982266 -0.005018150 0.938589454
1439803613.445028 -0.311771154 -0.027039774 0.413742423 0.003370885 -0.346306413 -0.005288305 0.938100457
1439803613.507530 -0.315107256 -0.027363244 0.416356951 0.003306239 -0.347237676 -0.005952387 0.937752426
1439803613.570031 -0.317814082 -0.027488602 0.418890268 0.003249187 -0.348318756 -0.006210726 0.937349975
1439803613.632532 -0.320417106 -0.027677130 0.421303898 0.003165521 -0.349346429 -0.006427412 0.936966240
1439803613.695033 -0.322900653 -0.027864644 0.423571169 0.003127295 -0.350377500 -0.006580416 0.936580241
1439803613.757535 -0.325254411 -0.027983190 0.425791413 0.003091182 -0.351441979 -0.006632385 0.936181068
1439803613.820038 -0.327587247 -0.028160714 0.427997857 0.002966662 -0.352407157 -0.006726492 0.935817897
1439803613.882538 -0.329793245 -0.028330293 0.430114955 0.002880099 -0.353334427 -0.006920293 0.935467064
1439803613.945043 -0.331988275 -0.028437095 0.432114601 0.002845033 -0.354170799 -0.007045291 0.935149908
1439803614.007540 -0.334085107 -0.028596684 0.434067905 0.002754907 -0.355017036 -0.007149884 0.934828401
1439803614.070041 -0.336104751 -0.028765092 0.435948700 0.002642669 -0.355845720 -0.007205652 0.934513211
1439803614.132543 -0.338086933 -0.028892390 0.437861651 0.002491168 -0.356613815 -0.007199564 0.934220791
1439803614.195044 -0.339946926 -0.028935043 0.439675868 0.002434694 -0.357325971 -0.007120347 0.933949471
1439803614.257545 -0.341755331 -0.029161809 0.441418082 0.002246632 -0.357947230 -0.007031112 0.933712661
1439803614.320046 -0.343489021 -0.029336382 0.443103313 0.002116845 -0.358523816 -0.006906543 0.933492661
1439803614.382549 -0.345278502 -0.029456632 0.444708735 0.002066792 -0.359055877 -0.006850602 0.933288634
1439803614.445051 -0.346961319 -0.029669408 0.446300864 0.001955429 -0.359673232 -0.006829791 0.933051288
1439803614.507550 -0.348616153 -0.029797852 0.447859079 0.001945038 -0.360280991 -0.006875147 0.932816446
1439803614.570055 -0.350168973 -0.029823445 0.449458838 0.002003992 -0.360898614 -0.006910223 0.932577312
1439803614.632556 -0.351790041 -0.029943826 0.450949907 0.001973019 -0.361405313 -0.006946296 0.932380855
1439803614.695056 -0.353335917 -0.030070955 0.452382654 0.001968201 -0.361938834 -0.007004560 0.932173431
1439803614.757557 -0.354839861 -0.030138051 0.453803778 0.002023872 -0.362491548 -0.006986429 0.931958675
1439803614.820057 -0.356349409 -0.030305082 0.455156475 0.001998120 -0.362984359 -0.007058186 0.931766331
1439803614.882559 -0.357756436 -0.030437624 0.456499040 0.001953376 -0.363484800 -0.007100469 0.931571007
1439803614.945059 -0.359144211 -0.030488692 0.457737029 0.001972532 -0.363907963 -0.007234617 0.931404710
1439803615.007561 -0.360484242 -0.030543484 0.458893090 0.001986806 -0.364296883 -0.007354947 0.931251705
1439803615.070062 -0.361696601 -0.030729596 0.460084438 0.001880554 -0.364764303 -0.007400435 0.931068599
1439803615.132563 -0.362722367 -0.030817820 0.461045980 0.001891078 -0.365178704 -0.007370775 0.930906355
1439803615.195064 -0.363756865 -0.030909512 0.462085634 0.001871037 -0.365547657 -0.007353885 0.930761695
1439803615.257571 -0.364700258 -0.031025816 0.462977469 0.001813313 -0.365887284 -0.007372862 0.930628181
1439803615.320080 -0.365669340 -0.031025391 0.463774890 0.001877151 -0.366116136 -0.007373665 0.930538058
1439803615.382569 -0.366585493 -0.031145891 0.464512497 0.001846037 -0.366356373 -0.007424468 0.930443168
1439803615.445069 -0.367328405 -0.031152640 0.465302467 0.001910335 -0.366729349 -0.007418510 0.930296123
1439803615.507571 -0.368122339 -0.031227987 0.466025054 0.001884849 -0.367001116 -0.007419140 0.930189013
1439803615.570072 -0.368840098 -0.031324200 0.466662824 0.001826538 -0.367248744 -0.007403458 0.930091500
1439803615.632575 -0.369519174 -0.031424019 0.467264652 0.001802869 -0.367434680 -0.007425383 0.930017948
1439803615.695074 -0.370233953 -0.031504255 0.467798918 0.001755451 -0.367542416 -0.007401619 0.929975629
1439803615.757575 -0.370633155 -0.031533711 0.468248338 0.001813169 -0.367774963 -0.007432881 0.929883361
1439803615.820077 -0.371251941 -0.031666171 0.468623281 0.001820270 -0.367863566 -0.007371144 0.929848790
1439803615.882579 -0.371750116 -0.031665374 0.469083279 0.001911015 -0.368023366 -0.007273789 0.929786146
1439803615.945079 -0.372309268 -0.031800773 0.469469309 0.001891750 -0.368197531 -0.007316160 0.929716885
1439803616.007581 -0.372880876 -0.031803351 0.470040560 0.001915697 -0.368459314 -0.007155527 0.929614365
1439803616.070082 -0.373625815 -0.031756435 0.470545560 0.001994886 -0.368616819 -0.007097602 0.929552197
1439803616.132584 -0.374224365 -0.031901233 0.471178830 0.001922593 -0.368940741 -0.007035236 0.929424286
1439803616.195085 -0.374821365 -0.031874597 0.471942633 0.001961898 -0.369371980 -0.006955587 0.929253519
1439803616.257585 -0.375735193 -0.031921212 0.472586095 0.002013485 -0.369687200 -0.007025295 0.929127514
1439803616.320087 -0.376594156 -0.032113533 0.473280966 0.001870543 -0.370079637 -0.007070229 0.928971231
1439803616.382589 -0.377515823 -0.032109082 0.474079162 0.001929906 -0.370515585 -0.007117779 0.928797007
1439803616.445089 -0.378633350 -0.032231502 0.474876523 0.001921426 -0.370893240 -0.007226889 0.928645372
1439803616.507590 -0.379626095 -0.032327380 0.475682735 0.001818601 -0.371276230 -0.007344431 0.928491652
1439803616.570092 -0.380686313 -0.032314863 0.476498991 0.001792659 -0.371607929 -0.007419593 0.928358376
1439803616.632593 -0.381558925 -0.032318253 0.477285415 0.001806895 -0.372024149 -0.007464192 0.928191245
1439803616.695098 -0.382346481 -0.032380670 0.477908343 0.001836486 -0.372410744 -0.007513487 0.928035796
1439803616.757596 -0.383148789 -0.032412443 0.478405237 0.001858615 -0.372607887 -0.007605502 0.927955866
1439803616.820097 -0.383581012 -0.032420583 0.479061246 0.001871927 -0.373047352 -0.007530256 0.927779794
1439803616.882598 -0.384013414 -0.032454774 0.479490697 0.001889745 -0.373315126 -0.007556880 0.927671909
1439803616.945100 -0.384262115 -0.032487862 0.479862869 0.001864407 -0.373592764 -0.007545111 0.927560270
1439803617.070104 -0.384784222 -0.032557737 0.480403930 0.001822857 -0.373881638 -0.007481811 0.927444458
1439803617.132604 -0.384889394 -0.032500811 0.480625182 0.001905303 -0.374033093 -0.007481416 0.927383244
1439803617.195103 -0.384947956 -0.032506738 0.480647624 0.001913889 -0.374025166 -0.007427996 0.927386820
1439803617.257605 -0.385012776 -0.032503944 0.480687439 0.001950475 -0.374000490 -0.007430924 0.927396655
1439803617.320106 -0.385039389 -0.032509375 0.480700701 0.001936324 -0.373972565 -0.007392699 0.927408278
1439803617.382604 -0.384998739 -0.032505464 0.480681539 0.002018617 -0.373946995 -0.007334014 0.927418888
1439803617.507604 -0.385243416 -0.032509655 0.480892688 0.001941022 -0.373840660 -0.007447497 0.927460968
1439803617.570108 -0.385359049 -0.032517467 0.481003672 0.001869907 -0.373731464 -0.007518853 0.927504599
1439803617.632606 -0.385549307 -0.032520454 0.481150270 0.001893910 -0.373706639 -0.007534595 0.927514434
1439803617.695106 -0.385417163 -0.032526340 0.481077015 0.001944972 -0.373836339 -0.007417057 0.927462995
1439803617.757607 -0.385120660 -0.032514587 0.480897188 0.001965448 -0.374004364 -0.007319235 0.927395999
1439803617.820108 -0.385123610 -0.032519042 0.480933040 0.001940047 -0.374048829 -0.007303710 0.927378237
1439803617.945110 -0.385085434 -0.032503501 0.480960399 0.001899335 -0.374067992 -0.007322763 0.927370429
1439803618.007609 -0.385296971 -0.032529619 0.480529606 0.001907109 -0.373788804 -0.007430731 0.927482128
1439803618.070110 -0.385166854 -0.032548770 0.480449259 0.001943150 -0.373863310 -0.007422574 0.927452087
1439803618.132609 -0.385206848 -0.032546762 0.480440289 0.001959107 -0.373832107 -0.007414185 0.927464664
1439803618.257610 -0.385227978 -0.032508574 0.480493486 0.001926702 -0.373824716 -0.007488520 0.927467167
1439803618.320111 -0.385298491 -0.032509372 0.480453610 0.001950641 -0.373768896 -0.007467471 0.927489758
1439803618.382615 -0.385312259 -0.032543112 0.480298668 0.001917960 -0.373689830 -0.007442113 0.927521884
1439803618.445113 -0.385358989 -0.032514952 0.480358899 0.001984749 -0.373712450 -0.007473385 0.927512348
1439803618.507613 -0.385478675 -0.032526787 0.480383009 0.001943321 -0.373637378 -0.007576326 0.927541912
1439803618.570115 -0.385499239 -0.032524873 0.480323792 0.001917253 -0.373586565 -0.007656298 0.927561760
1439803618.632617 -0.385540664 -0.032524239 0.480256319 0.001919969 -0.373548895 -0.007692663 0.927576602
1439803618.695117 -0.385544896 -0.032526143 0.480279654 0.001904807 -0.373538524 -0.007567394 0.927581847
1439803618.757619 -0.385609418 -0.032507610 0.480258346 0.001963182 -0.373475611 -0.007630365 0.927606523
1439803618.820120 -0.385608703 -0.032491781 0.480193257 0.001959872 -0.373435974 -0.007630264 0.927622497
1439803618.882622 -0.385687083 -0.032528855 0.480143160 0.001932479 -0.373389035 -0.007578310 0.927641869
1439803618.945123 -0.385746002 -0.032553062 0.480158687 0.001897305 -0.373373687 -0.007609093 0.927647889
1439803619.007625 -0.385818362 -0.032535415 0.480115980 0.001904641 -0.373276770 -0.007718398 0.927685976
1439803619.070126 -0.385736585 -0.032525372 0.480030209 0.001927950 -0.373324245 -0.007561123 0.927668154
1439803619.132631 -0.385810018 -0.032516785 0.480035216 0.001958705 -0.373262554 -0.007659710 0.927692056
1439803619.195128 -0.385860294 -0.032524653 0.480012536 0.001942563 -0.373230040 -0.007719052 0.927704692
1439803619.257630 -0.385906190 -0.032526817 0.479980975 0.001934973 -0.373194218 -0.007759249 0.927718759
1439803619.320133 -0.385930538 -0.032530993 0.479900002 0.001921015 -0.373139083 -0.007702898 0.927741408
1439803619.382635 -0.386007398 -0.032522783 0.479916751 0.001940820 -0.373101383 -0.007767730 0.927756011
1439803619.445134 -0.386008590 -0.032539848 0.479856849 0.001952655 -0.373085380 -0.007745551 0.927762628
1439803619.507635 -0.385903656 -0.032501802 0.479742676 0.001945141 -0.373094261 -0.007696658 0.927759469
1439803619.570137 -0.385843068 -0.032514557 0.479712754 0.001924779 -0.373110771 -0.007628286 0.927753448
1439803619.632638 -0.385355175 -0.032611605 0.480194390 0.001811208 -0.373583943 -0.007464442 0.927564561
1439803619.695139 -0.385281503 -0.032655399 0.480373204 0.001803262 -0.373710454 -0.007450957 0.927513719
1439803619.757640 -0.385317892 -0.032686844 0.480397731 0.001762282 -0.373692900 -0.007481015 0.927520633
1439803619.820142 -0.385315090 -0.032863051 0.480343491 0.001590261 -0.373675406 -0.007486870 0.927527964
1439803619.882646 -0.385066420 -0.032968439 0.480696738 0.001476213 -0.373955071 -0.007339557 0.927416623
1439803619.945144 -0.385069698 -0.032957010 0.480605841 0.001482031 -0.373911083 -0.007413812 0.927433729
1439803620.007646 -0.385134369 -0.032928422 0.480550259 0.001503425 -0.373839825 -0.007398599 0.927462578
1439803620.070147 -0.385233194 -0.032905292 0.480595917 0.001546479 -0.373794019 -0.007363818 0.927481234
1439803620.132649 -0.385263383 -0.032826550 0.480410188 0.001631720 -0.373711288 -0.007442683 0.927513778
1439803620.195150 -0.385265201 -0.032928634 0.480347991 0.001556982 -0.373690903 -0.007512919 0.927521527
1439803620.257652 -0.385332167 -0.032938272 0.480216146 0.001576035 -0.373595804 -0.007532691 0.927559674
1439803620.320157 -0.385480851 -0.032812361 0.480054140 0.001657648 -0.373450994 -0.007572079 0.927617490
1439803620.382654 -0.385592699 -0.032802619 0.479939699 0.001713830 -0.373338699 -0.007623863 0.927662194
1439803620.445155 -0.385323942 -0.032641560 0.480464339 0.001805078 -0.373692840 -0.007431352 0.927520990
1439803620.507657 -0.385392547 -0.032637436 0.480426461 0.001800944 -0.373632669 -0.007437595 0.927545190
1439803620.570160 -0.385442495 -0.032623947 0.480351299 0.001833422 -0.373594493 -0.007445599 0.927560389
1439803620.632664 -0.385338098 -0.032670051 0.480456978 0.001745179 -0.373712242 -0.007408041 0.927513421
1439803620.695161 -0.385388494 -0.032674793 0.480351001 0.001771886 -0.373653501 -0.007402812 0.927537143
1439803620.757665 -0.385339439 -0.032799337 0.480426937 0.001661278 -0.373704791 -0.007374256 0.927516937
1439803620.820164 -0.385224342 -0.032702263 0.480457246 0.001750576 -0.373788625 -0.007377175 0.927482903
1439803620.882665 -0.385356843 -0.032653946 0.480374396 0.001816729 -0.373661339 -0.007444298 0.927533567
1439803620.945167 -0.385359824 -0.032670580 0.480351329 0.001793392 -0.373653710 -0.007425822 0.927536845
1439803621.007668 -0.385397106 -0.032637592 0.480369180 0.001814292 -0.373659730 -0.007445845 0.927534163
1439803621.070169 -0.385357976 -0.032687578 0.480366528 0.001768588 -0.373696327 -0.007417930 0.927519739
1439803621.132674 -0.385374069 -0.032654796 0.480381548 0.001760377 -0.373721391 -0.007388013 0.927509904
1439803621.195175 -0.385368139 -0.032592125 0.480342686 0.001815280 -0.373721123 -0.007340300 0.927510321
1439803621.257673 -0.385382950 -0.032672402 0.480385244 0.001723987 -0.373783350 -0.007355942 0.927485228
1439803621.320174 -0.385441542 -0.032693513 0.480328798 0.001719626 -0.373732448 -0.007358124 0.927505791
1439803621.382681 -0.385337383 -0.032695964 0.480365187 0.001708608 -0.373840719 -0.007314844 0.927462518
1439803621.445176 -0.385442406 -0.032648847 0.480267256 0.001760010 -0.373772919 -0.007387658 0.927489161
1439803621.507678 -0.385499805 -0.032694459 0.480214596 0.001711169 -0.373722613 -0.007448369 0.927509010
1439803621.570179 -0.385547489 -0.032686263 0.480158478 0.001717321 -0.373676389 -0.007455307 0.927527606
1439803621.632680 -0.385366231 -0.032610975 0.480330169 0.001755454 -0.373846024 -0.007335833 0.927460134
1439803621.757682 -0.385388374 -0.032678213 0.480425298 0.001699707 -0.373887569 -0.007345255 0.927443385
1439803621.820184 -0.385359317 -0.032658190 0.480358273 0.001718668 -0.373892605 -0.007304198 0.927441657
1439803621.882684 -0.385387331 -0.032645412 0.480312645 0.001709202 -0.373885036 -0.007368323 0.927444220
1439803621.945190 -0.385426372 -0.032661829 0.480409950 0.001716345 -0.373911232 -0.007331111 0.927433908
1439803622.070187 -0.385347813 -0.032731991 0.480377614 0.001629478 -0.373962998 -0.007231078 0.927414000
1439803622.132691 -0.385373592 -0.032733645 0.480298966 0.001608877 -0.373965859 -0.007262353 0.927412629
1439803622.195190 -0.385349363 -0.032718379 0.480372518 0.001638796 -0.374019146 -0.007238330 0.927391291
1439803622.257692 -0.385344952 -0.032711793 0.480337918 0.001621142 -0.374035209 -0.007254136 0.927384734
1439803622.320194 -0.385382950 -0.032701232 0.480320722 0.001626303 -0.374040306 -0.007267419 0.927382529
1439803622.445196 -0.385409951 -0.032743450 0.480324388 0.001562789 -0.374044657 -0.007255133 0.927380979
1439803622.507695 -0.385416090 -0.032744274 0.480291247 0.001561290 -0.374048769 -0.007319703 0.927378833
1439803622.570196 -0.385418087 -0.032684654 0.480332851 0.001585056 -0.374035448 -0.007244801 0.927384734
1439803622.632697 -0.385444343 -0.032702938 0.480330378 0.001580384 -0.374042422 -0.007236938 0.927381992
1439803622.695198 -0.385449737 -0.032655291 0.480301589 0.001628573 -0.374044359 -0.007279810 0.927380800
1439803622.757700 -0.385415792 -0.032692235 0.480362982 0.001597489 -0.374068886 -0.007276019 0.927370965
1439803622.882704 -0.385425329 -0.032672465 0.480350435 0.001615309 -0.374086201 -0.007296857 0.927363813
1439803622.945204 -0.385494769 -0.032644913 0.480370313 0.001654851 -0.374075621 -0.007248902 0.927368402
1439803623.007703 -0.385409385 -0.032678720 0.480399877 0.001645337 -0.374122798 -0.007305174 0.927348912
1439803623.070207 -0.385375649 -0.032694031 0.480346382 0.001601596 -0.374105096 -0.007223974 0.927356780
1439803623.132708 -0.385356486 -0.032694325 0.480413198 0.001604397 -0.374128908 -0.007236886 0.927347064
1439803623.257707 -0.385422707 -0.032748971 0.480347961 0.001544314 -0.374096900 -0.007256727 0.927359939
1439803623.320209 -0.385385394 -0.032685786 0.480388850 0.001640234 -0.374137253 -0.007312356 0.927343071
1439803623.382710 -0.385419548 -0.032682002 0.480362743 0.001648192 -0.374125063 -0.007301724 0.927348077
1439803623.445211 -0.385403633 -0.032611497 0.480463415 0.001687056 -0.374157995 -0.007287197 0.927334785
1439803623.507713 -0.385437280 -0.032637686 0.480366647 0.001644795 -0.374146610 -0.007278367 0.927339554
1439803623.570214 -0.385465980 -0.032675453 0.480315834 0.001643008 -0.374116480 -0.007331233 0.927351296
1439803623.695215 -0.385495961 -0.032563705 0.480334163 0.001690804 -0.374124020 -0.007292487 0.927348435
1439803623.757716 -0.385483176 -0.032579347 0.480322987 0.001673688 -0.374102205 -0.007342231 0.927356899
1439803623.820218 -0.385445029 -0.032641552 0.480313897 0.001656253 -0.374136090 -0.007312952 0.927343488
1439803623.882719 -0.385461241 -0.032607839 0.480326444 0.001670640 -0.374127328 -0.007340591 0.927346766
1439803623.945220 -0.385444373 -0.032613724 0.480331004 0.001661759 -0.374132127 -0.007347398 0.927344799
1439803624.070221 -0.385449529 -0.032634541 0.480320215 0.001670113 -0.374120653 -0.007358837 0.927349329
1439803624.132723 -0.385426164 -0.032654688 0.480291992 0.001678950 -0.374126464 -0.007354621 0.927347004
1439803624.195223 -0.385400712 -0.032656141 0.480312645 0.001667217 -0.374130726 -0.007331915 0.927345514
1439803624.257725 -0.385419816 -0.032648180 0.480322033 0.001665790 -0.374131262 -0.007312990 0.927345455
1439803624.320228 -0.385383010 -0.032639474 0.480290234 0.001679093 -0.374140173 -0.007333211 0.927341640
1439803624.445228 -0.385422677 -0.032671943 0.480315089 0.001647479 -0.374133706 -0.007302381 0.927344561
1439803624.507729 -0.385425210 -0.032655809 0.480359435 0.001673784 -0.374129653 -0.007315014 0.927346051
1439803624.570230 -0.385476470 -0.032638222 0.480439782 0.001644979 -0.374153435 -0.007240436 0.927337110
1439803624.632731 -0.385427445 -0.032668389 0.480399251 0.001655565 -0.374152541 -0.007274511 0.927337170
1439803624.695233 -0.385462373 -0.032677952 0.480492324 0.001667265 -0.374151617 -0.007295711 0.927337348
1439803624.757733 -0.385424167 -0.032607213 0.480478704 0.001724309 -0.374184251 -0.007313356 0.927323937
1439803624.882735 -0.385495514 -0.032633249 0.480358839 0.001697744 -0.374108970 -0.007322808 0.927354276
1439803624.945250 -0.385486841 -0.032579023 0.480404586 0.001715895 -0.374159545 -0.007255428 0.927334368
1439803625.007738 -0.385449111 -0.032605246 0.480387062 0.001725361 -0.374177545 -0.007255995 0.927327096
1439803625.070239 -0.385524243 -0.032622449 0.480401963 0.001695467 -0.374172688 -0.007241060 0.927329242
1439803625.132740 -0.385524213 -0.032556105 0.480365127 0.001754543 -0.374199122 -0.007196177 0.927318811
1439803625.257742 -0.385656357 -0.032583203 0.480428934 0.001801217 -0.374330640 -0.007329682 0.927264571
1439803625.320243 -0.385761499 -0.032551572 0.480448842 0.001837526 -0.374347478 -0.007385974 0.927257299
1439803625.382745 -0.385790169 -0.032583710 0.480543643 0.001792531 -0.374417841 -0.007388653 0.927228928
1439803625.445248 -0.385801047 -0.032605760 0.480596930 0.001799041 -0.374524236 -0.007396040 0.927185893
1439803625.507747 -0.385929793 -0.032569375 0.480639398 0.001882851 -0.374596745 -0.007431733 0.927156091
1439803625.570252 -0.386031151 -0.032604933 0.480734169 0.001887702 -0.374758571 -0.007448530 0.927090585
1439803625.695249 -0.386281639 -0.032523725 0.480875552 0.001979923 -0.374820948 -0.007524915 0.927064538
1439803625.757752 -0.386439055 -0.032571502 0.480990380 0.001976713 -0.374907851 -0.007563712 0.927029073
1439803625.820252 -0.386465877 -0.032602429 0.481051326 0.001969180 -0.375025868 -0.007539704 0.926981568
1439803625.882753 -0.386648804 -0.032562606 0.481170684 0.002018634 -0.375119328 -0.007600558 0.926943183
1439803625.945254 -0.386859059 -0.032580502 0.481344610 0.002062082 -0.375224501 -0.007608327 0.926900446
1439803626.007759 -0.386921555 -0.032649178 0.481383651 0.002045731 -0.375321358 -0.007631387 0.926861048
1439803626.132757 -0.387057602 -0.032613829 0.481737167 0.001992310 -0.375612140 -0.007560124 0.926743984
1439803626.195258 -0.387358844 -0.032670196 0.481708765 0.002123151 -0.375627220 -0.007752643 0.926735997
1439803626.257759 -0.387497038 -0.032666743 0.481922239 0.002136101 -0.375806749 -0.007761529 0.926663101
1439803626.320260 -0.387664884 -0.032695759 0.481881797 0.002157849 -0.375789285 -0.007795754 0.926669836
1439803626.382762 -0.387821525 -0.032652456 0.482072175 0.002229331 -0.375903577 -0.007810953 0.926623225
1439803626.445263 -0.388130218 -0.032648928 0.482225001 0.002243644 -0.376022518 -0.007788709 0.926575065
1439803626.570264 -0.388688177 -0.032708909 0.482616931 0.002244779 -0.376322001 -0.007771521 0.926453590
1439803626.632765 -0.389059991 -0.032731067 0.482930630 0.002268590 -0.376489639 -0.007774382 0.926385462
1439803626.695267 -0.389244705 -0.032780368 0.483154029 0.002301235 -0.376730025 -0.007649003 0.926288664
1439803626.757768 -0.389787823 -0.032693252 0.483454615 0.002403038 -0.376955420 -0.007691931 0.926196337
1439803626.882769 -0.390934587 -0.032780342 0.484115303 0.002421550 -0.377635151 -0.007662447 0.925919592
1439803626.945271 -0.391526520 -0.032739278 0.484565854 0.002489037 -0.377961278 -0.007701379 0.925786018
1439803627.007772 -0.392119646 -0.032906547 0.484910816 0.002448719 -0.378303409 -0.007752792 0.925645947
1439803627.070274 -0.393350899 -0.032737639 0.486579150 0.002622328 -0.378684789 -0.008023093 0.925487220
1439803627.132774 -0.393959165 -0.032822646 0.487166107 0.002692078 -0.379178435 -0.007881278 0.925286114
1439803627.257776 -0.395716965 -0.032909226 0.488154948 0.002690915 -0.380118489 -0.007796617 0.924901009
1439803627.320277 -0.396759182 -0.032705698 0.489466935 0.002820980 -0.380693346 -0.007704870 0.924664915
1439803627.382779 -0.398424089 -0.032596678 0.490564704 0.002916536 -0.381175250 -0.007692275 0.924466193
1439803627.445279 -0.399408787 -0.032566726 0.491371155 0.002904428 -0.381724954 -0.007613519 0.924240053
1439803627.507782 -0.400557220 -0.032454606 0.492306411 0.002960163 -0.382273912 -0.007454412 0.924014211
1439803627.570283 -0.405469656 -0.032791600 0.495377362 0.003061281 -0.382659018 -0.007490833 0.923854232
1439803627.695282 -0.403306872 -0.032066230 0.490360200 0.003000541 -0.383423269 -0.007686875 0.923535883
1439803627.757784 -0.404968619 -0.029631661 0.492337584 0.003397224 -0.384106755 -0.007504506 0.923251927
1439803627.820286 -0.410214007 -0.029923145 0.492236316 0.003446819 -0.384231448 -0.007194458 0.923202336
1439803627.882784 -0.415826172 -0.029801026 0.491960406 0.003448595 -0.384101450 -0.007306807 0.923255563
1439803627.945284 -0.416904926 -0.029915255 0.492835164 0.003399424 -0.384635091 -0.007356917 0.923033118
1439803628.007785 -0.416365534 -0.029925806 0.492984116 0.003486843 -0.385240287 -0.007253139 0.922781229
1439803628.132785 -0.418533236 -0.030185850 0.494853079 0.003312636 -0.385931671 -0.007666782 0.922489524
1439803628.195285 -0.420061648 -0.030036962 0.497008026 0.003296575 -0.386394888 -0.007584130 0.922296345
1439803628.257787 -0.421747297 -0.030418951 0.499935389 0.003348227 -0.386786759 -0.007636044 0.922131538
1439803628.320286 -0.424315989 -0.031374227 0.502921283 0.003046326 -0.387058169 -0.007075779 0.922023118
1439803628.382787 -0.424922258 -0.031767003 0.500154912 0.002867064 -0.386897057 -0.007288415 0.922089636
1439803628.445288 -0.433216870 -0.034147855 0.501871228 0.002754681 -0.386307210 -0.007453285 0.922335923
1439803628.570288 -0.445462763 -0.035477854 0.503005564 0.002554524 -0.385499567 -0.006930549 0.922678471
1439803628.632789 -0.442464143 -0.025783423 0.508115709 0.004081504 -0.386485428 -0.006525886 0.922263384
1439803628.695289 -0.445898473 -0.027008239 0.508724093 0.003890698 -0.386263013 -0.006436975 0.922358036
1439803628.757790 -0.421890736 -0.051311336 0.521249771 0.000410570 -0.389841437 -0.009424340 0.920833707
1439803628.820290 -0.430813253 -0.033004619 0.520206273 0.003059999 -0.388966769 -0.007850277 0.921213210
1439803628.882791 -0.446390033 -0.029137982 0.516810894 0.003587215 -0.387197077 -0.006967817 0.921963692
1439803628.945292 -0.437877059 -0.036346469 0.526384234 0.002521681 -0.389179081 -0.007658653 0.921126842
1439803629.007792 -0.434129775 -0.045058258 0.528840899 0.001201756 -0.389678746 -0.009037268 0.920905709
1439803629.070293 -0.442192435 -0.037913598 0.526439309 0.002220651 -0.388551116 -0.008586387 0.921384513
1439803629.132793 -0.450332314 -0.038539022 0.526947558 0.002202771 -0.387594938 -0.008504905 0.921787918
1439803629.195293 -0.446933419 -0.037009977 0.535377383 0.002286436 -0.388933212 -0.007769967 0.921230316
1439803629.257794 -0.449748456 -0.036768571 0.538201153 0.002424987 -0.388827205 -0.007791047 0.921274543
1439803629.320296 -0.452319294 -0.036638800 0.540723205 0.002503289 -0.388677001 -0.007631195 0.921339095
1439803629.382797 -0.454693049 -0.037950628 0.544575930 0.002227058 -0.388630807 -0.007199795 0.921362758
1439803629.445298 -0.456457198 -0.037596226 0.544974089 0.002369550 -0.387947321 -0.007569547 0.921647429
1439803629.507797 -0.459229439 -0.037953701 0.547458708 0.002367665 -0.387535393 -0.007465356 0.921821535
1439803629.570298 -0.458553851 -0.040970027 0.555613637 0.002065115 -0.388067156 -0.007714242 0.921596527
1439803629.632800 -0.466973633 -0.038988538 0.554611564 0.002510448 -0.386480331 -0.007514056 0.922263622
1439803629.695302 -0.467706084 -0.038617719 0.556583822 0.002702199 -0.385833710 -0.007840542 0.922531068
1439803629.757803 -0.471400023 -0.038817629 0.560094416 0.002965819 -0.384911925 -0.008069312 0.922913253
1439803629.820302 -0.477456361 -0.039753754 0.564591408 0.003021233 -0.383835167 -0.007871593 0.923363149
1439803629.882804 -0.481207103 -0.040254559 0.567908943 0.002990768 -0.382869780 -0.007798701 0.923764586
1439803629.945305 -0.481095195 -0.039697498 0.571210027 0.003051753 -0.382237434 -0.007963503 0.924024761
1439803630.007807 -0.485458612 -0.039931912 0.575585604 0.003146781 -0.381120086 -0.008151881 0.924484253
1439803630.070307 -0.489780575 -0.040467136 0.580303609 0.003127626 -0.380130082 -0.007827102 0.924894631
1439803630.132810 -0.494367272 -0.040721074 0.585682631 0.003330204 -0.379161984 -0.007458253 0.925294280
1439803630.195312 -0.497078210 -0.040994540 0.589137435 0.003304724 -0.378283381 -0.007143591 0.925656378
1439803630.257812 -0.501813591 -0.041247103 0.594616234 0.003425695 -0.377500623 -0.006738042 0.925978482
1439803630.320314 -0.507331789 -0.041471504 0.600644350 0.003439690 -0.376484960 -0.006325373 0.926394761
1439803630.382816 -0.510709047 -0.041990019 0.604547739 0.003197393 -0.375614733 -0.005804284 0.926752210
1439803630.445314 -0.516031861 -0.042609897 0.610421062 0.003019728 -0.374895155 -0.005379262 0.927046716
1439803630.507815 -0.521515191 -0.042912707 0.616686761 0.003054505 -0.374403179 -0.004881131 0.927248120
1439803630.570318 -0.527243435 -0.043448407 0.622675776 0.002829539 -0.373858780 -0.004485355 0.927470505
1439803630.632816 -0.530453324 -0.043689936 0.626395285 0.002454366 -0.373474270 -0.004148635 0.927628040
1439803630.695317 -0.536231875 -0.044176534 0.632565022 0.002071161 -0.373021245 -0.004239958 0.927810788
1439803630.757818 -0.541933417 -0.044463258 0.638684571 0.001995909 -0.372719020 -0.004365127 0.927931845
1439803630.820320 -0.547897696 -0.045027189 0.644814849 0.001870521 -0.372589201 -0.004466327 0.927983761
1439803630.882820 -0.551416099 -0.045355532 0.648634613 0.001779671 -0.372739166 -0.004121138 0.927925289
1439803630.945322 -0.557147622 -0.045808878 0.654687107 0.001763607 -0.372731119 -0.003743924 0.927930176
1439803631.007823 -0.563022375 -0.046152376 0.661086202 0.001782448 -0.372478932 -0.003307567 0.928033054
1439803631.070325 -0.568850219 -0.046631888 0.667330146 0.001535413 -0.372132242 -0.002858683 0.928174019
1439803631.132825 -0.572505653 -0.047220066 0.671369076 0.001239876 -0.372015864 -0.002578217 0.928221941
1439803631.195327 -0.578198791 -0.047737949 0.677271962 0.001329987 -0.371873736 -0.002471917 0.928279102
1439803631.257827 -0.583903491 -0.048208937 0.683140635 0.001646990 -0.371828735 -0.002777468 0.928295732
1439803631.320328 -0.589737475 -0.048737548 0.688936353 0.001947365 -0.371687263 -0.002903931 0.928351462
1439803631.382830 -0.593526721 -0.049260017 0.693088412 0.002208581 -0.371672958 -0.002685373 0.928357244
1439803631.445332 -0.598779917 -0.049775567 0.698865294 0.002439053 -0.371489882 -0.002443497 0.928430617
1439803631.507833 -0.604201555 -0.050316360 0.704516888 0.002636973 -0.371181905 -0.002364743 0.928553402
1439803631.570334 -0.609483600 -0.050739627 0.710035980 0.002810679 -0.370983720 -0.002197153 0.928632557
1439803631.632837 -0.613605678 -0.051053897 0.714385092 0.003029715 -0.370955318 -0.002145689 0.928643286
1439803631.695335 -0.618788421 -0.051546115 0.719736934 0.003407025 -0.370909303 -0.002066440 0.928660572
1439803631.757837 -0.623848438 -0.052078299 0.725004315 0.004021558 -0.370763570 -0.002092354 0.928716242
1439803631.820337 -0.628990591 -0.052589878 0.730504811 0.004552864 -0.370592713 -0.001840094 0.928782523
1439803631.882842 -0.633059263 -0.053027522 0.734590411 0.004878926 -0.370432228 -0.001719331 0.928845108
1439803631.945342 -0.638046920 -0.053459484 0.739902675 0.005122603 -0.370277733 -0.001525090 0.928905725
1439803632.007841 -0.642960727 -0.053979453 0.745185912 0.005335493 -0.370124012 -0.001267599 0.928966165
1439803632.070342 -0.647865534 -0.054537520 0.750558138 0.005622996 -0.369942248 -0.001051941 0.929037094
1439803632.132844 -0.652665436 -0.055013858 0.755341887 0.005832723 -0.369735420 -0.001111377 0.929118097
1439803632.195345 -0.656934500 -0.055320539 0.759643316 0.005930675 -0.369580060 -0.001439861 0.929178834
1439803632.257846 -0.661956668 -0.055965770 0.764586031 0.006167379 -0.369393021 -0.001752171 0.929251134
1439803632.320347 -0.666995049 -0.056154929 0.769999862 0.006816232 -0.369304121 -0.001905640 0.929281652
1439803632.382852 -0.671848774 -0.056643337 0.774893463 0.007576290 -0.369101971 -0.001976219 0.929355919
1439803632.445351 -0.676276982 -0.056996394 0.779226243 0.008116649 -0.368789762 -0.002225113 0.929474711
1439803632.507853 -0.681153953 -0.057421852 0.784743369 0.008330796 -0.368466824 -0.002564705 0.929600060
1439803632.570353 -0.686399281 -0.057502549 0.790246010 0.008484616 -0.368139923 -0.003041779 0.929726720
1439803632.632855 -0.691380918 -0.058251116 0.795852482 0.008368990 -0.367986560 -0.003375939 0.929787278
1439803632.695357 -0.696329713 -0.058653962 0.800349712 0.008433635 -0.367694497 -0.003758677 0.929900825
1439803632.757857 -0.701462090 -0.059149329 0.805514157 0.008619268 -0.367254883 -0.004112558 0.930071294
1439803632.820357 -0.706750929 -0.059547417 0.810977995 0.008775315 -0.366722047 -0.004456197 0.930278540
1439803632.882857 -0.712135673 -0.059970163 0.817180514 0.008730751 -0.366411239 -0.004752238 0.930399895
1439803632.945358 -0.717471838 -0.060293142 0.822622955 0.008552859 -0.366238207 -0.004458478 0.930471182
1439803633.007861 -0.722188473 -0.060726061 0.828274310 0.008303998 -0.366220713 -0.003749538 0.930483401
1439803633.070359 -0.726847589 -0.061014652 0.834405661 0.008219924 -0.365960449 -0.003237041 0.930588424
1439803633.132860 -0.731705487 -0.061637007 0.840220571 0.007696072 -0.365526080 -0.002549841 0.930765748
1439803633.195362 -0.736969888 -0.062140394 0.845870495 0.007125055 -0.365084499 -0.002000877 0.930944920
1439803633.257863 -0.742112339 -0.062449954 0.851057470 0.006892310 -0.364782602 -0.002238901 0.931064487
1439803633.320365 -0.747592688 -0.063181505 0.855946243 0.006846368 -0.364413559 -0.003182148 0.931206584
1439803633.382866 -0.752520859 -0.063330583 0.861780763 0.006944227 -0.364256829 -0.004177655 0.931263268
1439803633.445370 -0.757670581 -0.063700922 0.866911829 0.006948930 -0.364090830 -0.005256800 0.931322694
1439803633.507869 -0.763004363 -0.063743934 0.872328341 0.006884759 -0.364027530 -0.006180694 0.931342244
1439803633.570368 -0.767695785 -0.064478710 0.877291203 0.006614318 -0.364104658 -0.007208086 0.931306660
1439803633.632868 -0.772366822 -0.064789802 0.882588804 0.006218070 -0.364210248 -0.007626883 0.931264758
1439803633.695370 -0.777439296 -0.065087564 0.887312949 0.005856777 -0.364145070 -0.007824055 0.931290984
1439803633.757871 -0.782295167 -0.065573536 0.892410576 0.005606677 -0.364062071 -0.008074891 0.931322813
1439803633.820373 -0.787143588 -0.065812819 0.897601426 0.005403201 -0.364012629 -0.008286314 0.931341529
1439803633.882874 -0.791873813 -0.066708595 0.902577460 0.004952590 -0.364034444 -0.008686222 0.931331813
1439803633.945375 -0.796486557 -0.067115970 0.907565713 0.004569193 -0.364086539 -0.008835263 0.931312025
1439803634.007876 -0.801149070 -0.067549869 0.912723780 0.004377112 -0.364183307 -0.008741199 0.931275964
1439803634.070382 -0.805709898 -0.068170592 0.917620480 0.004381181 -0.364205003 -0.008776267 0.931267142
1439803634.132880 -0.809895754 -0.068396077 0.922336400 0.004346679 -0.364270866 -0.008601363 0.931243181
1439803634.195379 -0.814066470 -0.068818793 0.927550733 0.004216193 -0.364338607 -0.008503370 0.931218147
1439803634.257884 -0.818580985 -0.069417223 0.932166696 0.004141023 -0.364211828 -0.008389805 0.931269109
1439803634.320380 -0.823411524 -0.069659539 0.936689615 0.004284609 -0.364007443 -0.008284685 0.931349337
1439803634.382882 -0.828021407 -0.069989823 0.941286802 0.004157525 -0.363905966 -0.008232439 0.931390047
1439803634.445384 -0.832314610 -0.070091128 0.946066260 0.003814721 -0.363984793 -0.008339242 0.931359768
1439803634.507884 -0.836726665 -0.070491515 0.950749755 0.003501851 -0.363915384 -0.008636734 0.931385398
1439803634.570387 -0.840709448 -0.071092650 0.955093503 0.003400767 -0.363774896 -0.008939840 0.931437790
1439803634.632888 -0.845090389 -0.071398757 0.959721446 0.003524861 -0.363594949 -0.009155896 0.931505501
1439803634.695390 -0.849535823 -0.071603574 0.964006662 0.003809726 -0.363471091 -0.009455455 0.931549728
1439803634.757890 -0.853594363 -0.072098337 0.968463242 0.004079377 -0.363544226 -0.009796100 0.931516528
1439803634.820393 -0.857974052 -0.072442733 0.972906470 0.004298064 -0.363546729 -0.010081327 0.931511462
1439803634.882893 -0.862245858 -0.072651580 0.977353334 0.004424527 -0.363448054 -0.010457681 0.931545258
1439803634.945393 -0.866461635 -0.073108628 0.981916368 0.004394864 -0.363388270 -0.010954353 0.931563020
1439803635.007894 -0.871081829 -0.073204540 0.986254394 0.004493474 -0.363316178 -0.011440204 0.931584835
1439803635.070396 -0.875122786 -0.073516868 0.990623355 0.004655541 -0.363379657 -0.011879803 0.931553781
1439803635.132899 -0.879456341 -0.073868282 0.995068789 0.004619516 -0.363492906 -0.012274365 0.931504667
1439803635.195399 -0.883793175 -0.074101985 0.999844372 0.004232407 -0.363787353 -0.012533145 0.931388080
1439803635.257899 -0.887996674 -0.074463561 1.004327655 0.003708029 -0.364015490 -0.012810207 0.931297421
1439803635.320400 -0.892127991 -0.074895978 1.008674860 0.003135287 -0.364156634 -0.012759137 0.931245029
1439803635.382901 -0.896358371 -0.075306162 1.013210654 0.002625136 -0.364223778 -0.012576040 0.931222856
1439803635.445406 -0.900511444 -0.075592123 1.017667651 0.002259805 -0.364394546 -0.012488453 0.931158185
1439803635.507904 -0.904775202 -0.075835556 1.022259951 0.002083585 -0.364700526 -0.012650435 0.931036592
1439803635.570408 -0.909229636 -0.075990424 1.026736856 0.002017096 -0.364984453 -0.012795215 0.930923462
1439803635.632909 -0.913649499 -0.076175481 1.031291008 0.001971882 -0.365218043 -0.013116444 0.930827498
1439803635.695408 -0.918102205 -0.076474853 1.035662651 0.001912931 -0.365399688 -0.013740792 0.930747330
1439803635.757912 -0.922760189 -0.076687127 1.040070653 0.001866389 -0.365674347 -0.014478056 0.930628359
1439803635.820411 -0.927384019 -0.076915488 1.044570565 0.001734533 -0.366101503 -0.015072291 0.930451274
1439803635.882913 -0.931988239 -0.077061146 1.049059272 0.001520372 -0.366581261 -0.015461196 0.930256307
1439803635.945415 -0.936653376 -0.077285983 1.053723097 0.001192696 -0.367038310 -0.015664481 0.930073142
1439803636.007915 -0.941229701 -0.077443726 1.058298945 0.000863042 -0.367468596 -0.015930362 0.929899096
1439803636.070418 -0.945851862 -0.077673450 1.062890053 0.000671479 -0.367839664 -0.016299341 0.929746151
1439803636.132917 -0.950581670 -0.077822708 1.067501545 0.000481004 -0.368376851 -0.016513936 0.929529786
1439803636.195419 -0.955217719 -0.078019477 1.072063088 0.000052795 -0.369202971 -0.016463846 0.929202914
1439803636.257920 -0.959852815 -0.078271680 1.076690555 -0.000736455 -0.370113522 -0.016427338 0.928840995
1439803636.320421 -0.964483261 -0.078424320 1.081499934 -0.001729405 -0.370816410 -0.016385453 0.928560019
1439803636.382922 -0.969104469 -0.078581989 1.086125970 -0.002686402 -0.371225059 -0.016379718 0.928394556
1439803636.445427 -0.973754704 -0.078755461 1.090728164 -0.003497041 -0.371700704 -0.016404385 0.928201079
1439803636.507925 -0.978257239 -0.079063296 1.095011830 -0.004262472 -0.372468054 -0.016625796 0.927886307
1439803636.570426 -0.982972145 -0.079215281 1.099368215 -0.004941694 -0.373472929 -0.016992778 0.927472293
1439803636.632928 -0.987348378 -0.079481870 1.103453279 -0.005735326 -0.374544621 -0.017399255 0.927027881
1439803636.695429 -0.991922140 -0.079621166 1.107630134 -0.006419680 -0.375315577 -0.017670441 0.926706433
1439803636.757931 -0.996161580 -0.079873450 1.111693144 -0.006881059 -0.375973612 -0.017967241 0.926430643
1439803636.820433 -1.000523686 -0.080086097 1.115612507 -0.007130536 -0.376572698 -0.018138831 0.926182032
1439803636.882934 -1.004686356 -0.080250524 1.119551897 -0.007435294 -0.377526194 -0.018111898 0.925791919
1439803636.945435 -1.008794427 -0.080470532 1.123324156 -0.007872786 -0.378604293 -0.018249642 0.925345242
1439803637.007935 -1.012896776 -0.080605067 1.127061129 -0.008327527 -0.379579395 -0.018441236 0.924937844
1439803637.070436 -1.017085314 -0.080757082 1.130798697 -0.008751131 -0.380314827 -0.018701138 0.924626589
1439803637.132942 -1.021059990 -0.080973625 1.134366274 -0.009142090 -0.381006598 -0.018928677 0.924333334
1439803637.195466 -1.025023341 -0.081096135 1.137941241 -0.009473261 -0.381759495 -0.019263016 0.924012363
1439803637.257940 -1.029007673 -0.081243530 1.141481519 -0.009930273 -0.382590413 -0.019596515 0.923656821
1439803637.320442 -1.032936215 -0.081388220 1.144960165 -0.010352567 -0.383488566 -0.019787621 0.923275590
1439803637.382944 -1.036794305 -0.081539080 1.148335218 -0.010617470 -0.384259194 -0.019989567 0.922947764
1439803637.445448 -1.040711880 -0.081592165 1.151869297 -0.010842288 -0.384870470 -0.020001708 0.922690153
1439803637.507948 -1.044511437 -0.081731357 1.155258060 -0.011118800 -0.385498583 -0.020086767 0.922422767
1439803637.570446 -1.048407197 -0.081806824 1.158648491 -0.011341942 -0.386200696 -0.020311953 0.922121406
1439803637.632951 -1.052195787 -0.081881180 1.162040114 -0.011598635 -0.387020826 -0.020473041 0.921770692
1439803637.695449 -1.056084275 -0.081954300 1.165307641 -0.011707888 -0.387807667 -0.020870285 0.921429634
1439803637.757951 -1.059914470 -0.082167543 1.168542743 -0.011894870 -0.388544738 -0.021245634 0.921108067
1439803637.820457 -1.063714266 -0.082246959 1.171811461 -0.012119719 -0.389296502 -0.021443518 0.920783103
1439803637.882955 -1.067498922 -0.082330085 1.175118089 -0.012450091 -0.390029430 -0.021555116 0.920465887
1439803637.945458 -1.071221948 -0.082407534 1.178480625 -0.012884833 -0.390777856 -0.021456396 0.920144677
1439803638.007957 -1.074949265 -0.082464136 1.181811333 -0.013325751 -0.391529590 -0.021307878 0.919822216
1439803638.070457 -1.078814626 -0.082482867 1.185193896 -0.013679245 -0.392206222 -0.021302622 0.919528902
1439803638.132958 -1.082561493 -0.082628734 1.188354492 -0.014066942 -0.392907113 -0.021425780 0.919220865
1439803638.195463 -1.086447001 -0.082579941 1.191593528 -0.014376387 -0.393663108 -0.021575158 0.918889105
1439803638.257961 -1.090308785 -0.082669564 1.194888234 -0.014711532 -0.394481361 -0.021834226 0.918526709
1439803638.320464 -1.094137192 -0.082688250 1.198089242 -0.014983185 -0.395297348 -0.021995578 0.918167531
1439803638.382966 -1.097927809 -0.082746573 1.201377153 -0.015332444 -0.396116346 -0.021973243 0.917809308
1439803638.445467 -1.101704597 -0.082759626 1.204546571 -0.015704202 -0.396935165 -0.021993017 0.917448699
1439803638.507968 -1.105308414 -0.082800731 1.207606316 -0.016108481 -0.397835612 -0.021915067 0.917053461
1439803638.570469 -1.108863950 -0.082854405 1.210626483 -0.016377157 -0.398783177 -0.021814737 0.916639447
1439803638.632969 -1.112409830 -0.082832560 1.213468909 -0.016506298 -0.399703860 -0.021716543 0.916238368
1439803638.695470 -1.116079926 -0.082790300 1.216479421 -0.016653305 -0.400622338 -0.021510918 0.915839314
1439803638.757971 -1.119813681 -0.082749896 1.219434977 -0.017002357 -0.401606828 -0.021515166 0.915401578
1439803638.820474 -1.123616338 -0.082670435 1.222499013 -0.017565960 -0.402745187 -0.021622377 0.914888084
1439803638.882976 -1.127754807 -0.082622983 1.225553751 -0.018065700 -0.403932542 -0.021984331 0.914346159
1439803638.945477 -1.131933212 -0.082479984 1.228720665 -0.018382197 -0.405375242 -0.021974761 0.913701355
1439803639.007977 -1.136316180 -0.082552113 1.231969357 -0.018605255 -0.407207400 -0.021781884 0.912886381
1439803639.070479 -1.140739918 -0.082516111 1.235178709 -0.018633993 -0.409354776 -0.021414435 0.911933601
1439803639.132981 -1.145381927 -0.082508922 1.238426447 -0.018720120 -0.411503047 -0.021221062 0.910968959
1439803639.195485 -1.150110841 -0.082531214 1.241704226 -0.019035317 -0.413723290 -0.020861149 0.909964561
1439803639.257988 -1.155099988 -0.082600020 1.244918227 -0.019419769 -0.416144699 -0.020697044 0.908855379
1439803639.320483 -1.160257936 -0.082648769 1.248188019 -0.019767875 -0.418879271 -0.020619458 0.907592535
1439803639.382986 -1.165518165 -0.082738176 1.251234531 -0.019911429 -0.421906382 -0.020907519 0.906179547
1439803639.445486 -1.171020031 -0.082698651 1.254287243 -0.019977944 -0.425263435 -0.021100724 0.904603064
1439803639.507987 -1.176630378 -0.082665682 1.257349730 -0.020088382 -0.429016471 -0.021148214 0.902825594
1439803639.570488 -1.182616472 -0.082613118 1.260308504 -0.020097200 -0.432955593 -0.021386448 0.900937378
1439803639.632992 -1.188845515 -0.082694866 1.263210893 -0.020033928 -0.437231928 -0.021769635 0.898862004
1439803639.695491 -1.195225596 -0.082733735 1.266118288 -0.020076603 -0.441947013 -0.021732887 0.896553099
1439803639.757992 -1.201932907 -0.082798757 1.269074559 -0.020070342 -0.447024018 -0.021896228 0.894028664
1439803639.820493 -1.208998203 -0.082935914 1.272006989 -0.020192767 -0.452417612 -0.021999342 0.891306102
1439803639.882993 -1.216283083 -0.083007820 1.274932623 -0.020428892 -0.458131462 -0.022080865 0.888375282
1439803639.945493 -1.223952532 -0.082965523 1.277736068 -0.020656353 -0.464092523 -0.022056727 0.885271132
1439803640.007994 -1.231924891 -0.083072357 1.280481815 -0.020866951 -0.470440358 -0.022254245 0.881904244
1439803640.070495 -1.240296006 -0.082983792 1.283285022 -0.021111129 -0.477217466 -0.022438467 0.878245056
1439803640.195496 -1.258288741 -0.082894482 1.288453102 -0.020918630 -0.491611660 -0.024049381 0.870231032
1439803640.257998 -1.267447710 -0.082830809 1.290582299 -0.021277366 -0.499551505 -0.024271995 0.865682602
1439803640.320498 -1.277845740 -0.082783923 1.293194771 -0.023039892 -0.507981241 -0.023012441 0.860752344
1439803640.382997 -1.287901759 -0.082767092 1.295424819 -0.023532687 -0.516507745 -0.022582678 0.855661094
1439803640.507998 -1.308361530 -0.082889937 1.298058033 -0.019125791 -0.534024835 -0.024873475 0.844886363
1439803640.570498 -1.319201231 -0.083323993 1.298104763 -0.015743785 -0.543636203 -0.028151717 0.838700950
1439803640.632998 -1.330772042 -0.083259188 1.296928167 -0.011866700 -0.553657651 -0.030806186 0.832089782
1439803640.695501 -1.341633081 -0.083954267 1.297395945 -0.008175084 -0.564529777 -0.031231111 0.824781120
1439803640.758001 -1.352952957 -0.084520318 1.297225237 -0.004300117 -0.575081587 -0.030468935 0.817517161
1439803640.820500 -1.364277124 -0.085322440 1.297488689 -0.001223576 -0.585731983 -0.029014666 0.809984326
1439803640.945502 -1.389599562 -0.086089276 1.297149181 0.001122922 -0.607375920 -0.024259649 0.794043243
1439803641.008002 -1.402528763 -0.086379051 1.296676040 0.001888597 -0.618570209 -0.022492457 0.785405219
1439803641.070503 -1.416079640 -0.086577408 1.295697927 0.002973383 -0.629563391 -0.021567898 0.776643991
1439803641.133004 -1.429696798 -0.087013029 1.294046760 0.004092121 -0.640066981 -0.021036923 0.768020153
1439803641.195504 -1.443853736 -0.086858846 1.292404413 0.005366863 -0.650501192 -0.020368382 0.759213090
1439803641.258006 -1.458408594 -0.086705744 1.290186882 0.006843932 -0.660883427 -0.020038690 0.750189781
1439803641.320507 -1.472966671 -0.086838618 1.287793279 0.008383912 -0.671428263 -0.019315062 0.740770400
1439803641.383007 -1.487890601 -0.086929329 1.285077095 0.009768663 -0.681679606 -0.018491650 0.731351852
1439803641.445507 -1.502792716 -0.087207153 1.282025218 0.010506577 -0.691722274 -0.017096475 0.721884727
1439803641.508007 -1.517844439 -0.087786280 1.278619170 0.010460823 -0.701599479 -0.014436028 0.712348461
1439803641.570507 -1.533235192 -0.087814450 1.274553776 0.011018895 -0.710769236 -0.013863597 0.703202307
1439803641.633008 -1.549411654 -0.088192299 1.269888282 0.012009402 -0.719472587 -0.015374574 0.694246829
1439803641.695511 -1.566182852 -0.088471763 1.264646769 0.013315223 -0.727953136 -0.017981099 0.685261726
1439803641.758010 -1.585065961 -0.088321254 1.259494305 0.014835738 -0.736384392 -0.021147214 0.676070094
1439803641.820510 -1.602092743 -0.088117287 1.253263235 0.015976120 -0.744726181 -0.024116093 0.666742802
1439803641.883013 -1.619887829 -0.088212311 1.246944666 0.017469512 -0.753128707 -0.026726730 0.657097876
1439803641.945513 -1.636654854 -0.088225454 1.239668608 0.021339146 -0.761361122 -0.029279146 0.647314906
1439803642.008016 -1.655735970 -0.088540442 1.233877540 0.023523234 -0.769924939 -0.029840052 0.637002230
1439803642.070516 -1.670579195 -0.088891305 1.224409223 0.024070857 -0.777797759 -0.030984715 0.627288699
1439803642.133017 -1.687212944 -0.089271322 1.216234446 0.023910752 -0.786269069 -0.032772057 0.616551042
1439803642.195519 -1.704312682 -0.089518592 1.207647681 0.023107111 -0.794723570 -0.034004241 0.605577528
1439803642.258020 -1.721343160 -0.089823157 1.198838353 0.021349913 -0.802843690 -0.034007870 0.594835818
1439803642.320521 -1.738303900 -0.090249911 1.189428806 0.019366812 -0.810652971 -0.033711776 0.584234655
1439803642.383022 -1.755286455 -0.090564422 1.179282665 0.018411204 -0.818352163 -0.033956904 0.573417604
1439803642.445521 -1.771906853 -0.090618290 1.168202877 0.018825548 -0.825923264 -0.034883909 0.562387288
1439803642.508024 -1.789026022 -0.090604931 1.156628847 0.019335531 -0.833273888 -0.035707865 0.551367164
1439803642.570524 -1.805873394 -0.090520352 1.144794345 0.019109121 -0.840330899 -0.035834234 0.540550351
1439803642.633025 -1.822827339 -0.090555176 1.132498145 0.018810682 -0.847124517 -0.036119509 0.529831588
1439803642.695529 -1.839874983 -0.090483345 1.119970083 0.018271234 -0.853808880 -0.036129978 0.519009769
1439803642.758031 -1.857227802 -0.090233743 1.106690407 0.017415823 -0.860369980 -0.035850510 0.508109212
1439803642.820529 -1.874367356 -0.090122238 1.092978954 -0.016349981 0.866588950 0.035831377 -0.497465968
1439803642.883032 -1.891313314 -0.090051062 1.078440785 -0.016192306 0.872372091 0.036920730 -0.487177223
1439803642.945533 -1.908286333 -0.089426354 1.063337564 -0.016499994 0.877967417 0.038316514 -0.476899236
1439803643.008035 -1.925066471 -0.089377791 1.047286153 -0.017489742 0.883280694 0.040538624 -0.466761142
1439803643.070537 -1.942186117 -0.088515259 1.030153632 -0.018739343 0.888321996 0.042459968 -0.456869811
1439803643.133038 -1.958817124 -0.087919489 1.013679981 -0.019755276 0.893064976 0.044324819 -0.447302967
1439803643.195537 -1.976155043 -0.087027676 0.996266246 -0.019671861 0.897374868 0.044798426 -0.438548088
1439803643.258038 -1.993089199 -0.086356305 0.978797436 -0.019755848 0.901334882 0.045196198 -0.430305004
1439803643.320537 -2.010599136 -0.085594535 0.960429072 -0.020371478 0.904961467 0.046316609 -0.422474295
1439803643.383039 -2.027906656 -0.084852189 0.942362547 -0.020167945 0.908441782 0.047418632 -0.414823145
1439803643.445539 -2.045530319 -0.084368922 0.923479199 -0.019437129 0.911605239 0.048243575 -0.407762975
1439803643.508039 -2.063208342 -0.084008068 0.904803336 -0.018908592 0.914398313 0.048394285 -0.401467562
1439803643.570541 -2.081191778 -0.083469562 0.885226250 -0.019339856 0.916693389 0.048297271 -0.396190196
1439803643.633041 -2.099476099 -0.082859986 0.865319967 -0.020302232 0.918544471 0.048375957 -0.391820878
1439803643.695543 -2.117624283 -0.082182132 0.845303535 -0.021588396 0.920056462 0.048147399 -0.388216347
1439803643.758047 -2.136116982 -0.081454203 0.825264215 -0.021957664 0.921443760 0.047528036 -0.384968013
1439803643.820547 -2.154918671 -0.080808088 0.804957747 -0.022017125 0.922754824 0.047504731 -0.381814152
1439803643.883048 -2.174055815 -0.079952970 0.784146369 -0.022074580 0.923905551 0.047424380 -0.379027933
1439803643.945550 -2.193246841 -0.079128787 0.763142228 -0.022352485 0.924805164 0.047236208 -0.376834840
1439803644.008052 -2.212867975 -0.078340016 0.742077768 -0.021371851 0.925661802 0.046801008 -0.374837518
1439803644.070553 -2.232665777 -0.077507205 0.720522821 -0.020469362 0.926416337 0.047191821 -0.372970104
1439803644.133066 -2.252547503 -0.076681353 0.698160589 -0.020998662 0.927074671 0.048966046 -0.371071279
1439803644.195554 -2.272697449 -0.075878449 0.675914168 -0.020691587 0.927784145 0.049715262 -0.369211078
1439803644.258068 -2.292958975 -0.075443134 0.653788328 -0.020026186 0.928441107 0.049717814 -0.367592484
1439803644.320556 -2.313346624 -0.074625559 0.630564809 -0.020257114 0.928949594 0.049798008 -0.366282016
1439803644.383057 -2.334059715 -0.073696524 0.607418358 -0.021354456 0.929193437 0.050516617 -0.365501881
1439803644.445558 -2.354818821 -0.072968997 0.584275663 -0.021697162 0.929213762 0.050887756 -0.365378469
1439803644.508060 -2.375950336 -0.071957402 0.560960889 -0.022326319 0.929098487 0.051068038 -0.365608633
1439803644.570561 -2.397293091 -0.071200714 0.537658572 -0.022445297 0.928895056 0.051068515 -0.366117656
1439803644.633062 -2.418923616 -0.070393287 0.514651537 -0.022561241 0.928735554 0.050500236 -0.366593778
1439803644.695563 -2.441492081 -0.069223613 0.490796447 -0.021102209 0.928618968 0.050019890 -0.367041528
1439803644.758065 -2.463639736 -0.068329796 0.467330575 -0.019875312 0.928454041 0.050594516 -0.367448419
1439803644.820566 -2.486305714 -0.067435369 0.443250179 -0.020057632 0.928267658 0.051189266 -0.367826790
1439803644.883067 -2.508717299 -0.066575311 0.419093013 -0.020198187 0.928009450 0.050954908 -0.368502498
1439803644.945568 -2.531037807 -0.065903917 0.395111561 -0.021090074 0.927759230 0.051167659 -0.369052619
1439803645.008069 -2.553625584 -0.064729005 0.369859338 -0.023181433 0.927436292 0.052901655 -0.369494230
1439803645.070572 -2.576668739 -0.063498825 0.345459938 -0.022796972 0.927287519 0.053683598 -0.369778574
1439803645.133072 -2.599937677 -0.062418804 0.320676088 -0.022869056 0.927159429 0.053920925 -0.370060682
1439803645.195573 -2.623010159 -0.061574787 0.296037197 -0.023411093 0.927058816 0.053386133 -0.370356262
1439803645.258074 -2.646638870 -0.060905173 0.271253705 -0.023421040 0.926921368 0.052213654 -0.370866567
1439803645.320576 -2.670356274 -0.060389861 0.246614695 -0.022103887 0.926884949 0.050678156 -0.371251136
1439803645.383077 -2.694271803 -0.059847504 0.221838832 -0.021711297 0.926827133 0.049754336 -0.371543527
1439803645.445578 -2.717788219 -0.059037194 0.197045207 -0.022848964 0.926639974 0.049000580 -0.372041970
1439803645.508080 -2.741544247 -0.058316246 0.172072291 -0.023284744 0.926487982 0.047965188 -0.372528106
1439803645.570581 -2.765496731 -0.057310760 0.146551490 -0.024100797 0.926239908 0.048185933 -0.373064250
1439803645.633082 -2.789455175 -0.056315303 0.120926738 -0.024976496 0.926014841 0.049278241 -0.373422503
1439803645.695584 -2.813636303 -0.055737808 0.095541000 -0.024548914 0.925864756 0.050323386 -0.373683393
1439803645.758088 -2.838926554 -0.054431885 0.069127679 -0.023479635 0.925766408 0.051339813 -0.373857528
1439803645.820587 -2.863509893 -0.053708792 0.043496370 -0.023075297 0.925697923 0.052747026 -0.373856455
1439803645.883087 -2.888514042 -0.052618250 0.017312169 -0.022396468 0.925686181 0.053339832 -0.373842686
1439803645.945589 -2.913548470 -0.051743686 -0.009067535 -0.021638349 0.925731301 0.053243004 -0.373789340
1439803646.008092 -2.937912941 -0.050939217 -0.034461975 -0.021220339 0.925882936 0.052815329 -0.373498321
1439803646.070591 -2.962814808 -0.049883649 -0.061014771 -0.021986200 0.925943553 0.052597225 -0.373334527
1439803646.133093 -2.987485886 -0.048900202 -0.087349892 -0.022788621 0.925958395 0.052226085 -0.373301685
1439803646.195595 -3.012149572 -0.048067480 -0.113891602 -0.023713898 0.925975800 0.051722009 -0.373271048
1439803646.258095 -3.037013054 -0.046860471 -0.140248895 -0.024908569 0.926005304 0.051591475 -0.373138070
1439803646.320599 -3.062196255 -0.045886889 -0.167365789 -0.025250362 0.925981343 0.051592801 -0.373174518
1439803646.383098 -3.087562323 -0.044676214 -0.193821073 -0.025279626 0.926043570 0.052125815 -0.372943848
1439803646.445602 -3.112906933 -0.043596908 -0.220709682 -0.025760058 0.926073968 0.053380527 -0.372657895
1439803646.508101 -3.138284206 -0.042486891 -0.247981310 -0.026262423 0.926055789 0.054323956 -0.372531652
1439803646.570602 -3.163641691 -0.041501701 -0.275112391 -0.026323030 0.926088512 0.054816276 -0.372373879
1439803646.633109 -3.189059734 -0.040721223 -0.301981091 -0.026259428 0.926181018 0.055117249 -0.372103870
1439803646.695605 -3.214717388 -0.040228397 -0.328401208 -0.024968034 0.926381230 0.054252800 -0.371821284
1439803646.758106 -3.239918232 -0.039337933 -0.355608463 -0.024437007 0.926572084 0.053193778 -0.371533960
1439803646.820607 -3.265397549 -0.038397998 -0.382638335 -0.025016945 0.926625311 0.052407343 -0.371474385
1439803646.883108 -3.290371895 -0.037999883 -0.408840537 -0.025211399 0.926675200 0.051894844 -0.371408612
1439803646.945611 -3.316236734 -0.036243007 -0.437023520 -0.025519906 0.926693857 0.051959779 -0.371331990
1439803647.008111 -3.341365337 -0.035066590 -0.464712858 -0.026872357 0.926736772 0.052753028 -0.371017486
1439803647.070612 -3.366647482 -0.034079164 -0.492392421 -0.027855039 0.926838875 0.053353496 -0.370603770
1439803647.133117 -3.392281055 -0.033152610 -0.519435406 -0.026926354 0.927062213 0.053211674 -0.370134026
1439803647.195615 -3.417569876 -0.032418400 -0.546451807 -0.026561543 0.927227497 0.053391498 -0.369720310
1439803647.258117 -3.442995071 -0.031398281 -0.573594332 -0.025561528 0.927422583 0.053198230 -0.369329035
1439803647.320618 -3.469002247 -0.030960396 -0.601257086 -0.025247753 0.927537203 0.053461052 -0.369024694
1439803647.383119 -3.494598389 -0.029791310 -0.629051208 -0.025059527 0.927550197 0.053558417 -0.368990690
1439803647.445625 -3.519686699 -0.029095456 -0.656088233 -0.025759023 0.927579820 0.053759731 -0.368838787
1439803647.508122 -3.545108318 -0.028027579 -0.684290171 -0.026930174 0.927650690 0.053528689 -0.368610382
1439803647.570623 -3.571034670 -0.027154863 -0.711990118 -0.026717421 0.927816749 0.052822299 -0.368309796
1439803647.633124 -3.595697403 -0.026518032 -0.739198923 -0.026759047 0.927928507 0.052155808 -0.368120104
1439803647.695625 -3.621782303 -0.025438905 -0.767103791 -0.026952663 0.927957773 0.052091159 -0.368041307
1439803647.758127 -3.647195339 -0.024585366 -0.794397235 -0.026685707 0.928000569 0.052030016 -0.367961586
1439803647.820628 -3.673403740 -0.023112729 -0.822499871 -0.025953203 0.927970111 0.052366521 -0.368042946
1439803647.883129 -3.699117184 -0.022100955 -0.849910021 -0.024704823 0.927963793 0.052666973 -0.368101835
1439803647.945630 -3.725562096 -0.020892084 -0.877447248 -0.023296913 0.928058267 0.052406978 -0.367992729
1439803648.008132 -3.750522137 -0.020737737 -0.905918121 -0.023136746 0.928086817 0.052525558 -0.367913932
1439803648.070634 -3.775679588 -0.020274669 -0.933421254 -0.023860756 0.928177059 0.052746151 -0.367608190
1439803648.133134 -3.801226139 -0.019524187 -0.961405993 -0.024449507 0.928215981 0.052343007 -0.367529005
1439803648.195641 -3.826743364 -0.018462777 -0.989386439 -0.024502326 0.928289533 0.051955927 -0.367394596
1439803648.258138 -3.852160692 -0.017703861 -1.016795158 -0.024105871 0.928461671 0.050996501 -0.367120206
1439803648.320640 -3.877873898 -0.016724795 -1.044411540 -0.024044907 0.928620517 0.050321866 -0.366815448
1439803648.383139 -3.903895378 -0.016078621 -1.072130084 -0.022767585 0.928732872 0.049447469 -0.366731286
1439803648.445642 -3.929543972 -0.015693754 -1.099215150 -0.021928025 0.928702772 0.048699994 -0.366958708
1439803648.508142 -3.955080032 -0.015105337 -1.127213240 -0.022658288 0.928562224 0.048718400 -0.367267281
1439803648.570645 -3.980496883 -0.014453351 -1.154964328 -0.023061054 0.928413510 0.048739139 -0.367615342
1439803648.633144 -4.006212234 -0.013648331 -1.182570815 -0.022853896 0.928332090 0.048725940 -0.367835671
1439803648.695646 -4.031889915 -0.012612134 -1.210586071 -0.023110643 0.928152263 0.049644761 -0.368150353
1439803648.758147 -4.057967663 -0.011688441 -1.238340259 -0.022142611 0.927979887 0.050688758 -0.368501991
1439803648.820650 -4.084528923 -0.010501593 -1.266296268 -0.020161295 0.927847862 0.051873337 -0.368783146
1439803648.883150 -4.110314846 -0.009409010 -1.293669224 -0.019713318 0.927623987 0.054316476 -0.369018793
1439803648.945651 -4.136311531 -0.008325726 -1.321306944 -0.018933773 0.927435994 0.055771753 -0.369314909
1439803649.008152 -4.162088871 -0.007340312 -1.349004865 -0.018922957 0.927296102 0.056106869 -0.369615883
1439803649.070654 -4.188042641 -0.006592691 -1.376725554 -0.020623598 0.927198112 0.056185070 -0.369758785
1439803649.133156 -4.213385582 -0.005440354 -1.404612541 -0.022055211 0.927131951 0.055065386 -0.370010436
1439803649.195657 -4.239099503 -0.004773021 -1.431986809 -0.022540111 0.927194238 0.053257488 -0.370089710
1439803649.258157 -4.264893532 -0.003709167 -1.459699512 -0.023547078 0.927220702 0.051621903 -0.370192498
1439803649.320659 -4.290995121 -0.002438247 -1.487544417 -0.024516392 0.927144170 0.050868597 -0.370425433
1439803649.445661 -4.342652321 -0.000068992 -1.542797208 -0.025785485 0.926826358 0.051308487 -0.371073306
1439803649.508164 -4.368795872 0.000932217 -1.570374370 -0.026344627 0.926644087 0.052094642 -0.371379584
1439803649.570662 -4.394739628 0.001585841 -1.598734379 -0.026013231 0.926527619 0.052466288 -0.371641248
1439803649.633164 -4.421025276 0.001972198 -1.626388788 -0.025367273 0.926545680 0.052381769 -0.371652693
1439803649.695667 -4.446883678 0.002765924 -1.653972149 -0.024856016 0.926530957 0.051845815 -0.371799171
1439803649.758168 -4.472868443 0.003346682 -1.681331515 -0.024163224 0.926450014 0.051438756 -0.372102797
1439803649.883168 -4.525057793 0.005566090 -1.736772060 -0.022703541 0.926190078 0.051421989 -0.372843564
1439803649.945672 -4.551126957 0.006922066 -1.763154984 -0.022108881 0.926145196 0.052100122 -0.372896552
1439803650.008173 -4.577443123 0.008121014 -1.790930271 -0.021210518 0.925993264 0.053477082 -0.373131067
1439803650.070673 -4.603784084 0.009224564 -1.821114421 -0.020912141 0.925665617 0.054902822 -0.373753190
1439803650.133174 -4.630097866 0.010220170 -1.846503854 -0.019851882 0.925722063 0.055316631 -0.373610198
1439803650.258178 -4.682036400 0.011789709 -1.900580645 -0.018635456 0.925638437 0.054878615 -0.373944551
1439803650.320676 -4.708301067 0.013155252 -1.927945733 -0.018286441 0.925681710 0.054066513 -0.373973042
1439803650.383177 -4.734161377 0.014089257 -1.955050826 -0.018935559 0.925666690 0.053155243 -0.374108553
1439803650.445678 -4.759534836 0.015320182 -1.982130766 -0.019319940 0.925621271 0.052278727 -0.374324739
1439803650.508180 -4.785469532 0.016286612 -2.009235859 -0.019546218 0.925565124 0.051450022 -0.374566495
1439803650.570681 -4.811165810 0.017110884 -2.035578251 -0.018930670 0.925598562 0.049967200 -0.374716222
1439803650.695683 -4.862865448 0.018351585 -2.088749170 -0.016830513 0.925550640 0.047075108 -0.375308752
1439803650.758188 -4.889227867 0.019147605 -2.115661621 -0.016070833 0.925365865 0.047109514 -0.375793040
1439803650.820685 -4.914846897 0.020433486 -2.142490149 -0.016216977 0.925045490 0.048033401 -0.376458049
1439803650.883186 -4.940328598 0.021239758 -2.169214487 -0.016467052 0.924733818 0.049182419 -0.377064079
1439803650.945688 -4.965820312 0.022779226 -2.195762634 -0.016112363 0.924560249 0.050018411 -0.377394766
1439803651.070689 -5.017290115 0.024023801 -2.248200893 -0.012452869 0.924401879 0.051262759 -0.377754211
1439803651.133190 -5.043020248 0.024700880 -2.273643255 -0.010783145 0.924275398 0.050829235 -0.378173381
1439803651.195692 -5.068271160 0.025364667 -2.299104691 -0.009812579 0.924077034 0.050038878 -0.378789485
1439803651.258195 -5.093457222 0.026163280 -2.324758053 -0.009717790 0.923888326 0.049053580 -0.379380643
1439803651.383194 -5.143437386 0.028526276 -2.376357794 -0.011848775 0.923473835 0.048966512 -0.380339235
1439803651.445695 -5.167988300 0.029668391 -2.401926517 -0.012689883 0.923295259 0.049305204 -0.380701780
1439803651.508197 -5.192955971 0.030513763 -2.427408218 -0.013856587 0.923154891 0.050163113 -0.380889386
1439803651.570698 -5.217794895 0.031717241 -2.452773809 -0.014718292 0.923044086 0.051230121 -0.380983502
1439803651.695700 -5.267782211 0.033066392 -2.502409935 -0.011261809 0.922954440 0.049974214 -0.381485045
1439803651.758201 -5.292543411 0.033600450 -2.526865244 -0.010305357 0.922798276 0.048773665 -0.382044792
1439803651.820703 -5.317596436 0.034407496 -2.551532269 -0.010161093 0.922560036 0.048054401 -0.382714719
1439803651.883203 -5.341608047 0.035078913 -2.576552629 -0.010497656 0.922249615 0.048208732 -0.383433670
1439803651.945705 -5.366087914 0.035950571 -2.601314545 -0.012006650 0.922018766 0.048604891 -0.383894235
1439803652.008209 -5.389960766 0.036892354 -2.626086712 -0.013510935 0.921713293 0.048948880 -0.384533644
1439803652.133206 -5.438599586 0.038719147 -2.675367832 -0.013507864 0.921401620 0.049352240 -0.385228425
1439803652.195710 -5.463470459 0.039470404 -2.699449539 -0.013101675 0.921412945 0.049950723 -0.385138154
1439803652.258216 -5.487976074 0.040256023 -2.723575354 -0.011634473 0.921339571 0.049424820 -0.385428578
1439803652.320718 -5.512884140 0.041048437 -2.747817516 -0.010646883 0.921187818 0.048352800 -0.385955513
1439803652.383212 -5.536499023 0.041693926 -2.772170305 -0.011446774 0.920884371 0.048015263 -0.386698276
1439803652.508214 -5.584852219 0.043246329 -2.820329666 -0.012565036 0.920561790 0.046626527 -0.387600392
1439803652.570715 -5.609463215 0.043634623 -2.844566345 -0.013379679 0.920388758 0.046790667 -0.387964100
1439803652.633215 -5.634040833 0.044429928 -2.868599892 -0.013743806 0.920278490 0.046532292 -0.388243943
1439803652.695715 -5.658555984 0.045300245 -2.892212868 -0.013055457 0.920188904 0.046100728 -0.388531476
1439803652.758216 -5.683055401 0.046034902 -2.915780067 -0.012119249 0.920134723 0.045736786 -0.388733029
1439803652.820717 -5.707960129 0.046908081 -2.939401627 -0.011449348 0.919993877 0.045514982 -0.389112502
1439803652.945717 -5.756556511 0.048213631 -2.986508846 -0.010615740 0.919553220 0.046097018 -0.390108109
1439803653.008218 -5.781145573 0.049241006 -3.010149956 -0.009948004 0.919492304 0.046078876 -0.390271246
1439803653.070718 -5.805163383 0.049837351 -3.033756495 -0.010626603 0.919377863 0.046733055 -0.390445232
1439803653.133218 -5.829312325 0.050286859 -3.057737827 -0.011052101 0.919227839 0.047167119 -0.390734285
1439803653.195719 -5.853715420 0.050915658 -3.081792116 -0.011095182 0.919066727 0.047521196 -0.391069055
1439803653.258219 -5.877989769 0.051752448 -3.105587959 -0.011582532 0.919027984 0.047845826 -0.391106337
1439803653.383220 -5.926345825 0.053475291 -3.152884960 -0.011279277 0.918946207 0.047771003 -0.391316533
1439803653.445721 -5.950799465 0.054039121 -3.176340103 -0.010533180 0.918884814 0.047353175 -0.391532123
1439803653.508221 -5.975408554 0.054849803 -3.199977636 -0.010512600 0.918780267 0.047941320 -0.391706318
1439803653.570721 -5.999934196 0.055789828 -3.223975182 -0.010397209 0.918684602 0.048689216 -0.391841620
1439803653.695723 -6.049139977 0.057805657 -3.271642447 -0.010934732 0.918404102 0.049186449 -0.392421991
1439803653.758223 -6.073572159 0.058718532 -3.295432568 -0.011700884 0.918285370 0.048791487 -0.392726958
1439803653.820723 -6.097630501 0.058888465 -3.320310116 -0.012681559 0.918027699 0.048586518 -0.393323928
1439803653.883225 -6.121949673 0.059778750 -3.344182491 -0.013550123 0.917894602 0.048845313 -0.393573433
1439803653.945725 -6.147221565 0.062365979 -3.362248421 -0.012881183 0.918476999 0.047496241 -0.392400593
