1439803609.257462 -0.007963316 -0.000706103 0.025905630 -0.000761488 -0.019188657 -0.001578539 0.999814332
1439803609.382465 -0.013965703 -0.001190869 0.044422626 -0.001749606 -0.031939588 -0.002266933 0.999485731
1439803609.444963 -0.016910519 -0.001433025 0.053886838 -0.002369584 -0.038489204 -0.002017388 0.999254167
1439803609.507464 -0.020197751 -0.001859221 0.063020512 -0.003132360 -0.045092825 -0.001904610 0.998976052
1439803609.632471 -0.023068339 -0.004146179 0.076830335 -0.005089730 -0.059641961 -0.001633817 0.998205483
1439803609.694965 -0.020642802 0.000358795 0.089848794 -0.002821124 -0.069438502 -0.002217136 0.997579753
1439803609.757465 -0.025387010 -0.000999113 0.097989440 -0.003560673 -0.074686997 -0.002362169 0.997197866
1439803609.819968 -0.027578138 -0.000133669 0.107283123 -0.002802067 -0.081666827 -0.002411520 0.996652842
1439803609.882467 -0.032096408 -0.002372105 0.115039788 -0.003950798 -0.087348342 -0.002282557 0.996167421
1439803609.944967 -0.042139523 -0.004777054 0.124604262 -0.005196996 -0.090265714 -0.002346658 0.995901406
1439803610.007470 -0.045524769 -0.005256479 0.133482486 -0.005419148 -0.096101150 -0.002715597 0.995353103
1439803610.069969 -0.051994644 -0.005731002 0.143438578 -0.005542182 -0.100112870 -0.003007551 0.994956076
1439803610.132468 -0.056260549 -0.006188842 0.152269766 -0.005708001 -0.104866818 -0.003317074 0.994464338
1439803610.194970 -0.059994996 -0.006933435 0.160673052 -0.006079023 -0.109909944 -0.003467019 0.993916929
1439803610.257471 -0.064260431 -0.006870922 0.169839308 -0.006109089 -0.114833564 -0.003657839 0.993359208
1439803610.319972 -0.067891039 -0.007125613 0.178715706 -0.006116957 -0.120038182 -0.003481470 0.992744267
1439803610.382472 -0.072848625 -0.007773620 0.186497480 -0.006260563 -0.124380104 -0.003431039 0.992208958
1439803610.444972 -0.074627958 -0.007771223 0.195561156 -0.005977316 -0.130401120 -0.003049934 0.991438627
1439803610.507476 -0.078210041 -0.008407854 0.203875050 -0.006099824 -0.135386720 -0.003186271 0.990768909
1439803610.569974 -0.083508737 -0.008669739 0.212022215 -0.005969347 -0.139507189 -0.003328517 0.990197480
1439803610.632474 -0.088099167 -0.009121738 0.220021188 -0.005862334 -0.144052729 -0.003261253 0.989547253
1439803610.694978 -0.092731349 -0.010026927 0.228097677 -0.005783797 -0.148433164 -0.003554130 0.988899112
1439803610.757476 -0.098322801 -0.011375461 0.235262156 -0.005993329 -0.152129099 -0.004123433 0.988333821
1439803610.819978 -0.102246881 -0.011653228 0.243553489 -0.005549326 -0.156429768 -0.004212609 0.987664461
1439803610.882480 -0.106887199 -0.011414327 0.251947671 -0.004907487 -0.160383061 -0.004480652 0.987032473
1439803610.944980 -0.111311510 -0.012296904 0.260002702 -0.004885887 -0.164460629 -0.004454287 0.986361504
1439803611.007481 -0.116845712 -0.012418493 0.267479867 -0.004630221 -0.167843848 -0.004560530 0.985792160
1439803611.069983 -0.120316580 -0.012871591 0.275596112 -0.004364950 -0.171916083 -0.004371522 0.985092223
1439803611.132483 -0.125048503 -0.013521915 0.283300966 -0.004105689 -0.175351605 -0.004249688 0.984488130
1439803611.194984 -0.128488138 -0.013856078 0.291551858 -0.003661879 -0.179369703 -0.003944749 0.983767033
1439803611.257485 -0.133021519 -0.014314320 0.299265444 -0.003273512 -0.182912350 -0.004080479 0.983115315
1439803611.319988 -0.137882143 -0.014699270 0.307074785 -0.002868396 -0.186287671 -0.004418624 0.982481122
1439803611.382487 -0.142334610 -0.015117636 0.314667732 -0.002451523 -0.189750358 -0.004652310 0.981818259
1439803611.444988 -0.146811947 -0.015582205 0.322303891 -0.002118835 -0.193095937 -0.004804377 0.981165826
1439803611.507491 -0.151487797 -0.016020367 0.330015272 -0.001824918 -0.196291476 -0.004817421 0.980532050
1439803611.569991 -0.156196609 -0.016620100 0.337644994 -0.001720385 -0.199361399 -0.004818154 0.979912698
1439803611.632491 -0.160363153 -0.016871639 0.345438898 -0.001423287 -0.202427164 -0.004841559 0.979284286
1439803611.694994 -0.164933473 -0.017040635 0.353450596 -0.001082710 -0.204987869 -0.005010994 0.978751123
1439803611.757494 -0.169698104 -0.017553603 0.361092567 -0.000904324 -0.207313940 -0.005033640 0.978261113
1439803611.820001 -0.174068734 -0.017990975 0.368564039 -0.000661358 -0.209737822 -0.005167082 0.977743804
1439803611.882497 -0.178324014 -0.018483855 0.376012653 -0.000532811 -0.212224290 -0.005397780 0.977205932
1439803611.944998 -0.182690293 -0.018904118 0.383474082 -0.000520635 -0.214663506 -0.005307931 0.976673484
1439803612.007499 -0.186996579 -0.019547796 0.390982032 -0.000714753 -0.217064455 -0.005127978 0.976143539
1439803612.070000 -0.191393882 -0.019859640 0.398383498 -0.000761830 -0.219193771 -0.005117169 0.975667596
1439803612.132502 -0.195926741 -0.020106345 0.405522823 -0.000788495 -0.221107364 -0.005097141 0.975235820
1439803612.195003 -0.200206280 -0.020472432 0.412179321 -0.000917502 -0.223014146 -0.004932399 0.974802315
1439803612.257506 -0.203949928 -0.020719916 0.418665707 -0.000910131 -0.225124851 -0.004655601 0.974318385
1439803612.320006 -0.207940653 -0.020919528 0.424764663 -0.000762465 -0.227015615 -0.004429489 0.973880768
1439803612.382507 -0.211269930 -0.021145115 0.430674493 -0.000613162 -0.229110807 -0.004206881 0.973391056
1439803612.445011 -0.214799628 -0.021448040 0.436242133 -0.000453545 -0.230967432 -0.003985485 0.972953200
1439803612.507510 -0.218480885 -0.021896588 0.441508412 -0.000353271 -0.232691795 -0.004279864 0.972541034
1439803612.570011 -0.222174704 -0.022238314 0.446864158 -0.000209296 -0.234445795 -0.004512533 0.972118676
1439803612.632512 -0.226047784 -0.022651764 0.452253520 -0.000186547 -0.236200288 -0.004915745 0.971691906
1439803612.695014 -0.229714483 -0.022829775 0.457629353 -0.000053030 -0.238094598 -0.005144448 0.971228361
1439803612.757515 -0.233484477 -0.023213644 0.462960541 0.000079175 -0.239939541 -0.005683639 0.970771194
1439803612.820019 -0.237036660 -0.023569450 0.468100667 0.000202320 -0.241601154 -0.006059830 0.970356703
1439803612.882519 -0.240606800 -0.024122659 0.472987890 0.000189541 -0.243116021 -0.006686863 0.969974101
1439803612.945018 -0.244160444 -0.024252288 0.477754623 0.000470505 -0.244619131 -0.007335839 0.969591320
1439803613.007520 -0.247611925 -0.024351168 0.482465982 0.000793697 -0.246212929 -0.007871424 0.969183445
1439803613.070021 -0.250774801 -0.024560943 0.486883044 0.001029580 -0.247848436 -0.008337058 0.968762398
1439803613.132523 -0.254087836 -0.024969283 0.491156578 0.001108611 -0.249208733 -0.008756863 0.968409538
1439803613.195024 -0.257047236 -0.025065171 0.495483279 0.001363221 -0.250558168 -0.008824019 0.968060374
1439803613.257525 -0.260060966 -0.025406616 0.499782950 0.001409936 -0.251787156 -0.008799572 0.967741609
1439803613.320026 -0.263064474 -0.025696950 0.504117608 0.001401562 -0.253068060 -0.008712340 0.967408240
1439803613.382527 -0.265958995 -0.025717808 0.508268178 0.001545948 -0.254447013 -0.008643981 0.967046857
1439803613.445028 -0.268946677 -0.025883000 0.512406528 0.001620936 -0.255770773 -0.008846942 0.966695607
1439803613.507530 -0.271953613 -0.026269790 0.516385496 0.001473951 -0.256961346 -0.009202052 0.966376722
1439803613.570031 -0.274742693 -0.026460202 0.520274222 0.001362395 -0.258101046 -0.009417996 0.966071069
1439803613.632532 -0.277513504 -0.026644904 0.523991764 0.001280452 -0.259149313 -0.009633292 0.965788424
1439803613.695033 -0.280137986 -0.026910760 0.527501702 0.001193697 -0.260207266 -0.009788605 0.965502441
1439803613.757535 -0.282753319 -0.027236653 0.530878365 0.001015393 -0.261197656 -0.009921292 0.965233803
1439803613.820038 -0.285175055 -0.027387846 0.534200907 0.000929046 -0.262200028 -0.010011544 0.964961171
1439803613.882538 -0.287470669 -0.027490238 0.537467957 0.000912843 -0.263164550 -0.010188812 0.964696705
1439803613.945043 -0.289846659 -0.027485946 0.540483415 0.000931026 -0.263970941 -0.010256412 0.964475632
1439803614.007540 -0.291896552 -0.027964003 0.543634832 0.000613205 -0.264961898 -0.010425037 0.964202344
1439803614.070041 -0.293988317 -0.028167559 0.546553731 0.000501646 -0.265840888 -0.010502809 0.963959575
1439803614.132543 -0.296097577 -0.028409697 0.549380004 0.000305865 -0.266607493 -0.010493214 0.963748038
1439803614.195044 -0.298117399 -0.028350953 0.552100301 0.000304101 -0.267288476 -0.010380064 0.963560581
1439803614.257545 -0.299863756 -0.028393678 0.554818690 0.000289834 -0.268019080 -0.010186820 0.963359714
1439803614.320046 -0.301796198 -0.028724954 0.557479322 0.000085497 -0.268551946 -0.010086694 0.963212371
1439803614.382549 -0.303661674 -0.028767291 0.559968114 0.000103245 -0.269102186 -0.009988491 0.963059843
1439803614.445051 -0.305368572 -0.029037660 0.562466502 -0.000018553 -0.269794017 -0.009968016 0.962866485
1439803614.507550 -0.307101250 -0.029248144 0.564871073 -0.000074869 -0.270399690 -0.010065296 0.962695599
1439803614.570055 -0.308709681 -0.029423086 0.567230642 -0.000107616 -0.271029085 -0.010073937 0.962518454
1439803614.632556 -0.310467571 -0.029593669 0.569522679 -0.000148915 -0.271519452 -0.010151114 0.962379456
1439803614.695056 -0.312057436 -0.029710822 0.571812928 -0.000132509 -0.272124559 -0.010179486 0.962208211
1439803614.757557 -0.313805372 -0.029709138 0.573893428 -0.000035927 -0.272572905 -0.010164612 0.962081432
1439803614.820057 -0.315294266 -0.029898372 0.576047719 -0.000051522 -0.273161501 -0.010182224 0.961914301
1439803614.882559 -0.316889465 -0.029998859 0.578072667 -0.000053082 -0.273620754 -0.010244200 0.961783111
1439803614.945059 -0.318260223 -0.030155603 0.580043972 -0.000132695 -0.274124354 -0.010319373 0.961638927
1439803615.007561 -0.319699824 -0.030383959 0.581813276 -0.000245361 -0.274510056 -0.010463641 0.961527228
1439803615.070062 -0.321067512 -0.030624710 0.583786130 -0.000334460 -0.274964660 -0.010459403 0.961397350
1439803615.132563 -0.322223008 -0.030735817 0.585365415 -0.000316005 -0.275373846 -0.010483765 0.961279988
1439803615.195064 -0.323318124 -0.030787544 0.586828887 -0.000289486 -0.275726050 -0.010465655 0.961179197
1439803615.257571 -0.324316829 -0.030968549 0.588260889 -0.000383073 -0.276092112 -0.010498798 0.961073756
1439803615.320080 -0.325216711 -0.030939858 0.589572430 -0.000305978 -0.276429564 -0.010421285 0.960977614
1439803615.382569 -0.326142639 -0.031019924 0.590810597 -0.000277950 -0.276736706 -0.010453193 0.960888863
1439803615.445069 -0.326872706 -0.030998990 0.591948509 -0.000222289 -0.277113914 -0.010452351 0.960780144
1439803615.507571 -0.327796936 -0.031097587 0.593004107 -0.000264986 -0.277325928 -0.010489429 0.960718572
1439803615.570072 -0.328444332 -0.031143405 0.594047785 -0.000246792 -0.277654082 -0.010501986 0.960623682
1439803615.632575 -0.329229057 -0.031181518 0.594984472 -0.000223527 -0.277816951 -0.010521441 0.960576355
1439803615.695074 -0.329873085 -0.031285230 0.595829785 -0.000266735 -0.277993083 -0.010500005 0.960525632
1439803615.757575 -0.330441296 -0.031306177 0.596493721 -0.000212417 -0.278151780 -0.010494780 0.960479796
1439803615.820077 -0.331030309 -0.031377748 0.597158909 -0.000129804 -0.278283358 -0.010436350 0.960442305
1439803615.882579 -0.331614703 -0.031477861 0.597852826 -0.000102700 -0.278451592 -0.010373842 0.960394204
1439803615.945079 -0.332283050 -0.031532843 0.598499298 -0.000047517 -0.278602690 -0.010342802 0.960350752
1439803616.007581 -0.332978308 -0.031676322 0.599321425 -0.000075988 -0.278824091 -0.010300558 0.960286915
1439803616.070082 -0.333739012 -0.031687815 0.600163698 -0.000046162 -0.279027432 -0.010233940 0.960228562
1439803616.132584 -0.334377527 -0.031855464 0.601039588 -0.000114372 -0.279326349 -0.010210399 0.960141897
1439803616.195085 -0.335207075 -0.031908948 0.602011919 -0.000118364 -0.279634476 -0.010195460 0.960052371
1439803616.257585 -0.336076289 -0.031928092 0.603118241 -0.000078511 -0.280025840 -0.010230029 0.959937930
1439803616.320087 -0.336910397 -0.032093208 0.604298711 -0.000201098 -0.280441821 -0.010238574 0.959816396
1439803616.382589 -0.337870538 -0.032102328 0.605539918 -0.000137226 -0.280929774 -0.010269658 0.959673405
1439803616.445089 -0.339072019 -0.032249618 0.606839359 -0.000178434 -0.281327337 -0.010390698 0.959555566
1439803616.507590 -0.340188682 -0.032263115 0.608126879 -0.000222883 -0.281700224 -0.010483540 0.959445179
1439803616.570092 -0.341361374 -0.032316186 0.609429836 -0.000324933 -0.282080024 -0.010575070 0.959332526
1439803616.632593 -0.342361122 -0.032492489 0.610545516 -0.000419550 -0.282452494 -0.010683642 0.959221721
1439803616.695098 -0.343294978 -0.032506891 0.611563444 -0.000350291 -0.282815278 -0.010743656 0.959114134
1439803616.757596 -0.344100863 -0.032428745 0.612455726 -0.000271254 -0.283090711 -0.010754236 0.959032774
1439803616.820097 -0.344663501 -0.032418732 0.613299191 -0.000232894 -0.283442795 -0.010762246 0.958928704
1439803616.882598 -0.345278621 -0.032596000 0.613853812 -0.000303428 -0.283594906 -0.010880874 0.958882391
1439803616.945100 -0.345738679 -0.032551534 0.614463151 -0.000265826 -0.283755034 -0.010796547 0.958835959
1439803617.070104 -0.346314222 -0.032502569 0.615167439 -0.000185324 -0.284018576 -0.010769535 0.958758235
1439803617.132604 -0.346409053 -0.032628763 0.615475297 -0.000272866 -0.284129053 -0.010744746 0.958725810
1439803617.195103 -0.346528053 -0.032549687 0.615528584 -0.000208051 -0.284104407 -0.010688954 0.958733737
1439803617.257605 -0.346592039 -0.032590598 0.615523398 -0.000215919 -0.284094185 -0.010751560 0.958736062
1439803617.320106 -0.346544117 -0.032591194 0.615530849 -0.000209797 -0.284045428 -0.010703317 0.958751023
1439803617.382604 -0.346570760 -0.032612436 0.615396917 -0.000162397 -0.283967912 -0.010659942 0.958774507
1439803617.507604 -0.345990270 -0.032620311 0.615759611 -0.000270991 -0.284336209 -0.010533060 0.958666742
1439803617.570108 -0.346107543 -0.032584272 0.615757227 -0.000301485 -0.284259379 -0.010564034 0.958689153
1439803617.632606 -0.346055984 -0.032637756 0.615458548 -0.000327879 -0.284276962 -0.010631626 0.958683133
1439803617.695106 -0.346154422 -0.032629773 0.615395963 -0.000241780 -0.284231484 -0.010653076 0.958696425
1439803617.757607 -0.346209943 -0.032634631 0.615357101 -0.000241475 -0.284230769 -0.010628930 0.958696902
1439803617.820108 -0.346357137 -0.032675717 0.615316451 -0.000290662 -0.284118801 -0.010676260 0.958729565
1439803617.945110 -0.345816493 -0.032542035 0.615290821 -0.000244722 -0.284421116 -0.010603376 0.958640754
1439803618.007609 -0.345944881 -0.032553032 0.615206182 -0.000229225 -0.284346849 -0.010668764 0.958662033
1439803618.070110 -0.346002221 -0.032510482 0.615153253 -0.000151931 -0.284326315 -0.010656271 0.958668292
1439803618.132609 -0.346098363 -0.032538027 0.615084589 -0.000162867 -0.284261405 -0.010727262 0.958686769
1439803618.257610 -0.346352309 -0.032503191 0.615096450 -0.000196805 -0.284118801 -0.010765531 0.958728611
1439803618.320111 -0.346402317 -0.032454070 0.614992082 -0.000141702 -0.284072727 -0.010752653 0.958742440
1439803618.382615 -0.346529424 -0.032476451 0.614962339 -0.000132751 -0.284000516 -0.010792402 0.958763361
1439803618.445113 -0.346641630 -0.032470293 0.614945114 -0.000128517 -0.283937573 -0.010838151 0.958781481
1439803618.507613 -0.346749365 -0.032498207 0.614948153 -0.000179437 -0.283879310 -0.010822413 0.958798885
1439803618.570115 -0.346873581 -0.032527760 0.614948869 -0.000231008 -0.283818603 -0.010864199 0.958816409
1439803618.632617 -0.346952230 -0.032559868 0.614913344 -0.000239681 -0.283764809 -0.010903290 0.958831847
1439803618.695117 -0.346856683 -0.032509588 0.614864707 -0.000190979 -0.283793956 -0.010813545 0.958824277
1439803618.757619 -0.346834779 -0.032583907 0.614814818 -0.000201881 -0.283795178 -0.010891953 0.958823025
1439803618.820120 -0.346923649 -0.032477543 0.614739239 -0.000139078 -0.283725381 -0.010820460 0.958844483
1439803618.882622 -0.347046375 -0.032477669 0.614712298 -0.000120359 -0.283642799 -0.010878375 0.958868265
1439803618.945123 -0.346754342 -0.032502051 0.614864230 -0.000175459 -0.283844322 -0.010795967 0.958809555
1439803619.007625 -0.346726596 -0.032534819 0.614882588 -0.000204373 -0.283836961 -0.010783212 0.958811879
1439803619.070126 -0.346872687 -0.032525174 0.614839852 -0.000193222 -0.283765286 -0.010779197 0.958833098
1439803619.132631 -0.346950948 -0.032565814 0.614824593 -0.000231832 -0.283730388 -0.010813501 0.958843112
1439803619.195128 -0.347094119 -0.032641027 0.614781320 -0.000291438 -0.283640832 -0.010875674 0.958868802
1439803619.257630 -0.347171247 -0.032673255 0.614768445 -0.000290023 -0.283609778 -0.010935326 0.958877385
1439803619.320133 -0.347178996 -0.032755472 0.614713192 -0.000371951 -0.283571184 -0.010942221 0.958888650
1439803619.382635 -0.345965713 -0.032602020 0.615169942 -0.000273491 -0.284334332 -0.010619782 0.958666325
1439803619.445134 -0.345976979 -0.032564487 0.615152299 -0.000258451 -0.284311324 -0.010604370 0.958673298
1439803619.507635 -0.346043944 -0.032686282 0.615145028 -0.000336085 -0.284282833 -0.010643751 0.958681285
1439803619.570137 -0.345950842 -0.032463893 0.615213931 -0.000208180 -0.284353554 -0.010546157 0.958661437
1439803619.632638 -0.345988303 -0.032473873 0.615211666 -0.000239837 -0.284338444 -0.010544627 0.958665907
1439803619.695139 -0.346025527 -0.032551676 0.615139604 -0.000268463 -0.284250826 -0.010600507 0.958691299
1439803619.757640 -0.346062094 -0.032571428 0.615113914 -0.000278354 -0.284222305 -0.010605877 0.958699703
1439803619.820142 -0.346118212 -0.032574106 0.615117490 -0.000287584 -0.284198672 -0.010638901 0.958706319
1439803619.882646 -0.346170396 -0.032578778 0.615109742 -0.000295791 -0.284164965 -0.010659430 0.958716035
1439803619.945144 -0.346220315 -0.032574233 0.615113020 -0.000292700 -0.284126163 -0.010661972 0.958727539
1439803620.007646 -0.346061140 -0.032689657 0.615184784 -0.000371128 -0.284202456 -0.010611434 0.958705485
1439803620.070147 -0.346056700 -0.032734402 0.615134120 -0.000363326 -0.284182250 -0.010621110 0.958711386
1439803620.132649 -0.346083522 -0.032780193 0.615176201 -0.000405139 -0.284197271 -0.010657697 0.958706498
1439803620.195150 -0.345947117 -0.032790743 0.615189850 -0.000407998 -0.284253478 -0.010626433 0.958690166
1439803620.257652 -0.346017301 -0.032707736 0.615221441 -0.000341864 -0.284227580 -0.010610379 0.958698094
1439803620.320157 -0.346096188 -0.032697082 0.615217865 -0.000346875 -0.284197092 -0.010597881 0.958707213
1439803620.382654 -0.346032679 -0.032468311 0.615267396 -0.000222096 -0.284243226 -0.010478889 0.958694935
1439803620.445155 -0.345993429 -0.032776434 0.615240932 -0.000429991 -0.284248680 -0.010565494 0.958692253
1439803620.507657 -0.346140146 -0.032755513 0.615188837 -0.000420075 -0.284149081 -0.010577952 0.958721638
1439803620.570160 -0.346102923 -0.032744970 0.615169764 -0.000378593 -0.284164071 -0.010602470 0.958716929
1439803620.632664 -0.346079707 -0.032771289 0.615178704 -0.000393076 -0.284184873 -0.010618994 0.958710611
1439803620.695161 -0.346118659 -0.032769136 0.615170419 -0.000399458 -0.284174532 -0.010602119 0.958713830
1439803620.757665 -0.345896453 -0.032798253 0.615234673 -0.000413654 -0.284301579 -0.010560852 0.958676636
1439803620.820164 -0.345863938 -0.032807212 0.615256608 -0.000408319 -0.284335762 -0.010576594 0.958666325
1439803620.882665 -0.345827729 -0.032802831 0.615274429 -0.000427202 -0.284363121 -0.010512941 0.958658934
1439803620.945167 -0.345794976 -0.032800067 0.615284503 -0.000413195 -0.284390390 -0.010529174 0.958650649
1439803621.007668 -0.346004337 -0.032714747 0.615202188 -0.000354780 -0.284291744 -0.010528869 0.958679914
1439803621.070169 -0.345961839 -0.032747492 0.615189016 -0.000397431 -0.284302771 -0.010508844 0.958676875
1439803621.132674 -0.346008301 -0.032710150 0.615181506 -0.000401070 -0.284297347 -0.010499273 0.958678603
1439803621.195175 -0.345990360 -0.032652333 0.615206838 -0.000358697 -0.284336209 -0.010450398 0.958667636
1439803621.257673 -0.345951825 -0.032652762 0.615229368 -0.000376227 -0.284399867 -0.010414158 0.958649099
1439803621.320174 -0.345984429 -0.032625273 0.615205765 -0.000348904 -0.284398198 -0.010405685 0.958649695
1439803621.382681 -0.346001208 -0.032649491 0.615215302 -0.000373831 -0.284436643 -0.010406525 0.958638310
1439803621.445176 -0.346027106 -0.032747976 0.615159273 -0.000421897 -0.284441531 -0.010487042 0.958635926
1439803621.507678 -0.345986426 -0.032703411 0.615176260 -0.000392752 -0.284478396 -0.010452980 0.958625376
1439803621.570179 -0.345924616 -0.032711968 0.615163565 -0.000404346 -0.284510940 -0.010439913 0.958615839
1439803621.632680 -0.345835805 -0.032732610 0.615160525 -0.000413231 -0.284544051 -0.010395201 0.958606541
1439803621.757682 -0.345911920 -0.032676280 0.615150571 -0.000409892 -0.284525156 -0.010363393 0.958612442
1439803621.820184 -0.346010387 -0.032647815 0.615112841 -0.000364321 -0.284484267 -0.010408082 0.958624125
1439803621.882684 -0.345961690 -0.032695960 0.615133345 -0.000409192 -0.284533948 -0.010409608 0.958609343
1439803621.945190 -0.346056074 -0.032685041 0.615097046 -0.000403088 -0.284485817 -0.010410358 0.958623648
1439803622.070187 -0.346086979 -0.032751992 0.615082383 -0.000456758 -0.284498066 -0.010397803 0.958620131
1439803622.132691 -0.346018553 -0.032749731 0.615064323 -0.000435978 -0.284553826 -0.010410615 0.958603442
1439803622.195190 -0.346085876 -0.032684065 0.615078807 -0.000443530 -0.284558594 -0.010358122 0.958602607
1439803622.257692 -0.346079946 -0.032675982 0.615096450 -0.000455673 -0.284602255 -0.010332603 0.958589911
1439803622.320194 -0.346077502 -0.032694709 0.615072787 -0.000481344 -0.284626871 -0.010349993 0.958582342
1439803622.445196 -0.346068770 -0.032642055 0.615072966 -0.000457091 -0.284685194 -0.010334169 0.958565235
1439803622.507695 -0.346065402 -0.032705504 0.615093172 -0.000497193 -0.284686804 -0.010342884 0.958564639
1439803622.570196 -0.346021652 -0.032667588 0.615090430 -0.000457721 -0.284688473 -0.010314739 0.958564520
1439803622.632697 -0.346012264 -0.032626633 0.615087926 -0.000457060 -0.284698576 -0.010258608 0.958562076
1439803622.695198 -0.346082360 -0.032637700 0.615099669 -0.000453868 -0.284671187 -0.010306084 0.958569705
1439803622.757700 -0.346090913 -0.032648303 0.615088344 -0.000452566 -0.284677833 -0.010339711 0.958567381
1439803622.882704 -0.346067071 -0.032654278 0.615071177 -0.000434098 -0.284696937 -0.010362888 0.958561420
1439803622.945204 -0.346082151 -0.032573428 0.615079045 -0.000380484 -0.284694076 -0.010329130 0.958562672
1439803623.007703 -0.346080035 -0.032575153 0.615113795 -0.000382317 -0.284717113 -0.010323055 0.958555937
1439803623.070207 -0.346034259 -0.032576416 0.615160584 -0.000411329 -0.284737587 -0.010298289 0.958550096
1439803623.132708 -0.346067756 -0.032613717 0.615141571 -0.000429896 -0.284708232 -0.010320143 0.958558559
1439803623.257707 -0.346105754 -0.032606378 0.615123868 -0.000436555 -0.284699082 -0.010326020 0.958561242
1439803623.320209 -0.346100688 -0.032625109 0.615118921 -0.000415118 -0.284712702 -0.010374623 0.958556652
1439803623.382710 -0.346070200 -0.032603573 0.615115583 -0.000424380 -0.284720778 -0.010346754 0.958554566
1439803623.445211 -0.346061319 -0.032589130 0.615139186 -0.000412132 -0.284719110 -0.010357818 0.958554924
1439803623.507713 -0.346155852 -0.032648955 0.615177989 -0.000453853 -0.284724444 -0.010380061 0.958553076
1439803623.570214 -0.346147805 -0.032640439 0.615156054 -0.000430838 -0.284742296 -0.010421135 0.958547354
1439803623.695215 -0.346158326 -0.032650217 0.615198374 -0.000479109 -0.284749269 -0.010400274 0.958545506
1439803623.757716 -0.346171945 -0.032662790 0.615219951 -0.000477181 -0.284745544 -0.010439786 0.958546162
1439803623.820218 -0.346151173 -0.032643694 0.615184188 -0.000421923 -0.284761727 -0.010463363 0.958541095
1439803623.882719 -0.346155584 -0.032650791 0.615182996 -0.000437530 -0.284756541 -0.010457244 0.958542705
1439803623.945220 -0.346160471 -0.032436084 0.615234792 -0.000320566 -0.284765691 -0.010360858 0.958541095
1439803624.070221 -0.346074045 -0.032674864 0.615246534 -0.000462845 -0.284790456 -0.010409309 0.958533108
1439803624.132723 -0.346027255 -0.032698758 0.615280986 -0.000478876 -0.284827977 -0.010406177 0.958522022
1439803624.195223 -0.346046954 -0.032671984 0.615239501 -0.000455978 -0.284794927 -0.010405289 0.958531857
1439803624.257725 -0.346037358 -0.032722112 0.615269065 -0.000485399 -0.284807235 -0.010408998 0.958528161
1439803624.320228 -0.346060067 -0.032674745 0.615251780 -0.000437290 -0.284801245 -0.010426050 0.958529770
1439803624.445228 -0.346060753 -0.032673717 0.615250885 -0.000457940 -0.284797788 -0.010397542 0.958531082
1439803624.507729 -0.346105635 -0.032673065 0.615250826 -0.000443419 -0.284772545 -0.010408506 0.958538473
1439803624.570230 -0.346062988 -0.032658052 0.615259826 -0.000458005 -0.284787029 -0.010345149 0.958534837
1439803624.632731 -0.346042216 -0.032709736 0.615271449 -0.000463403 -0.284811884 -0.010390022 0.958526969
1439803624.695233 -0.346118778 -0.032667100 0.615256369 -0.000427195 -0.284767240 -0.010409770 0.958540022
1439803624.757733 -0.346104681 -0.032674354 0.615256310 -0.000427675 -0.284775943 -0.010406876 0.958537519
1439803624.882735 -0.346086591 -0.032683421 0.615272164 -0.000461936 -0.284804851 -0.010383791 0.958529115
1439803624.945250 -0.346123099 -0.032668214 0.615286529 -0.000439993 -0.284809232 -0.010386579 0.958527803
1439803625.007738 -0.346056670 -0.032658741 0.615294933 -0.000438109 -0.284850031 -0.010352753 0.958516061
1439803625.070239 -0.346240908 -0.032657549 0.615208507 -0.000422967 -0.284749717 -0.010398296 0.958545387
1439803625.132740 -0.346269310 -0.032648612 0.615240932 -0.000425063 -0.284806699 -0.010368080 0.958528817
1439803625.257742 -0.346365064 -0.032692757 0.615295410 -0.000404474 -0.284948617 -0.010454231 0.958485723
1439803625.320243 -0.346483260 -0.032508239 0.615390539 -0.000296395 -0.284993529 -0.010404150 0.958472908
1439803625.382745 -0.346577883 -0.032535862 0.615491867 -0.000299396 -0.285022199 -0.010450285 0.958463907
1439803625.445248 -0.346687078 -0.032483656 0.615495741 -0.000239237 -0.285057485 -0.010457735 0.958453357
1439803625.507747 -0.346763104 -0.032533634 0.615625143 -0.000232326 -0.285192609 -0.010540673 0.958412230
1439803625.570252 -0.346852273 -0.032555025 0.615717292 -0.000199580 -0.285314828 -0.010576324 0.958375454
1439803625.695249 -0.346939296 -0.032463096 0.616001666 -0.000176591 -0.285490781 -0.010477617 0.958324134
1439803625.757752 -0.347169459 -0.032546613 0.616080225 -0.000152650 -0.285501182 -0.010601315 0.958319664
1439803625.820252 -0.347427845 -0.032609686 0.616224229 -0.000126147 -0.285589814 -0.010760306 0.958291531
1439803625.882753 -0.347569495 -0.032582082 0.616395175 -0.000147562 -0.285716683 -0.010743231 0.958253860
1439803625.945254 -0.347757518 -0.032621838 0.616529644 -0.000129579 -0.285791576 -0.010759503 0.958231390
1439803626.007759 -0.347941220 -0.032576010 0.616666794 -0.000074580 -0.285854220 -0.010775147 0.958212495
1439803626.132757 -0.348094612 -0.032626323 0.617153525 -0.000088468 -0.286165386 -0.010786832 0.958119512
1439803626.195258 -0.348241687 -0.032738045 0.617308676 -0.000090185 -0.286268026 -0.010904198 0.958087504
1439803626.257759 -0.348642617 -0.032732978 0.617396891 -0.000030437 -0.286240250 -0.010959672 0.958095193
1439803626.320260 -0.348647088 -0.032714728 0.617546976 0.000037301 -0.286383599 -0.010927883 0.958052695
1439803626.382762 -0.348931909 -0.032660343 0.617841601 0.000016311 -0.286450207 -0.010834553 0.958033860
1439803626.445263 -0.349031448 -0.032678723 0.618143916 0.000028236 -0.286673695 -0.010780746 0.957967639
1439803626.570264 -0.349763870 -0.032745335 0.618767262 0.000009207 -0.286953747 -0.010804338 0.957883477
1439803626.632765 -0.349833041 -0.032809626 0.619148016 -0.000023863 -0.287205607 -0.010715085 0.957809031
1439803626.695267 -0.350588500 -0.032746963 0.619590819 0.000119244 -0.287369907 -0.010769667 0.957759082
1439803626.757768 -0.350890249 -0.032812919 0.620090008 0.000098398 -0.287647247 -0.010738885 0.957676172
1439803626.882769 -0.352322519 -0.032851294 0.621195138 0.000123647 -0.288282901 -0.010777557 0.957484603
1439803626.945271 -0.353192568 -0.032864291 0.621946812 0.000192576 -0.288628489 -0.010853364 0.957379639
1439803627.007772 -0.353840858 -0.032856349 0.622726798 0.000276053 -0.289028525 -0.010750770 0.957260072
1439803627.070274 -0.354421765 -0.033014953 0.623350382 0.000302600 -0.289409637 -0.010843269 0.957143903
1439803627.132774 -0.355154574 -0.033021525 0.624342680 0.000376905 -0.289978474 -0.010850479 0.956971586
1439803627.257776 -0.356880158 -0.033177592 0.626470864 0.000406644 -0.290966094 -0.010777908 0.956672549
1439803627.320277 -0.357506037 -0.033242419 0.627565086 0.000437788 -0.291568756 -0.010600686 0.956491053
1439803627.382779 -0.358941495 -0.033434927 0.628711283 0.000511570 -0.291941106 -0.010912479 0.956373930
1439803627.445279 -0.363888621 -0.032427441 0.631483018 0.000831759 -0.292104810 -0.011332177 0.956318855
1439803627.507782 -0.361250192 -0.033619624 0.631258249 0.000598342 -0.293049127 -0.010895458 0.956035078
1439803627.570283 -0.362545848 -0.033712368 0.632673800 0.000613995 -0.293617040 -0.010920180 0.955860555
1439803627.695282 -0.364938527 -0.033981297 0.635583401 0.000600689 -0.294763625 -0.010809632 0.955508888
1439803627.757784 -0.367668390 -0.033366799 0.637960553 0.000779155 -0.295322001 -0.010687659 0.955337644
1439803627.820286 -0.368789136 -0.033739332 0.639464736 0.000710083 -0.295874625 -0.010842478 0.955164969
1439803627.882784 -0.369383276 -0.034296650 0.640784502 0.000617925 -0.296468109 -0.010913366 0.954980254
1439803627.945284 -0.372698367 -0.033923235 0.643809974 0.000678722 -0.296916604 -0.010922343 0.954840660
1439803628.007785 -0.373389214 -0.034277383 0.645476818 0.000666169 -0.297495842 -0.010870848 0.954661012
1439803628.132785 -0.374636889 -0.035078000 0.649021626 0.000427775 -0.298577517 -0.010528121 0.954327226
1439803628.195285 -0.375100464 -0.036169864 0.650458634 0.000297102 -0.298924267 -0.011033044 0.954213023
1439803628.257787 -0.380981773 -0.034868993 0.654767275 0.000595158 -0.298852831 -0.011045183 0.954235137
1439803628.320286 -0.384660602 -0.034009036 0.658286929 0.000640427 -0.298962206 -0.010693876 0.954204798
1439803628.382787 -0.383388609 -0.035604395 0.659414947 0.000374692 -0.299309909 -0.010861033 0.954094052
1439803628.445288 -0.387470126 -0.034437675 0.662647784 0.000546474 -0.299240351 -0.010632589 0.954118371
1439803628.570288 -0.393503517 -0.034057494 0.668976605 0.000758531 -0.299323916 -0.010797119 0.954090118
1439803628.632789 -0.393624753 -0.034898121 0.670886695 0.000608851 -0.299641758 -0.010772325 0.953990757
1439803628.695289 -0.396133244 -0.034770101 0.673995376 0.000630260 -0.299683154 -0.010730072 0.953978240
1439803628.757790 -0.397979707 -0.034872219 0.677020907 0.000518773 -0.299715519 -0.010352989 0.953972280
1439803628.820290 -0.397951514 -0.035970796 0.679111063 0.000341531 -0.299925327 -0.010615153 0.953903556
1439803628.882791 -0.399978310 -0.036439765 0.681864738 0.000307502 -0.299940825 -0.011046238 0.953893781
1439803628.945292 -0.402701050 -0.036163665 0.685219288 0.000320286 -0.300069630 -0.010918769 0.953854740
1439803629.007792 -0.406048924 -0.036739841 0.689012766 0.000357070 -0.299907535 -0.011459659 0.953899384
1439803629.070293 -0.404539675 -0.038374215 0.690603197 -0.000007780 -0.300127476 -0.011421546 0.953830719
1439803629.132793 -0.408202112 -0.038937308 0.695878267 -0.000058071 -0.299950749 -0.011534459 0.953884959
1439803629.195293 -0.413959086 -0.037908714 0.700804472 0.000157987 -0.299629450 -0.011299456 0.953988731
1439803629.257794 -0.410631537 -0.042950004 0.706108272 -0.000474524 -0.300257623 -0.011254307 0.953791618
1439803629.320296 -0.409207553 -0.048529923 0.712485790 -0.000960054 -0.300574958 -0.011834992 0.953684270
1439803629.382797 -0.413793594 -0.041449394 0.714782655 -0.000117651 -0.299994618 -0.011442077 0.953872263
1439803629.445298 -0.414065719 -0.041972265 0.719400823 -0.000144548 -0.299903542 -0.011383614 0.953901589
1439803629.507797 -0.416672230 -0.044225357 0.723053038 -0.000343283 -0.299483538 -0.011534117 0.954031706
1439803629.570298 -0.421382844 -0.043916591 0.727878869 -0.000172852 -0.298854113 -0.011500051 0.954229474
1439803629.632800 -0.423685789 -0.044705369 0.731663585 -0.000186572 -0.298295736 -0.011674062 0.954402030
1439803629.695302 -0.423347265 -0.044592939 0.737645388 0.000096528 -0.297946930 -0.011982409 0.954507232
1439803629.757803 -0.429205775 -0.046129271 0.739802837 -0.000007368 -0.296663374 -0.011801831 0.954909146
1439803629.820302 -0.427795440 -0.044137508 0.748748004 0.000439444 -0.296429425 -0.011811081 0.954981625
1439803629.882804 -0.432414949 -0.051023349 0.752951086 -0.000296073 -0.295212686 -0.012317701 0.955352068
1439803629.945305 -0.434747875 -0.048563495 0.758884013 0.000001708 -0.294463575 -0.011912036 0.955588460
1439803630.007807 -0.444006085 -0.053609762 0.762293100 -0.000541369 -0.292638808 -0.012175575 0.956145406
1439803630.070307 -0.448110670 -0.055221628 0.767956793 -0.000685646 -0.291504651 -0.011998065 0.956493914
1439803630.132810 -0.448833406 -0.054340288 0.777718723 -0.000339722 -0.290991634 -0.011831459 0.956652403
1439803630.195312 -0.453514785 -0.053491462 0.784995914 -0.000061623 -0.290055424 -0.011507265 0.956940651
1439803630.257812 -0.459247410 -0.056545671 0.792238474 -0.000289792 -0.288979739 -0.011255120 0.957269013
1439803630.320314 -0.460187137 -0.050302681 0.801576734 0.000477438 -0.288487554 -0.010435910 0.957426667
1439803630.382816 -0.467157692 -0.056216467 0.806382775 -0.000285755 -0.287192374 -0.010073650 0.957819879
1439803630.445314 -0.470504016 -0.055665608 0.815154731 -0.000123692 -0.286650002 -0.009629724 0.957986951
1439803630.507815 -0.476611555 -0.058534447 0.821756482 -0.000460232 -0.285867184 -0.009380690 0.958223224
1439803630.570318 -0.482974112 -0.046673663 0.837971568 0.000980684 -0.285702437 -0.008292520 0.958281994
1439803630.632816 -0.491457134 -0.042687390 0.846605897 0.001176488 -0.284911662 -0.007733260 0.958521903
1439803630.695317 -0.487420768 -0.051017866 0.857595682 -0.000199167 -0.285565317 -0.008337303 0.958322942
1439803630.757818 -0.501249909 -0.046547607 0.862425983 0.000198066 -0.284159839 -0.007925838 0.958744109
1439803630.820320 -0.503926039 -0.048981316 0.871275187 -0.000106134 -0.284324318 -0.008308547 0.958692133
1439803630.882820 -0.507709026 -0.046528138 0.878916860 0.000286830 -0.284572899 -0.008054980 0.958620489
1439803630.945322 -0.508627653 -0.048636306 0.889534414 0.000034863 -0.285212427 -0.007730820 0.958433151
1439803631.007823 -0.516446114 -0.050247423 0.897300661 -0.000034758 -0.284605533 -0.007639044 0.958614230
1439803631.070325 -0.524342179 -0.047173798 0.904829621 0.000109196 -0.284061313 -0.006665267 0.958782911
1439803631.132825 -0.529762745 -0.049061332 0.914023221 -0.000136188 -0.283851057 -0.006491752 0.958846390
1439803631.195327 -0.534965992 -0.050346386 0.922259152 -0.000140163 -0.283703119 -0.006498395 0.958890140
1439803631.257827 -0.540328741 -0.050091956 0.929958582 0.000167802 -0.283646643 -0.006651846 0.958905756
1439803631.320328 -0.546022892 -0.050431397 0.938274860 0.000498046 -0.283582628 -0.006709730 0.958924174
1439803631.382830 -0.551025271 -0.051295631 0.946081519 0.000863407 -0.283420444 -0.006669394 0.958972156
1439803631.445332 -0.556207120 -0.051910818 0.954332113 0.001141883 -0.283228546 -0.006359123 0.959030688
1439803631.507833 -0.561517715 -0.052477635 0.962538481 0.001311074 -0.282954097 -0.006296389 0.959111869
1439803631.570334 -0.566726208 -0.053029649 0.970575094 0.001490434 -0.282728106 -0.006359363 0.959177852
1439803631.632837 -0.571768045 -0.053539846 0.978535593 0.001706224 -0.282722592 -0.006131967 0.959180593
1439803631.695335 -0.576901495 -0.054156139 0.986306429 0.002073507 -0.282664448 -0.006133632 0.959196985
1439803631.757837 -0.581723869 -0.054741122 0.993801475 0.002669948 -0.282520980 -0.006205537 0.959237337
1439803631.820337 -0.586723149 -0.055332489 1.001435041 0.003249677 -0.282336920 -0.006063443 0.959290624
1439803631.882842 -0.591723025 -0.056053378 1.008995533 0.003572445 -0.282107472 -0.005972165 0.959357560
1439803631.945342 -0.596668959 -0.056613352 1.016619086 0.003821979 -0.281914264 -0.005802396 0.959414423
1439803632.007841 -0.601245105 -0.057240400 1.024088860 0.004079141 -0.281826526 -0.005582128 0.959440470
1439803632.070342 -0.606091082 -0.057858121 1.031722188 0.004384133 -0.281658232 -0.005411313 0.959489524
1439803632.132844 -0.610547841 -0.058460936 1.038857222 0.004535212 -0.281540871 -0.005455688 0.959523022
1439803632.195345 -0.615512550 -0.058864534 1.046424031 0.004631285 -0.281339854 -0.005738710 0.959579885
1439803632.257846 -0.620465159 -0.059421856 1.054538965 0.004893462 -0.281213284 -0.006077372 0.959613562
1439803632.320347 -0.625362992 -0.059821285 1.061885238 0.005500426 -0.281109631 -0.006275443 0.959639370
1439803632.382852 -0.630574822 -0.060307566 1.069887877 0.006240672 -0.280961782 -0.006339419 0.959677696
1439803632.445351 -0.635460615 -0.060738254 1.077267885 0.006807565 -0.280624598 -0.006706975 0.959770024
1439803632.507853 -0.640439451 -0.061210379 1.084838867 0.006973120 -0.280228913 -0.007110983 0.959881544
1439803632.570353 -0.645787060 -0.061821770 1.093108177 0.006893844 -0.279939443 -0.007457504 0.959963918
1439803632.632855 -0.650920928 -0.062316906 1.101135969 0.006873536 -0.279723406 -0.007863746 0.960023761
1439803632.695357 -0.655731618 -0.062592939 1.108488560 0.006969864 -0.279467285 -0.008226979 0.960094631
1439803632.757857 -0.660984159 -0.063017830 1.116769075 0.007135816 -0.279055268 -0.008628056 0.960209787
1439803632.820357 -0.666933954 -0.063651867 1.125654936 0.007246416 -0.278571725 -0.008990093 0.960345984
1439803632.882857 -0.672428012 -0.064178780 1.134085774 0.007145699 -0.278157145 -0.009330498 0.960463703
1439803632.945358 -0.677502930 -0.064682409 1.142600656 0.006985281 -0.278083861 -0.008975702 0.960489452
1439803633.007861 -0.682280540 -0.065328024 1.151152730 0.006850222 -0.278034866 -0.008296480 0.960510731
1439803633.070359 -0.687435806 -0.065735392 1.159950018 0.006780498 -0.277667284 -0.007698925 0.960622489
1439803633.132860 -0.692225575 -0.066480763 1.168345571 0.006344747 -0.277168959 -0.006986340 0.960774839
1439803633.195362 -0.697338164 -0.067168511 1.176691890 0.005814185 -0.276753455 -0.006445039 0.960901737
1439803633.257863 -0.702438712 -0.067603871 1.184991717 0.005532577 -0.276489437 -0.006595210 0.960978389
1439803633.320365 -0.707859755 -0.067968093 1.193225622 0.005492965 -0.276209921 -0.007460334 0.961052656
1439803633.382866 -0.713197589 -0.068468735 1.201114178 0.005466025 -0.275941759 -0.008534350 0.961120903
1439803633.445370 -0.718589187 -0.068873882 1.209086895 0.005342537 -0.275787473 -0.009557343 0.961156249
1439803633.507869 -0.723852873 -0.069469348 1.217046857 0.005142276 -0.275770098 -0.010604594 0.961151361
1439803633.570368 -0.729161382 -0.069693528 1.224764585 0.004851033 -0.275776416 -0.011410210 0.961141825
1439803633.632868 -0.734099865 -0.070256874 1.232887626 0.004399394 -0.275854379 -0.011839391 0.961116433
1439803633.695370 -0.739084005 -0.070763007 1.240600705 0.003988490 -0.275854349 -0.012014978 0.961116076
1439803633.757871 -0.743888021 -0.071327560 1.248443127 0.003757381 -0.275824547 -0.012257037 0.961122513
1439803633.820373 -0.748826623 -0.071789853 1.256211877 0.003473763 -0.275772005 -0.012468637 0.961135924
1439803633.882874 -0.753565609 -0.072336279 1.263759732 0.003068387 -0.275808156 -0.012726839 0.961123526
1439803633.945375 -0.758441985 -0.072998226 1.271304607 0.002662605 -0.275872409 -0.012880317 0.961104274
1439803634.007876 -0.763410926 -0.073554873 1.279040813 0.002497333 -0.275917172 -0.012781181 0.961093187
1439803634.070382 -0.767402351 -0.074356280 1.286455989 0.002447588 -0.276040107 -0.012779115 0.961058080
1439803634.132880 -0.771556020 -0.074920833 1.292719722 0.002406890 -0.276077479 -0.012745220 0.961047888
1439803634.195379 -0.775987506 -0.075633854 1.300156236 0.002252030 -0.276074678 -0.012618599 0.961050749
1439803634.257884 -0.779453576 -0.075628892 1.307378769 0.002299022 -0.276144236 -0.012365776 0.961033881
1439803634.320380 -0.784969628 -0.076555967 1.314134955 0.002368868 -0.275825977 -0.012411529 0.961124539
1439803634.382882 -0.789291143 -0.077017613 1.321197510 0.002215484 -0.275793523 -0.012344334 0.961135089
1439803634.445384 -0.793868363 -0.077291474 1.328331470 0.001856942 -0.275820613 -0.012459772 0.961126626
1439803634.507884 -0.798258662 -0.077701174 1.335166574 0.001515408 -0.275780410 -0.012704151 0.961135507
1439803634.570387 -0.802306056 -0.078402646 1.341933727 0.001408492 -0.275629610 -0.013025025 0.961174607
1439803634.632888 -0.806911707 -0.078391463 1.348907948 0.001582215 -0.275443107 -0.013227201 0.961225033
1439803634.695390 -0.811263323 -0.078763530 1.355648279 0.001798262 -0.275385231 -0.013512538 0.961237311
1439803634.757890 -0.815314054 -0.079594985 1.362103581 0.001977461 -0.275453776 -0.013905360 0.961211741
1439803634.820393 -0.819504380 -0.079872072 1.368745565 0.002219222 -0.275492609 -0.014238511 0.961195230
1439803634.882893 -0.824011505 -0.080436021 1.375357270 0.002229526 -0.275371820 -0.014624598 0.961224020
1439803634.945393 -0.828249454 -0.080787018 1.382097602 0.002172459 -0.275310785 -0.015079695 0.961234570
1439803635.007894 -0.832911193 -0.080983937 1.388846159 0.002212147 -0.275280058 -0.015581006 0.961235285
1439803635.070396 -0.837203860 -0.081394784 1.395260215 0.002363229 -0.275308341 -0.016174750 0.961216986
1439803635.132899 -0.843475997 -0.081238873 1.402273893 0.002369930 -0.275148869 -0.016373197 0.961259305
1439803635.195399 -0.847836673 -0.081530437 1.409061432 0.001937551 -0.275435209 -0.016532246 0.961175561
1439803635.257899 -0.852227926 -0.082111254 1.415739894 0.001346548 -0.275658309 -0.016798170 0.961107969
1439803635.320400 -0.856490076 -0.082460038 1.422502637 0.000849037 -0.275783122 -0.016759353 0.961073399
1439803635.382901 -0.860579789 -0.082864128 1.429467678 0.000372648 -0.275905281 -0.016441798 0.961044133
1439803635.445406 -0.864929855 -0.083193265 1.436275363 0.000017935 -0.276087135 -0.016309829 0.960994244
1439803635.507904 -0.869319439 -0.083419271 1.443006873 -0.000169541 -0.276377380 -0.016459374 0.960908234
1439803635.570408 -0.873663604 -0.083594732 1.449801207 -0.000247547 -0.276717275 -0.016611382 0.960807800
1439803635.632909 -0.878486514 -0.083888024 1.456712246 -0.000337940 -0.276910365 -0.016921630 0.960746646
1439803635.695408 -0.883168817 -0.084162384 1.463419795 -0.000427860 -0.277098835 -0.017524656 0.960681498
1439803635.757912 -0.888027191 -0.084471434 1.470322490 -0.000578365 -0.277393490 -0.018222842 0.960583389
1439803635.820411 -0.892744422 -0.084657922 1.477099657 -0.000728061 -0.277849913 -0.018795921 0.960440338
1439803635.882913 -0.897695482 -0.084971741 1.484246492 -0.001015094 -0.278343469 -0.019239413 0.960288346
1439803635.945415 -0.902398407 -0.085151121 1.491185665 -0.001340331 -0.278841078 -0.019297201 0.960142434
1439803636.007915 -0.907264292 -0.085308127 1.498250484 -0.001690987 -0.279261917 -0.019567844 0.960014045
1439803636.070418 -0.912105322 -0.085533641 1.505271673 -0.001928885 -0.279627889 -0.019919710 0.959899843
1439803636.132917 -0.917000294 -0.085775420 1.512202740 -0.002154824 -0.280174077 -0.020239696 0.959733427
1439803636.195419 -0.921820819 -0.086049490 1.519164443 -0.002577966 -0.281017512 -0.020184124 0.959486902
1439803636.257920 -0.926656008 -0.086320594 1.526140809 -0.003370327 -0.281943381 -0.020060780 0.959215403
1439803636.320421 -0.931461751 -0.086521447 1.533299446 -0.004373270 -0.282639861 -0.019946219 0.959008694
1439803636.382922 -0.936282516 -0.086579069 1.540416956 -0.005297502 -0.283058912 -0.019827880 0.958882928
1439803636.445427 -0.941010714 -0.086827219 1.547373414 -0.006131260 -0.283562303 -0.019808125 0.958729684
1439803636.507925 -0.945837259 -0.087079927 1.554153919 -0.006885009 -0.284361690 -0.019874174 0.958486378
1439803636.570426 -0.950654268 -0.087368026 1.560671091 -0.007648159 -0.285423100 -0.020188922 0.958158433
1439803636.632928 -0.955411136 -0.087648474 1.567066312 -0.008471346 -0.286499053 -0.020548735 0.957822680
1439803636.695429 -0.960161924 -0.087762088 1.573430777 -0.009151555 -0.287295341 -0.020765994 0.957573175
1439803636.757931 -0.964567602 -0.088039063 1.579634190 -0.009648325 -0.287987143 -0.020946778 0.957356572
1439803636.820433 -0.969004393 -0.088268422 1.585737228 -0.009926182 -0.288692772 -0.020970872 0.957140625
1439803636.882934 -0.973487735 -0.088424504 1.591770291 -0.010218074 -0.289622903 -0.020955820 0.956856847
1439803636.945435 -0.977893591 -0.088603549 1.597591162 -0.010635620 -0.290718198 -0.021083405 0.956517339
1439803637.007935 -0.982473016 -0.088759996 1.603540182 -0.011116757 -0.291690707 -0.021324093 0.956210375
1439803637.070436 -0.991291404 -0.088108778 1.609742641 -0.011389094 -0.291801602 -0.021307765 0.956173658
1439803637.132942 -0.995540082 -0.088272393 1.615399003 -0.011780960 -0.292514175 -0.021452386 0.955947936
1439803637.195466 -0.999790609 -0.088501446 1.620886087 -0.012185592 -0.293268085 -0.021807151 0.955703795
1439803637.257940 -1.004052877 -0.088590734 1.626435518 -0.012645919 -0.294135183 -0.022068737 0.955425322
1439803637.320442 -1.008180141 -0.088724710 1.631818414 -0.013075219 -0.295070112 -0.022197740 0.955128253
1439803637.382944 -1.012334585 -0.088886067 1.637178540 -0.013372878 -0.295862496 -0.022350313 0.954875350
1439803637.445448 -1.016430736 -0.089015089 1.642514467 -0.013626813 -0.296503365 -0.022371672 0.954672456
1439803637.507948 -1.020480394 -0.089096010 1.647838950 -0.013889281 -0.297166497 -0.022382956 0.954462171
1439803637.570446 -1.024637461 -0.089184865 1.653120756 -0.014139622 -0.297897846 -0.022603359 0.954225302
1439803637.632951 -1.028724074 -0.089280665 1.658357143 -0.014426930 -0.298720598 -0.022790546 0.953959346
1439803637.695449 -1.032865644 -0.089401297 1.663420916 -0.014584060 -0.299519688 -0.023196653 0.953696549
1439803637.757951 -1.037016034 -0.089506157 1.668563724 -0.014773129 -0.300277323 -0.023469009 0.953448713
1439803637.820457 -1.041065454 -0.089569494 1.673707128 -0.015009056 -0.301047534 -0.023639962 0.953197896
1439803637.882955 -1.045121908 -0.089628540 1.678873658 -0.015346185 -0.301805496 -0.023684781 0.952951729
1439803637.945458 -1.049032092 -0.089714415 1.683994532 -0.015771501 -0.302592814 -0.023522343 0.952699065
1439803638.007957 -1.052998185 -0.089811489 1.689195752 -0.016228117 -0.303368419 -0.023417570 0.952447295
1439803638.070457 -1.056979775 -0.089817941 1.694358826 -0.016580608 -0.304122478 -0.023358239 0.952202201
1439803638.132958 -1.061045051 -0.089887314 1.699390888 -0.016945889 -0.304840744 -0.023408616 0.951964796
1439803638.195463 -1.065163136 -0.089887597 1.704522491 -0.017312724 -0.305648685 -0.023525255 0.951696217
1439803638.257961 -1.069334269 -0.089924447 1.709569693 -0.017643623 -0.306467682 -0.023743134 0.951421320
1439803638.320464 -1.073407412 -0.089939535 1.714543343 -0.017932666 -0.307314724 -0.023870692 0.951139450
1439803638.382966 -1.077505708 -0.089968726 1.719647527 -0.018288663 -0.308156312 -0.023923635 0.950859010
1439803638.445467 -1.081594467 -0.089979023 1.724629879 -0.018673230 -0.309005558 -0.023919137 0.950576007
1439803638.507968 -1.085475445 -0.090016633 1.729430199 -0.019071668 -0.309925318 -0.023816882 0.950271130
1439803638.570469 -1.089304090 -0.090025052 1.734118819 -0.019331347 -0.310895115 -0.023691121 0.949952245
1439803638.632969 -1.093126774 -0.089968927 1.738729477 -0.019449502 -0.311881810 -0.023500968 0.949631035
1439803638.695470 -1.097001314 -0.089929819 1.743306398 -0.019576758 -0.312826365 -0.023316849 0.949322224
1439803638.757971 -1.101010203 -0.089852259 1.748006701 -0.019931106 -0.313859165 -0.023284934 0.948974729
1439803638.820474 -1.105221391 -0.089736059 1.752834439 -0.020513635 -0.315003663 -0.023396282 0.948580265
1439803638.882976 -1.109723330 -0.089605108 1.757845640 -0.021032222 -0.316278815 -0.023660094 0.948137939
1439803638.945477 -1.114359379 -0.089436136 1.762917638 -0.021383647 -0.317750603 -0.023692075 0.947637022
1439803639.007977 -1.119055629 -0.089443333 1.768021822 -0.021563003 -0.319662482 -0.023411216 0.946996748
1439803639.070479 -1.123962164 -0.089368448 1.773251414 -0.021575782 -0.321892738 -0.022986392 0.946251094
1439803639.132981 -1.129039049 -0.089361407 1.778506994 -0.021662287 -0.324139506 -0.022765152 0.945487201
1439803639.195485 -1.134332776 -0.089418672 1.783809304 -0.021955626 -0.326425254 -0.022498040 0.944700122
1439803639.257988 -1.139829516 -0.089490719 1.789109230 -0.022365876 -0.328957677 -0.022240622 0.943817794
1439803639.320483 -1.145517826 -0.089474194 1.794430494 -0.022697665 -0.331810474 -0.022073375 0.942814589
1439803639.382986 -1.151519656 -0.089530341 1.799667358 -0.022907579 -0.334946156 -0.022303328 0.941694736
1439803639.445486 -1.157787561 -0.089452475 1.804941535 -0.023007398 -0.338448137 -0.022496279 0.940434754
1439803639.507987 -1.164249659 -0.089364409 1.810138583 -0.023111288 -0.342310011 -0.022579443 0.939031363
1439803639.570488 -1.171117663 -0.089282691 1.815342546 -0.023146041 -0.346443117 -0.022809843 0.937507927
1439803639.632992 -1.178285360 -0.089272887 1.820548058 -0.023131993 -0.350928009 -0.023149658 0.935830414
1439803639.695491 -1.185752273 -0.089271709 1.825875759 -0.023165703 -0.355846912 -0.023158344 0.933970034
1439803639.757992 -1.193574667 -0.089306697 1.831268668 -0.023213528 -0.361155093 -0.023184471 0.931928456
1439803639.820493 -1.201762557 -0.089353934 1.836704731 -0.023351399 -0.366796374 -0.023265747 0.929717064
1439803639.882993 -1.210420847 -0.089421809 1.842182875 -0.023623450 -0.372751087 -0.023318067 0.927337468
1439803639.945493 -1.219507098 -0.089431942 1.847655296 -0.023897111 -0.379005790 -0.023369988 0.924790442
1439803640.007994 -1.228981495 -0.089163899 1.853114724 -0.024074506 -0.385653079 -0.023500128 0.922030270
1439803640.070495 -1.239161968 -0.088752508 1.858730197 -0.024309887 -0.392684609 -0.023502529 0.919051349
1439803640.195496 -1.260783792 -0.089227051 1.860737801 -0.024639782 -0.398781598 -0.024250826 0.916393995
1439803640.257998 -1.274053574 -0.089011490 1.866634130 -0.024707122 -0.407277614 -0.025736185 0.912607312
1439803640.320498 -1.283907294 -0.086163461 1.865469098 -0.025390711 -0.416651905 -0.024666958 0.908376575
1439803640.382997 -1.292919278 -0.086182266 1.870140910 -0.025901405 -0.425822169 -0.022931637 0.904145300
1439803640.507998 -1.292566180 -0.086818099 1.874505043 -0.021931304 -0.449460149 -0.026692573 0.892632127
1439803640.570498 -1.299615622 -0.087607369 1.878382087 -0.019087823 -0.460860252 -0.031303458 0.886715055
1439803640.632998 -1.297977924 -0.087357745 1.880456686 -0.015499058 -0.475893080 -0.033194993 0.878739774
1439803640.695501 -1.320878148 -0.086547270 1.895488739 -0.011099600 -0.487478942 -0.034293961 0.872390389
1439803640.758001 -1.328878045 -0.087212563 1.897723198 -0.007481997 -0.499307126 -0.033655275 0.865738809
1439803640.820500 -1.336458683 -0.088369727 1.900797606 -0.004630490 -0.511305332 -0.032645028 0.858766377
1439803640.945502 -1.360327244 -0.088937804 1.906575084 -0.001904007 -0.534697115 -0.028010428 0.844577253
1439803641.008002 -1.369111896 -0.089463308 1.909303904 -0.001088506 -0.547464430 -0.026537098 0.836407363
1439803641.070503 -1.379316092 -0.089864343 1.912254810 -0.000286327 -0.560105801 -0.025337582 0.828033447
1439803641.133004 -1.394893527 -0.089639276 1.911366701 0.001102657 -0.569871366 -0.025006508 0.821352601
1439803641.195504 -1.398473263 -0.091127247 1.917381287 0.001234228 -0.584774613 -0.024058284 0.810838044
1439803641.258006 -1.415912271 -0.091312200 1.917879343 0.002427758 -0.595073998 -0.023594370 0.803320825
1439803641.320507 -1.431685925 -0.090064660 1.912130237 0.004774931 -0.603423774 -0.023331342 0.797064960
1439803641.383007 -1.444621563 -0.090207085 1.912263274 0.006072485 -0.614511430 -0.022552995 0.788562059
1439803641.445507 -1.457719088 -0.090486467 1.912069321 0.006748577 -0.625383973 -0.021071510 0.780003428
1439803641.508007 -1.471091628 -0.090625688 1.911961555 0.007147147 -0.636169076 -0.018535538 0.771293879
1439803641.570507 -1.485134482 -0.090321571 1.911346436 0.007804866 -0.646193504 -0.017935410 0.762922943
1439803641.633008 -1.499410987 -0.090380639 1.910013556 0.008727770 -0.655669510 -0.019508356 0.754745483
1439803641.695511 -1.514114141 -0.090408340 1.908131242 0.009833542 -0.664885879 -0.022274138 0.746548057
1439803641.758010 -1.529081464 -0.090059005 1.905979156 0.011007704 -0.673988044 -0.025604945 0.738216281
1439803641.820510 -1.544317842 -0.089966044 1.903359890 0.011666296 -0.683137238 -0.028519332 0.729639709
1439803641.883013 -1.559663057 -0.089929208 1.900645614 0.012987073 -0.692339301 -0.031342257 0.720774114
1439803641.945513 -1.574143052 -0.089784548 1.896839023 0.016606318 -0.701384068 -0.034202915 0.711768806
1439803642.008016 -1.589001298 -0.089863896 1.893117189 0.018741645 -0.710372210 -0.035248972 0.702693045
1439803642.070516 -1.603816986 -0.090012103 1.888915539 0.019164065 -0.719451547 -0.036151033 0.693336368
1439803642.133017 -1.619056702 -0.090091348 1.884640455 0.018832285 -0.728832424 -0.037860248 0.683385074
1439803642.195519 -1.634423852 -0.090214983 1.880109787 0.017836392 -0.738230407 -0.038966782 0.673185945
1439803642.258020 -1.646061301 -0.089939833 1.876675248 0.016469039 -0.747190416 -0.038943414 0.663263619
1439803642.320521 -1.665408373 -0.090435356 1.870186329 0.014137896 -0.755976439 -0.038308844 0.653323948
1439803642.383022 -1.680890799 -0.090493068 1.864355564 0.013168698 -0.764600277 -0.038439844 0.643222630
1439803642.445521 -1.696460962 -0.090415806 1.857896090 0.013503362 -0.773146152 -0.039415967 0.632857859
1439803642.508024 -1.712139726 -0.090228617 1.850956321 0.013889718 -0.781452596 -0.040229179 0.622511506
1439803642.570524 -1.727871656 -0.090002559 1.843661070 0.013684765 -0.789434671 -0.040375941 0.612352371
1439803642.633025 -1.743704319 -0.089719728 1.836032987 0.013263148 -0.797148585 -0.040470116 0.602279305
1439803642.695529 -1.759652615 -0.089454219 1.828065276 0.012742233 -0.804738283 -0.040433139 0.592114091
1439803642.758031 -1.775661111 -0.089081064 1.819744587 0.011891708 -0.812216222 -0.040068418 0.581857383
1439803642.820529 -1.791857719 -0.088872582 1.810949326 0.010825121 -0.819351017 -0.039962493 0.571795166
1439803642.883032 -1.807894468 -0.088680893 1.801508546 0.010491883 -0.826037049 -0.040927973 0.562029839
1439803642.945533 -1.824209690 -0.088166162 1.791385770 0.010696122 -0.832476556 -0.042501472 0.552324235
1439803643.008035 -1.840511680 -0.087630063 1.780572653 0.011464067 -0.838669360 -0.044581216 0.542692244
1439803643.070537 -1.856841803 -0.087162793 1.769545317 0.012507869 -0.844633818 -0.046793487 0.533148766
1439803643.133038 -1.873147249 -0.086479105 1.758116484 0.013332606 -0.850154400 -0.048626285 0.524113774
1439803643.195537 -1.889892817 -0.085657202 1.746365190 0.013166429 -0.855243504 -0.049112935 0.515725791
1439803643.258038 -1.906505108 -0.085111268 1.734714508 0.013138407 -0.859951437 -0.049484536 0.507801235
1439803643.320537 -1.923730135 -0.084121674 1.721892595 0.013662872 -0.864211559 -0.050495796 0.500401556
1439803643.383039 -1.940803409 -0.083405152 1.709296227 -0.013415802 0.868310571 0.051685065 -0.493138343
1439803643.445539 -1.958100438 -0.082764819 1.696666002 -0.012541312 0.872124195 0.052319221 -0.486317635
1439803643.508039 -1.975490570 -0.082218632 1.683625340 -0.011997604 0.875426352 0.052463859 -0.480346054
1439803643.570541 -1.992760658 -0.081922367 1.670723200 -0.012457404 0.878237963 0.052485131 -0.475171864
1439803643.633041 -2.010952711 -0.081294328 1.656777263 -0.013367736 0.880425513 0.052587651 -0.471069813
1439803643.695543 -2.028573513 -0.080666289 1.643285275 -0.014548491 0.882287323 0.052449703 -0.467553675
1439803643.758047 -2.046988010 -0.079782963 1.629186153 -0.015048780 0.883936226 0.051835608 -0.464481801
1439803643.820547 -2.065477371 -0.079101659 1.615160942 -0.015125917 0.885496259 0.051832646 -0.461498678
1439803643.883048 -2.084299564 -0.078166276 1.600973606 -0.015147461 0.886919558 0.051708136 -0.458770692
1439803643.945550 -2.103264332 -0.077262878 1.586597681 -0.015369850 0.888050556 0.051461916 -0.456597954
1439803644.008052 -2.122393370 -0.076535523 1.572072029 -0.014543191 0.889034748 0.051071182 -0.454749912
1439803644.070553 -2.142176628 -0.075565770 1.556980014 -0.013650408 0.889949739 0.051388744 -0.452948451
1439803644.133066 -2.161760092 -0.074683964 1.541762948 -0.013988334 0.890796721 0.053141877 -0.451067060
1439803644.195554 -2.181622028 -0.073748082 1.526117563 -0.013538107 0.891629875 0.053784654 -0.449355274
1439803644.258068 -2.201573849 -0.073137559 1.510790825 -0.012798682 0.892453969 0.053647500 -0.447754443
1439803644.320556 -2.221595287 -0.072497666 1.495017529 -0.013095267 0.893052161 0.053879466 -0.446523607
1439803644.383057 -2.241911650 -0.071571127 1.479089856 -0.014173688 0.893373311 0.054724526 -0.445744812
1439803644.445558 -2.262399435 -0.070690140 1.463203430 -0.014455091 0.893424153 0.055058844 -0.445592612
1439803644.508060 -2.283295631 -0.069718570 1.447062492 -0.015040675 0.893271327 0.055318251 -0.445847481
1439803644.570561 -2.304268360 -0.068724878 1.431186795 -0.015025756 0.893061280 0.055128042 -0.446292132
1439803644.633062 -2.325646639 -0.067786150 1.415134668 -0.015148406 0.892850041 0.054523386 -0.446784645
1439803644.695563 -2.347280025 -0.066872098 1.399170756 -0.013779283 0.892684102 0.054005664 -0.447223276
1439803644.758065 -2.369061232 -0.065977916 1.383249044 -0.012523296 0.892513216 0.054503120 -0.447540730
1439803644.820566 -2.390861511 -0.065147288 1.366974950 -0.012681589 0.892268062 0.055190209 -0.447940737
1439803644.883067 -2.412853479 -0.064209484 1.350408316 -0.012857355 0.891975820 0.054992747 -0.448541671
1439803644.945568 -2.434977531 -0.063317150 1.333745241 -0.013747104 0.891653895 0.055242009 -0.449124366
1439803645.008069 -2.457253933 -0.062060073 1.316487551 -0.015555559 0.891337156 0.056990433 -0.449475557
1439803645.070572 -2.479930401 -0.060993835 1.299685478 -0.015297297 0.891123712 0.057979826 -0.449780911
1439803645.133072 -2.502460957 -0.059828445 1.282697201 -0.015334843 0.890969038 0.058234233 -0.450053036
1439803645.195573 -2.525202274 -0.059018299 1.265995026 -0.015816256 0.890877545 0.057641506 -0.450293839
1439803645.258074 -2.548346996 -0.058338314 1.249227405 -0.015793990 0.890733302 0.056361008 -0.450741798
1439803645.320576 -2.571027756 -0.057747617 1.232309937 -0.014768263 0.890600860 0.054861385 -0.451222986
1439803645.383077 -2.594241142 -0.057168722 1.215466380 -0.014471763 0.890512705 0.053910859 -0.451521128
1439803645.445578 -2.617692232 -0.056199059 1.198050022 -0.015754424 0.890266359 0.053308960 -0.452035189
1439803645.508080 -2.640605927 -0.055220388 1.181213737 -0.016273197 0.890088677 0.052273065 -0.452487409
1439803645.570581 -2.664205313 -0.054229267 1.163590431 -0.017004406 0.889801800 0.052536022 -0.452994019
1439803645.633082 -2.687601805 -0.053211667 1.146186113 -0.017761277 0.889557302 0.053675074 -0.453311563
1439803645.695584 -2.711113930 -0.052284174 1.128867865 -0.017302079 0.889382362 0.054685574 -0.453551710
1439803645.758088 -2.735317707 -0.051467136 1.111073256 -0.016166553 0.889242589 0.055737611 -0.453739613
1439803645.820587 -2.759568930 -0.050369903 1.093274355 -0.015586878 0.889178455 0.056978397 -0.453731477
1439803645.883087 -2.783634663 -0.049555331 1.075890303 -0.014821034 0.889173806 0.057560466 -0.453692675
1439803645.945589 -2.807845354 -0.048632205 1.058261395 -0.014044977 0.889239490 0.057347935 -0.453615516
1439803646.008092 -2.832242489 -0.047943294 1.040454030 -0.013725271 0.889395893 0.056962028 -0.453367233
1439803646.070591 -2.856230259 -0.046642274 1.022621155 -0.014481432 0.889492989 0.056780607 -0.453175902
1439803646.133093 -2.880291462 -0.045741186 1.004619122 -0.015233596 0.889529884 0.056493007 -0.453114867
1439803646.195595 -2.904743910 -0.044589981 0.986212611 -0.016240735 0.889530361 0.056041215 -0.453135014
1439803646.258095 -2.928971291 -0.043591216 0.968214273 -0.017328303 0.889567852 0.055927433 -0.453035206
1439803646.320599 -2.953488350 -0.042667091 0.950154424 -0.017598463 0.889613271 0.055931091 -0.452935129
1439803646.383098 -2.978236675 -0.041372657 0.931713462 -0.017667644 0.889648616 0.056492236 -0.452793390
1439803646.445602 -3.003191948 -0.040296599 0.913049221 -0.018073417 0.889688671 0.057831913 -0.452529430
1439803646.508101 -3.028060913 -0.039126649 0.894389272 -0.018413372 0.889696181 0.058740746 -0.452383876
1439803646.570602 -3.053045750 -0.038170174 0.875842452 -0.018373387 0.889762461 0.059222408 -0.452192247
1439803646.633109 -3.077744007 -0.037179679 0.857410192 -0.018499888 0.889829159 0.059612885 -0.452004582
1439803646.695605 -3.102661610 -0.036585465 0.839306712 -0.017186474 0.890070498 0.058657251 -0.451706201
1439803646.758106 -3.127793312 -0.035651669 0.820533872 -0.016940104 0.890268207 0.057667825 -0.451453239
1439803646.820607 -3.152299881 -0.034736872 0.802413344 -0.017505819 0.890362203 0.056883924 -0.451345652
1439803646.883108 -3.177332401 -0.033671543 0.783856988 -0.017780339 0.890383720 0.056262910 -0.451370358
1439803646.945611 -3.202430725 -0.032403842 0.764867663 -0.017948991 0.890446842 0.056345381 -0.451228827
1439803647.008111 -3.227026939 -0.031346455 0.746158361 -0.019220367 0.890542388 0.057244606 -0.450874627
1439803647.070612 -3.252178192 -0.030188128 0.727010608 -0.020187279 0.890664637 0.057996716 -0.450494558
1439803647.133117 -3.276695251 -0.029469520 0.708598137 -0.019240711 0.890933931 0.057812694 -0.450026959
1439803647.195615 -3.301708698 -0.028693095 0.689756274 -0.018858528 0.891135514 0.057958163 -0.449625075
1439803647.258117 -3.326534748 -0.028135121 0.671671271 -0.017706040 0.891399086 0.057649512 -0.449188948
1439803647.320618 -3.351924896 -0.026739433 0.652590036 -0.017530544 0.891515970 0.057806097 -0.448943675
1439803647.383119 -3.376739502 -0.025694400 0.633705258 -0.017209684 0.891539395 0.057868809 -0.448901415
1439803647.445625 -3.401764154 -0.024512410 0.614532351 -0.017984914 0.891543567 0.058079209 -0.448835522
1439803647.508122 -3.426440954 -0.023497805 0.595358014 -0.019242642 0.891642332 0.058057189 -0.448590070
1439803647.570623 -3.451469898 -0.022703990 0.576529860 -0.019022129 0.891851485 0.057314668 -0.448279083
1439803647.633124 -3.476321220 -0.022017762 0.557957530 -0.019077545 0.892025769 0.056596220 -0.448021173
1439803647.695625 -3.501503229 -0.021154150 0.538793325 -0.019239735 0.892029166 0.056601200 -0.448006839
1439803647.758127 -3.526749611 -0.019978374 0.519733429 -0.019046251 0.892059088 0.056478906 -0.447970957
1439803647.820628 -3.551992416 -0.018748894 0.500820994 -0.018152362 0.892041147 0.056691073 -0.448016971
1439803647.883129 -3.577441692 -0.017580003 0.481649518 -0.017084377 0.891980708 0.057009302 -0.448138982
1439803647.945630 -3.602764130 -0.016792029 0.463035941 -0.015633887 0.892084479 0.056718122 -0.448022217
1439803648.008132 -3.628083229 -0.015914991 0.443179607 -0.015448582 0.892142594 0.056652114 -0.447921276
1439803648.070634 -3.652801991 -0.015332609 0.424029708 -0.016164666 0.892255366 0.056941099 -0.447634637
1439803648.133134 -3.677938938 -0.014375538 0.404787779 -0.016752658 0.892300546 0.056554932 -0.447571874
1439803648.195641 -3.702751160 -0.013612077 0.385938764 -0.016834592 0.892404377 0.056261305 -0.447398841
1439803648.258138 -3.728190184 -0.012360379 0.366509795 -0.016582197 0.892572939 0.055208977 -0.447203070
1439803648.320640 -3.752999783 -0.011554495 0.347883582 -0.016491126 0.892801583 0.054510836 -0.446835488
1439803648.383139 -3.778199196 -0.010571599 0.329200387 -0.015357450 0.892915606 0.053477880 -0.446772814
1439803648.445642 -3.803366661 -0.009933472 0.310473800 -0.014619138 0.892862082 0.052701660 -0.446996778
1439803648.508142 -3.828327179 -0.009467691 0.291255236 -0.015340496 0.892674446 0.052833203 -0.447331667
1439803648.570645 -3.853430271 -0.008721039 0.272135139 -0.015704442 0.892518759 0.052896183 -0.447622180
1439803648.633144 -3.878503323 -0.007857382 0.253237367 -0.015529916 0.892404854 0.052870046 -0.447858483
1439803648.695646 -3.904052258 -0.006555066 0.233838797 -0.015701022 0.892198086 0.053720210 -0.448163152
1439803648.758147 -3.929215908 -0.005623788 0.215007901 -0.014642430 0.892006814 0.054733489 -0.448457003
1439803648.820650 -3.954946518 -0.004553199 0.196038485 -0.012612997 0.891812921 0.055779886 -0.448775232
1439803648.883150 -3.980623245 -0.003225297 0.176853180 -0.011965464 0.891565859 0.058122970 -0.448986441
1439803648.945651 -4.006111622 -0.002072215 0.157881379 -0.010990370 0.891345501 0.059416704 -0.449279487
1439803649.008152 -4.031292915 -0.001117557 0.138947010 -0.010975290 0.891173601 0.059805695 -0.449569225
1439803649.070654 -4.056292534 -0.000186414 0.119965434 -0.012641531 0.891056001 0.059978902 -0.449735433
1439803649.133156 -4.081616402 0.000755221 0.100766063 -0.014047488 0.891008973 0.058985278 -0.449918211
1439803649.195657 -4.106675625 0.001547068 0.081999779 -0.014903896 0.891042054 0.057365034 -0.450034648
1439803649.258157 -4.131693840 0.002393037 0.063329935 -0.016009234 0.891085625 0.055874687 -0.450097859
1439803649.320659 -4.157170773 0.003762603 0.044110894 -0.016986052 0.890992999 0.055159442 -0.450333685
1439803649.445661 -4.207841396 0.006298065 0.006117105 -0.018271850 0.890598178 0.055706833 -0.450996339
1439803649.508164 -4.233384132 0.007210016 -0.013286829 -0.018782347 0.890323699 0.056629699 -0.451402307
1439803649.570662 -4.258458614 0.007761687 -0.031937122 -0.018338909 0.890253901 0.056968607 -0.451515526
1439803649.633164 -4.284282684 0.008496553 -0.051149726 -0.017828349 0.890232027 0.056895580 -0.451588273
1439803649.695667 -4.309765816 0.009313792 -0.069831610 -0.017325236 0.890229404 0.056266081 -0.451691926
1439803649.758168 -4.335318565 0.010219097 -0.088606954 -0.016763402 0.890131593 0.055807475 -0.451962709
1439803649.883168 -4.386479855 0.012304783 -0.125973105 -0.015181241 0.889894485 0.055642381 -0.452505559
1439803649.945672 -4.412109852 0.013545811 -0.144817829 -0.014671486 0.889724851 0.056397978 -0.452762336
1439803650.008173 -4.437835693 0.014725834 -0.163493395 -0.013598420 0.889602184 0.057683825 -0.452874839
1439803650.070673 -4.463595390 0.016035289 -0.182666540 -0.012925368 0.889394641 0.058795232 -0.453159183
1439803650.133174 -4.489211082 0.017210871 -0.201148987 -0.012016613 0.889325023 0.059192039 -0.453269124
1439803650.258178 -4.540389061 0.019318342 -0.238562822 -0.010940323 0.889191329 0.058559410 -0.453640729
1439803650.320676 -4.565778732 0.020332247 -0.256653428 -0.010536917 0.889256239 0.057783265 -0.453622490
1439803650.383177 -4.590886116 0.021414429 -0.275456309 -0.011354560 0.889183044 0.057015594 -0.453843445
1439803650.445678 -4.616256714 0.022538722 -0.293978691 -0.011715541 0.889159977 0.056148529 -0.453987539
1439803650.508180 -4.641370773 0.023537934 -0.312425971 -0.012065528 0.889068186 0.055374064 -0.454253078
1439803650.570681 -4.666351318 0.024247319 -0.330483198 -0.011594400 0.889053524 0.053899303 -0.454471439
1439803650.695683 -4.716759682 0.025863081 -0.366586804 -0.009872901 0.888970673 0.050874550 -0.455022395
1439803650.758188 -4.741784096 0.026622772 -0.384420753 -0.009029231 0.888767958 0.050835628 -0.455440104
1439803650.820685 -4.766866207 0.027731478 -0.402804852 -0.009084233 0.888364494 0.051857028 -0.456110537
1439803650.883186 -4.791728020 0.028860956 -0.421055675 -0.009323347 0.888005555 0.052973248 -0.456676126
1439803650.945688 -4.816610813 0.029990286 -0.439036965 -0.008867143 0.887807846 0.053929839 -0.456957549
1439803651.070689 -4.866479397 0.031829506 -0.474379659 -0.005173018 0.887639344 0.054683462 -0.457251936
1439803651.133190 -4.891495228 0.032605827 -0.491692901 -0.003501896 0.887466550 0.054110065 -0.457671195
1439803651.195692 -4.915966034 0.033379734 -0.508824468 -0.002603949 0.887217999 0.053233869 -0.458261520
1439803651.258195 -4.940548420 0.034299910 -0.526249051 -0.002614927 0.886969209 0.052206576 -0.458860874
1439803651.383194 -4.988867760 0.036650032 -0.561154962 -0.004710300 0.886509180 0.052278206 -0.459724128
1439803651.445695 -5.013103485 0.037573069 -0.578677773 -0.005590454 0.886285007 0.052893274 -0.460076004
1439803651.508197 -5.037067413 0.038617492 -0.595672488 -0.006533212 0.886177540 0.053690132 -0.460178226
1439803651.570698 -5.061395645 0.039981395 -0.613358021 -0.007375627 0.886003852 0.054831285 -0.460365355
1439803651.695700 -5.109834671 0.041625470 -0.646794677 -0.004004832 0.885876775 0.053185564 -0.460844457
1439803651.758201 -5.133750916 0.042210013 -0.663423061 -0.003305997 0.885627568 0.052045260 -0.461458683
1439803651.820703 -5.157932281 0.043076485 -0.680012345 -0.003207665 0.885342419 0.051357642 -0.462083220
1439803651.883203 -5.181547165 0.043625891 -0.696768522 -0.003375910 0.885036409 0.051408362 -0.462662220
1439803651.945705 -5.204763412 0.044629604 -0.713738918 -0.004895909 0.884718180 0.051990855 -0.463191926
1439803652.008209 -5.228299141 0.045655549 -0.730570555 -0.006346554 0.884382725 0.052445889 -0.463763237
1439803652.133206 -5.275539398 0.047709644 -0.764010429 -0.006396996 0.883995354 0.052848157 -0.464454949
1439803652.195710 -5.299287796 0.048584282 -0.780221820 -0.005933507 0.883998752 0.053377032 -0.464394093
1439803652.258216 -5.322993279 0.049287468 -0.796349168 -0.004467876 0.883921802 0.052720334 -0.464632004
1439803652.320718 -5.346708298 0.050033957 -0.812393904 -0.003660978 0.883704782 0.051687367 -0.465167552
1439803652.383212 -5.370095253 0.050815582 -0.828630090 -0.004516741 0.883398890 0.051399741 -0.465772569
1439803652.508214 -5.416868210 0.052198797 -0.861065507 -0.005675697 0.883008003 0.050180700 -0.466633201
1439803652.570715 -5.440137863 0.052837491 -0.877204180 -0.006397996 0.882836163 0.050241277 -0.466942340
1439803652.633215 -5.463614464 0.053952813 -0.893403888 -0.006933395 0.882642269 0.050151493 -0.467310816
1439803652.695715 -5.487047195 0.054679632 -0.909251809 -0.006293321 0.882508278 0.049779404 -0.467612684
1439803652.758216 -5.510667801 0.055534631 -0.925208330 -0.005330014 0.882419527 0.049216941 -0.467851430
1439803652.820717 -5.534234524 0.056302071 -0.941010714 -0.004643732 0.882233024 0.048980657 -0.468235195
1439803652.945717 -5.581336498 0.057738096 -0.972949386 -0.003641508 0.881699979 0.049369473 -0.469206214
1439803653.008218 -5.605002403 0.058563203 -0.988626599 -0.002939883 0.881640732 0.049385920 -0.469320714
1439803653.070718 -5.628114700 0.059355766 -1.004870176 -0.003493472 0.881472111 0.050002996 -0.469568312
1439803653.133218 -5.651351929 0.060142100 -1.020843863 -0.004009230 0.881285489 0.050529465 -0.469858021
1439803653.195719 -5.674564838 0.060881764 -1.036682844 -0.003987825 0.881119967 0.050888579 -0.470129848
1439803653.258219 -5.698204994 0.061955899 -1.052668691 -0.004477350 0.881083012 0.051224422 -0.470158160
1439803653.383220 -5.745018005 0.063731432 -1.084466219 -0.004252473 0.881011963 0.051175587 -0.470298707
1439803653.445721 -5.768664837 0.064501315 -1.100209475 -0.003505084 0.880916774 0.050619684 -0.470543355
1439803653.508221 -5.792143822 0.065263599 -1.116164327 -0.003364664 0.880763769 0.051209968 -0.470766783
1439803653.570721 -5.815896511 0.066311777 -1.132196665 -0.003164667 0.880678713 0.051893946 -0.470852435
1439803653.695723 -5.863164902 0.068733096 -1.164127588 -0.003645426 0.880378425 0.052317992 -0.471363276
1439803653.758223 -5.886863232 0.069378227 -1.180260539 -0.004485138 0.880160809 0.052147366 -0.471781164
1439803653.820723 -5.910397530 0.070175946 -1.196294785 -0.005544082 0.879982293 0.051881324 -0.472132236
1439803653.883225 -5.934091568 0.070963323 -1.212086916 -0.006120071 0.879893124 0.052137967 -0.472262919
1439803653.945725 -5.957965851 0.072041929 -1.228270650 -0.006338906 0.879765093 0.051836565 -0.472531676
1439803654.008227 -5.981922626 0.073095977 -1.240675449 -0.005773826 0.880177796 0.050452843 -0.471919686
