1439803778.635447 -0.000119373 -0.001872367 0.031209938 0.000561575 -0.000095981 0.000225579 0.999999821
1439803778.697953 -0.000417704 -0.003691253 0.062623918 0.000995140 -0.000041279 -0.000321175 0.999999464
1439803778.760453 -0.000702735 -0.005573702 0.094085202 0.001131241 -0.000078714 -0.000960370 0.999998868
1439803778.822950 -0.000908372 -0.007353046 0.125590697 0.000804369 -0.000210294 -0.000643015 0.999999464
1439803778.885458 -0.001060021 -0.009099965 0.157188028 0.000031376 -0.000372508 0.000655134 0.999999702
1439803778.947955 -0.001202028 -0.010819562 0.188766703 -0.001496330 -0.000700697 0.000790758 0.999998331
1439803779.010457 -0.001639877 -0.012506726 0.220379353 -0.002349607 -0.000640535 0.000282919 0.999997020
1439803779.072956 -0.001963417 -0.014168327 0.251988113 -0.002852482 -0.000517239 0.000663442 0.999995589
1439803779.135458 -0.002379761 -0.015737105 0.283608973 -0.003230561 -0.000561420 0.001628750 0.999993265
1439803779.197961 -0.002577893 -0.017310966 0.314898580 -0.002856634 -0.000839249 0.002041711 0.999993443
1439803779.260459 -0.002946606 -0.018903514 0.346277744 -0.002557338 -0.001011296 0.002004859 0.999994159
1439803779.322960 -0.003079676 -0.020401947 0.377548844 -0.002453603 -0.001347822 0.002720888 0.999992371
1439803779.385461 -0.003561381 -0.022232715 0.408562541 -0.002153371 -0.001614613 0.002971863 0.999991953
1439803779.447961 -0.003961653 -0.023840208 0.439800024 -0.001904419 -0.001975646 0.002665441 0.999992669
1439803779.572964 -0.002524593 -0.027917353 0.498288274 -0.001541440 -0.005185435 0.004615657 0.999974728
1439803779.635466 -0.005442504 -0.028635673 0.534000218 -0.001507740 -0.003730616 0.003598889 0.999985397
1439803779.697962 -0.006231366 -0.030302163 0.565284908 -0.001039477 -0.004705439 0.003880649 0.999980867
1439803779.760466 -0.007109397 -0.031782016 0.596682131 -0.000138911 -0.005875566 0.004341788 0.999973297
1439803779.822964 -0.008030060 -0.033375461 0.628051937 0.000508422 -0.007087407 0.004677549 0.999963820
1439803779.885465 -0.009393643 -0.035758574 0.658782840 -0.000068232 -0.008313064 0.004274781 0.999956310
