1439803879.699801 -0.000229107 -0.002846237 0.050121684 -0.001172676 0.000045399 0.001025344 0.999998808
1439803879.762301 -0.000201695 -0.004124623 0.075141996 -0.001874408 0.000073605 0.001344504 0.999997318
1439803879.824804 -0.000342760 -0.005296105 0.100274235 -0.002159865 0.000170527 0.000637007 0.999997437
1439803879.887304 -0.001254360 -0.006359241 0.125915974 -0.002140673 0.000688366 -0.000453108 0.999997377
1439803879.949802 -0.001024245 -0.007903939 0.149965584 -0.002137560 0.000502239 -0.000713452 0.999997318
1439803880.012303 -0.001097023 -0.009290917 0.175494790 -0.002183274 0.000397223 -0.000704174 0.999997258
1439803880.074804 -0.001322997 -0.010536759 0.200103790 -0.001871718 0.000250587 -0.001325865 0.999997318
1439803880.137303 -0.001230455 -0.011859035 0.224905550 -0.000874194 0.000212468 -0.001197538 0.999998868
1439803880.199806 -0.001422389 -0.013248809 0.248005643 -0.000037029 0.000529650 -0.000825916 0.999999523
1439803880.262306 -0.001125821 -0.014444850 0.272573113 0.000595676 0.000677928 0.000248611 0.999999583
1439803880.324807 -0.001572696 -0.016291507 0.297363907 0.000802561 0.001181139 0.000728114 0.999998689
1439803880.387310 -0.001635145 -0.017506778 0.322100937 0.000820978 0.001399115 0.000039283 0.999998689
1439803880.449812 -0.002098226 -0.018238235 0.346193850 0.000769727 0.001670406 -0.000358053 0.999998271
1439803880.512315 -0.002625265 -0.019555043 0.370626122 0.000174661 0.002174108 -0.000994001 0.999997139
1439803880.574812 -0.002207758 -0.021404374 0.396151781 -0.000458823 0.002730047 -0.001777685 0.999994576
1439803880.637314 -0.002246972 -0.022724362 0.420617819 -0.000606173 0.003227759 -0.001682781 0.999993205
1439803880.699815 -0.002110083 -0.024110697 0.445272714 -0.000902621 0.003772615 -0.002102691 0.999990284
1439803880.762319 -0.001932876 -0.025411464 0.470249712 -0.000909530 0.004655365 -0.001809819 0.999987125
1439803880.824820 -0.001583823 -0.026683740 0.494878322 -0.000744447 0.005564467 -0.001334105 0.999983311
1439803880.887319 -0.001199058 -0.027804207 0.519883394 -0.000519748 0.006683785 -0.001950398 0.999975622
1439803880.949824 -0.000929940 -0.029215736 0.544963121 -0.000732289 0.007825525 -0.001556623 0.999967873
1439803881.012324 -0.000107302 -0.030524619 0.569718421 -0.001370194 0.008754646 -0.001269275 0.999959886
1439803881.074826 -0.000008918 -0.031668086 0.595386982 -0.001571799 0.009799631 -0.000915756 0.999950349
1439803881.137328 0.000579803 -0.032955773 0.620534241 -0.001089233 0.010622990 -0.000196618 0.999942958
1439803881.199827 0.001232451 -0.034179989 0.645941198 -0.000178350 0.011513335 -0.000091829 0.999933720
1439803881.262328 0.001720550 -0.035926666 0.671187520 0.000537355 0.012658652 0.000144867 0.999919713
1439803881.324828 0.002494458 -0.037248105 0.696586847 0.001076587 0.013801388 0.000857249 0.999903798
1439803881.387329 0.003366519 -0.038187608 0.721986234 0.002001382 0.014981351 0.000975364 0.999885321
1439803881.449830 0.004210493 -0.039702613 0.747660279 0.002046690 0.016377214 0.001093534 0.999863207
1439803881.512331 0.005158409 -0.040886410 0.773679852 0.001886312 0.017989373 0.002060119 0.999834299
1439803881.574833 0.005932659 -0.042640761 0.800022304 0.001963614 0.019491607 0.002757728 0.999804318
1439803881.637337 0.007408235 -0.044246756 0.824838161 0.002101290 0.020584665 0.002905117 0.999781668
1439803881.699836 0.008295024 -0.045811385 0.851434052 0.001804490 0.021907773 0.003026486 0.999753773
1439803881.762337 0.008650478 -0.047136113 0.878452182 0.001079141 0.023402585 0.002094574 0.999723375
1439803881.824839 0.009425234 -0.047641877 0.904220581 -0.000382585 0.024608808 -0.000259574 0.999697089
1439803881.887340 0.010531142 -0.048749473 0.930645406 -0.002245223 0.025654275 -0.002036338 0.999666274
1439803881.949844 0.012120571 -0.050217561 0.956680536 -0.003299134 0.026629601 -0.001637337 0.999638557
1439803882.012343 0.013354793 -0.051289733 0.983230889 -0.003586629 0.027580354 -0.000624522 0.999612927
1439803882.074844 0.014691327 -0.052671537 1.009648085 -0.002728747 0.028177822 0.000690179 0.999598980
1439803882.137347 0.016427286 -0.054029644 1.035586834 -0.000938511 0.028569983 0.002509155 0.999588192
1439803882.199851 0.017309595 -0.055376895 1.062533140 0.001279948 0.029458115 0.003204460 0.999560058
1439803882.262348 0.017757978 -0.056667875 1.089033842 0.002081202 0.030032067 0.004270339 0.999537647
1439803882.324850 0.019092508 -0.057969023 1.115769625 0.001868554 0.030326186 0.005110327 0.999525249
1439803882.387352 0.020474456 -0.059112608 1.142897487 0.000761897 0.030539332 0.005029806 0.999520600
1439803882.449853 0.021715011 -0.060413621 1.170079231 -0.000555314 0.030658301 0.005180081 0.999516368
1439803882.512354 0.023257103 -0.061718326 1.196942925 -0.001519481 0.030254774 0.006272383 0.999521375
1439803882.574856 0.024985101 -0.063305169 1.223766446 -0.001998124 0.029433636 0.008051392 0.999532342
1439803882.637357 0.026476767 -0.064636461 1.251535535 -0.001707894 0.028604444 0.009756145 0.999541759
1439803882.699861 0.028013110 -0.066097543 1.278492093 -0.001066694 0.027654842 0.010768109 0.999558985
1439803882.762363 0.028423727 -0.067791246 1.305210471 0.000073187 0.026973072 0.011182887 0.999573588
1439803882.824861 0.029704049 -0.069231339 1.332569242 0.000934536 0.026011594 0.011473519 0.999595344
1439803882.887363 0.030867826 -0.070531420 1.359980822 0.001311515 0.025127515 0.010960599 0.999623299
1439803882.949865 0.031831797 -0.072402112 1.387637019 0.001422960 0.024192190 0.011185396 0.999643743
1439803883.012368 0.032764830 -0.073866278 1.415545225 0.001950783 0.023283115 0.012000509 0.999655008
1439803883.074867 0.034134883 -0.075403228 1.442698956 0.002323499 0.022076581 0.013107227 0.999667704
1439803883.137368 0.034947719 -0.076842338 1.470297337 0.002428400 0.021105202 0.013157618 0.999687731
1439803883.199870 0.036027774 -0.078528777 1.498045087 0.001910161 0.020054298 0.012569778 0.999718070
1439803883.262372 0.036574505 -0.079876631 1.525475144 0.001425438 0.019020827 0.012465053 0.999740362
1439803883.324874 0.037261572 -0.081390381 1.553385973 0.000392149 0.017930059 0.012345313 0.999762952
1439803883.387374 0.037693538 -0.082751513 1.581404805 -0.001055351 0.016799467 0.012204445 0.999783814
1439803883.449878 0.038230684 -0.084451526 1.609367728 -0.002718513 0.015570585 0.011417876 0.999809861
1439803883.512377 0.038353976 -0.085655436 1.636710167 -0.003263946 0.014671670 0.011154464 0.999824822
1439803883.574878 0.038712699 -0.086985655 1.664988160 -0.003178680 0.013709431 0.010773391 0.999842942
1439803883.637383 0.039260503 -0.088390470 1.693207860 -0.002671385 0.012627451 0.010552266 0.999861002
1439803883.699881 0.039735399 -0.089779496 1.721268296 -0.001942547 0.011480623 0.010714719 0.999874771
1439803883.762383 0.039814021 -0.091201507 1.749856114 -0.001467504 0.010535300 0.010259451 0.999890804
1439803883.824883 0.039984737 -0.092674494 1.778297663 -0.001527690 0.009423906 0.009845614 0.999905944
1439803883.887385 0.040185314 -0.094067737 1.806662798 -0.001808666 0.008152038 0.009247469 0.999922395
1439803883.949886 0.040286556 -0.095556937 1.835122347 -0.001919792 0.006955780 0.009857008 0.999925375
1439803884.012388 0.040212333 -0.097054198 1.863525987 -0.001869408 0.005719005 0.009823252 0.999933660
1439803884.074888 0.040011026 -0.098524399 1.891891479 -0.001812029 0.004423729 0.008231408 0.999954700
1439803884.137388 0.039786637 -0.099900313 1.920400620 -0.001721093 0.003176903 0.007432626 0.999965847
1439803884.199893 0.039307579 -0.101420261 1.948939681 -0.001669034 0.002128103 0.008112722 0.999963403
1439803884.262393 0.039295159 -0.102903761 1.977200150 -0.002103382 0.000706772 0.009295292 0.999954343
1439803884.324890 0.039094042 -0.104257710 2.005564213 -0.002698621 -0.000555196 0.009297883 0.999952972
1439803884.387391 0.038822763 -0.105621994 2.034048796 -0.004286775 -0.001531715 0.009084450 0.999948382
1439803884.449892 0.038382448 -0.106646776 2.062732220 -0.006656494 -0.002403900 0.008443848 0.999939322
1439803884.512391 0.038159493 -0.107715510 2.091265917 -0.009113438 -0.003278973 0.009932638 0.999903738
1439803884.574893 0.037605464 -0.108588271 2.120033741 -0.010870978 -0.003956759 0.011640417 0.999865294
1439803884.637393 0.037299734 -0.109898500 2.148277044 -0.010910373 -0.004663745 0.012173389 0.999855459
1439803884.699893 0.036944218 -0.111242354 2.176395178 -0.008686840 -0.005422649 0.012410589 0.999870539
1439803884.762396 0.036512591 -0.112615041 2.204305649 -0.005113939 -0.005981844 0.012293246 0.999893486
1439803884.824897 0.035825491 -0.113987669 2.232545137 -0.001274960 -0.006441746 0.012727246 0.999897420
1439803884.887397 0.035063598 -0.115480945 2.260592461 0.002461388 -0.006966926 0.011181061 0.999910176
1439803884.949900 0.034343123 -0.116852567 2.288897514 0.004512634 -0.007404395 0.008667934 0.999924839
1439803885.012402 0.033267368 -0.118707538 2.317460060 0.004394535 -0.007472997 0.006451617 0.999941587
1439803885.074905 0.032545816 -0.120639160 2.346136808 0.004134592 -0.007579252 0.005377263 0.999948263
1439803885.137403 0.031623520 -0.122235894 2.375029564 0.003125258 -0.007600772 0.004617689 0.999955595
1439803885.199905 0.031328827 -0.123757675 2.403761387 0.001111368 -0.007854664 0.003356546 0.999962926
1439803885.262406 0.030640438 -0.125550315 2.432723761 -0.001634886 -0.007617058 0.001911425 0.999967813
1439803885.324921 0.029837165 -0.127034143 2.461365938 -0.003712639 -0.007200514 0.000346805 0.999967098
1439803885.387407 0.029581740 -0.127199769 2.490242958 -0.005349204 -0.006964357 -0.000778968 0.999961138
1439803885.449908 0.028460074 -0.129900038 2.518252134 -0.006932086 -0.006566659 -0.001294581 0.999953568
1439803885.512409 0.028160390 -0.130597249 2.546724796 -0.006620638 -0.006258949 -0.002841503 0.999954462
1439803885.574914 0.027453572 -0.131668299 2.575172186 -0.005114712 -0.005741513 -0.003596471 0.999963939
1439803885.637412 0.026996125 -0.133066878 2.603283405 -0.003350449 -0.005289346 -0.004463644 0.999970436
1439803885.699913 0.026589209 -0.134475708 2.631507158 -0.001403724 -0.004739223 -0.004837769 0.999976099
1439803885.762415 0.026283564 -0.135787815 2.660013676 -0.000120214 -0.004022087 -0.004432556 0.999982059
1439803885.824915 0.025911460 -0.137138918 2.688545227 0.000293535 -0.003110142 -0.004839850 0.999983370
1439803885.887417 0.025507042 -0.138582215 2.716943741 -0.000130899 -0.002319373 -0.006148232 0.999978423
1439803885.949918 0.025056660 -0.140038073 2.745615244 -0.001426420 -0.001552443 -0.008301587 0.999963284
1439803886.012423 0.024593793 -0.141427606 2.774536848 -0.002672951 -0.000836856 -0.010132233 0.999944746
1439803886.074930 0.024267519 -0.142857954 2.803542852 -0.003934390 -0.000140170 -0.010699757 0.999935031
1439803886.137424 0.024249494 -0.144167691 2.832493782 -0.005310377 0.000555850 -0.011000397 0.999925256
1439803886.199925 0.024219677 -0.145408601 2.861514330 -0.006423925 0.001586812 -0.011911157 0.999907136
1439803886.262426 0.024177628 -0.146646917 2.890621662 -0.006377926 0.003045354 -0.013014892 0.999890327
1439803886.324949 0.024159795 -0.147951126 2.919516325 -0.005930392 0.004680427 -0.014159495 0.999871194
1439803886.387428 0.024369448 -0.149239495 2.948566675 -0.005064703 0.006124149 -0.014969998 0.999856353
1439803886.449931 0.024616564 -0.150522292 2.977658510 -0.003934015 0.007468299 -0.015310168 0.999847174
1439803886.512431 0.025051199 -0.151865244 3.006797075 -0.002923256 0.008655077 -0.015399205 0.999839664
1439803886.574932 0.025650725 -0.153268963 3.035935640 -0.002256979 0.009862069 -0.015258440 0.999832392
1439803886.637433 0.026160207 -0.154698640 3.065208673 -0.001557518 0.011258191 -0.015156023 0.999820530
1439803886.699935 0.026978236 -0.156236410 3.094589949 -0.001375658 0.012573513 -0.015062264 0.999806523
1439803886.762435 0.027940277 -0.157786801 3.123867989 -0.001571480 0.013840649 -0.014320866 0.999800444
1439803886.824936 0.028649755 -0.159082144 3.153546572 -0.002567514 0.015137528 -0.013942176 0.999784887
1439803886.887438 0.029621989 -0.160340324 3.183080912 -0.003965686 0.016210716 -0.013546549 0.999768972
1439803886.949936 0.030638263 -0.161624461 3.212802410 -0.004926079 0.017279869 -0.012529140 0.999760032
1439803887.012437 0.031798847 -0.163289905 3.242251873 -0.005015252 0.018285014 -0.011528838 0.999753773
1439803887.074940 0.032898948 -0.164889932 3.271647930 -0.003785274 0.019291492 -0.010930161 0.999746978
1439803887.137438 0.034096532 -0.166447133 3.300923586 -0.001603416 0.020327505 -0.010073393 0.999741375
1439803887.199938 0.035310902 -0.167870224 3.330426216 0.000570843 0.021378312 -0.010367457 0.999717534
1439803887.262440 0.036377087 -0.169457376 3.359917641 0.001501762 0.022352712 -0.011296423 0.999685168
1439803887.324940 0.037664786 -0.170964509 3.389690161 0.001070168 0.023331260 -0.011210311 0.999664366
1439803887.387440 0.038965940 -0.172640845 3.419448853 -0.000270624 0.024344129 -0.010233297 0.999651194
1439803887.449942 0.040380701 -0.174286470 3.449335098 -0.001780060 0.025210833 -0.008971640 0.999640346
1439803887.512442 0.042014003 -0.176125526 3.478690386 -0.003218229 0.026009589 -0.008906958 0.999616802
1439803887.574942 0.043577582 -0.177886277 3.508341551 -0.003904297 0.027006621 -0.007958353 0.999595940
1439803887.637443 0.045145899 -0.179391295 3.537785292 -0.004136701 0.027889213 -0.006470506 0.999581516
1439803887.699943 0.046565086 -0.180990964 3.567221403 -0.004184904 0.028620234 -0.005619754 0.999565780
1439803887.762446 0.048047751 -0.182527512 3.596563101 -0.004012384 0.029249744 -0.005513719 0.999548852
1439803887.824948 0.049519509 -0.184059858 3.625742674 -0.003441207 0.029809119 -0.005426242 0.999534965
1439803887.887448 0.051065058 -0.185551226 3.654823303 -0.002672021 0.030059500 -0.005890654 0.999527156
1439803887.949950 0.052663445 -0.187116370 3.683835030 -0.001599433 0.030207440 -0.005173722 0.999528944
1439803888.012450 0.054391950 -0.188734874 3.712772608 -0.000405912 0.030260770 -0.004270104 0.999532819
1439803888.074952 0.056078732 -0.190332860 3.741782665 0.000136007 0.030431513 -0.004069699 0.999528527
1439803888.137453 0.057680339 -0.191839784 3.770733118 -0.000224636 0.030657876 -0.003913784 0.999522209
1439803888.199955 0.059269845 -0.193409711 3.799683809 -0.000881666 0.031003777 -0.003769966 0.999511778
1439803888.262458 0.060943291 -0.194963038 3.828551054 -0.001568159 0.031182850 -0.003521357 0.999506235
1439803888.324957 0.062578931 -0.196566612 3.857336760 -0.002674198 0.031212762 -0.003089222 0.999504447
1439803888.387459 0.064094752 -0.198128998 3.885986805 -0.003193131 0.031343892 -0.003703898 0.999496698
1439803888.449960 0.065550849 -0.199603632 3.914603233 -0.003033634 0.031465251 -0.004985593 0.999487817
1439803888.512463 0.067201257 -0.201159567 3.942983627 -0.002348906 0.031616401 -0.004844530 0.999485612
1439803888.574963 0.068684325 -0.202673569 3.971202612 -0.001707713 0.031944014 -0.006230591 0.999468803
1439803888.637465 0.070103109 -0.204129830 3.999412060 -0.001368735 0.032352626 -0.008053238 0.999443114
1439803888.699966 0.071792781 -0.205641747 4.027473450 -0.000777408 0.033006940 -0.007965926 0.999423087
1439803888.762467 0.073689818 -0.207181036 4.055489063 -0.000259186 0.033900939 -0.007129363 0.999399722
1439803888.824968 0.075612396 -0.208673939 4.083374977 -0.000709752 0.034770716 -0.005586185 0.999379456
1439803888.887469 0.077686861 -0.210044980 4.111407757 -0.002471610 0.035624366 -0.004401002 0.999352515
1439803888.949974 0.079710051 -0.211438268 4.139163494 -0.003212875 0.036595304 -0.004007197 0.999316990
1439803889.012472 0.081628159 -0.212861106 4.166797638 -0.003674357 0.037627555 -0.003576181 0.999278665
1439803889.074974 0.083525300 -0.214407101 4.194266796 -0.004172703 0.038357429 -0.004176207 0.999246657
1439803889.137475 0.085553259 -0.215925425 4.222191334 -0.004369278 0.039077181 -0.004376162 0.999217033
1439803889.199976 0.087975174 -0.217172831 4.249641895 -0.004411606 0.039729033 -0.001859255 0.999199033
1439803889.262478 0.090690404 -0.218195423 4.277142525 -0.005893690 0.040489975 0.001389725 0.999161601
1439803889.324979 0.093104899 -0.219035238 4.304891109 -0.009374960 0.041567512 0.003664474 0.999085009
1439803889.387481 0.095613420 -0.219935864 4.332262039 -0.012467517 0.042850036 0.004956087 0.998991430
1439803889.449981 0.097917050 -0.221280277 4.359387875 -0.011288221 0.044152472 0.003702251 0.998954177
1439803889.512486 0.099931896 -0.223253965 4.385597229 -0.005561951 0.045333479 0.002212121 0.998953938
1439803889.574984 0.102284431 -0.225416645 4.411859512 0.002392039 0.046096470 0.001355139 0.998933196
1439803889.637486 0.104770452 -0.227453783 4.437779427 0.010185229 0.046777159 0.001508043 0.998852253
1439803889.699987 0.107510209 -0.229230434 4.464081287 0.015947381 0.047483459 0.003178379 0.998739660
1439803889.762489 0.110367090 -0.230619863 4.490921974 0.015618121 0.048477761 0.004093361 0.998693764
1439803889.824994 0.113079548 -0.232045129 4.518146038 0.009603412 0.049729601 0.004014562 0.998708487
1439803889.887492 0.115750402 -0.233199656 4.545291901 0.001163729 0.051060148 0.003018060 0.998690367
1439803889.949993 0.118217975 -0.234334186 4.572721481 -0.007227748 0.052285176 0.001862556 0.998604298
1439803890.012494 0.120996952 -0.235627621 4.599960327 -0.013375809 0.052991617 0.001678489 0.998503923
1439803890.074997 0.123781621 -0.236781046 4.626597881 -0.016290279 0.053392418 0.002917476 0.998436451
1439803890.137499 0.126931131 -0.237893149 4.652709007 -0.015513297 0.053497650 0.005588001 0.998431802
1439803890.199998 0.129917532 -0.239093482 4.678401470 -0.012112761 0.053486876 0.007545344 0.998466551
1439803890.262502 0.132735938 -0.240321785 4.704088211 -0.007361588 0.053370453 0.008230223 0.998513758
1439803890.325005 0.135159403 -0.241714612 4.729593754 -0.002381018 0.053218033 0.007380826 0.998552799
1439803890.387502 0.137610286 -0.243035749 4.755284309 0.001524739 0.053108651 0.006178327 0.998568475
1439803890.450005 0.139929295 -0.244331032 4.781008720 0.004293506 0.052959144 0.004753473 0.998576164
1439803890.512505 0.142321438 -0.245683193 4.807028770 0.005377348 0.052486308 0.003863069 0.998599708
1439803890.575010 0.144890338 -0.247107953 4.833347321 0.004728457 0.051859606 0.003846365 0.998635769
1439803890.637510 0.147312731 -0.248521581 4.859387398 0.002303086 0.051306214 0.004321233 0.998670995
1439803890.700009 0.149843007 -0.250077277 4.885705471 -0.000487762 0.050748091 0.005346415 0.998697042
1439803890.762514 0.152316779 -0.251649201 4.911972046 -0.002418388 0.050317388 0.005432275 0.998715580
1439803890.825013 0.154600978 -0.253242642 4.938049793 -0.002891514 0.049927834 0.003966537 0.998740792
1439803890.887514 0.156719655 -0.254843712 4.963815212 -0.002038616 0.049624909 0.002542689 0.998762608
1439803890.950015 0.158601075 -0.256354868 4.991408825 -0.000011308 0.049401771 0.001686951 0.998777568
1439803891.012516 0.160957217 -0.257672191 5.017613411 0.002135520 0.048892498 0.000778062 0.998801470
1439803891.075016 0.163465023 -0.259166688 5.044596672 0.003547257 0.048293773 0.000475870 0.998826742
1439803891.137517 0.165712267 -0.260291755 5.071255684 0.003215619 0.047933191 0.000426180 0.998845279
1439803891.200018 0.168112516 -0.261622906 5.097816467 0.001328836 0.047646936 0.001189887 0.998862624
1439803891.262519 0.170584381 -0.262798905 5.124785423 -0.001087425 0.047248036 0.002157181 0.998880267
1439803891.325021 0.172710121 -0.264048100 5.151544094 -0.003667526 0.046843518 0.002108202 0.998893261
1439803891.387522 0.175019562 -0.265471101 5.178424835 -0.005109191 0.046640497 0.001258649 0.998897851
1439803891.450024 0.177128017 -0.266953349 5.204815865 -0.004874057 0.046631604 0.000102855 0.998900235
1439803891.512525 0.179187566 -0.268574059 5.231125355 -0.002879848 0.046912950 -0.001131431 0.998894155
1439803891.575026 0.181676835 -0.269916028 5.257719994 -0.000839770 0.047113284 -0.002176920 0.998886824
1439803891.637528 0.184003115 -0.271166235 5.284389019 0.001217152 0.047274329 -0.001953734 0.998879254
1439803891.700029 0.186775416 -0.272662729 5.311105251 0.002833108 0.047533967 -0.001043991 0.998865068
1439803891.762530 0.189455152 -0.274183422 5.337656498 0.003624874 0.047864217 0.000555470 0.998847127
1439803891.825032 0.192345440 -0.275762111 5.364826679 0.003204627 0.048304979 0.001315731 0.998826623
1439803891.887533 0.194912642 -0.277149826 5.392288208 0.002501412 0.049053513 0.002302870 0.998790383
1439803891.950034 0.197965652 -0.278677344 5.419129848 0.001885513 0.049726646 0.003644790 0.998754442
1439803892.012536 0.200779796 -0.280427247 5.446082115 0.001452538 0.050204955 0.004223397 0.998728931
1439803892.075037 0.203091711 -0.281677067 5.473461628 0.001880278 0.050704159 0.004297841 0.998702705
1439803892.137539 0.205667645 -0.283450961 5.500219345 0.002746002 0.051253643 0.003969562 0.998674035
1439803892.200040 0.208636433 -0.285101622 5.527274609 0.003844052 0.051678240 0.003865979 0.998648882
1439803892.262542 0.211183369 -0.286811322 5.554223537 0.004816179 0.052083578 0.003520762 0.998624921
1439803892.325044 0.214441538 -0.288593948 5.581568718 0.005610553 0.052501630 0.003951679 0.998597264
1439803892.387547 0.217553854 -0.290365279 5.609077454 0.006246830 0.053082585 0.004882630 0.998558640
1439803892.450047 0.220517784 -0.292208344 5.635818005 0.006108239 0.053717900 0.005329969 0.998523235
1439803892.512548 0.223700851 -0.294063807 5.663192749 0.005499212 0.054305680 0.004241961 0.998500228
1439803892.575051 0.226152092 -0.295514077 5.690607548 0.004768303 0.055239320 0.003327583 0.998456240
1439803892.637550 0.229276329 -0.297013849 5.718049526 0.004120203 0.055863224 0.003443564 0.998423994
1439803892.700052 0.232176214 -0.298677683 5.745644569 0.002987520 0.056550443 0.003151873 0.998390317
1439803892.762552 0.235627174 -0.300280124 5.772858620 0.002326252 0.056929726 0.002547057 0.998372257
1439803892.825068 0.238361865 -0.302009344 5.800597668 0.001910306 0.057666995 0.001821660 0.998332381
1439803892.887555 0.241661012 -0.303656429 5.827941895 0.001805584 0.058512364 0.001739523 0.998283565
1439803892.950057 0.244687200 -0.305256963 5.855511665 0.002164674 0.059531424 0.001529093 0.998222888
1439803893.012558 0.247974694 -0.306915849 5.882968426 0.002622781 0.060567897 0.000793093 0.998160303
1439803893.075059 0.251385242 -0.308327019 5.910337925 0.002490639 0.061598465 0.000284190 0.998097837
1439803893.137564 0.254978269 -0.309919119 5.937909603 0.001958494 0.062562004 0.000116374 0.998039126
1439803893.200064 0.258240640 -0.311297923 5.965677261 0.001342022 0.063384332 0.000159764 0.997988284
1439803893.262564 0.261929214 -0.312889546 5.993428230 0.000799937 0.064040236 0.000368649 0.997946918
1439803893.325063 0.265379190 -0.314447314 6.021108150 0.000521257 0.064787626 0.000605312 0.997898757
1439803893.387564 0.269039869 -0.315959454 6.048688412 0.000628626 0.065484844 0.000898899 0.997852981
1439803893.450065 0.272698820 -0.317678154 6.076586723 0.000738723 0.066206910 0.001071894 0.997805059
1439803893.512565 0.276475012 -0.319116563 6.104283333 0.000936063 0.066915967 0.000897089 0.997757792
1439803893.575066 0.280152559 -0.320550054 6.132189751 0.001000458 0.067711234 0.000991237 0.997703969
1439803893.637567 0.284074426 -0.321870863 6.159888268 -0.000661745 0.068331741 0.001559436 0.997661233
1439803893.700067 0.288057029 -0.323088050 6.187868595 -0.002884646 0.069146805 0.002132012 0.997600079
1439803893.762567 0.291916192 -0.324344486 6.215926170 -0.003990739 0.070024438 0.000840477 0.997536957
1439803893.825068 0.295735538 -0.325601161 6.244162560 -0.003559756 0.071183950 -0.001114052 0.997456253
1439803893.887568 0.299555063 -0.327819377 6.271424770 -0.000946351 0.072316393 -0.001131529 0.997380674
1439803893.950069 0.303681910 -0.329714835 6.298971653 0.003421782 0.073505990 -0.000082741 0.997288883
1439803894.012570 0.308224916 -0.331562161 6.326323032 0.007932248 0.074401669 0.001419547 0.997195780
1439803894.075071 0.312867641 -0.333551556 6.353705883 0.010313745 0.075496674 0.003076604 0.997087955
1439803894.137573 0.317350388 -0.334981441 6.381780148 0.010168572 0.077035449 0.003331969 0.996970952
1439803894.200074 0.321867228 -0.336360455 6.410088539 0.006850645 0.078441516 0.004120361 0.996886671
1439803894.262575 0.326343834 -0.337961644 6.438404560 0.001722285 0.079432622 0.004360420 0.996829212
1439803894.325077 0.331188083 -0.339487255 6.466789722 -0.002766171 0.080220424 0.004390550 0.996763647
1439803894.387577 0.335717678 -0.340915501 6.494585514 -0.005842476 0.080892175 0.005907543 0.996688247
1439803894.450077 0.340725183 -0.342204571 6.522547722 -0.007487640 0.081199177 0.007809779 0.996639192
1439803894.512579 0.345203638 -0.343825102 6.550867081 -0.008158928 0.081773505 0.009562607 0.996571660
1439803894.575078 0.350013554 -0.344926596 6.578686714 -0.007775019 0.082279645 0.010410993 0.996524572
1439803894.637578 0.354483128 -0.345815092 6.606712341 -0.006947995 0.082803667 0.010980223 0.996481180
1439803894.700080 0.359079599 -0.346691757 6.634393215 -0.006606848 0.082936808 0.010459258 0.996478021
1439803894.762580 0.363697171 -0.347849727 6.662295818 -0.006899805 0.083110705 0.010085743 0.996465385
1439803894.825080 0.368293047 -0.348682672 6.690455437 -0.006875729 0.083127342 0.010554370 0.996459305
1439803894.887582 0.373112440 -0.349888861 6.718372822 -0.007299311 0.083171070 0.011115505 0.996446550
1439803894.950082 0.377439260 -0.350732565 6.746555328 -0.007640092 0.083271250 0.012013720 0.996425211
1439803895.012582 0.382227242 -0.351796865 6.774883270 -0.007685562 0.083278738 0.012712608 0.996415555
1439803895.075084 0.386978328 -0.352731556 6.802381516 -0.007867325 0.083159462 0.013867019 0.996408701
1439803895.137583 0.391913354 -0.353796542 6.830271244 -0.008602363 0.082986787 0.015525242 0.996392608
1439803895.200084 0.397130251 -0.354650676 6.857893944 -0.010215029 0.082625769 0.017970853 0.996366203
1439803895.262587 0.401407897 -0.354910910 6.887408733 -0.012594184 0.082634322 0.019689061 0.996305823
1439803895.325085 0.406496763 -0.355600178 6.915639877 -0.014953407 0.082251102 0.020731714 0.996283770
1439803895.387586 0.410242617 -0.356953353 6.944964886 -0.015848950 0.082014561 0.022129465 0.996259332
1439803895.450093 0.413761318 -0.358738124 6.972512722 -0.014602023 0.081871554 0.023585515 0.996256769
1439803895.512588 0.419602275 -0.359318495 7.001595974 -0.010508618 0.081430592 0.023894329 0.996337116
1439803895.575092 0.424350202 -0.360578954 7.029995441 -0.005044544 0.081098340 0.023524748 0.996415675
1439803895.637591 0.428636968 -0.361895174 7.058039188 0.000202525 0.080919862 0.022278380 0.996471584
1439803895.700093 0.432972133 -0.363237649 7.086423397 0.003540193 0.080891125 0.021294499 0.996489167
1439803895.762594 0.437286675 -0.364417613 7.114980221 0.004338083 0.080932155 0.021363631 0.996481180
1439803895.825095 0.442270517 -0.365749061 7.143925667 0.002975004 0.080674112 0.021674167 0.996500373
1439803895.887596 0.446646154 -0.367101967 7.173103809 -0.000008159 0.080500863 0.020485952 0.996543944
1439803895.950098 0.451203763 -0.368552864 7.202389240 -0.003959776 0.080317430 0.018810045 0.996583939
1439803896.012600 0.455423832 -0.369600773 7.231964111 -0.008072296 0.080392100 0.017790211 0.996571839
1439803896.075101 0.459800422 -0.370646060 7.261117458 -0.011797869 0.080457717 0.017742848 0.996530235
1439803896.137617 0.464530587 -0.371765673 7.290275574 -0.013476075 0.080396786 0.017592009 0.996516585
1439803896.200104 0.468891740 -0.372698933 7.318861485 -0.012242055 0.080594368 0.016230742 0.996539652
1439803896.262605 0.473231554 -0.374005586 7.347388268 -0.008918682 0.081029318 0.013730775 0.996577263
1439803896.325106 0.477521420 -0.375134885 7.376164913 -0.004484888 0.081511058 0.010694063 0.996604979
1439803896.387608 0.481768787 -0.376583964 7.404339314 -0.000258773 0.081664182 0.008525107 0.996623397
1439803896.450110 0.486346722 -0.377970874 7.433189392 0.001609658 0.081677802 0.007206927 0.996631444
1439803896.512611 0.490835965 -0.379021227 7.462052822 0.000239278 0.081676938 0.006394786 0.996638298
1439803896.575112 0.495341003 -0.380012929 7.491315842 -0.003091272 0.081788324 0.005683560 0.996628702
1439803896.637613 0.499914885 -0.381182313 7.520606995 -0.006804582 0.082018480 0.005508934 0.996592343
1439803896.700115 0.504536331 -0.382595330 7.549681187 -0.009516692 0.082252234 0.006069899 0.996547639
1439803896.762616 0.509361327 -0.384040773 7.578502178 -0.009940172 0.082360491 0.006993188 0.996528506
1439803896.825117 0.514247000 -0.385433406 7.607260704 -0.007680980 0.082564749 0.007904468 0.996524751
1439803896.887621 0.518879652 -0.387118518 7.635848045 -0.004405126 0.082901597 0.008568282 0.996511161
1439803896.950120 0.523791850 -0.388227552 7.664212227 -0.001548643 0.083105676 0.008615322 0.996502280
1439803897.012625 0.528685093 -0.389483154 7.692715168 0.000149202 0.083261438 0.009205204 0.996485174
1439803897.075126 0.533730626 -0.390806943 7.721477509 0.000695266 0.083369456 0.010601247 0.996462047
1439803897.137624 0.538346350 -0.392095983 7.750236511 -0.000087878 0.083603434 0.011927438 0.996427715
1439803897.200126 0.543256283 -0.393646300 7.778972149 -0.001694259 0.083597742 0.012176781 0.996423721
1439803897.262627 0.548082709 -0.395034045 7.807824135 -0.003236503 0.083648741 0.011560156 0.996422946
1439803897.325129 0.553114951 -0.396530539 7.836582184 -0.004509009 0.083707251 0.012922086 0.996396363
1439803897.387630 0.557757258 -0.397802770 7.865231037 -0.005377396 0.083794475 0.013815553 0.996372759
1439803897.450132 0.562468469 -0.399179041 7.894020081 -0.005808800 0.083623402 0.013221675 0.996392787
1439803897.512633 0.566899478 -0.400404662 7.922595501 -0.005980020 0.083564289 0.012146128 0.996410429
1439803897.575135 0.571613193 -0.401515543 7.951362610 -0.006011952 0.083564878 0.012049611 0.996411324
1439803897.637635 0.576429605 -0.402601808 7.979882240 -0.005492204 0.083400711 0.013211034 0.996413410
1439803897.700136 0.581133842 -0.403833210 8.008227348 -0.004792671 0.083134010 0.013307814 0.996437967
1439803897.762636 0.585782051 -0.405218303 8.036539078 -0.004461152 0.083022237 0.012922480 0.996453881
1439803897.825137 0.590301752 -0.406439483 8.065332413 -0.003731498 0.083194524 0.012680089 0.996445656
1439803897.887639 0.594834030 -0.407685757 8.094211578 -0.003342302 0.083367914 0.012086763 0.996439934
1439803897.950143 0.599463403 -0.408702105 8.122673988 -0.003907401 0.083314411 0.011861319 0.996445060
1439803898.012641 0.604127467 -0.409786880 8.151410103 -0.005351500 0.083346672 0.012732194 0.996424913
1439803898.075143 0.608932137 -0.410857439 8.179797173 -0.006639535 0.083327614 0.013889105 0.996403277
1439803898.137646 0.613667548 -0.411935061 8.208481789 -0.007673812 0.083513722 0.013647448 0.996383607
1439803898.200146 0.618365586 -0.413078636 8.236961365 -0.008016925 0.083814748 0.012996823 0.996364295
1439803898.262647 0.622924984 -0.414331585 8.265297890 -0.007781686 0.084129117 0.012406569 0.996347249
1439803898.325149 0.627865553 -0.415474832 8.293529510 -0.006888162 0.084178761 0.012373328 0.996350050
1439803898.387650 0.632492185 -0.416651309 8.321571350 -0.006064182 0.084259376 0.012408215 0.996348143
1439803898.450155 0.637457132 -0.417642623 8.350244522 -0.005543401 0.084242575 0.012840673 0.996347129
1439803898.512652 0.642268658 -0.418823779 8.378733635 -0.005561825 0.084316418 0.012989208 0.996338844
1439803898.575156 0.647054493 -0.419878900 8.407105446 -0.005624153 0.084379695 0.013404253 0.996327639
1439803898.637657 0.651754260 -0.421048552 8.435822487 -0.006255281 0.084642328 0.013521984 0.996299982
1439803898.700157 0.656529367 -0.422231317 8.464333534 -0.006665477 0.084803075 0.013822485 0.996279538
1439803898.762658 0.661335349 -0.423325300 8.493097305 -0.006683761 0.084854700 0.014871726 0.996259928
1439803898.825159 0.666287124 -0.424452871 8.521506310 -0.006618217 0.084825136 0.015247937 0.996257186
1439803898.887660 0.671029270 -0.425563097 8.549820900 -0.006349963 0.084934220 0.015056751 0.996252537
1439803898.950161 0.675833881 -0.426737428 8.578462601 -0.005440595 0.085105538 0.014975539 0.996244550
1439803899.012663 0.680735826 -0.427901745 8.606904984 -0.004994628 0.085222945 0.015611574 0.996227086
1439803899.075165 0.685586274 -0.429034740 8.635510445 -0.005222643 0.085268706 0.016359270 0.996209979
1439803899.137666 0.690866649 -0.429834127 8.664573669 -0.005804199 0.085287347 0.016738519 0.996198893
1439803899.200170 0.695936263 -0.430711031 8.693268776 -0.006585924 0.085347190 0.016307965 0.996196032
1439803899.262668 0.700971305 -0.431823015 8.722122192 -0.007947811 0.085506976 0.016331011 0.996172011
1439803899.325168 0.705868959 -0.432746232 8.750789642 -0.009375335 0.085599214 0.016242536 0.996153116
1439803899.387669 0.711245954 -0.433405995 8.779616356 -0.010966427 0.085558787 0.017538549 0.996118367
1439803899.450169 0.716287553 -0.434310585 8.808325768 -0.012714442 0.085525714 0.019199863 0.996069789
1439803899.512670 0.721207857 -0.435279667 8.836841583 -0.012726085 0.085561708 0.018763509 0.996074855
1439803899.575171 0.725932837 -0.436344504 8.865278244 -0.010911185 0.085943371 0.017474804 0.996087015
1439803899.637671 0.730584025 -0.437731445 8.893564224 -0.008399164 0.086407326 0.015828168 0.996098757
1439803899.700171 0.735001087 -0.438729972 8.921810150 -0.005255818 0.086709090 0.015004479 0.996106803
1439803899.762672 0.740495741 -0.439780533 8.950367928 -0.002517322 0.086587064 0.014955751 0.996128857
1439803899.825173 0.745245337 -0.441180468 8.978873253 -0.002107357 0.086688563 0.014842718 0.996122658
1439803899.887673 0.749814332 -0.442153037 9.007414818 -0.003734924 0.086943969 0.014457082 0.996101260
1439803899.950174 0.755308092 -0.442852050 9.036245346 -0.005665577 0.087038666 0.014082913 0.996089280
1439803900.012675 0.760089695 -0.443954349 9.065124512 -0.007679605 0.087267205 0.013969499 0.996057391
1439803900.075175 0.764554977 -0.445809573 9.093532562 -0.009205734 0.087525547 0.013926274 0.996022403
1439803900.137677 0.769260883 -0.445937216 9.122249603 -0.009683519 0.087781139 0.013612974 0.995999694
1439803900.200177 0.773879409 -0.446404129 9.151457787 -0.009748097 0.088232622 0.013666891 0.995958447
1439803900.262677 0.778572142 -0.447002083 9.180083275 -0.010687921 0.088518329 0.013641901 0.995923758
1439803900.325180 0.784070492 -0.448324621 9.208818436 -0.012508078 0.088602841 0.013295252 0.995899737
1439803900.387680 0.788931906 -0.449309915 9.237601280 -0.011959710 0.089042477 0.012895972 0.995872498
1439803900.450180 0.793980479 -0.451001525 9.265918732 -0.008999325 0.089437857 0.012957756 0.995867431
1439803900.512684 0.799507499 -0.452709377 9.294115067 -0.004693995 0.089713477 0.013761505 0.995861471
1439803900.575184 0.804900289 -0.454039991 9.322259903 0.000066238 0.090199128 0.013750736 0.995828807
1439803900.637686 0.809768438 -0.455446661 9.350527763 0.003722762 0.090891071 0.013332310 0.995764613
1439803900.700187 0.815064013 -0.456803709 9.379317284 0.003629527 0.091473043 0.013318368 0.995711863
1439803900.762691 0.820411503 -0.458100915 9.408653259 0.000534424 0.092011727 0.014062601 0.995658457
1439803900.825189 0.825658739 -0.459349602 9.437563896 -0.003690220 0.092423312 0.014835221 0.995602429
1439803900.887690 0.831369102 -0.460661530 9.466961861 -0.007496166 0.092553213 0.015202841 0.995563447
1439803900.950193 0.837248683 -0.462008506 9.496172905 -0.010366638 0.092877045 0.016923819 0.995479763
1439803901.012693 0.842896223 -0.463045359 9.524989128 -0.011541258 0.093399569 0.018693551 0.995386302
1439803901.075194 0.848266482 -0.464209378 9.553523064 -0.010342815 0.093957461 0.019350341 0.995334387
1439803901.137694 0.853985429 -0.465449899 9.581645012 -0.007191618 0.094533645 0.019174056 0.995311022
1439803901.200198 0.859237015 -0.466740638 9.610183716 -0.003855360 0.095439710 0.019049643 0.995245457
1439803901.262696 0.864885688 -0.468074530 9.638500214 -0.000829002 0.096005671 0.020367568 0.995172024
1439803901.325197 0.870603323 -0.469249517 9.666823387 0.001427097 0.096501239 0.021772292 0.995093703
1439803901.387699 0.876372218 -0.470574558 9.695756912 0.001584021 0.096989788 0.022644766 0.995026469
1439803901.450201 0.882153988 -0.471983671 9.724530220 0.000163176 0.097583242 0.023987187 0.994938195
1439803901.512702 0.888175964 -0.473247707 9.753478050 -0.001907725 0.098028339 0.025435954 0.994856656
1439803901.575203 0.894021511 -0.474601269 9.782088280 -0.004215569 0.098437771 0.026738970 0.994774997
1439803901.637705 0.899925351 -0.475740373 9.810704231 -0.005963301 0.098824628 0.028542530 0.994677544
1439803901.700207 0.905863404 -0.476869583 9.839141846 -0.007171323 0.099062569 0.029660646 0.994613230
1439803901.762709 0.911817312 -0.477888167 9.867509842 -0.007393984 0.099258944 0.030495299 0.994566739
1439803901.825211 0.917379141 -0.478987783 9.896098137 -0.007722563 0.099556215 0.031273916 0.994510353
1439803901.887712 0.923016429 -0.479878724 9.924614906 -0.008314638 0.099983007 0.030800508 0.994477570
1439803901.950212 0.928581357 -0.480711758 9.952736855 -0.009105653 0.100288905 0.029603753 0.994476140
1439803902.012714 0.934208989 -0.481533438 9.981088638 -0.010237155 0.100463383 0.028836401 0.994470060
1439803902.075216 0.939826488 -0.482224137 10.009572983 -0.011609321 0.100613914 0.027907832 0.994466305
1439803902.137717 0.945330858 -0.482999057 10.037723541 -0.012926136 0.100903757 0.026536889 0.994458199
1439803902.200218 0.950986385 -0.483723193 10.065972328 -0.014131784 0.101185158 0.025517009 0.994439900
1439803902.262719 0.956596494 -0.484393865 10.094254494 -0.015581786 0.101631083 0.024116199 0.994407713
1439803902.325221 0.962255716 -0.484911829 10.122416496 -0.016242925 0.102151655 0.023267344 0.994364023
1439803902.387721 0.967825294 -0.485661596 10.150330544 -0.016796952 0.102711283 0.022071004 0.994324446
1439803902.450224 0.973625302 -0.486140043 10.178592682 -0.017314855 0.103195764 0.021397006 0.994280159
1439803902.512727 0.979269981 -0.486733526 10.206628799 -0.016818183 0.103657529 0.020142708 0.994266868
1439803902.575227 0.984938622 -0.487478286 10.234272003 -0.015176692 0.103891559 0.019586617 0.994279921
1439803902.637728 0.990800142 -0.488124043 10.262127876 -0.013495082 0.104019418 0.019961854 0.994283319
1439803902.700243 0.996655464 -0.488892376 10.289825439 -0.012425508 0.104030803 0.020463329 0.994285882
1439803902.762731 1.002554893 -0.489690155 10.317418098 -0.011427210 0.103990175 0.021073425 0.994289398
1439803902.825231 1.008198738 -0.490533024 10.344994545 -0.010447836 0.104085207 0.020951524 0.994292796
1439803902.887733 1.014006853 -0.491493732 10.372735977 -0.010106904 0.104182772 0.021647371 0.994271159
1439803902.950234 1.019930243 -0.492289037 10.400487900 -0.010149430 0.104177974 0.022728560 0.994247139
1439803903.012736 1.025590420 -0.493172556 10.428177834 -0.010674880 0.104180053 0.023108844 0.994232655
1439803903.075237 1.031453490 -0.493820637 10.455647469 -0.011555296 0.104003131 0.023639049 0.994228899
1439803903.137739 1.037291646 -0.494436055 10.483304977 -0.012910660 0.103867300 0.024584156 0.994203448
1439803903.200240 1.042999268 -0.494797915 10.510833740 -0.014768894 0.103838950 0.025285574 0.994162977
1439803903.262742 1.048734426 -0.495489538 10.538389206 -0.015637433 0.103646576 0.026569996 0.994136274
1439803903.325243 1.054771662 -0.496441245 10.565677643 -0.014612636 0.103160463 0.026254075 0.994210780
1439803903.387744 1.060171485 -0.497553349 10.592575073 -0.011805388 0.102848016 0.025771556 0.994293094
1439803903.450245 1.065733552 -0.498648882 10.619332314 -0.008733048 0.102430478 0.026117995 0.994358897
1439803903.512751 1.071158409 -0.499558330 10.646099091 -0.006321152 0.101926066 0.026310816 0.994423866
1439803903.575251 1.076579571 -0.500328064 10.672957420 -0.005835403 0.101328827 0.026899664 0.994472146
1439803903.637751 1.082205296 -0.500867248 10.700399399 -0.007808066 0.100949474 0.027679207 0.994475782
1439803903.700253 1.087480426 -0.501431167 10.727553368 -0.011579616 0.100669190 0.028781241 0.994436145
1439803903.762753 1.092980027 -0.501986861 10.755133629 -0.015645538 0.100203454 0.028985931 0.994421601
1439803903.825255 1.098576069 -0.502603173 10.782642365 -0.018501263 0.099648960 0.029107647 0.994424701
1439803903.887756 1.103974700 -0.503328443 10.809557915 -0.019043118 0.099121414 0.029391013 0.994458854
1439803903.950257 1.109119296 -0.504017293 10.836232185 -0.017776843 0.098809190 0.028637405 0.994535327
1439803904.012758 1.114326477 -0.504771113 10.862735748 -0.015106285 0.098560318 0.028328525 0.994613051
1439803904.075262 1.119574666 -0.505474925 10.889143944 -0.011978548 0.098367654 0.028371390 0.994673491
1439803904.137761 1.124937057 -0.506237030 10.915466309 -0.008970567 0.098141477 0.028328924 0.994728744
1439803904.200260 1.130114675 -0.506797433 10.941930771 -0.007103257 0.097938113 0.028013062 0.994772792
1439803904.262764 1.135152340 -0.507625341 10.968552589 -0.006633879 0.097924158 0.026765615 0.994811773
1439803904.325262 1.140307426 -0.508346736 10.995119095 -0.007413374 0.098169312 0.025439817 0.994816840
1439803904.387762 1.145183563 -0.509199023 11.021727562 -0.009216008 0.098542280 0.024706291 0.994783401
1439803904.450265 1.150370955 -0.509942532 11.048360825 -0.011243895 0.098612390 0.024400778 0.994763136
1439803904.512765 1.155906677 -0.510639310 11.074811935 -0.013054136 0.098711632 0.025391210 0.994706452
1439803904.575265 1.161542058 -0.511273682 11.100239754 -0.014266852 0.098696187 0.026647057 0.994658470
1439803904.637765 1.166921496 -0.511939406 11.126754761 -0.015319349 0.099014245 0.027574038 0.994585931
1439803904.700267 1.172176003 -0.512524664 11.152716637 -0.015678616 0.099409156 0.028229332 0.994522512
1439803904.762767 1.177410841 -0.513040304 11.178554535 -0.015743975 0.099845678 0.028083315 0.994481921
1439803904.825269 1.182727098 -0.513550639 11.204522133 -0.016034499 0.100194402 0.028487343 0.994430721
1439803904.887770 1.187847733 -0.513779044 11.230459213 -0.016729472 0.100416824 0.028694211 0.994390905
1439803904.950271 1.192996860 -0.514076352 11.256318092 -0.017490281 0.100657679 0.028334567 0.994363725
1439803905.012771 1.198289752 -0.514501989 11.281834602 -0.017742047 0.100916043 0.028409490 0.994330943
1439803905.075272 1.203583360 -0.514963984 11.307348251 -0.018045731 0.101416953 0.028132746 0.994282424
1439803905.137772 1.208771825 -0.515570879 11.332803726 -0.018203814 0.102280550 0.027156113 0.994218230
1439803905.200273 1.214043856 -0.515915692 11.358280182 -0.017962769 0.103284128 0.026646145 0.994132638
1439803905.262773 1.219355106 -0.516227603 11.383650780 -0.018091168 0.104516804 0.025274534 0.994037271
1439803905.325274 1.224831581 -0.516518474 11.408997536 -0.019274700 0.105686620 0.025019970 0.993897796
1439803905.387774 1.230399370 -0.516845047 11.434219360 -0.019743623 0.106751010 0.024980966 0.993775785
1439803905.450275 1.235929012 -0.517217994 11.459389687 -0.019452443 0.107722782 0.024482466 0.993689120
1439803905.512775 1.241477728 -0.517851830 11.484403610 -0.018515013 0.108645126 0.023553520 0.993629038
1439803905.575278 1.247040033 -0.518415630 11.509069443 -0.017177660 0.109564774 0.022870185 0.993568063
1439803905.637780 1.252550244 -0.518895149 11.533888817 -0.015377721 0.110468976 0.021303218 0.993532240
1439803905.700283 1.258048058 -0.519297302 11.558614731 -0.014392449 0.111132622 0.019927062 0.993501544
1439803905.762781 1.263339996 -0.519828796 11.583219528 -0.014508901 0.111662433 0.017499385 0.993486166
1439803905.825280 1.268717051 -0.520450234 11.607772827 -0.015051909 0.112167671 0.015520141 0.993454039
1439803905.887782 1.274042964 -0.520820737 11.632679939 -0.016273817 0.112809092 0.013704862 0.993388891
1439803905.950283 1.279623747 -0.521239400 11.657419205 -0.017908964 0.113275878 0.012563611 0.993322670
1439803906.012785 1.285035729 -0.521667719 11.681574821 -0.019119944 0.113757387 0.011258786 0.993260741
1439803906.075286 1.290703058 -0.521950662 11.706005096 -0.019096652 0.114160597 0.010754823 0.993220508
1439803906.137789 1.296217203 -0.522592127 11.729671478 -0.018659167 0.114762396 0.010628905 0.993160844
1439803906.200294 1.301633954 -0.523078561 11.753274918 -0.017991316 0.115320116 0.010436837 0.993110597
1439803906.262793 1.307013273 -0.523551524 11.776638031 -0.017926229 0.115816399 0.008910043 0.993068874
1439803906.325293 1.312037349 -0.523834348 11.800058365 -0.018280115 0.116430148 0.007289892 0.993003905
1439803906.387796 1.317266822 -0.524300158 11.822989464 -0.017754503 0.116815522 0.006458828 0.992973924
1439803906.450298 1.322768211 -0.524823189 11.845792770 -0.016426554 0.117054187 0.007547713 0.992960989
1439803906.512798 1.328391314 -0.525670946 11.868108749 -0.014220970 0.117102586 0.010609285 0.992961347
1439803906.575299 1.334321380 -0.526610911 11.890437126 -0.012502448 0.117026046 0.014040966 0.992950857
1439803906.637799 1.340173721 -0.527419090 11.912666321 -0.011383934 0.117096603 0.016735438 0.992914259
1439803906.700301 1.345624328 -0.528040767 11.934715271 -0.010716386 0.117289081 0.018465515 0.992868304
1439803906.762804 1.350834250 -0.528526783 11.956732750 -0.011284146 0.117401235 0.018845113 0.992841601
1439803906.825303 1.355763674 -0.528906345 11.978831291 -0.012737054 0.117391504 0.018604765 0.992829740
1439803906.887807 1.360712886 -0.529234052 12.000802040 -0.015228570 0.117174685 0.018433062 0.992823482
1439803906.950307 1.365745783 -0.529576719 12.022661209 -0.018327789 0.116763107 0.018447084 0.992819309
1439803907.012810 1.370911002 -0.529864669 12.044354439 -0.020793067 0.116366029 0.019827591 0.992790759
1439803907.075309 1.376090527 -0.530117512 12.065768242 -0.022575973 0.115986764 0.021347480 0.992764652
1439803907.137811 1.381149054 -0.530475616 12.086846352 -0.023051027 0.115712352 0.022465458 0.992761135
1439803907.200311 1.386087060 -0.530826688 12.107661247 -0.023008386 0.115564033 0.022751104 0.992772877
1439803907.262812 1.390809774 -0.531065404 12.128527641 -0.022322506 0.115600765 0.021995012 0.992801309
1439803907.325312 1.395451903 -0.531477273 12.149060249 -0.020946376 0.115662806 0.020886842 0.992847979
1439803907.387813 1.399946451 -0.531856656 12.169385910 -0.019509600 0.115670361 0.019397222 0.992906570
1439803907.450314 1.404391527 -0.532089055 12.189705849 -0.018286750 0.115541413 0.017878158 0.992973387
1439803907.512814 1.408908010 -0.532507896 12.209764481 -0.016962077 0.115302064 0.017098175 0.993038416
1439803907.575314 1.413436055 -0.533091426 12.229504585 -0.015476285 0.115178503 0.017041143 0.993078053
1439803907.637816 1.417916298 -0.533665657 12.249206543 -0.013782365 0.115171693 0.016899938 0.993106186
1439803907.700317 1.422427535 -0.534362912 12.268614769 -0.012195403 0.115222082 0.016457187 0.993128538
1439803907.762819 1.426792979 -0.535099387 12.287943840 -0.010963947 0.115175739 0.016511224 0.993147373
1439803907.825321 1.431274414 -0.535776377 12.307028770 -0.010433042 0.115087770 0.016863368 0.993157387
1439803907.887821 1.435551763 -0.536309302 12.325940132 -0.010701207 0.115078777 0.016907552 0.993154824
1439803907.950324 1.439809084 -0.536787271 12.344842911 -0.011628885 0.115078352 0.016506832 0.993151188
1439803908.012827 1.443899035 -0.537160635 12.363157272 -0.012790520 0.114839643 0.016075686 0.993171573
1439803908.075326 1.447938204 -0.537553310 12.381464005 -0.013952000 0.114354804 0.016270226 0.993208706
1439803908.137827 1.451963425 -0.538039327 12.399478912 -0.014842846 0.113361336 0.017091470 0.993295908
1439803908.200327 1.455846071 -0.538613021 12.417218208 -0.015776219 0.112085834 0.018229945 0.993405998
1439803908.262828 1.459565043 -0.539206684 12.434796333 -0.016825337 0.110416554 0.018622471 0.993568420
1439803908.325332 1.463185787 -0.539668441 12.452009201 -0.017801613 0.108608276 0.019116942 0.993741333
1439803908.387829 1.466538191 -0.540016651 12.469065666 -0.018458631 0.106821202 0.019185914 0.993921757
1439803908.450329 1.469694138 -0.540327787 12.485783577 -0.018920586 0.105181232 0.018242469 0.994105697
1439803908.512831 1.472648740 -0.540404201 12.502477646 -0.019100063 0.103721574 0.017386043 0.994270980
1439803908.575332 1.475470185 -0.540575266 12.519021034 -0.019348437 0.102114834 0.016466215 0.994448125
1439803908.637834 1.478218794 -0.540709555 12.535242081 -0.019703446 0.099942654 0.015564325 0.994676352
1439803908.700335 1.480868578 -0.540990710 12.551214218 -0.019956980 0.097181916 0.015355188 0.994948030
1439803908.762836 1.483525276 -0.541349947 12.567141533 -0.020053104 0.093934439 0.015625615 0.995253742
1439803908.825337 1.485854387 -0.541762233 12.582752228 -0.019964224 0.090538606 0.015818462 0.995567143
1439803908.887838 1.488272071 -0.542152882 12.598230362 -0.019935962 0.086802877 0.016653797 0.995886743
1439803908.950340 1.490036964 -0.542283475 12.613588333 -0.020086622 0.083164066 0.016287094 0.996200264
1439803909.012842 1.491976380 -0.542582154 12.628723145 -0.020603301 0.079309031 0.015579322 0.996515334
1439803909.075343 1.493556857 -0.542631090 12.643710136 -0.020662053 0.075611107 0.015301792 0.996805847
1439803909.137844 1.494873524 -0.542723775 12.658568382 -0.020591132 0.072148778 0.014054156 0.997082233
1439803909.200348 1.496238589 -0.542830408 12.673214912 -0.020887304 0.068886079 0.012422945 0.997328460
1439803909.262847 1.497274876 -0.542839468 12.687867165 -0.021385195 0.065958150 0.010456799 0.997538388
1439803909.325349 1.498259664 -0.543056846 12.702239990 -0.022032240 0.063096084 0.008038696 0.997731864
1439803909.387850 1.499059677 -0.543208122 12.716512680 -0.022301359 0.060306590 0.006432199 0.997910023
1439803909.450351 1.500163674 -0.543505192 12.730360031 -0.022478729 0.057581417 0.005062392 0.998074889
1439803909.512853 1.501009822 -0.543621004 12.744198799 -0.022599898 0.055376422 0.003565513 0.998203337
1439803909.575354 1.501923203 -0.543839455 12.757771492 -0.022970622 0.053482071 0.002696676 0.998300910
1439803909.637856 1.503011703 -0.543451130 12.771275520 -0.022683032 0.051643889 0.003367002 0.998402238
1439803909.700356 1.504127264 -0.543588519 12.784351349 -0.022216061 0.049487744 0.004541794 0.998517275
1439803909.762858 1.504847169 -0.543908298 12.796883583 -0.021850873 0.047443919 0.005627140 0.998619020
1439803909.825360 1.505721331 -0.544147968 12.809380531 -0.021723330 0.045347817 0.006074673 0.998716593
1439803909.887861 1.506457686 -0.544386864 12.821464539 -0.021579824 0.043672398 0.006620596 0.998790860
1439803909.950362 1.507032275 -0.544542909 12.833274841 -0.021309067 0.042427536 0.005829088 0.998855293
1439803910.012864 1.507425427 -0.544932246 12.844499588 -0.020723131 0.041485403 0.004100763 0.998915792
1439803910.075367 1.507883430 -0.545450747 12.855091095 -0.019792035 0.040584166 0.003369190 0.998974383
1439803910.137868 1.508272886 -0.545737147 12.865730286 -0.018659998 0.039530687 0.002452362 0.999041080
1439803910.200369 1.508644104 -0.546130836 12.875608444 -0.017839978 0.038330510 0.001238581 0.999105096
1439803910.262870 1.509061456 -0.546435058 12.885087013 -0.017008888 0.037192669 0.000767466 0.999163091
1439803910.325371 1.509585619 -0.546535552 12.894576073 -0.016567916 0.036265772 0.000908602 0.999204397
1439803910.387872 1.510071516 -0.546656132 12.903492928 -0.016284779 0.035670195 0.001433257 0.999229908
1439803910.450373 1.510674119 -0.546846092 12.911952972 -0.015829220 0.034902316 0.003133981 0.999260485
1439803910.512875 1.511379242 -0.547034621 12.920112610 -0.015006511 0.033803597 0.005062392 0.999302983
1439803910.575377 1.511869669 -0.547281265 12.927890778 -0.013948190 0.032790136 0.006021157 0.999346793
1439803910.637877 1.512260675 -0.547610879 12.935377121 -0.013234794 0.032212310 0.005995006 0.999375463
1439803910.700381 1.512416124 -0.547795653 12.942603111 -0.013054360 0.032100163 0.005062868 0.999386549
1439803910.762880 1.512446046 -0.547975004 12.949423790 -0.013185434 0.031937648 0.003566976 0.999396503
1439803910.825381 1.512502193 -0.548132360 12.956029892 -0.013290994 0.031145196 0.002742056 0.999422729
1439803910.887883 1.512633085 -0.548257351 12.962240219 -0.013180442 0.030136023 0.002186259 0.999456525
1439803910.950384 1.512833357 -0.548390269 12.968105316 -0.012940967 0.029546801 0.001675738 0.999478221
1439803911.012901 1.513109207 -0.548598051 12.973528862 -0.012751606 0.029359261 0.001689086 0.999486148
1439803911.075387 1.513384461 -0.548768699 12.978763580 -0.012635816 0.029148813 0.001670568 0.999493778
1439803911.137888 1.513466120 -0.548848033 12.983573914 -0.012623310 0.028759908 0.001302721 0.999505758
1439803911.200390 1.513473153 -0.549120307 12.987825394 -0.013022692 0.028146164 0.000723241 0.999518752
1439803911.262891 1.513481617 -0.549245596 12.991880417 -0.013574349 0.027589269 0.000043813 0.999527156
1439803911.325393 1.513584852 -0.549398065 12.995444298 -0.014003864 0.027404176 -0.000519675 0.999526203
1439803911.387894 1.513699055 -0.549573660 12.998699188 -0.013953063 0.027566889 -0.000845981 0.999522209
1439803911.450400 1.513793230 -0.549704790 13.001669884 -0.013529101 0.027602628 -0.000937101 0.999526978
1439803911.512900 1.513932824 -0.549777746 13.004597664 -0.012951404 0.027236348 -0.001131650 0.999544501
1439803911.575399 1.513993144 -0.549845517 13.007291794 -0.012576077 0.026709907 -0.001448015 0.999563038
1439803911.637900 1.514051914 -0.549909949 13.009869576 -0.012346098 0.026466316 -0.001886969 0.999571681
1439803911.700401 1.514085293 -0.549907923 13.012370110 -0.012227995 0.026614735 -0.002192474 0.999568582
1439803911.762902 1.514195919 -0.549884975 13.014767647 -0.012278715 0.026721086 -0.002442873 0.999564528
1439803911.825404 1.514225364 -0.549911618 13.016776085 -0.012485172 0.026551533 -0.002645688 0.999565959
1439803911.887909 1.514173269 -0.550027966 13.018873215 -0.012670236 0.026224239 -0.002978802 0.999571323
1439803911.950407 1.514261484 -0.550108194 13.020872116 -0.012742224 0.025960112 -0.002959099 0.999577403
1439803912.012908 1.514375567 -0.550069213 13.022830009 -0.012740686 0.025991306 -0.002687678 0.999577343
1439803912.075410 1.514435291 -0.550060332 13.024743080 -0.012715583 0.026177429 -0.002519271 0.999573290
1439803912.137911 1.514775038 -0.549941897 13.026660919 -0.012598743 0.026095418 -0.002408233 0.999577165
1439803912.200412 1.514687181 -0.550260246 13.028407097 -0.012665609 0.026131324 -0.002142503 0.999575973
1439803912.262913 1.514854431 -0.550291896 13.030169487 -0.012462238 0.026094234 -0.002047741 0.999579728
1439803912.325414 1.515012264 -0.550345957 13.031998634 -0.012267591 0.026125573 -0.002008541 0.999581397
1439803912.387918 1.515092611 -0.550412774 13.033877373 -0.012106293 0.026279345 -0.002093310 0.999579191
1439803912.450419 1.515269756 -0.550469458 13.035867691 -0.012000878 0.026379490 -0.002060590 0.999577880
1439803912.512921 1.515479088 -0.550413549 13.037939072 -0.011846037 0.026544165 -0.001984398 0.999575496
1439803912.575422 1.515607119 -0.550478339 13.040070534 -0.011772037 0.026852833 -0.001782914 0.999568522
1439803912.637925 1.515742302 -0.550460935 13.042294502 -0.011665719 0.027369078 -0.001648799 0.999556005
1439803912.700427 1.516068220 -0.550522566 13.044520378 -0.011619227 0.028051127 -0.001531362 0.999537766
1439803912.762926 1.516189337 -0.550794482 13.046790123 -0.011711155 0.028956471 -0.001573845 0.999510825
1439803912.825427 1.516527653 -0.550541162 13.049253464 -0.011478784 0.029662229 -0.001721396 0.999492586
1439803912.887929 1.516990662 -0.550793290 13.051608086 -0.011508562 0.030113952 -0.001460107 0.999479175
1439803912.950430 1.517364383 -0.550806284 13.054054260 -0.011290297 0.030741487 -0.001089562 0.999463022
1439803913.012930 1.517761230 -0.550819695 13.056475639 -0.011106278 0.031868231 -0.000954460 0.999429941
1439803913.075431 1.518540382 -0.551200151 13.059349060 -0.011248598 0.033348683 -0.000778320 0.999380171
1439803913.137934 1.518896818 -0.551383853 13.061864853 -0.011415975 0.035167512 -0.000720486 0.999315977
1439803913.200434 1.519425392 -0.551422179 13.064535141 -0.011601605 0.036590714 -0.000794024 0.999262631
1439803913.262936 1.519896865 -0.551596463 13.067194939 -0.011829223 0.037969086 -0.000864674 0.999208510
1439803913.325437 1.520388126 -0.551790237 13.069875717 -0.011965287 0.039728884 -0.001030419 0.999138296
1439803913.387944 1.520895839 -0.551784754 13.072508812 -0.011920298 0.042069223 -0.000998503 0.999043047
1439803913.450441 1.521549106 -0.551850498 13.075171471 -0.011886111 0.044563938 -0.000768637 0.998935521
1439803913.512945 1.522165418 -0.552073359 13.077733040 -0.011998903 0.046847776 -0.000344816 0.998829961
1439803913.575444 1.523051500 -0.552058697 13.080641747 -0.011871395 0.048614636 -0.000074835 0.998747051
1439803913.637944 1.523739100 -0.552114487 13.083469391 -0.011654783 0.050642371 0.000220969 0.998648822
1439803913.700446 1.524658322 -0.552044153 13.086484909 -0.011280246 0.053075191 0.000303989 0.998526752
1439803913.762948 1.525414824 -0.552131236 13.089243889 -0.011041000 0.056135438 0.000306217 0.998362064
1439803913.825451 1.526062012 -0.552167654 13.092171669 -0.010896578 0.059521459 0.000195128 0.998167515
1439803913.887951 1.527178407 -0.552394629 13.095132828 -0.010996412 0.062584475 0.000128533 0.997979105
1439803913.950453 1.528213739 -0.552482367 13.098116875 -0.011117755 0.065856867 0.000003197 0.997767150
1439803914.012955 1.529253960 -0.552633405 13.101152420 -0.011242438 0.069567256 -0.000088511 0.997513890
1439803914.075456 1.530418992 -0.552662730 13.104204178 -0.011090687 0.073662154 -0.000077433 0.997221589
1439803914.137959 1.531615257 -0.552852631 13.107028961 -0.010806396 0.078082107 -0.000070420 0.996888399
1439803914.200459 1.533110619 -0.553045034 13.109972954 -0.010352950 0.082636870 0.000190137 0.996525943
1439803914.262960 1.534581423 -0.553080559 13.112915039 -0.009758527 0.087701946 0.000477176 0.996098876
1439803914.325460 1.536087632 -0.553137243 13.115974426 -0.009172620 0.093313873 0.000717473 0.995594263
1439803914.387962 1.537786245 -0.553352773 13.119178772 -0.008684315 0.099398233 0.000841660 0.995009482
1439803914.450464 1.539497137 -0.553431273 13.122516632 -0.008078494 0.106170826 0.000837936 0.994314730
1439803914.575463 1.544246078 -0.553879857 13.129856110 -0.006970816 0.121563278 0.001011538 0.992558718
1439803914.637964 1.546857357 -0.554050088 13.133720398 -0.006566993 0.130665362 0.001707153 0.991403282
1439803914.700463 1.549919844 -0.554305673 13.137463570 -0.006541745 0.140213951 0.002506129 0.990096450
1439803914.762968 1.553040504 -0.554607511 13.141481400 -0.006598699 0.150358677 0.002714609 0.988605797
1439803914.825465 1.556567192 -0.554613709 13.145698547 -0.005914547 0.160529971 0.002706541 0.987009525
1439803914.950465 1.563903332 -0.555216730 13.154450417 -0.004550016 0.182414070 0.003847278 0.983203709
1439803915.012970 1.567767382 -0.555391908 13.159164429 -0.004653019 0.194580942 0.003797883 0.980868042
1439803915.075467 1.572317362 -0.555690289 13.163990974 -0.005138175 0.206977889 0.003865723 0.978324473
1439803915.137966 1.576912165 -0.555766404 13.168980598 -0.005377444 0.219846621 0.004254247 0.975510359
1439803915.200472 1.582143784 -0.555900335 13.174071312 -0.005545505 0.232719943 0.004795644 0.972516179
1439803915.325471 1.593879700 -0.556199670 13.183951378 -0.005778092 0.260364532 0.008017869 0.965459824
1439803915.387969 1.600162029 -0.556529880 13.188655853 -0.005740373 0.275413245 0.009964145 0.961257160
1439803915.450470 1.606750488 -0.556560397 13.193612099 -0.005483946 0.291111112 0.010861050 0.956611872
1439803915.512970 1.613944054 -0.556773901 13.198393822 -0.005259394 0.307003647 0.011229608 0.951627553
1439803915.575473 1.621303558 -0.556963265 13.203241348 -0.005117486 0.323436886 0.011732981 0.946163177
1439803915.700478 1.637239456 -0.557187438 13.212944984 -0.006526060 0.356466442 0.012414973 0.934202850
1439803915.762972 1.645861149 -0.557210326 13.217710495 -0.007717559 0.372897476 0.013213227 0.927746356
1439803915.825472 1.654826164 -0.557223737 13.222349167 -0.008969389 0.389495164 0.013829469 0.920880973
1439803915.887974 1.664250851 -0.557109177 13.226812363 -0.009860512 0.406190127 0.014486534 0.913620532
1439803915.950475 1.673851967 -0.557137370 13.231090546 -0.010686024 0.422588021 0.014880814 0.906136692
1439803916.012976 1.684159279 -0.556994677 13.234836578 -0.011483899 0.438152879 0.016602457 0.898673773
