1439803879.699801 -0.000195600 -0.002737982 0.048803475 -0.001153940 0.000012854 0.001021829 0.999998808
1439803879.762301 -0.000199196 -0.003980371 0.073168539 -0.001867849 0.000050560 0.001321532 0.999997377
1439803879.824804 -0.000786226 -0.004954040 0.097667605 -0.002094024 0.000319096 0.000631820 0.999997556
1439803879.887304 -0.000665601 -0.006370896 0.121815391 -0.002237893 0.000361401 -0.000442823 0.999997318
1439803879.949802 -0.000578072 -0.007756541 0.145943835 -0.002156452 0.000199470 -0.000683508 0.999997377
1439803880.012303 -0.000915653 -0.009147889 0.170420259 -0.002285848 0.000342319 -0.000770535 0.999997020
1439803880.074804 -0.001349862 -0.010179782 0.194737956 -0.001855049 0.000177507 -0.001326303 0.999997377
1439803880.137303 -0.001355010 -0.011430355 0.218799666 -0.000828663 0.000178252 -0.001178439 0.999998927
1439803880.199806 -0.001789895 -0.012685417 0.242976606 0.000043950 0.000567088 -0.000941940 0.999999404
1439803880.262306 -0.001445688 -0.013733935 0.266791999 0.000777027 0.000657101 0.000222710 0.999999464
1439803880.324807 -0.001765446 -0.015430738 0.290093303 0.000910625 0.001151124 0.000603656 0.999998748
1439803880.387310 -0.002161887 -0.016522814 0.314219981 0.001023801 0.001470767 0.000001108 0.999998391
1439803880.449812 -0.002133764 -0.017670397 0.338399470 0.000770536 0.001748488 -0.000565285 0.999998033
1439803880.512315 -0.002448740 -0.019293685 0.362552553 0.000007699 0.002288425 -0.001352910 0.999996483
1439803880.574812 -0.002598772 -0.020597404 0.386694938 -0.000403269 0.002825191 -0.001935907 0.999994040
1439803880.637314 -0.002556768 -0.021815317 0.410727501 -0.000501821 0.003307143 -0.001832410 0.999992728
1439803880.699815 -0.002423820 -0.023171077 0.434871614 -0.000768952 0.003866690 -0.002258844 0.999989688
1439803880.762319 -0.002316829 -0.024534723 0.459248990 -0.000841686 0.004766931 -0.001966217 0.999986351
1439803880.824820 -0.002037371 -0.025806777 0.483588874 -0.000670918 0.005754202 -0.001480719 0.999982119
1439803880.887319 -0.001597486 -0.026986400 0.507880628 -0.000495932 0.006787290 -0.002033937 0.999974787
1439803880.949824 -0.001262067 -0.028406324 0.532268047 -0.000696763 0.007890327 -0.001625536 0.999967277
1439803881.012324 -0.000760344 -0.029594531 0.556875050 -0.001361250 0.008925116 -0.001361699 0.999958336
1439803881.074826 -0.000401312 -0.030546615 0.581708372 -0.001420973 0.009927571 -0.001034141 0.999949157
1439803881.137328 0.000119159 -0.031788893 0.606274843 -0.000911845 0.010799819 -0.000307297 0.999941230
1439803881.199827 0.000785958 -0.033231050 0.630914092 -0.000122319 0.011640642 -0.000156034 0.999932230
1439803881.262328 0.001367494 -0.034747943 0.655704081 0.000672955 0.012766887 0.000035077 0.999918282
1439803881.324828 0.002072908 -0.036024246 0.680522561 0.001267005 0.013884572 0.000795897 0.999902487
1439803881.387329 0.002734717 -0.037083581 0.705531240 0.002141437 0.015177767 0.000858409 0.999882162
1439803881.449830 0.003417410 -0.038321353 0.730676591 0.002218186 0.016619984 0.001007805 0.999858916
1439803881.512331 0.004306333 -0.039734967 0.755886197 0.001988151 0.018196221 0.002046140 0.999830365
1439803881.574833 0.005375072 -0.039641056 0.781126142 0.002650682 0.019539228 0.003050162 0.999800920
1439803881.637337 0.006278591 -0.042522158 0.805508912 0.002297321 0.020868121 0.002832238 0.999775529
1439803881.699836 0.007088160 -0.044042807 0.829889357 0.002119829 0.021965923 0.003525153 0.999750257
1439803881.762337 0.008495262 -0.045434717 0.856247365 0.001357247 0.023173824 0.002705998 0.999726832
1439803881.824839 0.009203427 -0.045831386 0.883384228 -0.000047092 0.024535136 0.000145157 0.999698937
1439803881.887340 0.010010663 -0.047434699 0.910195053 -0.002053075 0.025850993 -0.002034363 0.999661624
1439803881.949844 0.011439972 -0.048650052 0.935649693 -0.003012583 0.026816312 -0.001518610 0.999634683
1439803882.012343 0.013077822 -0.050118681 0.961455047 -0.003477270 0.027621936 -0.000610430 0.999612212
1439803882.074844 0.014499065 -0.051295154 0.986864924 -0.002546175 0.028188761 0.000590212 0.999599218
1439803882.137347 0.015337877 -0.052479278 1.013283610 -0.000763388 0.028966123 0.002268609 0.999577522
1439803882.199851 0.016713396 -0.053637385 1.038961053 0.001581424 0.029620709 0.003173861 0.999554932
1439803882.262348 0.018489882 -0.054945800 1.064254522 0.002220263 0.029882357 0.004129999 0.999542415
1439803882.324850 0.019300997 -0.056270141 1.090507030 0.002085411 0.030324442 0.004982151 0.999525547
1439803882.387352 0.020734679 -0.057479657 1.116741419 0.000951402 0.030498842 0.004851292 0.999522567
1439803882.449853 0.022117913 -0.059269331 1.142856479 -0.000651991 0.030550200 0.004842194 0.999521255
1439803882.512354 0.023688946 -0.061241962 1.168828607 -0.001626164 0.030079743 0.006618098 0.999524295
1439803882.574856 0.025422979 -0.063394070 1.194678783 -0.002294266 0.029183265 0.008513159 0.999535203
1439803882.637357 0.026832234 -0.063904144 1.221855521 -0.001811704 0.028379267 0.010099408 0.999544561
1439803882.699861 0.028346084 -0.065403901 1.248530865 -0.001096486 0.027405195 0.011274843 0.999560237
1439803882.762363 0.029096965 -0.066851296 1.274768353 0.000082729 0.026624020 0.011512375 0.999579191
1439803882.824861 0.030367896 -0.068376742 1.301273108 0.000918149 0.025639459 0.011843788 0.999600649
1439803882.887363 0.031140409 -0.069449559 1.328240871 0.001365032 0.024846898 0.011368480 0.999625683
1439803882.949865 0.032623708 -0.071132109 1.354865432 0.001471286 0.023735452 0.011344654 0.999652803
1439803883.012368 0.033371404 -0.072588690 1.381875277 0.001915701 0.022835240 0.011999871 0.999665380
1439803883.074867 0.034647051 -0.074198298 1.408891439 0.002350809 0.021744411 0.013190412 0.999673784
1439803883.137368 0.035764270 -0.075826600 1.436149597 0.002310449 0.020737566 0.013061246 0.999696970
1439803883.199870 0.036376543 -0.077422902 1.463122606 0.001839783 0.019808428 0.012484452 0.999724150
1439803883.262372 0.037177041 -0.078958936 1.490237951 0.001206029 0.018729128 0.012176388 0.999749720
1439803883.324874 0.038073346 -0.079999097 1.517442942 0.000327843 0.017546060 0.012295876 0.999770343
1439803883.387374 0.038577054 -0.081522405 1.544707656 -0.001184997 0.016335832 0.012192396 0.999791503
1439803883.449878 0.039112903 -0.082995124 1.572232842 -0.002700647 0.015118531 0.011480686 0.999816179
1439803883.512377 0.039793715 -0.084370315 1.599468827 -0.003349624 0.014017585 0.011344858 0.999831796
1439803883.574878 0.040427290 -0.085360125 1.626706123 -0.003260520 0.013124165 0.010609671 0.999852240
1439803883.637383 0.040753499 -0.086707123 1.654180050 -0.002692645 0.012116913 0.010435941 0.999868512
1439803883.699881 0.041145343 -0.088200353 1.681320429 -0.002045783 0.011034936 0.010480855 0.999882102
1439803883.762383 0.041575305 -0.089533761 1.708704352 -0.001581139 0.009837561 0.010135590 0.999899030
1439803883.824883 0.041641057 -0.090842307 1.736056328 -0.001594974 0.008776608 0.009670319 0.999913454
1439803883.887385 0.041674241 -0.092038348 1.763723612 -0.001741730 0.007564653 0.009159847 0.999927938
1439803883.949886 0.041810021 -0.093482412 1.791059256 -0.001922204 0.006337669 0.009715453 0.999930859
1439803884.012388 0.041869186 -0.095095329 1.818417311 -0.001943160 0.004992454 0.009706290 0.999938548
1439803884.074888 0.041523587 -0.096388936 1.845897675 -0.001872098 0.003797099 0.008002455 0.999958992
1439803884.137388 0.041287556 -0.097850017 1.873335838 -0.001816362 0.002545215 0.007154282 0.999969482
1439803884.199893 0.040972132 -0.099280611 1.900890112 -0.001769385 0.001422825 0.007863301 0.999966502
1439803884.262393 0.040971138 -0.100699887 1.928221107 -0.002208360 -0.000023790 0.009025559 0.999956846
1439803884.324890 0.040781554 -0.101987191 1.955730438 -0.002765405 -0.001292778 0.009135101 0.999953628
1439803884.387391 0.040426157 -0.103304103 1.983430624 -0.004369449 -0.002223373 0.008877468 0.999948621
1439803884.449892 0.040051639 -0.104355350 2.011197090 -0.006779431 -0.003123970 0.008184806 0.999938607
1439803884.512391 0.039797828 -0.105441645 2.038882732 -0.009252806 -0.003968993 0.009597247 0.999903262
1439803884.574893 0.039347634 -0.106333509 2.066670179 -0.011029858 -0.004699644 0.011358364 0.999863625
1439803884.637393 0.039081350 -0.107650176 2.094017744 -0.011097264 -0.005412481 0.011884888 0.999853134
1439803884.699893 0.038801901 -0.108986355 2.121172428 -0.008909647 -0.006224706 0.012126913 0.999867380
1439803884.762396 0.038327280 -0.110337943 2.148221970 -0.005353352 -0.006759590 0.011985094 0.999890983
1439803884.824897 0.037731621 -0.111623175 2.175503731 -0.001525046 -0.007252883 0.012376247 0.999895930
1439803884.887397 0.037080888 -0.113198683 2.202617168 0.002150338 -0.007811067 0.010797627 0.999908864
1439803884.949900 0.036038276 -0.114500076 2.230123520 0.004233885 -0.008137950 0.008312074 0.999923348
1439803885.012402 0.035119109 -0.116181374 2.257658720 0.004142539 -0.008278850 0.006085526 0.999938667
1439803885.074905 0.034424342 -0.117849380 2.285207748 0.003929437 -0.008425402 0.004962822 0.999944448
1439803885.137403 0.033744715 -0.119459845 2.312708855 0.002920991 -0.008640210 0.004297166 0.999949157
1439803885.199905 0.033193078 -0.120953605 2.340580463 0.000861189 -0.008754374 0.002985813 0.999956846
1439803885.262406 0.032262105 -0.122466043 2.368703604 -0.001831210 -0.008390104 0.001447640 0.999962032
1439803885.324921 0.031644303 -0.123803057 2.396265030 -0.003811015 -0.008111747 0.000016320 0.999959826
1439803885.387407 0.030845024 -0.125134274 2.424060583 -0.005866051 -0.007737970 -0.000725714 0.999952614
1439803885.449908 0.030392513 -0.126530454 2.451369524 -0.006994281 -0.007530252 -0.001693310 0.999945760
1439803885.512409 0.029828191 -0.127796486 2.478785753 -0.006968554 -0.007148034 -0.003131290 0.999945283
1439803885.574914 0.029186416 -0.128894195 2.506383896 -0.005476811 -0.006668309 -0.003818929 0.999955475
1439803885.637412 0.028763838 -0.130306676 2.533433676 -0.003751282 -0.006260306 -0.004696737 0.999962330
1439803885.699913 0.028387673 -0.131586969 2.560924530 -0.001748287 -0.005715448 -0.005032275 0.999969482
1439803885.762415 0.028060893 -0.132904723 2.588457584 -0.000473332 -0.004998690 -0.004622772 0.999976695
1439803885.824915 0.027772563 -0.134307429 2.615965128 -0.000096902 -0.004163779 -0.005010052 0.999978781
1439803885.887417 0.027278828 -0.135610700 2.643425941 -0.000481468 -0.003349464 -0.006305542 0.999974370
1439803885.949918 0.026717193 -0.136970535 2.671003342 -0.001764487 -0.002546720 -0.008477999 0.999959230
1439803886.012423 0.026199359 -0.138278127 2.698926926 -0.003020521 -0.001817989 -0.010356975 0.999940157
1439803886.074930 0.025862118 -0.139645055 2.726842642 -0.004292066 -0.001163249 -0.010899158 0.999930739
1439803886.137424 0.025782894 -0.140948474 2.754772663 -0.005694163 -0.000459855 -0.011210597 0.999920845
1439803886.199925 0.025821559 -0.142138317 2.782647133 -0.006820371 0.000497873 -0.012137011 0.999902964
1439803886.262426 0.025602289 -0.143309727 2.810907364 -0.006745100 0.002041032 -0.013232047 0.999887586
1439803886.324949 0.025527606 -0.144531682 2.838846922 -0.006306947 0.003677492 -0.014338600 0.999870539
1439803886.387428 0.025645625 -0.145716533 2.866937876 -0.005401565 0.005138295 -0.015137108 0.999857605
1439803886.449931 0.025849365 -0.146958858 2.895042419 -0.004281755 0.006476312 -0.015517808 0.999849439
1439803886.512431 0.026208494 -0.148230821 2.923204184 -0.003277975 0.007670019 -0.015598291 0.999843538
1439803886.574932 0.026741216 -0.149608180 2.951412678 -0.002642371 0.008871621 -0.015452881 0.999837756
1439803886.637433 0.027153552 -0.150948882 2.979668617 -0.001920310 0.010279686 -0.015334452 0.999827743
1439803886.699935 0.027920932 -0.152484372 3.007968187 -0.001788898 0.011558867 -0.015226475 0.999815643
1439803886.762435 0.028619938 -0.153923064 3.036308289 -0.002030366 0.012907946 -0.014609241 0.999807894
1439803886.824936 0.029389888 -0.155216351 3.064882994 -0.003009802 0.014145168 -0.014101523 0.999795973
1439803886.887438 0.030236430 -0.156409919 3.093393803 -0.004413663 0.015235964 -0.013677940 0.999780595
1439803886.949936 0.031129479 -0.157722637 3.121940851 -0.005460594 0.016311275 -0.012715670 0.999771178
1439803887.012437 0.032134481 -0.159134179 3.150519371 -0.005430381 0.017335482 -0.011669274 0.999766886
1439803887.074940 0.033104531 -0.160744280 3.178943634 -0.004244239 0.018386623 -0.011020288 0.999761164
1439803887.137438 0.034296229 -0.162116155 3.207250357 -0.002002688 0.019371865 -0.010201658 0.999758303
1439803887.199938 0.035275385 -0.163666353 3.235787392 0.000082492 0.020468796 -0.010529239 0.999735057
1439803887.262440 0.036210299 -0.164983585 3.264539957 0.001155382 0.021474862 -0.011403982 0.999703646
1439803887.324940 0.037508160 -0.166504592 3.293081045 0.000633828 0.022397626 -0.011371765 0.999684274
1439803887.387440 0.038810365 -0.168045789 3.322057247 -0.000673348 0.023386206 -0.010382879 0.999672353
1439803887.449942 0.040147811 -0.169732943 3.350541592 -0.002263580 0.024208004 -0.009120692 0.999662757
1439803887.512442 0.041409463 -0.171459183 3.379170418 -0.003640153 0.025099920 -0.008988922 0.999637902
1439803887.574942 0.043145329 -0.172849178 3.408014297 -0.004159470 0.026022192 -0.008027712 0.999620497
1439803887.637443 0.044408575 -0.174591362 3.436260700 -0.004539483 0.026941396 -0.006522269 0.999605417
1439803887.699943 0.045850635 -0.176041812 3.464650869 -0.004547302 0.027615743 -0.005641791 0.999592364
1439803887.762446 0.047149196 -0.177505538 3.492907286 -0.004376174 0.028260527 -0.005520087 0.999575734
1439803887.824948 0.048562303 -0.178952366 3.521076202 -0.003794062 0.028803078 -0.005422799 0.999563158
1439803887.887448 0.049928352 -0.180344135 3.549163818 -0.003008527 0.029087342 -0.005879188 0.999555051
1439803887.949950 0.051414400 -0.181824297 3.577131033 -0.001938481 0.029238235 -0.005164273 0.999557257
1439803888.012450 0.053048328 -0.183347106 3.605002403 -0.000721009 0.029281057 -0.004230709 0.999562025
1439803888.074952 0.054581538 -0.184898242 3.632955313 -0.000229108 0.029463291 -0.004119291 0.999557376
1439803888.137453 0.056105211 -0.186303556 3.660841942 -0.000554638 0.029671893 -0.003925994 0.999551833
1439803888.199955 0.057557598 -0.187806606 3.688797474 -0.001208454 0.030031163 -0.003753710 0.999541163
1439803888.262458 0.059140638 -0.189295247 3.716635227 -0.001902732 0.030202478 -0.003509942 0.999535799
1439803888.324957 0.060650900 -0.190810174 3.744378805 -0.003007168 0.030233338 -0.003077093 0.999533653
1439803888.387459 0.062045515 -0.192301214 3.772025585 -0.003520159 0.030376762 -0.003675417 0.999525547
1439803888.449960 0.063379899 -0.193693012 3.799597979 -0.003353830 0.030509986 -0.004958991 0.999516547
1439803888.512463 0.064908192 -0.195169449 3.826948643 -0.002671602 0.030676425 -0.004844980 0.999514043
1439803888.574963 0.066292629 -0.196596861 3.854148149 -0.002021419 0.030996993 -0.006224505 0.999498069
1439803888.637465 0.067606226 -0.197972491 3.881314516 -0.001673281 0.031398792 -0.008050547 0.999473095
1439803888.699966 0.069154084 -0.199406743 3.908368587 -0.001088755 0.032072604 -0.007955034 0.999453306
1439803888.762467 0.070912734 -0.200844795 3.935352087 -0.000547747 0.032965306 -0.007099716 0.999431133
1439803888.824968 0.072688028 -0.202277258 3.962188721 -0.001011806 0.033836268 -0.005590159 0.999411225
1439803888.887469 0.074616432 -0.203562096 3.989169359 -0.002779274 0.034692109 -0.004402667 0.999384463
1439803888.949974 0.076404765 -0.204836786 4.015846252 -0.003494018 0.035699960 -0.004023054 0.999348342
1439803889.012472 0.078383371 -0.206316099 4.042735577 -0.003983360 0.036663838 -0.003512179 0.999313533
1439803889.074974 0.080175713 -0.207688317 4.069449425 -0.004410061 0.037445676 -0.004197833 0.999280095
1439803889.137475 0.081984058 -0.209155172 4.095882893 -0.004633280 0.038137868 -0.004364211 0.999252200
1439803889.199976 0.084364310 -0.210307389 4.122551441 -0.004662895 0.038763799 -0.001877161 0.999235749
1439803889.262478 0.086787954 -0.211291611 4.148994923 -0.006183086 0.039557625 0.001365973 0.999197185
1439803889.324979 0.089233696 -0.212056816 4.175893784 -0.009610695 0.040590052 0.003692873 0.999122858
1439803889.387481 0.091515750 -0.212910622 4.202178001 -0.012733798 0.041915338 0.004833065 0.999028325
1439803889.449981 0.093746483 -0.214210361 4.228513718 -0.011524034 0.043193348 0.003697234 0.998993456
1439803889.512486 0.095648944 -0.216124222 4.253871918 -0.005795145 0.044394437 0.002206191 0.998994827
1439803889.574984 0.097793192 -0.218163878 4.279000759 0.002139705 0.045160297 0.001381871 0.998976529
1439803889.637486 0.100154638 -0.220189765 4.304147243 0.009911153 0.045858815 0.001573714 0.998897552
1439803889.699987 0.102722138 -0.221823752 4.329288960 0.015703660 0.046516329 0.003237446 0.998788834
1439803889.762489 0.105464518 -0.223163068 4.355311871 0.015332305 0.047500391 0.004134437 0.998744965
1439803889.824994 0.108014792 -0.224394828 4.381639481 0.009441734 0.048800558 0.004132615 0.998755336
1439803889.887492 0.110495418 -0.225578129 4.408034325 0.000935058 0.050237179 0.002913013 0.998732626
1439803889.949993 0.112701774 -0.226653129 4.434257984 -0.007482744 0.051488683 0.001705118 0.998644114
1439803890.012494 0.115502119 -0.227806211 4.460556984 -0.013577220 0.052067459 0.001646637 0.998549879
1439803890.074997 0.118523240 -0.228794515 4.486623287 -0.016385138 0.052349333 0.002910452 0.998490155
1439803890.137499 0.121123314 -0.229935631 4.511424065 -0.015738040 0.052593302 0.005493206 0.998476863
1439803890.199998 0.123606533 -0.230968595 4.535836697 -0.012347726 0.052692842 0.007337330 0.998507440
1439803890.262502 0.126603425 -0.232213825 4.560803890 -0.007580446 0.052485429 0.008031025 0.998560607
1439803890.325005 0.128892303 -0.233519569 4.585314751 -0.002571838 0.052309483 0.007254043 0.998601258
1439803890.387502 0.131447375 -0.234700114 4.610634327 0.001330010 0.052251600 0.005876123 0.998615742
1439803890.450005 0.133619010 -0.235908791 4.635322571 0.004108421 0.052099623 0.004396232 0.998623729
1439803890.512505 0.135885268 -0.237140805 4.660505295 0.005169326 0.051666614 0.003431382 0.998645127
1439803890.575010 0.138199657 -0.238542020 4.685618877 0.004469498 0.051048476 0.003365760 0.998680472
1439803890.637510 0.140657127 -0.239882231 4.710949421 0.002115475 0.050481446 0.003960772 0.998714924
1439803890.700009 0.143004209 -0.241377503 4.736222744 -0.000673021 0.049944311 0.005013137 0.998739183
1439803890.762514 0.145455599 -0.242871776 4.761708736 -0.002614657 0.049523104 0.005019964 0.998756945
1439803890.825013 0.147573560 -0.244393796 4.786731243 -0.003093351 0.049162406 0.003563939 0.998779655
1439803890.887514 0.149617583 -0.245870352 4.812179089 -0.002206390 0.048847653 0.002117456 0.998801589
1439803890.950015 0.151653945 -0.247404099 4.837242126 -0.000237919 0.048559666 0.001280127 0.998819470
1439803891.012516 0.153940111 -0.248692021 4.862543583 0.001948276 0.048000060 0.000453346 0.998845339
1439803891.075016 0.156172395 -0.250135005 4.887813091 0.003326712 0.047402158 0.000200022 0.998870313
1439803891.137517 0.158388823 -0.250967115 4.913228035 0.003032353 0.046988517 0.000208650 0.998890817
1439803891.200018 0.160560012 -0.252348870 4.938728809 0.001109402 0.046775714 0.000926744 0.998904407
1439803891.262519 0.162938476 -0.253433436 4.964663029 -0.001267649 0.046329424 0.001847328 0.998923719
1439803891.325021 0.165045738 -0.254563361 4.990860939 -0.003839277 0.046008054 0.001724932 0.998932183
1439803891.387522 0.167257905 -0.255891830 5.016201973 -0.005338763 0.045719419 0.000905817 0.998939693
1439803891.450024 0.169260055 -0.257424712 5.041722775 -0.005133965 0.045762356 -0.000399523 0.998939097
1439803891.512525 0.171198875 -0.258805186 5.066627979 -0.003066907 0.045969609 -0.001448739 0.998937070
1439803891.575026 0.173245877 -0.260141581 5.092109203 -0.001041155 0.046265438 -0.002627545 0.998925149
1439803891.637528 0.175924867 -0.261572599 5.117391109 0.000931099 0.046382852 -0.002550907 0.998920023
1439803891.700029 0.178363472 -0.262964964 5.143451691 0.002536455 0.046682246 -0.001584610 0.998905301
1439803891.762530 0.180979192 -0.264352441 5.169281483 0.003381263 0.046970602 0.000036047 0.998890519
1439803891.825032 0.183495194 -0.265959263 5.195220470 0.002928736 0.047506105 0.000615090 0.998866439
1439803891.887533 0.186195493 -0.267046750 5.221286297 0.002313611 0.048111171 0.001798833 0.998837709
1439803891.950034 0.188868731 -0.268503219 5.247508049 0.001648469 0.048936814 0.002920735 0.998796225
1439803892.012536 0.191198677 -0.269784659 5.273246288 0.001378099 0.049396846 0.003764568 0.998771191
1439803892.075037 0.193743706 -0.271369159 5.299365997 0.001711290 0.049807578 0.003869246 0.998749852
1439803892.137539 0.196235508 -0.273209363 5.324659824 0.002552262 0.050324600 0.003558429 0.998723328
1439803892.200040 0.198888600 -0.274946392 5.350327492 0.003560475 0.050773021 0.003296754 0.998698473
1439803892.262542 0.201755673 -0.276712090 5.376110554 0.004509832 0.051128361 0.002993283 0.998677433
1439803892.325044 0.204775572 -0.278349549 5.401841640 0.005326581 0.051489845 0.003567904 0.998652935
1439803892.387547 0.207239121 -0.279864728 5.428065777 0.006003234 0.052202042 0.004507514 0.998608351
1439803892.450047 0.209958017 -0.281492144 5.454318523 0.005903399 0.052878715 0.004861092 0.998571634
1439803892.512548 0.212841332 -0.283090532 5.480199814 0.005319917 0.053468015 0.003930971 0.998547673
1439803892.575051 0.215448856 -0.284663111 5.506009579 0.004547034 0.054304361 0.002975626 0.998509645
1439803892.637550 0.218330055 -0.286215454 5.532629013 0.003813948 0.054998789 0.003026213 0.998474538
1439803892.700052 0.221125484 -0.287788302 5.559092999 0.002727366 0.055614512 0.002821131 0.998444617
1439803892.762552 0.224061996 -0.289326847 5.585387230 0.002107399 0.056062032 0.002292632 0.998422444
1439803892.825068 0.226822764 -0.290947646 5.611732483 0.001683824 0.056730714 0.001532250 0.998386919
1439803892.887555 0.229922533 -0.292412400 5.638053417 0.001624494 0.057568759 0.001545904 0.998339057
1439803892.950057 0.232845992 -0.293954432 5.664056778 0.001949608 0.058529295 0.001249302 0.998283029
1439803893.012558 0.235917211 -0.295428008 5.690307617 0.002505409 0.059531003 0.000643104 0.998223126
1439803893.075059 0.239155263 -0.296897322 5.717064857 0.002282149 0.060649585 -0.000020844 0.998156488
1439803893.137564 0.242336184 -0.298260748 5.743324757 0.001768241 0.061634801 -0.000193412 0.998097181
1439803893.200064 0.245588154 -0.299793720 5.770022869 0.001128918 0.062424351 -0.000098744 0.998049021
1439803893.262564 0.249075681 -0.301183403 5.796681881 0.000615069 0.063059516 0.000097266 0.998009562
1439803893.325063 0.252279073 -0.302748680 5.823231697 0.000315860 0.063833013 0.000353581 0.997960448
1439803893.387564 0.255718082 -0.304250151 5.849864006 0.000406864 0.064554840 0.000564904 0.997913957
1439803893.450065 0.259197831 -0.305775225 5.876420975 0.000536134 0.065264195 0.000797178 0.997867584
1439803893.512565 0.262677491 -0.307192773 5.903060913 0.000719646 0.066001907 0.000606329 0.997819066
1439803893.575066 0.266195178 -0.308577657 5.929821014 0.000779871 0.066767201 0.000718515 0.997767985
1439803893.637567 0.269932151 -0.309686184 5.956522465 -0.000827732 0.067393899 0.001259119 0.997725308
1439803893.700067 0.273667634 -0.310840487 5.983587742 -0.003027396 0.068234101 0.001901968 0.997662902
1439803893.762567 0.277299643 -0.312004507 6.010375500 -0.004149137 0.069129080 0.000557185 0.997598946
1439803893.825068 0.280861259 -0.313356131 6.037613392 -0.003757126 0.070288025 -0.001346919 0.997518778
1439803893.887568 0.284431040 -0.315225780 6.063771725 -0.001112172 0.071441650 -0.001497775 0.997443020
1439803893.950069 0.288344920 -0.317172289 6.089919567 0.003236584 0.072585732 -0.000318838 0.997356892
1439803894.012570 0.292520046 -0.318895847 6.116507530 0.007746722 0.073561370 0.001138509 0.997259974
1439803894.075071 0.296887338 -0.320697725 6.142666340 0.010132501 0.074691758 0.002714712 0.997151494
1439803894.137573 0.301175058 -0.322252035 6.169322014 0.009921221 0.076206565 0.003023459 0.997038126
1439803894.200074 0.305200279 -0.323755771 6.196714401 0.006574212 0.077663265 0.003874067 0.996950448
1439803894.262575 0.309395373 -0.325175315 6.223855495 0.001479514 0.078655891 0.004066714 0.996892393
1439803894.325077 0.313923538 -0.326486439 6.251403332 -0.002923262 0.079441965 0.004174776 0.996826470
1439803894.387577 0.318382144 -0.327880204 6.278275967 -0.005977794 0.080141678 0.005573563 0.996749938
1439803894.450077 0.322700024 -0.329337776 6.305188179 -0.007777978 0.080595374 0.007267818 0.996690035
1439803894.512579 0.327169180 -0.330853313 6.331891537 -0.008461857 0.081131652 0.008953291 0.996627271
1439803894.575078 0.331639111 -0.331739724 6.358522892 -0.007943533 0.081577174 0.009937791 0.996585786
1439803894.637578 0.335957944 -0.332488149 6.385292053 -0.007095767 0.082019739 0.010617243 0.996548891
1439803894.700080 0.340324819 -0.333400577 6.412110329 -0.006793853 0.082229085 0.010350826 0.996536553
1439803894.762580 0.344471693 -0.334528267 6.438476086 -0.007158531 0.082382567 0.009791260 0.996526957
1439803894.825080 0.348885238 -0.335486501 6.465405941 -0.007245094 0.082424797 0.010093728 0.996519804
1439803894.887582 0.353152573 -0.336324185 6.492213249 -0.007467980 0.082479283 0.010897889 0.996505201
1439803894.950082 0.357679129 -0.337295115 6.519377708 -0.007805776 0.082463138 0.011836850 0.996493220
1439803895.012582 0.362015903 -0.338408560 6.545882225 -0.007984275 0.082504973 0.012489613 0.996480405
1439803895.075084 0.366495311 -0.339401603 6.572879791 -0.008229771 0.082474597 0.013478089 0.996468008
1439803895.137583 0.371153474 -0.340287328 6.599737644 -0.008920874 0.082298592 0.015270774 0.996450782
1439803895.200084 0.375752747 -0.340952277 6.626606941 -0.010506482 0.082128681 0.017542820 0.996411920
1439803895.262587 0.380292714 -0.341375172 6.654051304 -0.012957425 0.081885144 0.019241761 0.996371746
1439803895.325085 0.384751439 -0.341968834 6.681527138 -0.015201143 0.081516668 0.020557215 0.996343970
1439803895.387586 0.389431238 -0.342670321 6.708675385 -0.016125564 0.081075028 0.021479337 0.996345997
1439803895.450093 0.393504620 -0.343940228 6.735874653 -0.014843537 0.080944046 0.022282783 0.996358991
1439803895.512588 0.397799492 -0.345016569 6.762825012 -0.010785870 0.080630116 0.023124276 0.996417463
1439803895.575092 0.402865350 -0.346357167 6.790473938 -0.005264537 0.080155388 0.022975540 0.996503651
1439803895.637591 0.406623065 -0.347453356 6.816840649 -0.000051408 0.080007024 0.021672916 0.996558666
1439803895.700093 0.410650253 -0.349023372 6.843915462 0.003231220 0.079986401 0.020804048 0.996573567
1439803895.762594 0.415023863 -0.350201726 6.871486187 0.004053870 0.079932302 0.020897150 0.996572971
1439803895.825095 0.419355929 -0.351238102 6.898755074 0.002636095 0.079794481 0.020980803 0.996587038
1439803895.887596 0.423284709 -0.352795660 6.926787853 -0.000359782 0.079625167 0.020032462 0.996623516
1439803895.950098 0.427325428 -0.353903115 6.954721928 -0.004215631 0.079516411 0.018346552 0.996655762
1439803896.012600 0.431511045 -0.355021358 6.982767582 -0.008384139 0.079546593 0.017274072 0.996646166
1439803896.075101 0.435779095 -0.355934978 7.010921955 -0.012080557 0.079572365 0.017229516 0.996606946
1439803896.137617 0.440298975 -0.356867015 7.038795471 -0.013738302 0.079480559 0.017033421 0.996596217
1439803896.200104 0.444485903 -0.357890040 7.066313744 -0.012529236 0.079679586 0.015733203 0.996617615
1439803896.262605 0.448492467 -0.359108478 7.093514442 -0.009204039 0.080129907 0.013219692 0.996654272
1439803896.325106 0.452434480 -0.360212237 7.120825291 -0.004832313 0.080628924 0.010139938 0.996680856
1439803896.387608 0.456546724 -0.361678690 7.147896767 -0.000595666 0.080736145 0.008067021 0.996702671
1439803896.450110 0.460861564 -0.362818807 7.175512791 0.001340928 0.080752395 0.006736861 0.996710539
1439803896.512611 0.465079069 -0.363844663 7.203160286 -0.000045955 0.080756634 0.005911240 0.996716321
1439803896.575112 0.469434917 -0.364846438 7.231299400 -0.003372531 0.080839314 0.005242447 0.996707618
1439803896.637613 0.473871171 -0.366075337 7.259241104 -0.007109818 0.080995329 0.005139699 0.996675849
1439803896.700115 0.477977931 -0.367319405 7.287115574 -0.009818941 0.081325166 0.005620249 0.996623397
1439803896.762616 0.482636750 -0.368653297 7.314821243 -0.010230677 0.081415571 0.006522892 0.996606410
1439803896.825117 0.487196803 -0.370128751 7.342354298 -0.008026858 0.081643067 0.007444589 0.996601522
1439803896.887621 0.491516292 -0.371693373 7.369743347 -0.004739836 0.082013585 0.008076765 0.996587217
1439803896.950120 0.496179760 -0.372746229 7.397123814 -0.001882444 0.082228772 0.008125545 0.996578574
1439803897.012625 0.500782311 -0.373989165 7.424504280 -0.000238325 0.082420141 0.008740094 0.996559322
1439803897.075126 0.505617380 -0.375291914 7.452002525 0.000321537 0.082504086 0.010183049 0.996538639
1439803897.137624 0.510357141 -0.376460671 7.479650974 -0.000459032 0.082577042 0.011549576 0.996517658
1439803897.200126 0.514830112 -0.377879292 7.507219315 -0.002070657 0.082652412 0.011614509 0.996508598
1439803897.262627 0.519468009 -0.379448444 7.534646034 -0.003716888 0.082642123 0.011044294 0.996511161
1439803897.325129 0.523917854 -0.380650669 7.562295914 -0.004969404 0.082830802 0.012352684 0.996474683
1439803897.387630 0.528345227 -0.381787896 7.589906693 -0.005839008 0.082980402 0.013119182 0.996447742
1439803897.450132 0.532797813 -0.383029461 7.617586136 -0.006173577 0.082762025 0.012651665 0.996469915
1439803897.512633 0.536971211 -0.384036213 7.645165443 -0.006247977 0.082709692 0.011587434 0.996486723
1439803897.575135 0.541410923 -0.385266393 7.672432899 -0.006416480 0.082680717 0.011407756 0.996490121
1439803897.637635 0.546093822 -0.386152029 7.699780941 -0.005809708 0.082445115 0.012617325 0.996498823
1439803897.700136 0.550508738 -0.387414306 7.727078915 -0.005167812 0.082230225 0.012654042 0.996519625
1439803897.762636 0.554886639 -0.388624787 7.754392147 -0.004751680 0.082126170 0.012274507 0.996535003
1439803897.825137 0.559049070 -0.389888883 7.781943321 -0.004125889 0.082367398 0.012014821 0.996521056
1439803897.887639 0.563442111 -0.391090006 7.809110641 -0.003765917 0.082375504 0.011552271 0.996527314
1439803897.950143 0.567879975 -0.392048925 7.836552143 -0.004311815 0.082330830 0.011235991 0.996532381
1439803898.012641 0.572430372 -0.392958492 7.864461899 -0.005669614 0.082349539 0.012172275 0.996513069
1439803898.075143 0.576952696 -0.394049883 7.891928673 -0.007069433 0.082351238 0.013221267 0.996490598
1439803898.137646 0.581601083 -0.395107538 7.919665337 -0.008009035 0.082570225 0.013021872 0.996468008
1439803898.200146 0.586058140 -0.396166563 7.947185516 -0.008334205 0.082868777 0.012465941 0.996447623
1439803898.262647 0.590409100 -0.397341520 7.974463463 -0.008106087 0.083187625 0.011883414 0.996430099
1439803898.325149 0.594966948 -0.398389339 8.001769066 -0.007166055 0.083266519 0.011880069 0.996430755
1439803898.387650 0.599465966 -0.399403155 8.029009819 -0.006206870 0.083340555 0.011980766 0.996429741
1439803898.450155 0.603916407 -0.400466174 8.056413651 -0.005860842 0.083437070 0.012318829 0.996419668
1439803898.512652 0.608467162 -0.401597232 8.083809853 -0.005887607 0.083506323 0.012412359 0.996412575
1439803898.575156 0.612960994 -0.402643114 8.111210823 -0.005998790 0.083637506 0.012761221 0.996396482
1439803898.637657 0.617464721 -0.403723240 8.138598442 -0.006561067 0.083852246 0.012956637 0.996372342
1439803898.700157 0.622026384 -0.404867828 8.165964127 -0.006965213 0.083999544 0.013309240 0.996352553
1439803898.762658 0.626660585 -0.405951947 8.193459511 -0.007012972 0.084017858 0.014295404 0.996337056
1439803898.825159 0.631360292 -0.407021850 8.220765114 -0.006930402 0.084020920 0.014737510 0.996330857
1439803898.887660 0.635853767 -0.408078909 8.247886658 -0.006669788 0.084118754 0.014517172 0.996327639
1439803898.950161 0.640453398 -0.409168124 8.275453568 -0.005761391 0.084292561 0.014386845 0.996320486
1439803899.012663 0.645117044 -0.410319775 8.302643776 -0.005321032 0.084391601 0.015066135 0.996304572
1439803899.075165 0.649866521 -0.411178708 8.329868317 -0.005500548 0.084371373 0.015789134 0.996294081
1439803899.137666 0.654797971 -0.412186682 8.357776642 -0.006166719 0.084413394 0.016192513 0.996280134
1439803899.200170 0.659601748 -0.413009256 8.385324478 -0.006958273 0.084482417 0.015814284 0.996275187
1439803899.262668 0.664260745 -0.414023936 8.412734985 -0.008283809 0.084643185 0.015899537 0.996250033
1439803899.325168 0.668958664 -0.414921403 8.440269470 -0.009714006 0.084738478 0.015772119 0.996231019
1439803899.387669 0.673979282 -0.415754974 8.467930794 -0.011337736 0.084693439 0.017143376 0.996195018
1439803899.450169 0.678894281 -0.416654944 8.495398521 -0.013159313 0.084606223 0.018820360 0.996149778
1439803899.512670 0.683781147 -0.417391241 8.522902489 -0.013093459 0.084579423 0.018338485 0.996161938
1439803899.575171 0.688270688 -0.418171823 8.550154686 -0.011225441 0.084965922 0.016936840 0.996176660
1439803899.637671 0.692683518 -0.419704318 8.577424049 -0.008772035 0.085463338 0.015396004 0.996183753
1439803899.700171 0.697033703 -0.420792341 8.604422569 -0.005652996 0.085684627 0.014684454 0.996198058
1439803899.762672 0.701769948 -0.421765000 8.631577492 -0.002926359 0.085670076 0.014617113 0.996212006
1439803899.825173 0.706896782 -0.422655761 8.659230232 -0.002397065 0.085629232 0.014262947 0.996222138
1439803899.887673 0.711052120 -0.423679501 8.686451912 -0.004038657 0.085914277 0.014020869 0.996195674
1439803899.950174 0.715924323 -0.424790382 8.714095116 -0.006092964 0.086143881 0.013843793 0.996167898
1439803900.012675 0.721177220 -0.425379246 8.741568565 -0.007899788 0.086147226 0.013472616 0.996159971
1439803900.075175 0.726024926 -0.426644862 8.769003868 -0.009159871 0.086181708 0.013347676 0.996147871
1439803900.137677 0.730480909 -0.427522242 8.796486855 -0.010041413 0.086495116 0.013076197 0.996115863
1439803900.200177 0.735227346 -0.428850830 8.824165344 -0.010598081 0.086697318 0.013105549 0.996092141
1439803900.262677 0.739413857 -0.429216653 8.851862907 -0.011321414 0.087138325 0.013265640 0.996043503
1439803900.325180 0.744180799 -0.429964423 8.879533768 -0.012940639 0.087427184 0.012722256 0.996005595
1439803900.387680 0.748486340 -0.431016713 8.906934738 -0.012459267 0.087973133 0.012430720 0.995967329
1439803900.450180 0.753378868 -0.431985557 8.934094429 -0.009229326 0.088328116 0.012280972 0.995972931
1439803900.512684 0.758396327 -0.434123725 8.961028099 -0.005157979 0.088683672 0.013249449 0.995958328
1439803900.575184 0.763459921 -0.435787052 8.987814903 -0.000566595 0.089123182 0.013282554 0.995931864
1439803900.637686 0.768022299 -0.436747015 9.015222549 0.003254313 0.089915618 0.012831629 0.995861411
1439803900.700187 0.773103714 -0.438037097 9.042781830 0.003206142 0.090447076 0.012901717 0.995812535
1439803900.762691 0.778159380 -0.439316243 9.071033478 0.000101576 0.091012269 0.013605655 0.995756805
1439803900.825189 0.783239067 -0.440548599 9.098950386 -0.004170089 0.091377296 0.014358137 0.995704114
1439803900.887690 0.788510084 -0.441688776 9.126945496 -0.007993427 0.091577120 0.014611406 0.995658696
1439803900.950193 0.793782234 -0.442712396 9.154767990 -0.010764001 0.092034675 0.016266663 0.995564759
1439803901.012693 0.799124897 -0.443778574 9.182411194 -0.011941429 0.092560127 0.018191341 0.995469272
1439803901.075194 0.804302454 -0.444847822 9.209515572 -0.010757038 0.093057394 0.018752245 0.995425999
1439803901.137694 0.809638321 -0.446015090 9.236829758 -0.007648353 0.093765602 0.018523587 0.995392561
1439803901.200198 0.814785182 -0.447341710 9.263885498 -0.004346545 0.094607934 0.018511223 0.995333016
1439803901.262696 0.820370317 -0.448386848 9.291156769 -0.001195571 0.095075920 0.019890957 0.995270550
1439803901.325197 0.825930655 -0.449557930 9.318370819 0.001022970 0.095502228 0.021350143 0.995199680
1439803901.387699 0.831274450 -0.450820088 9.345690727 0.001155560 0.096036196 0.022204947 0.995129466
1439803901.450201 0.836861908 -0.452130824 9.373275757 -0.000264673 0.096594453 0.023541648 0.995045304
1439803901.512702 0.842447996 -0.453261673 9.400906563 -0.002277984 0.097089820 0.024964657 0.994959891
1439803901.575203 0.847992599 -0.454610229 9.428403854 -0.004642563 0.097509138 0.026206255 0.994878709
1439803901.637705 0.853875041 -0.455636084 9.455862999 -0.006409144 0.097707696 0.028169286 0.994795740
1439803901.700207 0.859084070 -0.456774235 9.483135223 -0.007584989 0.098173857 0.029168103 0.994712830
1439803901.762709 0.864691257 -0.457797348 9.510512352 -0.007846001 0.098406956 0.030117705 0.994659483
1439803901.825211 0.870089829 -0.458807617 9.537531853 -0.008181032 0.098666541 0.030769322 0.994611084
1439803901.887712 0.875481129 -0.459665239 9.564801216 -0.008773056 0.099068150 0.030315081 0.994580030
1439803901.950212 0.880771637 -0.460453153 9.591942787 -0.009572950 0.099375315 0.029120727 0.994577765
1439803902.012714 0.885989428 -0.461142212 9.618897438 -0.010681412 0.099614136 0.028288012 0.994566619
1439803902.075216 0.891366482 -0.461849719 9.646353722 -0.012092614 0.099760443 0.027391246 0.994560897
1439803902.137717 0.896610737 -0.462556124 9.673412323 -0.013398995 0.100025058 0.026039014 0.994553864
1439803902.200218 0.901978731 -0.463216633 9.700379372 -0.014604786 0.100279830 0.025039487 0.994536936
1439803902.262719 0.907133341 -0.463778317 9.727296829 -0.016042933 0.100793205 0.023585232 0.994498432
1439803902.325221 0.912567496 -0.464345068 9.754409790 -0.016754629 0.101332456 0.022651710 0.994453549
1439803902.387721 0.917932034 -0.465020955 9.781228065 -0.017304206 0.101848111 0.021574937 0.994415402
1439803902.450224 0.923436284 -0.465443105 9.808240891 -0.017795406 0.102350347 0.020850021 0.994370639
1439803902.512727 0.928851366 -0.465906709 9.834947586 -0.017292891 0.102776438 0.019574393 0.994361520
1439803902.575227 0.934434772 -0.466510981 9.862051010 -0.015621939 0.103046164 0.018800158 0.994376183
1439803902.637728 0.939918518 -0.467097849 9.888657570 -0.013891787 0.103197969 0.019284876 0.994376838
1439803902.700243 0.945499659 -0.467903346 9.915275574 -0.012875096 0.103214793 0.019821871 0.994378209
1439803902.762731 0.951100111 -0.468560874 9.941707611 -0.011822286 0.103190579 0.020386757 0.994382381
1439803902.825231 0.956498027 -0.469418466 9.968102455 -0.010888803 0.103254989 0.020269692 0.994388700
1439803902.887733 0.962086439 -0.470253825 9.994501114 -0.010517400 0.103286080 0.020980461 0.994374752
1439803902.950234 0.967583776 -0.471098363 10.021103859 -0.010624579 0.103342339 0.022051880 0.994344592
1439803903.012736 0.972990870 -0.471892297 10.047698021 -0.011107698 0.103297874 0.022501988 0.994333863
1439803903.075237 0.978423953 -0.472510159 10.074219704 -0.012008502 0.103244916 0.022896698 0.994319856
1439803903.137739 0.983941317 -0.473156571 10.100615501 -0.013425901 0.103124693 0.023927132 0.994289935
1439803903.200240 0.989457726 -0.473710895 10.127217293 -0.015290887 0.103038967 0.024658371 0.994254053
1439803903.262742 0.994936347 -0.474293441 10.153639793 -0.016148431 0.102802627 0.025952566 0.994231999
1439803903.325243 1.000341773 -0.475137025 10.179751396 -0.015118419 0.102444239 0.025582755 0.994294763
1439803903.387744 1.005628228 -0.476229459 10.205568314 -0.012296785 0.102081031 0.025210593 0.994380534
1439803903.450245 1.010922074 -0.477239102 10.231485367 -0.009231696 0.101690724 0.025523037 0.994445741
1439803903.512751 1.016165018 -0.478124976 10.257322311 -0.006846163 0.101200439 0.025694834 0.994510591
1439803903.575251 1.021509409 -0.478777289 10.283223152 -0.006332415 0.100577965 0.026230324 0.994563162
1439803903.637751 1.026597977 -0.479421914 10.309468269 -0.008348607 0.100234099 0.026997553 0.994562507
1439803903.700253 1.031744599 -0.479941428 10.335285187 -0.012144761 0.099861912 0.028168265 0.994528353
1439803903.762753 1.036901712 -0.480509818 10.361754417 -0.016217081 0.099418573 0.028410098 0.994507849
1439803903.825255 1.042320371 -0.480818868 10.388492584 -0.019066043 0.098948583 0.028316453 0.994506836
1439803903.887756 1.047445774 -0.481489599 10.414425850 -0.019604590 0.098459274 0.028585780 0.994537175
1439803903.950257 1.052528024 -0.482034922 10.440046310 -0.018312039 0.098104373 0.027818566 0.994618654
1439803904.012758 1.057388902 -0.482702464 10.465488434 -0.015615224 0.097869150 0.027517807 0.994696259
1439803904.075262 1.062429547 -0.483400822 10.490889549 -0.012480499 0.097672515 0.027604194 0.994757414
1439803904.137761 1.067469597 -0.484026372 10.516202927 -0.009441217 0.097471476 0.027530471 0.994812667
1439803904.200260 1.072160125 -0.484336615 10.541389465 -0.007534332 0.097346321 0.027063435 0.994853973
1439803904.262764 1.076945066 -0.485090852 10.566902161 -0.007061793 0.097357891 0.025776945 0.994890511
1439803904.325262 1.081758261 -0.486015558 10.592279434 -0.007908348 0.097601667 0.024671661 0.994888246
1439803904.387762 1.086587191 -0.486744285 10.617860794 -0.009691638 0.097927660 0.023866754 0.994860113
1439803904.450265 1.091459990 -0.487425953 10.643321991 -0.011716164 0.098009065 0.023595102 0.994836807
1439803904.512765 1.096490502 -0.488152742 10.668894768 -0.013520453 0.098159693 0.024491260 0.994777381
1439803904.575265 1.101826072 -0.488773048 10.694117546 -0.014716011 0.098251164 0.025653251 0.994722128
1439803904.637765 1.106937408 -0.489421725 10.719447136 -0.015770618 0.098540470 0.026606409 0.994652271
1439803904.700267 1.112033367 -0.490021914 10.744564056 -0.016151847 0.098949976 0.027234156 0.994588494
1439803904.762767 1.117087364 -0.490515947 10.769474983 -0.016216373 0.099358827 0.027098758 0.994550407
1439803904.825269 1.122139335 -0.490879446 10.794338226 -0.016465543 0.099697046 0.027463736 0.994502425
1439803904.887770 1.127098560 -0.491151422 10.819406509 -0.017192649 0.099903457 0.027673315 0.994463623
1439803904.950271 1.132077694 -0.491464555 10.844192505 -0.017984049 0.100104064 0.027383298 0.994437456
1439803905.012771 1.137024879 -0.491910905 10.868865967 -0.018243512 0.100455113 0.027331071 0.994398773
1439803905.075272 1.142161608 -0.492378712 10.893444061 -0.018547112 0.100931779 0.027137628 0.994350195
1439803905.137772 1.147206426 -0.492906213 10.917928696 -0.018649694 0.101712823 0.026300151 0.994291186
1439803905.200273 1.152160168 -0.493377775 10.942481041 -0.018487735 0.102829255 0.025621427 0.994197130
1439803905.262773 1.157448292 -0.493624896 10.966794014 -0.018616159 0.103953883 0.024272688 0.994111598
1439803905.325274 1.162682652 -0.493836492 10.991208076 -0.019774931 0.105126195 0.024048558 0.993971348
1439803905.387774 1.168005586 -0.494119078 11.015543938 -0.020239064 0.106180765 0.024047952 0.993849933
1439803905.450275 1.173557401 -0.494683415 11.039577484 -0.020032065 0.107059725 0.023529081 0.993772268
1439803905.512775 1.178594470 -0.495087028 11.063729286 -0.019023977 0.108110368 0.022597609 0.993699968
1439803905.575278 1.183993220 -0.495735675 11.087677956 -0.017713737 0.109027147 0.021886367 0.993639946
1439803905.637780 1.189362168 -0.496171981 11.111588478 -0.015910916 0.109891221 0.020208035 0.993610799
1439803905.700283 1.194476843 -0.496503741 11.135309219 -0.014887992 0.110634543 0.018659811 0.993574440
1439803905.762781 1.199502349 -0.496906042 11.159340858 -0.014936751 0.111170635 0.016433494 0.993553162
1439803905.825280 1.204671144 -0.497476697 11.183001518 -0.015505384 0.111667901 0.014453810 0.993519485
1439803905.887782 1.209920645 -0.498010516 11.206597328 -0.016824679 0.112184234 0.012699749 0.993463814
1439803905.950283 1.215017557 -0.498212576 11.230570793 -0.018357171 0.112726904 0.011585385 0.993388891
1439803906.012785 1.220200777 -0.498587638 11.253953934 -0.019540064 0.113222890 0.010256892 0.993324459
1439803906.075286 1.225609541 -0.498989612 11.277061462 -0.019625429 0.113629758 0.009774981 0.993281245
1439803906.137789 1.230844021 -0.499532729 11.299971581 -0.019157551 0.114238165 0.009676716 0.993221521
1439803906.200294 1.236013055 -0.500097752 11.322546005 -0.018515259 0.114827514 0.009461790 0.993167818
1439803906.262793 1.241109967 -0.500579000 11.344960213 -0.018456731 0.115345232 0.007918668 0.993122399
1439803906.325293 1.245982647 -0.500812829 11.367444992 -0.018822543 0.115907691 0.006282065 0.993061781
1439803906.387796 1.251034498 -0.501260042 11.389561653 -0.018306818 0.116287820 0.005436181 0.993031979
1439803906.450298 1.256173968 -0.501739740 11.411377907 -0.016985016 0.116545953 0.006559471 0.993018389
1439803906.512798 1.261640668 -0.502539873 11.432913780 -0.014770966 0.116558447 0.009668584 0.993026912
1439803906.575299 1.267251134 -0.503480434 11.454294205 -0.013080330 0.116511665 0.013083207 0.993017018
1439803906.637799 1.272740841 -0.504280090 11.475572586 -0.011994088 0.116613880 0.015790274 0.992979348
1439803906.700301 1.278029084 -0.504840493 11.496838570 -0.011309830 0.116782553 0.017486863 0.992939174
1439803906.762804 1.283002377 -0.505267143 11.518016815 -0.011875572 0.116900496 0.017877122 0.992911696
1439803906.825303 1.287683725 -0.505596697 11.539267540 -0.013324195 0.116916552 0.017611258 0.992896199
1439803906.887807 1.292410612 -0.505916834 11.560313225 -0.015810832 0.116659537 0.017452784 0.992892742
1439803906.950307 1.297219872 -0.506227255 11.581423759 -0.018923830 0.116293639 0.017465124 0.992881000
1439803907.012810 1.302121282 -0.506515324 11.602230072 -0.021399746 0.115897447 0.018859463 0.992851496
1439803907.075309 1.307086825 -0.506717861 11.622760773 -0.023181459 0.115509659 0.020359896 0.992827058
1439803907.137811 1.311943889 -0.507105768 11.643087387 -0.023687601 0.115227431 0.021550985 0.992822766
1439803907.200311 1.316617846 -0.507398725 11.663100243 -0.023637025 0.115094438 0.021853326 0.992832780
1439803907.262812 1.321192503 -0.507586956 11.683203697 -0.022928193 0.115114719 0.021082563 0.992863715
1439803907.325312 1.325567007 -0.508065164 11.702902794 -0.021582084 0.115192041 0.020005677 0.992907226
1439803907.387813 1.329908252 -0.508301139 11.722552299 -0.020103119 0.115208283 0.018495191 0.992965698
1439803907.450314 1.334150672 -0.508489609 11.742002487 -0.018883657 0.115083233 0.016936354 0.993031919
1439803907.512814 1.338475704 -0.508842587 11.761410713 -0.017540708 0.114851825 0.016148377 0.993096471
1439803907.575314 1.342805386 -0.509305537 11.780513763 -0.016027777 0.114740290 0.016084637 0.993135989
1439803907.637816 1.347116590 -0.509913802 11.799315453 -0.014369526 0.114708729 0.015949115 0.993167162
1439803907.700317 1.351387978 -0.510582805 11.817962646 -0.012790293 0.114764787 0.015572322 0.993188262
1439803907.762819 1.355609894 -0.511276960 11.836589813 -0.011558392 0.114722155 0.015558748 0.993208528
1439803907.825321 1.359870195 -0.511910737 11.854900360 -0.011026323 0.114655443 0.015935928 0.993216276
1439803907.887821 1.364016056 -0.512410283 11.873131752 -0.011302718 0.114609919 0.015973808 0.993217826
1439803907.950324 1.368097305 -0.512859821 11.891289711 -0.012235751 0.114617407 0.015576731 0.993212223
1439803908.012827 1.372013927 -0.513170362 11.908985138 -0.013371144 0.114369951 0.015143604 0.993232787
1439803908.075326 1.375882149 -0.513536692 11.926606178 -0.014538247 0.113886952 0.015327668 0.993269086
1439803908.137827 1.379750133 -0.513984919 11.943979263 -0.015426552 0.112889081 0.016149713 0.993356586
1439803908.200327 1.383470535 -0.514513016 11.961044312 -0.016360493 0.111612946 0.017308759 0.993466318
1439803908.262828 1.387022734 -0.515061140 11.978034973 -0.017408747 0.109976210 0.017675728 0.993624568
1439803908.325332 1.390495062 -0.515475154 11.994555473 -0.018366037 0.108137704 0.018184053 0.993799925
1439803908.387829 1.393694878 -0.515798748 12.010978699 -0.019040143 0.106369995 0.018237786 0.993977010
1439803908.450329 1.396718264 -0.516043186 12.027119637 -0.019492870 0.104719795 0.017291669 0.994160354
1439803908.512831 1.399535894 -0.516116798 12.043158531 -0.019664854 0.103266090 0.016450483 0.994323254
1439803908.575332 1.402189732 -0.516216695 12.059105873 -0.019892337 0.101687953 0.015474099 0.994497061
1439803908.637834 1.404885292 -0.516334593 12.074675560 -0.020255066 0.099494234 0.014594313 0.994724929
1439803908.700335 1.407448888 -0.516568482 12.090084076 -0.020488964 0.096715540 0.014376865 0.994997263
1439803908.762836 1.409926176 -0.516839504 12.105402946 -0.020567067 0.093495458 0.014631949 0.995299697
1439803908.825337 1.412235975 -0.517250955 12.120368004 -0.020489698 0.090090297 0.014873904 0.995611727
1439803908.887838 1.414431334 -0.517595828 12.135266304 -0.020482827 0.086396173 0.015652858 0.995927274
1439803908.950340 1.416341424 -0.517757118 12.149947166 -0.020652944 0.082635470 0.015336970 0.996247768
1439803909.012842 1.417991996 -0.518009007 12.164540291 -0.021173259 0.078879103 0.014573112 0.996552765
1439803909.075343 1.419444323 -0.517916143 12.179041862 -0.021166321 0.075231425 0.014293786 0.996838987
1439803909.137844 1.420753241 -0.518015504 12.193386078 -0.021116491 0.071705833 0.013164800 0.997115374
1439803909.200348 1.421980262 -0.518129051 12.207432747 -0.021408932 0.068501264 0.011384526 0.997356296
1439803909.262847 1.422948599 -0.518082857 12.221473694 -0.021886142 0.065593861 0.009449717 0.997561574
1439803909.325349 1.423901558 -0.518194914 12.235316277 -0.022500530 0.062750317 0.007007110 0.997750998
1439803909.387850 1.424651146 -0.518395364 12.248911858 -0.022808975 0.059968859 0.005292007 0.997925580
1439803909.450351 1.425627232 -0.518699348 12.262481689 -0.022970812 0.057285391 0.003973283 0.998085618
1439803909.512853 1.426459074 -0.518913090 12.275805473 -0.023149380 0.055015594 0.002649679 0.998213589
1439803909.575354 1.427453160 -0.519101858 12.288834572 -0.023535185 0.053078681 0.001759037 0.998311400
1439803909.637856 1.428508401 -0.519175351 12.301813126 -0.023493391 0.051142506 0.002600037 0.998411596
1439803909.700356 1.429241896 -0.519200206 12.314181328 -0.022979485 0.049226340 0.003607332 0.998516738
1439803909.762858 1.430243492 -0.519442618 12.326494217 -0.022623219 0.046969015 0.004794308 0.998628616
1439803909.825360 1.431019783 -0.519695342 12.338468552 -0.022505216 0.044933323 0.005216751 0.998722792
1439803909.887861 1.431690335 -0.519920707 12.350144386 -0.022376183 0.043254066 0.005789808 0.998796642
1439803909.950362 1.432019711 -0.520314574 12.361315727 -0.022229016 0.042165529 0.004830451 0.998851657
1439803910.012864 1.432444096 -0.520624399 12.372163773 -0.021624953 0.041162882 0.003129810 0.998913527
1439803910.075367 1.432786107 -0.521141112 12.382538795 -0.020684185 0.040318970 0.002410547 0.998969853
1439803910.137868 1.433179259 -0.521472156 12.392487526 -0.019613568 0.039274000 0.001482648 0.999034882
1439803910.200369 1.433565736 -0.521794498 12.402129173 -0.018762261 0.038042046 0.000264194 0.999099970
1439803910.262870 1.433985353 -0.522124708 12.411216736 -0.017965984 0.036874939 -0.000170254 0.999158323
1439803910.325371 1.434438705 -0.522210717 12.420319557 -0.017530639 0.035984628 -0.000030889 0.999198556
1439803910.387872 1.434921741 -0.522290766 12.428908348 -0.017238310 0.035373151 0.000483213 0.999225378
1439803910.450373 1.435513258 -0.522448778 12.437118530 -0.016783524 0.034590863 0.002243615 0.999258101
1439803910.512875 1.436080813 -0.522597075 12.444795609 -0.015957844 0.033576295 0.004096637 0.999300361
1439803910.575377 1.436555862 -0.522801518 12.452328682 -0.014868611 0.032568403 0.004971351 0.999346495
1439803910.637877 1.436922550 -0.523107886 12.459569931 -0.014171847 0.031984646 0.004989516 0.999375403
1439803910.700381 1.437070489 -0.523245692 12.466588974 -0.013966021 0.031882927 0.004018021 0.999385953
1439803910.762880 1.437092066 -0.523380041 12.473136902 -0.014085573 0.031690158 0.002567120 0.999395192
1439803910.825381 1.437126875 -0.523508072 12.479433060 -0.014173614 0.030925611 0.001756938 0.999419630
1439803910.887883 1.437268853 -0.523624063 12.485448837 -0.014092414 0.029910075 0.001156913 0.999452591
1439803910.950384 1.437448978 -0.523747563 12.491065025 -0.013861765 0.029322309 0.000692268 0.999473691
1439803911.012901 1.437720180 -0.523872733 12.496408463 -0.013634145 0.029138934 0.000686397 0.999482155
1439803911.075387 1.437933564 -0.524082303 12.501298904 -0.013548292 0.028940948 0.000681944 0.999489069
1439803911.137888 1.437996864 -0.524239182 12.505825996 -0.013587202 0.028555272 0.000288677 0.999499857
1439803911.200390 1.438007474 -0.524377525 12.510013580 -0.013886955 0.027928207 -0.000285733 0.999513447
1439803911.262891 1.438055754 -0.524462819 12.513949394 -0.014438080 0.027423710 -0.001051429 0.999519050
1439803911.325393 1.438185215 -0.524601638 12.517418861 -0.014862842 0.027198071 -0.001553943 0.999518335
1439803911.387894 1.438312531 -0.524722636 12.520659447 -0.014771155 0.027371965 -0.001928281 0.999514282
1439803911.450400 1.438387156 -0.524818540 12.523581505 -0.014324839 0.027415948 -0.001995054 0.999519467
1439803911.512900 1.438442707 -0.524880648 12.526347160 -0.013778695 0.027075559 -0.002161762 0.999536097
1439803911.575399 1.438469529 -0.524995089 12.528917313 -0.013427719 0.026581928 -0.002486500 0.999553382
1439803911.637900 1.438489437 -0.525024056 12.531396866 -0.013176066 0.026362546 -0.002952577 0.999561250
1439803911.700401 1.438583851 -0.525098085 12.533759117 -0.013102773 0.026465254 -0.003198030 0.999558747
1439803911.762902 1.438690543 -0.525235891 12.535896301 -0.013264690 0.026560983 -0.003421016 0.999553323
1439803911.825404 1.438644171 -0.525229335 12.537989616 -0.013454858 0.026432425 -0.003738323 0.999553025
1439803911.887909 1.438709140 -0.525279164 12.539978027 -0.013602395 0.026030753 -0.003989162 0.999560654
1439803911.950407 1.438787460 -0.525335550 12.541890144 -0.013678728 0.025778497 -0.003975397 0.999566197
1439803912.012908 1.438850760 -0.525342226 12.543802261 -0.013696996 0.025861355 -0.003753532 0.999564648
1439803912.075410 1.438886166 -0.525414467 12.545541763 -0.013738643 0.026054468 -0.003574596 0.999559700
1439803912.137911 1.439075947 -0.525461614 12.547248840 -0.013741186 0.026052894 -0.003434800 0.999560237
1439803912.200412 1.439242959 -0.525574684 12.549003601 -0.013668354 0.025965994 -0.003256028 0.999564052
1439803912.262913 1.439326525 -0.525507808 12.550660133 -0.013410863 0.025968149 -0.003181584 0.999567747
1439803912.325414 1.439341426 -0.525531888 12.552484512 -0.013187408 0.026085405 -0.003146525 0.999567747
1439803912.387918 1.439461231 -0.525499105 12.554399490 -0.012949154 0.026216350 -0.003221893 0.999567211
1439803912.450419 1.439456463 -0.525379419 12.556366920 -0.012745036 0.026424384 -0.003178933 0.999564469
1439803912.512921 1.439640760 -0.525427938 12.558329582 -0.012669396 0.026588313 -0.003107116 0.999561310
1439803912.575422 1.439776182 -0.525253713 12.560425758 -0.012411363 0.026900774 -0.002929126 0.999556720
1439803912.637925 1.440020800 -0.525424123 12.562477112 -0.012458727 0.027322154 -0.002755491 0.999545217
1439803912.700427 1.440129757 -0.525289655 12.564798355 -0.012276338 0.028095713 -0.002671327 0.999526262
1439803912.762926 1.440691471 -0.525400281 12.567131042 -0.012258588 0.028750628 -0.002709131 0.999507785
1439803912.825427 1.440989971 -0.525493801 12.569440842 -0.012254952 0.029458890 -0.002854604 0.999486804
1439803912.887929 1.441469073 -0.525773227 12.571859360 -0.012293180 0.029878531 -0.002543399 0.999474704
1439803912.950430 1.441933155 -0.525942743 12.574262619 -0.012181927 0.030451890 -0.002075454 0.999459863
1439803913.012930 1.442273140 -0.525971293 12.576498985 -0.012013886 0.031581160 -0.001942227 0.999427080
1439803913.075431 1.442609072 -0.526015580 12.579021454 -0.011939416 0.033331845 -0.001803726 0.999371409
1439803913.137934 1.443011880 -0.526154041 12.581512451 -0.012090227 0.035132207 -0.001708477 0.999308050
1439803913.200434 1.443455696 -0.526194692 12.584021568 -0.012277614 0.036578376 -0.001804059 0.999253750
1439803913.262936 1.443929672 -0.526211619 12.586566925 -0.012400527 0.037941545 -0.001829805 0.999201357
1439803913.325437 1.444356084 -0.526396334 12.589035988 -0.012543010 0.039742462 -0.002039280 0.999129176
1439803913.387944 1.444955349 -0.526573360 12.591562271 -0.012608653 0.042011406 -0.002037273 0.999035478
1439803913.450441 1.445665836 -0.526714921 12.594166756 -0.012653992 0.044459265 -0.001785208 0.998929501
1439803913.512945 1.446364045 -0.526860178 12.596742630 -0.012692611 0.046673045 -0.001428673 0.998828590
1439803913.575444 1.447024584 -0.526857615 12.599471092 -0.012563223 0.048580967 -0.001128574 0.998739600
1439803913.637944 1.447669864 -0.527050138 12.602135658 -0.012447359 0.050618324 -0.000820829 0.998640180
1439803913.700446 1.448492169 -0.527087092 12.604942322 -0.012146349 0.053091709 -0.000748225 0.998515487
1439803913.762948 1.449221611 -0.527011395 12.607699394 -0.011819159 0.056149047 -0.000774256 0.998352110
1439803913.825451 1.450010777 -0.526974201 12.610610962 -0.011598490 0.059401233 -0.000853140 0.998166442
1439803913.887951 1.450853705 -0.527177989 12.613358498 -0.011709673 0.062629640 -0.000890445 0.997967780
1439803913.950453 1.451916695 -0.527201712 12.616306305 -0.011761925 0.065857634 -0.001132885 0.997759044
1439803914.012955 1.452804923 -0.527317047 12.619174004 -0.011880495 0.069639951 -0.001172878 0.997500777
1439803914.075456 1.453987360 -0.527466953 12.622066498 -0.011816120 0.073676437 -0.001112868 0.997211576
1439803914.137959 1.455201983 -0.527568579 12.624898911 -0.011451828 0.078070357 -0.001131000 0.996881425
1439803914.200459 1.456458330 -0.527688622 12.627620697 -0.010964526 0.082734585 -0.000816730 0.996510983
1439803914.262960 1.457889080 -0.527658224 12.630466461 -0.010315519 0.087789990 -0.000594015 0.996085465
1439803914.325460 1.459431171 -0.527995348 12.633411407 -0.009919235 0.093330242 -0.000370405 0.995585680
1439803914.387962 1.461151123 -0.528077662 12.636531830 -0.009315027 0.099353746 -0.000176388 0.995008528
1439803914.450464 1.463021040 -0.528131962 12.639828682 -0.008713014 0.105996639 -0.000272244 0.994328260
1439803914.575463 1.467302322 -0.528591931 12.646836281 -0.007620128 0.121574700 -0.000124433 0.992552996
1439803914.637964 1.469916463 -0.528737724 12.650417328 -0.007190995 0.130575016 0.000573129 0.991412163
1439803914.700463 1.472737312 -0.529003680 12.654201508 -0.007155603 0.140274167 0.001347584 0.990085900
1439803914.762968 1.475735188 -0.528940618 12.658188820 -0.006935407 0.150442392 0.001455864 0.988593400
1439803914.825465 1.478876352 -0.529184759 12.662303925 -0.006412610 0.160842448 0.001525946 0.986958086
1439803914.950465 1.486027241 -0.529759526 12.670741081 -0.004999538 0.182656780 0.002630231 0.983160496
1439803915.012970 1.490054131 -0.529827297 12.675327301 -0.005034687 0.194594488 0.002610501 0.980867386
1439803915.075467 1.494254351 -0.530160904 12.679929733 -0.005529494 0.207149774 0.002680727 0.978289902
1439803915.137966 1.498746872 -0.530380368 12.684710503 -0.005867190 0.219927788 0.003062212 0.975493729
1439803915.200472 1.503673553 -0.530514896 12.689611435 -0.006022080 0.232920513 0.003552992 0.972470641
1439803915.325471 1.514959812 -0.531009316 12.698974609 -0.006386259 0.260533422 0.006887529 0.965419114
1439803915.387969 1.521138191 -0.531082749 12.703687668 -0.006098032 0.275523126 0.008777800 0.961234987
1439803915.450470 1.527525425 -0.531135976 12.708412170 -0.005855783 0.291158408 0.009806925 0.956606686
1439803915.512970 1.534402370 -0.531292081 12.713119507 -0.005548309 0.307136804 0.009970495 0.951596975
1439803915.575473 1.541460991 -0.531435728 12.717830658 -0.005333954 0.323624402 0.010522941 0.946112037
1439803915.700478 1.556769371 -0.531796336 12.726968765 -0.006809783 0.356545061 0.011139736 0.934186876
1439803915.762972 1.564991951 -0.531732917 12.731661797 -0.007871263 0.373066425 0.011956284 0.927694201
1439803915.825472 1.573638439 -0.531857252 12.735948563 -0.009218101 0.389562935 0.012497483 0.920868874
1439803915.887974 1.582686901 -0.531774402 12.740229607 -0.010109425 0.406269968 0.013116810 0.913603008
1439803915.950475 1.591933727 -0.531804323 12.744342804 -0.010890384 0.422662169 0.013557964 0.906120420
1439803916.012976 1.601825237 -0.531692266 12.747941017 -0.011666670 0.438229918 0.015253141 0.898657739
