1439803608.319953 -0.009369879 -0.001064231 0.020070583 0.001115145 -0.030948516 0.002421706 0.999517381
1439803608.382454 -0.010663396 -0.001163331 0.022581877 0.001268924 -0.034792207 0.002724746 0.999390066
1439803608.444955 -0.011501996 -0.001336834 0.026850004 0.001444900 -0.039707310 0.002957764 0.999205947
1439803608.507458 -0.012884190 -0.001726991 0.029880485 0.001470061 -0.044349950 0.003091048 0.999010205
1439803608.632458 -0.017465610 -0.001924483 0.036329992 0.001741608 -0.053475671 0.003135188 0.998562694
1439803608.694958 -0.019884713 -0.002546595 0.042096440 0.001558405 -0.059103217 0.003221033 0.998245478
1439803608.757459 -0.025465693 -0.003576696 0.044599418 0.001300223 -0.062869921 0.003762712 0.998013794
1439803608.819959 -0.026252670 -0.002505640 0.050851993 0.001909895 -0.069595292 0.003954560 0.997565687
1439803608.882460 -0.028888188 -0.002972298 0.055826306 0.001710913 -0.075690985 0.004077380 0.997121513
1439803609.007461 -0.031884782 -0.003796200 0.062975042 0.001005043 -0.088596284 0.003249718 0.996061802
1439803609.069960 -0.047918089 -0.007902127 0.067689620 -0.000539394 -0.089522816 0.003127219 0.995979726
1439803609.132463 -0.048087202 -0.006673504 0.075170606 0.000079141 -0.097062096 0.002766045 0.995274484
1439803609.194962 -0.052863427 -0.007203382 0.081898004 -0.000155758 -0.102949202 0.002386922 0.994683743
1439803609.257462 -0.045491114 -0.004920993 0.087469660 0.000214773 -0.113667391 0.001057332 0.993518233
1439803609.382465 -0.055469237 -0.005747429 0.101641014 -0.000607255 -0.125347331 0.000607776 0.992112517
1439803609.444963 -0.063136496 -0.004736887 0.109110266 -0.000566957 -0.130460232 0.001769661 0.991451800
1439803609.507464 -0.060594022 -0.005905116 0.113992140 -0.001931546 -0.139236316 0.000559758 0.990257144
1439803609.632471 -0.070484087 -0.005983257 0.128230631 -0.002538703 -0.151698202 0.001081225 0.988422990
1439803609.694965 -0.073373005 -0.007010954 0.133718058 -0.003317914 -0.157890975 0.000405453 0.987450898
1439803609.757465 -0.076356634 -0.007137051 0.140235409 -0.003360983 -0.164376140 0.000448353 0.986391902
1439803609.819968 -0.080765069 -0.007293073 0.146682724 -0.003234945 -0.170294911 0.000411181 0.985387743
1439803609.882467 -0.085102849 -0.008210913 0.153049022 -0.003676334 -0.176505595 0.000126909 0.984292746
1439803609.944967 -0.089394450 -0.008395902 0.159287125 -0.003732480 -0.182513401 0.000118703 0.983196259
1439803610.007470 -0.093762763 -0.009002098 0.165438056 -0.004013071 -0.188038558 -0.000230910 0.982153416
1439803610.069969 -0.098083712 -0.009280602 0.171248123 -0.004151977 -0.192991763 -0.000882597 0.981191158
1439803610.132468 -0.102876566 -0.009806749 0.177043527 -0.004400731 -0.197564825 -0.001106243 0.980279326
1439803610.194970 -0.107172877 -0.010318753 0.183115080 -0.004663850 -0.202460080 -0.001184306 0.979278684
1439803610.257471 -0.111031964 -0.010253932 0.189851224 -0.004648277 -0.207768515 -0.001024209 0.978166461
1439803610.319972 -0.115225978 -0.011157470 0.195400804 -0.005082651 -0.212786287 -0.001034605 0.977084994
1439803610.382472 -0.119425327 -0.011982046 0.200966343 -0.005318580 -0.217746139 -0.000591368 0.975990772
1439803610.444972 -0.125492230 -0.011074717 0.206719756 -0.004507755 -0.221752495 -0.000163430 0.975092530
1439803610.507476 -0.129794762 -0.012393069 0.211980224 -0.005033281 -0.226547703 0.000251071 0.973987043
1439803610.569974 -0.133299440 -0.012828085 0.218076631 -0.005029015 -0.231551513 -0.000404338 0.972809553
1439803610.632474 -0.138062656 -0.013048992 0.224827468 -0.004802496 -0.235973805 -0.000932037 0.971747100
1439803610.694978 -0.141547680 -0.014741769 0.230176657 -0.005157375 -0.241140753 -0.000499481 0.970476329
1439803610.757476 -0.146488488 -0.014420747 0.235197008 -0.004491464 -0.244833708 -0.001118621 0.969554067
1439803610.819978 -0.150598243 -0.015072902 0.240585014 -0.004293120 -0.249162897 -0.001216260 0.968451321
1439803610.882480 -0.155599445 -0.014064591 0.247531474 -0.003161845 -0.253005087 -0.001848933 0.967458010
1439803610.944980 -0.160514042 -0.014398454 0.253061980 -0.002869212 -0.256808251 -0.001965786 0.966456115
1439803611.007481 -0.164815694 -0.015215997 0.257933855 -0.002997334 -0.260659933 -0.001995655 0.965423942
1439803611.069983 -0.169384688 -0.015672786 0.263479620 -0.002782830 -0.264301181 -0.001528027 0.964434981
1439803611.132483 -0.173614189 -0.015694289 0.269396096 -0.002198079 -0.268059403 -0.001381939 0.963398874
1439803611.194984 -0.178147987 -0.016096765 0.274853975 -0.001834420 -0.271592021 -0.001275143 0.962409914
1439803611.257485 -0.182703033 -0.016488606 0.279964566 -0.001417990 -0.275069177 -0.001363943 0.961422384
1439803611.319988 -0.187457368 -0.016958166 0.285052091 -0.001084676 -0.278353572 -0.001691345 0.960476577
1439803611.382487 -0.192048907 -0.017318409 0.290234745 -0.000635347 -0.281675398 -0.001958272 0.959507525
1439803611.444988 -0.196638957 -0.017367749 0.295921803 -0.000021317 -0.284985214 -0.001974768 0.958529890
1439803611.507491 -0.201212958 -0.017685911 0.301107079 0.000329732 -0.288233250 -0.001841025 0.957558393
1439803611.569991 -0.205950052 -0.018118916 0.306265742 0.000509145 -0.291235179 -0.001870193 0.956649542
1439803611.632491 -0.210704878 -0.018523879 0.311734259 0.000699869 -0.294075489 -0.002069450 0.955779672
1439803611.694994 -0.215504304 -0.019017324 0.316783905 0.000827127 -0.296426177 -0.002192248 0.955052912
1439803611.757494 -0.220009565 -0.019229399 0.322147399 0.001180330 -0.298854619 -0.002143598 0.954295516
1439803611.820001 -0.224333391 -0.019596051 0.327307969 0.001433714 -0.301297009 -0.002266215 0.953526556
1439803611.882497 -0.228945062 -0.019940117 0.332409501 0.001693599 -0.303611606 -0.002582643 0.952790856
1439803611.944998 -0.233367622 -0.020400675 0.337787539 0.001635441 -0.306084782 -0.002517929 0.951999545
1439803612.007499 -0.237875178 -0.020928448 0.342851847 0.001440841 -0.308313876 -0.002449477 0.951280475
1439803612.070000 -0.242535859 -0.021396281 0.347661465 0.001254727 -0.310236424 -0.002464251 0.950655401
1439803612.132502 -0.246739700 -0.021654939 0.352509588 0.001166084 -0.312258869 -0.002367022 0.949993372
1439803612.195003 -0.250663906 -0.021742832 0.356813580 0.001215197 -0.314263165 -0.002203230 0.949332535
1439803612.257506 -0.254650414 -0.021779355 0.361215025 0.001374147 -0.316205978 -0.001882178 0.948687673
1439803612.320006 -0.258633673 -0.022186328 0.365500659 0.001268353 -0.318038583 -0.001559197 0.948075652
1439803612.382507 -0.262361795 -0.022510516 0.369345635 0.001347035 -0.319929421 -0.001470685 0.947439313
1439803612.445011 -0.265957624 -0.022809464 0.373023927 0.001482617 -0.321574092 -0.001168186 0.946882546
1439803612.507510 -0.269723833 -0.023104120 0.376827121 0.001635514 -0.323197156 -0.001246097 0.946329415
1439803612.570011 -0.273606718 -0.023133487 0.380429894 0.001973214 -0.324771136 -0.001352206 0.945789635
1439803612.632512 -0.276937813 -0.023751993 0.383988619 0.001899029 -0.326825470 -0.001950129 0.945080817
1439803612.695014 -0.280629545 -0.024083462 0.387468994 0.001959614 -0.328565210 -0.002195526 0.944476724
1439803612.757515 -0.284047186 -0.024310846 0.390836209 0.002179026 -0.330382138 -0.002545246 0.943841338
1439803612.820019 -0.287483245 -0.024673523 0.394426018 0.002258784 -0.332054824 -0.002660435 0.943253636
1439803612.882519 -0.291284353 -0.024857989 0.398202091 0.002638263 -0.333689064 -0.003802203 0.942671835
1439803612.945018 -0.294874936 -0.024922715 0.401325017 0.003032361 -0.335032016 -0.004543610 0.942190886
1439803613.007520 -0.298010856 -0.025360223 0.404352516 0.003170657 -0.336673975 -0.004987929 0.941602707
1439803613.070021 -0.301114947 -0.025588885 0.407188922 0.003412773 -0.338214904 -0.005315995 0.941047728
1439803613.132523 -0.304226518 -0.025829419 0.410154402 0.003614871 -0.339622557 -0.005782650 0.940537095
1439803613.195024 -0.307197779 -0.026077021 0.413021624 0.003748819 -0.340890527 -0.005862259 0.940077245
1439803613.257525 -0.310165018 -0.026235178 0.415839493 0.003921418 -0.342067808 -0.005895210 0.939648569
1439803613.320026 -0.313037544 -0.026402939 0.418683499 0.003970378 -0.343327492 -0.005821329 0.939189315
1439803613.382527 -0.315925926 -0.026656017 0.421415806 0.003941053 -0.344617397 -0.005858520 0.938716650
1439803613.445028 -0.318799645 -0.026838681 0.424127758 0.004000611 -0.345909148 -0.006049572 0.938239992
1439803613.507530 -0.321736932 -0.027092971 0.426719815 0.003955054 -0.347018123 -0.006378388 0.937828422
1439803613.570031 -0.324490964 -0.027297188 0.429256976 0.003843072 -0.348087847 -0.006637050 0.937430561
1439803613.632532 -0.327081591 -0.027476469 0.431754857 0.003772113 -0.349169046 -0.006876384 0.937026918
1439803613.695033 -0.329620540 -0.027691273 0.434068590 0.003704769 -0.350197166 -0.007035717 0.936642230
1439803613.757535 -0.332031727 -0.027796198 0.436308831 0.003685746 -0.351221532 -0.007108695 0.936258137
1439803613.820038 -0.334417909 -0.027983263 0.438540518 0.003569841 -0.352194816 -0.007240581 0.935891867
1439803613.882538 -0.336634457 -0.028197430 0.440672576 0.003437345 -0.353124350 -0.007434395 0.935540557
1439803613.945043 -0.338881075 -0.028273772 0.442690820 0.003432997 -0.353953332 -0.007514107 0.935226619
1439803614.007540 -0.341042936 -0.028466543 0.444670528 0.003325350 -0.354772985 -0.007657823 0.934915185
1439803614.070041 -0.343121171 -0.028610090 0.446581125 0.003225690 -0.355601341 -0.007721997 0.934600234
1439803614.132543 -0.345026791 -0.028764140 0.448507190 0.003054968 -0.356435597 -0.007668793 0.934283435
1439803614.195044 -0.347026229 -0.028939473 0.450281709 0.002906923 -0.357054889 -0.007666299 0.934047401
1439803614.257545 -0.348854959 -0.029033484 0.452077955 0.002818632 -0.357693970 -0.007470354 0.933804750
1439803614.320046 -0.350629210 -0.029192830 0.453832686 0.002710202 -0.358279705 -0.007346331 0.933581471
1439803614.382549 -0.352398664 -0.029302225 0.455470830 0.002678824 -0.358845353 -0.007333999 0.933364391
1439803614.445051 -0.354085445 -0.029555116 0.457069069 0.002529349 -0.359480619 -0.007315755 0.933120430
1439803614.507550 -0.355794340 -0.029584976 0.458662152 0.002595560 -0.360050380 -0.007354795 0.932900250
1439803614.570055 -0.357487470 -0.029695418 0.460137606 0.002628405 -0.360559255 -0.007441955 0.932702899
1439803614.632556 -0.359131336 -0.029791282 0.461647540 0.002639411 -0.361060232 -0.007515570 0.932508469
1439803614.695056 -0.360697746 -0.029911442 0.463148504 0.002643714 -0.361614555 -0.007567271 0.932293236
1439803614.757557 -0.362269670 -0.030072035 0.464568943 0.002600748 -0.362148374 -0.007544926 0.932086289
1439803614.820057 -0.363750786 -0.030151075 0.465984136 0.002660794 -0.362694889 -0.007551576 0.931873560
1439803614.882559 -0.365216643 -0.030342970 0.467296273 0.002584919 -0.363162816 -0.007630548 0.931690872
1439803614.945059 -0.366650373 -0.030460380 0.468587250 0.002519752 -0.363589793 -0.007789820 0.931523204
1439803615.007561 -0.368011951 -0.030637106 0.469725609 0.002416504 -0.363952041 -0.007939957 0.931380689
1439803615.070062 -0.369178921 -0.030651517 0.470938653 0.002509640 -0.364469409 -0.007879473 0.931178629
1439803615.132563 -0.370264053 -0.030776421 0.471888989 0.002490196 -0.364841849 -0.007866828 0.931032896
1439803615.195064 -0.371378452 -0.030815754 0.472873837 0.002509102 -0.365142941 -0.007928069 0.930914342
1439803615.257571 -0.372385532 -0.030914811 0.473770887 0.002476914 -0.365444273 -0.007980633 0.930795729
1439803615.320080 -0.373242408 -0.030968210 0.474677145 0.002480152 -0.365816504 -0.007845803 0.930650592
1439803615.382569 -0.374168873 -0.031126009 0.475454420 0.002428211 -0.366064072 -0.007908797 0.930552840
1439803615.445069 -0.375032663 -0.031162068 0.476218224 0.002465507 -0.366345763 -0.007954848 0.930441499
1439803615.507571 -0.375864327 -0.031261593 0.476942569 0.002412454 -0.366589874 -0.008023130 0.930344939
1439803615.570072 -0.376609147 -0.031353321 0.477541268 0.002369948 -0.366809666 -0.008068478 0.930257976
1439803615.632575 -0.377254844 -0.031432498 0.478144020 0.002360749 -0.367023408 -0.008055455 0.930173814
1439803615.695074 -0.377908289 -0.031499498 0.478735268 0.002330715 -0.367192239 -0.007977166 0.930107951
1439803615.757575 -0.378476113 -0.031558722 0.479191363 0.002374379 -0.367337525 -0.008007478 0.930050194
1439803615.820077 -0.379055113 -0.031656746 0.479661465 0.002397286 -0.367480546 -0.007908876 0.929994524
1439803615.882579 -0.379515052 -0.031679004 0.480072021 0.002473293 -0.367660135 -0.007861264 0.929923713
1439803615.945079 -0.380038500 -0.031750035 0.480528206 0.002480644 -0.367875487 -0.007882888 0.929838359
1439803616.007581 -0.380798340 -0.031790048 0.480975538 0.002501893 -0.367973387 -0.007764054 0.929800570
1439803616.070082 -0.381387353 -0.031836130 0.481522202 0.002469830 -0.368235856 -0.007735373 0.929696977
1439803616.132584 -0.382134050 -0.031947840 0.482204616 0.002442306 -0.368515819 -0.007673274 0.929586589
1439803616.195085 -0.382834226 -0.032049891 0.482906461 0.002396761 -0.368894041 -0.007665141 0.929436743
1439803616.257585 -0.383765101 -0.032001704 0.483468771 0.002506531 -0.369142324 -0.007736231 0.929337323
1439803616.320087 -0.384607434 -0.032153279 0.484269381 0.002425013 -0.369585246 -0.007822641 0.929160714
1439803616.382589 -0.385535836 -0.032202523 0.485054046 0.002482960 -0.370044619 -0.007870523 0.928977311
1439803616.445089 -0.386587858 -0.032172941 0.485935569 0.002553759 -0.370460749 -0.007874444 0.928811252
1439803616.507590 -0.387624949 -0.032254446 0.486687332 0.002449553 -0.370776236 -0.007988157 0.928684652
1439803616.570092 -0.388545036 -0.032259472 0.487657845 0.002420318 -0.371290743 -0.008078133 0.928478360
1439803616.632593 -0.389393181 -0.032401968 0.488451809 0.002309161 -0.371733397 -0.008134411 0.928301036
1439803616.695098 -0.390262634 -0.032447487 0.489128709 0.002363844 -0.372078151 -0.008202598 0.928162158
1439803616.757596 -0.390958905 -0.032479469 0.489709616 0.002357099 -0.372396588 -0.008221837 0.928034246
1439803616.820097 -0.391298771 -0.032482371 0.490287960 0.002331430 -0.372823924 -0.008138578 0.927863479
1439803616.882598 -0.391809791 -0.032490369 0.490601182 0.002380644 -0.372973979 -0.008142268 0.927803040
1439803616.945100 -0.392203271 -0.032526895 0.491002947 0.002372001 -0.373176336 -0.008126114 0.927721798
1439803617.070104 -0.392694592 -0.032552812 0.491481900 0.002338275 -0.373415470 -0.008137490 0.927625537
1439803617.132604 -0.392892331 -0.032576919 0.491626978 0.002333231 -0.373472542 -0.008173713 0.927602291
1439803617.195103 -0.392917126 -0.032575347 0.491677940 0.002365113 -0.373503774 -0.008126426 0.927590013
1439803617.257605 -0.392991960 -0.032568712 0.491767973 0.002398723 -0.373510122 -0.008148598 0.927587152
1439803617.320106 -0.392945647 -0.032565583 0.491828382 0.002411402 -0.373530269 -0.008086736 0.927579582
1439803617.382604 -0.392868310 -0.032581549 0.491958171 0.002465310 -0.373613834 -0.007979961 0.927546740
1439803617.507604 -0.392936110 -0.032490082 0.492260188 0.002446048 -0.373606175 -0.007900067 0.927550554
1439803617.570108 -0.393104225 -0.032413680 0.492722660 0.002402137 -0.373583078 -0.007906568 0.927559912
1439803617.632606 -0.393039823 -0.032397799 0.492868364 0.002455934 -0.373695582 -0.007863424 0.927514851
1439803617.695106 -0.393182516 -0.032385077 0.493540883 0.002529821 -0.373790324 -0.007731479 0.927477539
1439803617.757607 -0.393268555 -0.032428943 0.494020820 0.002516343 -0.373850733 -0.007760565 0.927452981
1439803617.820108 -0.393752486 -0.032375224 0.494776189 0.002586259 -0.373659253 -0.007915689 0.927528679
1439803617.945110 -0.393036306 -0.032593131 0.492242157 0.002321938 -0.373592466 -0.007849624 0.927556813
1439803618.007609 -0.392531037 -0.032622315 0.489980817 0.002354003 -0.373401910 -0.007981548 0.927632332
1439803618.070110 -0.393046498 -0.032497484 0.492191374 0.002464233 -0.373610705 -0.007925310 0.927548468
1439803618.132609 -0.393053561 -0.032538328 0.492153853 0.002444249 -0.373611182 -0.007875268 0.927548766
1439803618.257610 -0.393100470 -0.032591883 0.492264628 0.002331122 -0.373595506 -0.007902538 0.927555144
1439803618.320111 -0.393132508 -0.032539081 0.492149889 0.002405673 -0.373538613 -0.007923065 0.927577674
1439803618.382615 -0.393156081 -0.032581154 0.492256522 0.002379103 -0.373538464 -0.007890183 0.927578092
1439803618.445113 -0.393125147 -0.032504663 0.492160469 0.002464295 -0.373543978 -0.007913062 0.927575469
1439803618.507613 -0.393210173 -0.032562278 0.492115557 0.002405075 -0.373459101 -0.007989158 0.927609086
1439803618.570115 -0.393190771 -0.032541823 0.492248356 0.002395344 -0.373534232 -0.007943559 0.927579284
1439803618.632617 -0.393204093 -0.032512341 0.492309839 0.002394917 -0.373566985 -0.007948345 0.927566051
1439803618.695117 -0.393239766 -0.032576256 0.492260158 0.002352325 -0.373521000 -0.007912871 0.927585006
1439803618.757619 -0.393192321 -0.032626450 0.492213577 0.002341693 -0.373536766 -0.007911097 0.927578688
1439803618.820120 -0.393299997 -0.032514140 0.492014796 0.002422397 -0.373411477 -0.007969495 0.927628398
1439803618.882622 -0.393227160 -0.032556146 0.492256075 0.002384740 -0.373503953 -0.007900323 0.927591860
1439803618.945123 -0.393196791 -0.032541901 0.492188871 0.002382958 -0.373511493 -0.007954834 0.927588403
1439803619.007625 -0.393258154 -0.032561269 0.492185473 0.002366153 -0.373460263 -0.007999802 0.927608669
1439803619.070126 -0.393248200 -0.032549698 0.492234170 0.002386987 -0.373500228 -0.007952699 0.927592933
1439803619.132631 -0.393220335 -0.032511372 0.492230028 0.002407409 -0.373491168 -0.007950158 0.927596509
1439803619.195128 -0.393227965 -0.032544799 0.492118359 0.002389845 -0.373471290 -0.007997992 0.927604139
1439803619.257630 -0.393212229 -0.032525837 0.492194474 0.002397121 -0.373516113 -0.007955161 0.927586496
1439803619.320133 -0.393128037 -0.032569960 0.492270529 0.002368270 -0.373589396 -0.007953154 0.927557051
1439803619.382635 -0.393162072 -0.032543197 0.492292047 0.002387670 -0.373563468 -0.007941474 0.927567542
1439803619.445134 -0.393207580 -0.032534711 0.492246628 0.002420285 -0.373521030 -0.007972348 0.927584291
1439803619.507635 -0.393206179 -0.032545239 0.492303014 0.002384158 -0.373543948 -0.007937385 0.927575469
1439803619.570137 -0.393128872 -0.032589693 0.492405951 0.002336087 -0.373619378 -0.007917007 0.927545369
1439803619.632638 -0.393194497 -0.032562945 0.492270321 0.002353927 -0.373557270 -0.007933525 0.927570224
1439803619.695139 -0.393153042 -0.032560740 0.492292225 0.002396994 -0.373565078 -0.007943282 0.927566886
1439803619.757640 -0.393165410 -0.032567173 0.492264003 0.002385713 -0.373550296 -0.007964158 0.927572668
1439803619.820142 -0.393144608 -0.032613464 0.492286623 0.002304171 -0.373577148 -0.007900047 0.927562594
1439803619.882646 -0.393127263 -0.032579966 0.492337495 0.002333626 -0.373564571 -0.007929607 0.927567363
1439803619.945144 -0.393231213 -0.032545798 0.492213428 0.002379914 -0.373461485 -0.007942300 0.927608609
1439803620.007646 -0.393205702 -0.032566890 0.492244512 0.002379802 -0.373478323 -0.007933183 0.927601933
1439803620.070147 -0.393151015 -0.032534398 0.492306620 0.002397729 -0.373504430 -0.007897105 0.927591681
1439803620.132649 -0.393138587 -0.032632563 0.492345601 0.002337339 -0.373517931 -0.007891600 0.927586436
1439803620.195150 -0.393232673 -0.032585692 0.492225558 0.002397578 -0.373440415 -0.007942508 0.927617073
1439803620.257652 -0.393190622 -0.032616716 0.492271662 0.002373420 -0.373480529 -0.007919066 0.927601159
1439803620.320157 -0.393191814 -0.032585539 0.492259920 0.002367555 -0.373466164 -0.007921190 0.927606940
1439803620.382654 -0.393212467 -0.032607526 0.492216200 0.002367995 -0.373452932 -0.007911169 0.927612364
1439803620.445155 -0.393149942 -0.032637585 0.492376179 0.002312566 -0.373574913 -0.007878186 0.927563667
1439803620.507657 -0.393173963 -0.032622151 0.492306352 0.002309257 -0.373546928 -0.007886719 0.927574873
1439803620.570160 -0.393156379 -0.032638106 0.492291510 0.002302655 -0.373548061 -0.007853548 0.927574694
1439803620.632664 -0.393142551 -0.032594889 0.492395401 0.002312356 -0.373603046 -0.007835965 0.927552700
1439803620.695161 -0.393125564 -0.032618120 0.492314696 0.002297960 -0.373597562 -0.007844258 0.927554846
1439803620.757665 -0.393092036 -0.032678835 0.492391646 0.002271761 -0.373658180 -0.007809523 0.927530825
1439803620.820164 -0.393123269 -0.032662168 0.492348731 0.002318186 -0.373640478 -0.007806591 0.927537858
1439803620.882665 -0.393166840 -0.032641467 0.492286712 0.002332882 -0.373572975 -0.007867206 0.927564502
1439803620.945167 -0.393161923 -0.032678038 0.492323965 0.002307157 -0.373608857 -0.007844491 0.927550316
1439803621.007668 -0.393149018 -0.032594927 0.492315263 0.002347272 -0.373596460 -0.007852249 0.927555084
1439803621.070169 -0.393150091 -0.032632373 0.492319316 0.002305995 -0.373611987 -0.007829330 0.927549183
1439803621.132674 -0.393135786 -0.032607239 0.492327631 0.002280227 -0.373662621 -0.007797888 0.927529097
1439803621.195175 -0.393160850 -0.032535817 0.492291242 0.002341297 -0.373646498 -0.007766701 0.927535713
1439803621.257673 -0.393206328 -0.032612726 0.492299676 0.002284533 -0.373667985 -0.007785363 0.927527010
1439803621.320174 -0.393261105 -0.032590788 0.492212623 0.002300845 -0.373616219 -0.007783377 0.927547872
1439803621.382681 -0.393210620 -0.032550830 0.492208779 0.002332108 -0.373639882 -0.007803435 0.927538037
1439803621.445176 -0.393235773 -0.032589097 0.492262453 0.002292865 -0.373705059 -0.007790323 0.927512050
1439803621.507678 -0.393198609 -0.032575272 0.492195010 0.002301963 -0.373699039 -0.007823731 0.927514136
1439803621.570179 -0.393238783 -0.032535512 0.492230088 0.002344397 -0.373692334 -0.007838884 0.927516639
1439803621.632680 -0.393219024 -0.032571401 0.492288500 0.002307625 -0.373729199 -0.007809774 0.927502096
1439803621.757682 -0.393219858 -0.032550298 0.492231250 0.002332480 -0.373699039 -0.007812204 0.927514195
1439803621.820184 -0.393181026 -0.032585990 0.492229521 0.002322495 -0.373740941 -0.007793571 0.927497447
1439803621.882684 -0.393212855 -0.032610748 0.492252588 0.002293846 -0.373758018 -0.007827269 0.927490354
1439803621.945190 -0.393234640 -0.032554381 0.492175907 0.002314549 -0.373726368 -0.007817666 0.927503169
1439803622.070187 -0.393199563 -0.032643482 0.492267638 0.002225481 -0.373799264 -0.007688113 0.927475095
1439803622.132691 -0.393221438 -0.032623556 0.492253542 0.002230021 -0.373824120 -0.007688832 0.927465022
1439803622.195190 -0.393200219 -0.032593127 0.492218137 0.002254031 -0.373841971 -0.007702791 0.927457690
1439803622.257692 -0.393167257 -0.032646149 0.492272049 0.002199482 -0.373902828 -0.007708695 0.927433252
1439803622.320194 -0.393221080 -0.032652047 0.492263019 0.002186210 -0.373914152 -0.007685596 0.927428901
1439803622.445196 -0.393226832 -0.032644380 0.492182016 0.002160880 -0.373923182 -0.007674800 0.927425385
1439803622.507695 -0.393200070 -0.032680538 0.492169410 0.002156267 -0.373922974 -0.007755382 0.927424788
1439803622.570196 -0.393218458 -0.032603797 0.492256373 0.002170862 -0.373932362 -0.007635033 0.927421987
1439803622.632697 -0.393226385 -0.032627292 0.492263377 0.002161621 -0.373948544 -0.007617306 0.927415669
1439803622.695198 -0.393228441 -0.032601748 0.492255390 0.002201955 -0.373945385 -0.007727603 0.927415907
1439803622.757700 -0.393210411 -0.032614797 0.492245436 0.002177166 -0.373950213 -0.007718154 0.927414119
1439803622.882704 -0.393211335 -0.032602489 0.492215961 0.002211160 -0.373945266 -0.007758474 0.927415669
1439803622.945204 -0.393247157 -0.032580763 0.492192060 0.002233978 -0.373945922 -0.007735772 0.927415550
1439803623.007703 -0.393229693 -0.032622281 0.492259741 0.002234248 -0.373966098 -0.007765034 0.927407146
1439803623.070207 -0.393203825 -0.032643117 0.492257059 0.002173816 -0.373979390 -0.007690416 0.927402556
1439803623.132708 -0.393231720 -0.032612760 0.492241383 0.002235943 -0.373947382 -0.007724150 0.927415073
1439803623.257707 -0.393269926 -0.032576036 0.492235124 0.002248481 -0.373964161 -0.007756000 0.927407980
1439803623.320209 -0.393252254 -0.032583222 0.492226541 0.002269500 -0.373950124 -0.007781452 0.927413404
1439803623.382710 -0.393230706 -0.032616403 0.492208272 0.002272106 -0.373964012 -0.007788112 0.927407742
1439803623.445211 -0.393251002 -0.032571156 0.492301792 0.002299762 -0.373968303 -0.007772836 0.927406073
1439803623.507713 -0.393252403 -0.032604210 0.492206901 0.002222930 -0.373961151 -0.007720319 0.927409589
1439803623.570214 -0.393259615 -0.032578129 0.492189348 0.002266185 -0.373965174 -0.007730332 0.927407742
1439803623.695215 -0.393286049 -0.032577828 0.492201120 0.002239333 -0.373982906 -0.007739380 0.927400589
1439803623.757716 -0.393284023 -0.032564167 0.492257088 0.002250012 -0.373973578 -0.007787046 0.927403927
1439803623.820218 -0.393281698 -0.032578915 0.492139220 0.002288318 -0.373943895 -0.007796628 0.927415729
1439803623.882719 -0.393317878 -0.032524046 0.492126077 0.002289187 -0.373942912 -0.007807943 0.927416027
1439803623.945220 -0.393271387 -0.032557745 0.492129147 0.002266538 -0.373954862 -0.007814834 0.927411199
1439803624.070221 -0.393275291 -0.032552544 0.492129683 0.002282645 -0.373940080 -0.007796773 0.927417278
1439803624.132723 -0.393251270 -0.032580335 0.492122918 0.002261634 -0.373973012 -0.007791527 0.927404106
1439803624.195223 -0.393242687 -0.032571830 0.492178738 0.002257913 -0.373973876 -0.007764067 0.927403986
1439803624.257725 -0.393259168 -0.032573055 0.492173046 0.002264806 -0.373975813 -0.007781263 0.927403033
1439803624.320228 -0.393185973 -0.032564685 0.492109418 0.002277821 -0.373974621 -0.007807279 0.927403271
1439803624.445228 -0.393258989 -0.032606851 0.492144287 0.002237262 -0.373974025 -0.007758743 0.927404046
1439803624.507729 -0.393267989 -0.032579292 0.492170036 0.002267198 -0.373952657 -0.007770219 0.927412450
1439803624.570230 -0.393293947 -0.032604650 0.492218345 0.002258977 -0.373966753 -0.007749182 0.927406967
1439803624.632731 -0.393308997 -0.032594230 0.492214024 0.002249853 -0.373977661 -0.007719200 0.927402854
1439803624.695233 -0.393304229 -0.032608390 0.492300451 0.002261384 -0.373978317 -0.007751426 0.927402258
1439803624.757733 -0.393329322 -0.032568078 0.492218673 0.002276838 -0.373956859 -0.007771241 0.927410722
1439803624.882735 -0.393304914 -0.032565631 0.492226481 0.002280283 -0.373962641 -0.007763079 0.927408457
1439803624.945250 -0.393277466 -0.032608092 0.492212921 0.002243462 -0.374004006 -0.007701134 0.927392364
1439803625.007738 -0.393259495 -0.032582212 0.492156118 0.002295796 -0.373991609 -0.007731960 0.927397013
1439803625.070239 -0.393354386 -0.032575984 0.492141962 0.002288678 -0.373983204 -0.007717947 0.927400529
1439803625.132740 -0.393359274 -0.032514740 0.492151678 0.002315577 -0.374044538 -0.007688620 0.927375972
1439803625.257742 -0.393430352 -0.032579023 0.492220879 0.002346703 -0.374189109 -0.007790035 0.927316725
1439803625.320243 -0.393462211 -0.032569312 0.492316127 0.002361852 -0.374245495 -0.007828505 0.927293658
1439803625.382745 -0.393512398 -0.032602195 0.492425501 0.002330555 -0.374307603 -0.007798223 0.927268863
1439803625.445248 -0.393579125 -0.032634057 0.492491931 0.002346217 -0.374392509 -0.007817327 0.927234411
1439803625.507747 -0.393754005 -0.032559000 0.492535979 0.002441991 -0.374458879 -0.007844381 0.927207112
1439803625.570252 -0.393823892 -0.032649390 0.492658675 0.002415582 -0.374614686 -0.007809054 0.927144587
1439803625.695249 -0.394001991 -0.032649267 0.492816210 0.002454242 -0.374756694 -0.007918871 0.927086115
1439803625.757752 -0.394112587 -0.032650553 0.492923021 0.002485719 -0.374825180 -0.007921412 0.927058280
1439803625.820252 -0.394293994 -0.032585111 0.492823958 0.002534175 -0.374847978 -0.008006863 0.927048266
1439803625.882753 -0.394463658 -0.032544285 0.492950261 0.002595960 -0.374946177 -0.008081669 0.927007735
1439803625.945254 -0.394582450 -0.032652244 0.493215770 0.002560413 -0.375111014 -0.008048348 0.926941395
1439803626.007759 -0.394662976 -0.032720663 0.493293792 0.002518316 -0.375217736 -0.008021527 0.926898539
1439803626.132757 -0.395018578 -0.032618091 0.493404746 0.002599821 -0.375326335 -0.008059210 0.926854074
1439803626.195258 -0.395234555 -0.032686029 0.493487984 0.002649932 -0.375421852 -0.008161603 0.926814318
1439803626.257759 -0.395480067 -0.032566138 0.493709564 0.002708021 -0.375553578 -0.008136278 0.926761031
1439803626.320260 -0.395525724 -0.032737263 0.493723929 0.002695823 -0.375611454 -0.008225483 0.926736772
1439803626.382762 -0.395694464 -0.032748122 0.493756741 0.002752790 -0.375658959 -0.008280602 0.926716864
1439803626.445263 -0.396054238 -0.032635145 0.494073749 0.002799211 -0.375803083 -0.008198287 0.926659048
1439803626.570264 -0.396579534 -0.032656368 0.494527668 0.002804614 -0.376125842 -0.008158563 0.926528394
1439803626.632765 -0.396904022 -0.032890141 0.494855016 0.002756472 -0.376319259 -0.008143357 0.926450193
1439803626.695267 -0.397091359 -0.032844257 0.495403320 0.002795602 -0.376611084 -0.007983475 0.926332831
1439803626.757768 -0.397720814 -0.032833416 0.495444179 0.002835523 -0.376809090 -0.008058880 0.926251531
1439803626.882769 -0.398960441 -0.032863785 0.496865332 0.002940744 -0.377518892 -0.008158355 0.925961256
1439803626.945271 -0.399211556 -0.032959864 0.496484965 0.002844991 -0.377870351 -0.007944684 0.925820053
1439803627.007772 -0.399958253 -0.033024050 0.496892601 0.002986549 -0.378164589 -0.008017098 0.925698817
1439803627.070274 -0.401390791 -0.032720752 0.498545170 0.003218851 -0.378469646 -0.008375354 0.925570190
1439803627.132774 -0.401519895 -0.033013672 0.498523891 0.003068029 -0.379118472 -0.007969096 0.925308764
1439803627.257776 -0.403677911 -0.033119537 0.499856204 0.003115002 -0.380064219 -0.007806246 0.924921930
1439803627.320277 -0.404642850 -0.033076718 0.500463188 0.003184709 -0.380477220 -0.007975842 0.924750447
1439803627.382779 -0.406120598 -0.033087082 0.501547933 0.003295517 -0.380933791 -0.007989139 0.924561918
1439803627.445279 -0.406296462 -0.033327777 0.502068043 0.003212481 -0.381546438 -0.007991862 0.924309552
1439803627.507782 -0.407525390 -0.033300854 0.502577186 0.003284018 -0.382071465 -0.007815616 0.924093902
1439803627.570283 -0.408857405 -0.033665854 0.503877640 0.003349374 -0.382606357 -0.008033577 0.923870444
1439803627.695282 -0.411496043 -0.033546872 0.507885575 0.003514124 -0.383860439 -0.007975550 0.923349977
1439803627.757784 -0.410611033 -0.032899689 0.507644534 0.003583315 -0.384519249 -0.008263689 0.923072994
1439803627.820286 -0.414600402 -0.032452662 0.505899310 0.003522075 -0.384601444 -0.007921013 0.923041999
1439803627.882784 -0.415257722 -0.033128463 0.502330840 0.003413446 -0.384626597 -0.008384242 0.923027873
1439803627.945284 -0.407823056 -0.035610311 0.514869988 0.003305559 -0.387106627 -0.008918325 0.921985865
1439803628.007785 -0.418281019 -0.034424711 0.513777912 0.003357038 -0.386584550 -0.008001618 0.922213197
1439803628.132785 -0.418009341 -0.037634552 0.515306056 0.002895161 -0.387527615 -0.008619231 0.921813250
1439803628.195285 -0.419180810 -0.039486207 0.512876332 0.002534011 -0.387471527 -0.009129884 0.921832979
1439803628.257787 -0.423049301 -0.038478140 0.515445888 0.002784535 -0.387608767 -0.008970924 0.921776116
1439803628.320286 -0.424306273 -0.039898109 0.517091572 0.002455496 -0.387907863 -0.008680515 0.921653986
1439803628.382787 -0.425790310 -0.039260495 0.518683076 0.002582869 -0.387972802 -0.008797048 0.921625197
1439803628.445288 -0.426584661 -0.039921746 0.520005345 0.002482336 -0.388142824 -0.008834636 0.921553552
1439803628.570288 -0.428169459 -0.040918823 0.522662282 0.002159293 -0.388734102 -0.008433071 0.921308875
1439803628.632789 -0.429341972 -0.041199822 0.524726987 0.002138479 -0.389032453 -0.008365599 0.921183586
1439803628.695289 -0.429895550 -0.041213766 0.525350869 0.002300167 -0.388919204 -0.009054390 0.921224535
1439803628.757790 -0.432250857 -0.041378852 0.531293511 0.002448911 -0.389157116 -0.009711659 0.921116948
1439803628.820290 -0.432470858 -0.042326946 0.532188773 0.002229354 -0.389262915 -0.009848371 0.921071351
1439803628.882791 -0.438556463 -0.041082490 0.536926985 0.002611852 -0.389204651 -0.009667006 0.921096861
1439803628.945292 -0.438882232 -0.041094154 0.538517594 0.002461933 -0.389599711 -0.009509440 0.920931935
1439803629.007792 -0.441306889 -0.040432923 0.541178942 0.002524344 -0.389697909 -0.009251903 0.920892835
1439803629.070293 -0.455436230 -0.038991749 0.546846747 0.002989792 -0.388562828 -0.009040662 0.921373069
1439803629.132793 -0.454838336 -0.039927665 0.547665298 0.002578898 -0.388693213 -0.008860266 0.921321034
1439803629.195293 -0.454251170 -0.041903447 0.547865093 0.002131128 -0.388720036 -0.008920826 0.921310306
1439803629.257794 -0.456638068 -0.042295154 0.550805867 0.001973256 -0.388772190 -0.008507100 0.921292543
1439803629.320296 -0.458233476 -0.040232658 0.554186821 0.002499060 -0.388776362 -0.008486630 0.921289682
1439803629.382797 -0.459727377 -0.036976833 0.556700826 0.003090969 -0.388539821 -0.008274131 0.921389580
1439803629.445298 -0.460699260 -0.037070625 0.559060454 0.003100963 -0.388336301 -0.008343469 0.921474755
1439803629.507797 -0.463057876 -0.036203258 0.564662039 0.003307407 -0.388271570 -0.008146188 0.921503067
1439803629.570298 -0.465153456 -0.036796980 0.569245040 0.003440121 -0.388063461 -0.008432853 0.921587646
1439803629.632800 -0.466309220 -0.038895793 0.571645260 0.003205853 -0.387608975 -0.008818051 0.921776116
1439803629.695302 -0.467420757 -0.040792819 0.572960138 0.003041129 -0.386927545 -0.009029953 0.922060907
1439803629.757803 -0.470198810 -0.042770106 0.578535616 0.002951828 -0.386326671 -0.009164696 0.922311783
1439803629.820302 -0.472404271 -0.044721879 0.583580911 0.002809447 -0.385786146 -0.009089112 0.922539175
1439803629.882804 -0.493146449 -0.039689463 0.579200089 0.003756323 -0.382220685 -0.008471080 0.924024582
1439803629.945305 -0.491135538 -0.039732829 0.583970547 0.003778577 -0.381977677 -0.008606672 0.924123764
1439803630.007807 -0.488741398 -0.041457921 0.589194477 0.003483368 -0.381627828 -0.008906569 0.924266577
1439803630.070307 -0.490783989 -0.046652902 0.598534584 0.002894114 -0.381299973 -0.009185128 0.924401164
1439803630.132810 -0.498294294 -0.046964299 0.601404667 0.003120253 -0.379742861 -0.008966326 0.925043344
1439803630.195312 -0.500172973 -0.044518650 0.602926314 0.003381594 -0.378797650 -0.008399374 0.925435245
1439803630.257812 -0.505645275 -0.045071043 0.607101262 0.003360325 -0.377718806 -0.007909814 0.925880492
1439803630.320314 -0.511925817 -0.045151670 0.615166187 0.003579314 -0.376834214 -0.007703887 0.926241755
1439803630.382816 -0.518294930 -0.044597603 0.622441888 0.003752577 -0.375988960 -0.007016215 0.926590025
1439803630.445314 -0.524618268 -0.045032714 0.628851354 0.003718709 -0.375246882 -0.006479885 0.926894784
1439803630.507815 -0.528503001 -0.045962445 0.630335867 0.003246426 -0.374454737 -0.005835989 0.927221119
1439803630.570318 -0.532445371 -0.046280462 0.635154307 0.002986914 -0.374031305 -0.005459398 0.927395225
1439803630.632816 -0.538465202 -0.046800248 0.640846074 0.002545680 -0.373564512 -0.005065277 0.927586854
1439803630.695317 -0.544937491 -0.047462009 0.646680415 0.002261591 -0.372922689 -0.005172514 0.927845240
1439803630.757818 -0.550684154 -0.047570948 0.652102828 0.002215635 -0.372508436 -0.005222805 0.928011477
1439803630.820320 -0.554639816 -0.048047777 0.658363283 0.001979766 -0.372694373 -0.005263120 0.927937090
1439803630.882820 -0.560427010 -0.048681434 0.663917899 0.001852142 -0.372731149 -0.005014052 0.927923977
1439803630.945322 -0.566407561 -0.049295940 0.669517577 0.001794767 -0.372590810 -0.004752362 0.927981853
1439803631.007823 -0.570803642 -0.049414441 0.675534964 0.001801273 -0.372564673 -0.004305638 0.927994490
1439803631.070325 -0.576259494 -0.049985535 0.681199253 0.001523027 -0.372253746 -0.003825661 0.928121865
1439803631.132825 -0.582506239 -0.050788950 0.686558127 0.001327550 -0.371876329 -0.003496617 0.928274751
1439803631.195327 -0.586875916 -0.050968565 0.692677379 0.001418223 -0.371940434 -0.003411554 0.928249240
1439803631.257827 -0.592181921 -0.051386055 0.698174953 0.001796531 -0.371943504 -0.003774845 0.928245962
1439803631.320328 -0.597712040 -0.051955149 0.703502238 0.002096513 -0.371846616 -0.003925631 0.928283513
1439803631.382830 -0.602830172 -0.052462958 0.709035456 0.002327295 -0.371681094 -0.003567073 0.928350687
1439803631.445332 -0.608074903 -0.052921411 0.714532793 0.002616851 -0.371451497 -0.003377242 0.928442538
1439803631.507833 -0.613218129 -0.053429175 0.719973266 0.002830295 -0.371184140 -0.003329654 0.928548992
1439803631.570334 -0.618246377 -0.053947538 0.725365341 0.002931537 -0.371045500 -0.003122860 0.928604782
1439803631.632837 -0.623250306 -0.054230660 0.730584860 0.003175876 -0.370962679 -0.003025923 0.928637385
1439803631.695335 -0.628248692 -0.054725211 0.735750318 0.003516664 -0.370938778 -0.002916908 0.928646028
1439803631.757837 -0.633203804 -0.055210482 0.740831137 0.004122231 -0.370798022 -0.002870142 0.928699970
1439803631.820337 -0.638178051 -0.055877600 0.746050656 0.004591481 -0.370627791 -0.002713742 0.928766191
1439803631.882842 -0.643147409 -0.056348536 0.751119256 0.005003653 -0.370398313 -0.002681084 0.928855658
1439803631.945342 -0.648007929 -0.056797504 0.756316066 0.005245695 -0.370226204 -0.002503155 0.928923488
1439803632.007841 -0.652725577 -0.057241794 0.761364400 0.005470199 -0.370114714 -0.002202672 0.928967357
1439803632.070342 -0.657653570 -0.057844989 0.766562402 0.005756255 -0.369952530 -0.002003819 0.929030657
1439803632.132844 -0.662425518 -0.058285341 0.771483302 0.005943650 -0.369755179 -0.001995625 0.929108083
1439803632.195345 -0.667167425 -0.058682650 0.776443064 0.006060898 -0.369586945 -0.002364486 0.929173410
1439803632.257846 -0.672358513 -0.059113439 0.781733513 0.006337764 -0.369428903 -0.002685804 0.929233491
1439803632.320347 -0.677127957 -0.059317037 0.786929846 0.006953606 -0.369381756 -0.002774109 0.929247558
1439803632.382852 -0.681998134 -0.059697423 0.791526377 0.007764461 -0.369129568 -0.002886916 0.929341018
1439803632.445351 -0.686651409 -0.060063761 0.796433687 0.008286877 -0.368827671 -0.003210717 0.929455340
1439803632.507853 -0.691768765 -0.060504891 0.801766634 0.008468638 -0.368476778 -0.003480912 0.929591835
1439803632.570353 -0.696849108 -0.060802642 0.808013022 0.008546044 -0.368288577 -0.003746333 0.929664671
1439803632.632855 -0.701841712 -0.061184175 0.813117981 0.008553118 -0.368074179 -0.004173733 0.929747701
1439803632.695357 -0.707097292 -0.061637830 0.818401933 0.008632720 -0.367782563 -0.004541028 0.929860651
1439803632.757857 -0.712452948 -0.062222138 0.823511362 0.008790699 -0.367314905 -0.004971999 0.930041790
1439803632.820357 -0.717629254 -0.062457949 0.829130173 0.008965014 -0.366844952 -0.005315753 0.930223763
1439803632.882857 -0.722979307 -0.062851086 0.835133433 0.008919839 -0.366510302 -0.005578552 0.930354536
1439803632.945358 -0.728209972 -0.063430682 0.841097236 0.008676121 -0.366450250 -0.005239413 0.930382431
1439803633.007861 -0.733546197 -0.063976578 0.846712112 0.008477056 -0.366281390 -0.004671460 0.930453777
1439803633.070359 -0.738162041 -0.064569131 0.852928281 0.008303354 -0.366049528 -0.004111305 0.930549264
1439803633.132860 -0.743591011 -0.064991251 0.858217418 0.007840493 -0.365469873 -0.003447606 0.930783749
1439803633.195362 -0.748568475 -0.065293528 0.864025474 0.007304378 -0.365112394 -0.002897260 0.930930257
1439803633.257863 -0.753756642 -0.065577611 0.869766295 0.007071004 -0.364852011 -0.003057003 0.931033671
1439803633.320365 -0.758963287 -0.066069879 0.874817729 0.007078057 -0.364543587 -0.003984247 0.931150913
1439803633.382866 -0.764195085 -0.066499360 0.880205274 0.007118186 -0.364310652 -0.005017921 0.931236744
1439803633.445370 -0.769466817 -0.066952258 0.885349035 0.007100208 -0.364134014 -0.006056405 0.931299806
1439803633.507869 -0.774594545 -0.067286089 0.890447974 0.007001368 -0.364103645 -0.007121737 0.931304932
1439803633.570368 -0.779656172 -0.067679361 0.895653844 0.006801622 -0.364123285 -0.008083777 0.931290805
1439803633.632868 -0.784810841 -0.068054743 0.901222348 0.006373582 -0.364196718 -0.008491835 0.931261480
1439803633.695370 -0.789578915 -0.068363003 0.906425536 0.006017104 -0.364213556 -0.008673260 0.931255639
1439803633.757871 -0.794475555 -0.068819694 0.911522865 0.005805008 -0.364122897 -0.008926996 0.931290030
1439803633.820373 -0.799407125 -0.069273159 0.916997492 0.005529861 -0.364108294 -0.009162849 0.931295156
1439803633.882874 -0.804358423 -0.070172347 0.921921253 0.005048025 -0.364080459 -0.009510163 0.931305289
1439803633.945375 -0.808991671 -0.070747919 0.927085102 0.004635633 -0.364176542 -0.009690041 0.931267977
1439803634.007876 -0.813897550 -0.071513660 0.932140529 0.004400035 -0.364205211 -0.009685357 0.931257963
1439803634.070382 -0.818556726 -0.071409091 0.937058449 0.004534742 -0.364231676 -0.009627232 0.931247592
1439803634.132880 -0.822618246 -0.071866296 0.942010999 0.004471407 -0.364350498 -0.009500457 0.931202710
1439803634.195379 -0.827370703 -0.072340682 0.946890712 0.004324025 -0.364281684 -0.009388474 0.931231439
1439803634.257884 -0.831902385 -0.073028192 0.951604247 0.004251278 -0.364178717 -0.009268674 0.931273282
1439803634.320380 -0.836449862 -0.073173501 0.956474125 0.004399233 -0.364045054 -0.009150045 0.931325972
1439803634.382882 -0.840483546 -0.073993199 0.961292624 0.004156982 -0.364079356 -0.009163045 0.931313574
1439803634.445384 -0.845229864 -0.074145369 0.965866745 0.003821808 -0.364050150 -0.009315968 0.931324899
1439803634.507884 -0.849730432 -0.074122384 0.970638990 0.003580970 -0.363985598 -0.009510101 0.931349099
1439803634.570387 -0.853901565 -0.074760176 0.975058913 0.003478951 -0.363809437 -0.009817943 0.931415141
1439803634.632888 -0.858378470 -0.074926421 0.979691088 0.003627150 -0.363632292 -0.009999364 0.931481838
1439803634.695390 -0.862758219 -0.075446285 0.984229147 0.003843541 -0.363549113 -0.010355919 0.931509554
1439803634.757890 -0.867100298 -0.075955443 0.988674760 0.004118548 -0.363573879 -0.010760315 0.931494117
1439803634.820393 -0.871586084 -0.075797148 0.993292928 0.004464363 -0.363581806 -0.010937807 0.931487322
1439803634.882893 -0.875655115 -0.076276675 0.997791708 0.004517016 -0.363518625 -0.011389390 0.931506336
1439803634.945393 -0.879903138 -0.076420702 1.002409101 0.004544012 -0.363478065 -0.011755333 0.931517541
1439803635.007894 -0.884390533 -0.076717377 1.006750226 0.004585190 -0.363444567 -0.012285037 0.931523561
1439803635.070396 -0.888932288 -0.076914981 1.011267781 0.004799179 -0.363437414 -0.012734625 0.931519210
1439803635.132899 -0.893310785 -0.077239014 1.015805602 0.004784462 -0.363565713 -0.013116181 0.931463897
1439803635.195399 -0.897931099 -0.077459067 1.020460010 0.004382942 -0.363807380 -0.013312678 0.931368768
1439803635.257899 -0.902091980 -0.078035682 1.024896264 0.003794103 -0.364038408 -0.013645071 0.931276262
1439803635.320400 -0.906386018 -0.078404486 1.029535890 0.003269169 -0.364160359 -0.013682818 0.931230009
1439803635.382901 -0.910460114 -0.078672118 1.034208417 0.002791170 -0.364293069 -0.013390114 0.931183934
1439803635.445406 -0.914646685 -0.078954071 1.038783908 0.002422282 -0.364483327 -0.013261426 0.931112289
1439803635.507904 -0.919320703 -0.079125427 1.043453217 0.002284186 -0.364719421 -0.013497890 0.931016803
1439803635.570408 -0.923478484 -0.079381324 1.047945738 0.002179710 -0.365075976 -0.013630449 0.930875361
1439803635.632909 -0.928053558 -0.079669096 1.052378178 0.002111491 -0.365255862 -0.014030244 0.930799007
1439803635.695408 -0.932688832 -0.079935730 1.056861639 0.002057330 -0.365425020 -0.014602093 0.930723965
1439803635.757912 -0.937367678 -0.080162711 1.061500192 0.002006985 -0.365720272 -0.015358228 0.930595934
1439803635.820411 -0.942136288 -0.080314316 1.066122413 0.001907974 -0.366142839 -0.015964810 0.930419743
1439803635.882913 -0.946713507 -0.080519855 1.070629001 0.001674142 -0.366636693 -0.016362105 0.930218816
1439803635.945415 -0.951538384 -0.080699243 1.075400829 0.001367013 -0.367088705 -0.016565479 0.930037439
1439803636.007915 -0.956300735 -0.080887720 1.080096126 0.001016123 -0.367491484 -0.016840450 0.929873884
1439803636.070418 -0.960873544 -0.081039444 1.084786296 0.000846383 -0.367906570 -0.017123135 0.929704726
1439803636.132917 -0.965722322 -0.081241027 1.089408159 0.000658307 -0.368425518 -0.017433459 0.929493546
1439803636.195419 -0.970470905 -0.081486076 1.094177604 0.000205455 -0.369254857 -0.017330304 0.929166496
1439803636.257920 -0.975134492 -0.081644461 1.098740458 -0.000572196 -0.370158404 -0.017290464 0.928807497
1439803636.320421 -0.979833722 -0.081837915 1.103596926 -0.001573232 -0.370851517 -0.017238341 0.928530872
1439803636.382922 -0.984647393 -0.081906110 1.108429790 -0.002496688 -0.371253490 -0.017238677 0.928368151
1439803636.445427 -0.989202082 -0.082179844 1.113032699 -0.003344460 -0.371758074 -0.017228452 0.928163767
1439803636.507925 -0.993852139 -0.082496494 1.117433310 -0.004125562 -0.372508973 -0.017473280 0.927854896
1439803636.570426 -0.998702824 -0.082648605 1.121900797 -0.004811700 -0.373503625 -0.017849632 0.927444458
1439803636.632928 -1.003202081 -0.082948655 1.126068711 -0.005628494 -0.374567091 -0.018254770 0.927003026
1439803636.695429 -1.007710814 -0.083122209 1.130246162 -0.006309689 -0.375367969 -0.018576974 0.926668227
1439803636.757931 -1.012085319 -0.083304048 1.134380460 -0.006742494 -0.375998586 -0.018819937 0.926404536
1439803636.820433 -1.016454577 -0.083483718 1.138389111 -0.006988217 -0.376623273 -0.018907171 0.926147163
1439803636.882934 -1.020690441 -0.083683491 1.142327070 -0.007300995 -0.377561033 -0.018932251 0.925762355
1439803636.945435 -1.024867177 -0.083892331 1.146195889 -0.007744479 -0.378648639 -0.019053685 0.925311923
1439803637.007935 -1.029126167 -0.083988801 1.150060415 -0.008182047 -0.379612476 -0.019264968 0.924908817
1439803637.070436 -1.033279061 -0.084183373 1.153839469 -0.008630477 -0.380380750 -0.019476570 0.924584627
1439803637.132942 -1.037404180 -0.084388651 1.157495141 -0.008998073 -0.381049097 -0.019791290 0.924299121
1439803637.195466 -1.041408300 -0.084551886 1.161068916 -0.009368459 -0.381795645 -0.020095248 0.923980832
1439803637.257940 -1.045473099 -0.084684931 1.164665699 -0.009820935 -0.382624328 -0.020430140 0.923625886
1439803637.320442 -1.049453259 -0.084837094 1.168208599 -0.010250233 -0.383523852 -0.020618564 0.923243880
1439803637.382944 -1.053405762 -0.084975295 1.171693206 -0.010510348 -0.384298384 -0.020807678 0.922914565
1439803637.445448 -1.057358027 -0.085031614 1.175246835 -0.010732721 -0.384917647 -0.020812882 0.922653794
1439803637.507948 -1.061267614 -0.085099310 1.178760171 -0.010976627 -0.385549843 -0.020870792 0.922385573
1439803637.570446 -1.065169573 -0.085197121 1.182153583 -0.011217794 -0.386267960 -0.021060685 0.922077894
1439803637.632951 -1.069083214 -0.085277125 1.185589552 -0.011455352 -0.387050718 -0.021322507 0.921740711
1439803637.695449 -1.073020220 -0.085418895 1.188908458 -0.011599884 -0.387844384 -0.021724388 0.921395779
1439803637.757951 -1.076947331 -0.085529879 1.192236662 -0.011757161 -0.388582259 -0.022025310 0.921075702
1439803637.820457 -1.080841184 -0.085575983 1.195590496 -0.011980025 -0.389315486 -0.022183578 0.920759380
1439803637.882955 -1.084651589 -0.085683636 1.198932409 -0.012325400 -0.390061647 -0.022287559 0.920436442
1439803637.945458 -1.088482857 -0.085758723 1.202365041 -0.012754087 -0.390808493 -0.022229159 0.920115173
1439803638.007957 -1.092228770 -0.085861005 1.205728412 -0.013216572 -0.391561389 -0.022082308 0.919792056
1439803638.070457 -1.096099496 -0.085847825 1.209161282 -0.013555549 -0.392262042 -0.022072524 0.919488728
1439803638.132958 -1.099951982 -0.085975803 1.212449193 -0.013946622 -0.392974377 -0.022133868 0.919177175
1439803638.195463 -1.103893757 -0.085926630 1.215742588 -0.014251668 -0.393728822 -0.022270771 0.918846309
1439803638.257961 -1.107820034 -0.086051285 1.219019651 -0.014596723 -0.394525439 -0.022574384 0.918491721
1439803638.320464 -1.111737967 -0.086119428 1.222244740 -0.014894785 -0.395315617 -0.022784596 0.918141901
1439803638.382966 -1.115627170 -0.086118206 1.225545526 -0.015219101 -0.396129847 -0.022781581 0.917785704
1439803638.445467 -1.119367957 -0.086171627 1.228763580 -0.015624969 -0.396975160 -0.022780571 0.917413533
1439803638.507968 -1.123082638 -0.086183704 1.231883287 -0.015987508 -0.397864789 -0.022777643 0.917021930
1439803638.570469 -1.126740813 -0.086213499 1.234999299 -0.016255971 -0.398809731 -0.022658303 0.916609585
1439803638.632969 -1.130360007 -0.086250916 1.237896323 -0.016402701 -0.399727255 -0.022610577 0.916208386
1439803638.695470 -1.133969665 -0.086232916 1.240882277 -0.016547635 -0.400668621 -0.022395637 0.915799797
1439803638.757971 -1.137805223 -0.086198382 1.243825078 -0.016897239 -0.401617438 -0.022471962 0.915375829
1439803638.820474 -1.141620636 -0.086098351 1.246957302 -0.017456660 -0.402776450 -0.022473045 0.914855897
1439803638.882976 -1.145878792 -0.086032547 1.250167131 -0.017939525 -0.403981000 -0.022873292 0.914305389
1439803638.945477 -1.150141478 -0.085902654 1.253361702 -0.018271964 -0.405414522 -0.022887496 0.913663745
1439803639.007977 -1.154579401 -0.085908420 1.256621003 -0.018474275 -0.407238394 -0.022621335 0.912854791
1439803639.070479 -1.159012437 -0.085939102 1.259892821 -0.018534452 -0.409409672 -0.022268502 0.911890507
1439803639.132981 -1.163736224 -0.085991830 1.263139248 -0.018643335 -0.411532164 -0.022158448 0.910935044
1439803639.195485 -1.168547034 -0.086024806 1.266433239 -0.018970491 -0.413747758 -0.021810014 0.909932554
1439803639.257988 -1.173594117 -0.086067565 1.269781947 -0.019350393 -0.416197956 -0.021644751 0.908810437
1439803639.320483 -1.178726435 -0.086042307 1.273069620 -0.019681832 -0.418955564 -0.021474309 0.907539368
1439803639.382986 -1.184089899 -0.086181059 1.276097894 -0.019849638 -0.421946079 -0.021869492 0.906139731
1439803639.445486 -1.189670682 -0.086125053 1.279232383 -0.019929973 -0.425327122 -0.022008624 0.904552460
1439803639.507987 -1.195427418 -0.086096726 1.282337546 -0.020034699 -0.429043770 -0.022071511 0.902791739
1439803639.570488 -1.201535225 -0.086044885 1.285351515 -0.020023182 -0.433002859 -0.022350984 0.900892913
1439803639.632992 -1.207816124 -0.086030819 1.288300991 -0.019934945 -0.437291086 -0.022700759 0.898812413
1439803639.695491 -1.214208961 -0.086160168 1.291192412 -0.020008232 -0.442033023 -0.022667466 0.896489084
1439803639.757992 -1.221089840 -0.086171538 1.294293523 -0.020016078 -0.447118610 -0.022734925 0.893961668
1439803639.820493 -1.228100777 -0.086220607 1.297270298 -0.020130089 -0.452560365 -0.022701135 0.891217411
1439803639.882993 -1.235288262 -0.086310789 1.300118208 -0.020358985 -0.458283305 -0.022809397 0.888280213
1439803639.945493 -1.243129134 -0.086439788 1.303022861 -0.020642743 -0.464264035 -0.022924386 0.885159492
1439803640.007994 -1.251268864 -0.086581349 1.305908680 -0.020889750 -0.470613629 -0.023153754 0.881788135
1439803640.070495 -1.259919882 -0.086444564 1.308702588 -0.021131586 -0.477319568 -0.023293644 0.878166795
1439803640.195496 -1.277543306 -0.086949892 1.313646317 -0.021194329 -0.491798639 -0.025018390 0.870091379
1439803640.257998 -1.287995219 -0.086097002 1.315736175 -0.021304933 -0.499520481 -0.024976118 0.865679860
1439803640.320498 -1.298140049 -0.085556038 1.318541765 -0.022906259 -0.508047283 -0.023724614 0.860697627
1439803640.382997 -1.308200598 -0.085516714 1.320792317 -0.023369363 -0.516616523 -0.023395732 0.855578065
1439803640.507998 -1.328657031 -0.087104157 1.323458910 -0.019532900 -0.534165084 -0.026010118 0.844754159
1439803640.570498 -1.339877248 -0.086773105 1.323907256 -0.015954075 -0.543865919 -0.028801451 0.838526011
1439803640.632998 -1.350790739 -0.085970916 1.323614597 -0.011837908 -0.554299355 -0.031323630 0.831643522
1439803640.695501 -1.362910271 -0.086080141 1.323434591 -0.007892736 -0.564820647 -0.031699225 0.824566841
1439803640.758001 -1.374299407 -0.087854974 1.322986126 -0.004541568 -0.575294495 -0.031107107 0.817341983
1439803640.820500 -1.385971904 -0.088805318 1.323461294 -0.001564233 -0.585943520 -0.029561214 0.809810996
1439803640.945502 -1.410718799 -0.089443237 1.323707938 0.000932436 -0.607901156 -0.024917951 0.793621063
1439803641.008002 -1.424746156 -0.089578494 1.322451949 0.001705089 -0.618781447 -0.023164665 0.785219669
1439803641.070503 -1.437408090 -0.090210378 1.321513653 0.002583876 -0.629859746 -0.022510851 0.776378334
1439803641.133004 -1.452254295 -0.089840718 1.319819450 0.004025938 -0.640181541 -0.021735987 0.767905593
1439803641.195504 -1.466487050 -0.090327859 1.318211794 0.004974179 -0.650691450 -0.021097865 0.759032845
1439803641.258006 -1.480544806 -0.090600535 1.315817595 0.006068308 -0.661101818 -0.020503597 0.749991477
1439803641.320507 -1.495218515 -0.089829437 1.313506842 0.008162866 -0.671618640 -0.019925367 0.740584075
1439803641.383007 -1.509928823 -0.089962646 1.310352445 0.009439182 -0.681792974 -0.019021351 0.731236935
1439803641.445507 -1.525060177 -0.090740107 1.307441950 0.009889760 -0.691875398 -0.017574748 0.721735239
1439803641.508007 -1.540506601 -0.091371365 1.304206848 0.009791075 -0.701789021 -0.014899878 0.712161660
1439803641.570507 -1.556558609 -0.091683522 1.300556898 0.010153417 -0.711058259 -0.014274385 0.702914834
1439803641.633008 -1.572941542 -0.092169151 1.295839787 0.011086549 -0.719763219 -0.015776826 0.693951786
1439803641.695511 -1.589594603 -0.091858439 1.290276885 0.012733307 -0.728173137 -0.018429033 0.685027122
1439803641.758010 -1.607702851 -0.091104299 1.284701824 0.014627770 -0.736491501 -0.021761961 0.675938427
1439803641.820510 -1.625012398 -0.091112010 1.278609872 0.015547704 -0.744879127 -0.024620606 0.666563690
1439803641.883013 -1.642539382 -0.090935707 1.271973372 0.017177606 -0.753221989 -0.027259512 0.656976759
1439803641.945513 -1.659127831 -0.090869077 1.264482141 0.021039886 -0.761426747 -0.029796511 0.647223890
1439803642.008016 -1.676634669 -0.090505689 1.256745577 0.023952894 -0.769382060 -0.031145154 0.637579441
1439803642.070516 -1.692459106 -0.091378599 1.248816967 0.023784623 -0.777803719 -0.031499423 0.627266645
1439803642.133017 -1.709243298 -0.091767848 1.240563869 0.023558596 -0.786273301 -0.033255812 0.616533399
1439803642.195519 -1.726529837 -0.092006855 1.231983662 0.022753200 -0.794740319 -0.034481481 0.605542004
1439803642.258020 -1.743700981 -0.092273593 1.223113775 0.020997152 -0.802851975 -0.034486342 0.594809651
1439803642.320521 -1.760801911 -0.092741176 1.213688135 0.019001445 -0.810670793 -0.034189951 0.584194303
1439803642.383022 -1.777962923 -0.092937872 1.203452826 0.018102974 -0.818364143 -0.034447439 0.573381007
1439803642.445521 -1.794521809 -0.093092233 1.192439198 0.018447364 -0.825946093 -0.035355594 0.562336922
1439803642.508024 -1.811778665 -0.093032174 1.180932164 0.018965449 -0.833313823 -0.036184814 0.551288486
1439803642.570524 -1.828800559 -0.092975602 1.168988705 0.018745331 -0.840360999 -0.036341440 0.540482521
1439803642.633025 -1.845881462 -0.092901722 1.156623840 0.018441036 -0.847151339 -0.036583729 0.529769897
1439803642.695529 -1.863034844 -0.092730880 1.144008636 0.017892314 -0.853842199 -0.036568075 0.518937528
1439803642.758031 -1.880174160 -0.092867084 1.131141543 0.016991107 -0.860447049 -0.036413334 0.507952988
1439803642.820529 -1.897607088 -0.092422031 1.116870880 -0.015992021 0.866604924 0.036316466 -0.497414589
1439803642.883032 -1.914559364 -0.092548177 1.102364540 -0.015825523 0.872394443 0.037491608 -0.487105519
1439803642.945533 -1.931649208 -0.091886744 1.087047577 -0.016200131 0.877957523 0.038987484 -0.476873249
1439803643.008035 -1.948591709 -0.091553740 1.071039915 -0.017089486 0.883316815 0.040993486 -0.466667801
1439803643.070537 -1.965634465 -0.090885974 1.054320216 -0.018332502 0.888400316 0.042991098 -0.456684381
1439803643.133038 -1.982506037 -0.090022452 1.037140608 -0.019362560 0.893087089 0.044758089 -0.447232932
1439803643.195537 -1.999771476 -0.089267641 1.019929647 -0.019275999 0.897425890 0.045267910 -0.438412994
1439803643.258038 -2.016869068 -0.088394322 1.002150059 -0.019337952 0.901357889 0.045627519 -0.430230260
1439803643.320537 -2.034438133 -0.087646373 0.983697474 -0.019920552 0.904985845 0.046710510 -0.422400206
1439803643.383039 -2.051820278 -0.086835042 0.965509951 -0.019742139 0.908458948 0.047847278 -0.414756745
1439803643.445539 -2.069513559 -0.086372241 0.946635664 -0.018992735 0.911627710 0.048672944 -0.407682657
1439803643.508039 -2.087411642 -0.085820399 0.927612901 -0.018539591 0.914400756 0.048817724 -0.401427954
1439803643.570541 -2.105363846 -0.085371301 0.907734334 -0.018996032 0.916673362 0.048797827 -0.396191776
1439803643.633041 -2.123707056 -0.084724464 0.888107896 -0.019941447 0.918547690 0.048841372 -0.391774178
1439803643.695543 -2.141903162 -0.083914913 0.867913723 -0.021168826 0.920060158 0.048510175 -0.388185382
1439803643.758047 -2.160578728 -0.083158329 0.847657740 -0.021602511 0.921448648 0.047953486 -0.384923548
1439803643.820547 -2.179385185 -0.082821555 0.827275038 -0.021782236 0.922737718 0.048174690 -0.381784976
1439803643.883048 -2.198674679 -0.081556663 0.806443751 -0.021710508 0.923908412 0.047852468 -0.378988177
1439803643.945550 -2.217850208 -0.080768541 0.785513639 -0.022015424 0.924807966 0.047692865 -0.376790255
1439803644.008052 -2.237401962 -0.080108553 0.764376283 -0.021165423 0.925647736 0.047398150 -0.374808937
1439803644.070553 -2.257394791 -0.079098471 0.742723584 -0.020207120 0.926421165 0.047690980 -0.372908890
1439803644.133066 -2.277358055 -0.078147449 0.720393419 -0.020681452 0.927093744 0.049392354 -0.370985001
1439803644.195554 -2.297621250 -0.077171773 0.697851658 -0.020251501 0.927790225 0.050047092 -0.369175345
1439803644.258068 -2.317966461 -0.076671608 0.675489724 -0.019573389 0.928460538 0.050034862 -0.367524654
1439803644.320556 -2.338354111 -0.075989455 0.652789354 -0.019834625 0.928965747 0.050158143 -0.366214991
1439803644.383057 -2.358969450 -0.075186089 0.629509985 -0.020993598 0.929204226 0.050968446 -0.365432590
1439803644.445558 -2.379886389 -0.074255988 0.606031239 -0.021346131 0.929192007 0.051290799 -0.365398079
1439803644.508060 -2.401050091 -0.073251434 0.583002329 -0.021946250 0.929106414 0.051490154 -0.365552157
1439803644.570561 -2.422389269 -0.072324999 0.559972525 -0.021846376 0.928937852 0.051254507 -0.366019279
1439803644.633062 -2.444241762 -0.071431078 0.536516905 -0.021944331 0.928763330 0.050697874 -0.366533488
1439803644.695563 -2.466516018 -0.070414163 0.512972772 -0.020606387 0.928643167 0.050302789 -0.366969854
1439803644.758065 -2.489017963 -0.069487743 0.489362299 -0.019348584 0.928494513 0.050869778 -0.367336005
1439803644.820566 -2.511424541 -0.068726540 0.465723634 -0.019527992 0.928310454 0.051529903 -0.367699593
1439803644.883067 -2.533979416 -0.067825705 0.441167712 -0.019749219 0.928040087 0.051353145 -0.368394405
1439803644.945568 -2.556580305 -0.067040898 0.416808128 -0.020662995 0.927762151 0.051530797 -0.369019091
1439803645.008069 -2.579084635 -0.065714054 0.391986728 -0.022565011 0.927502036 0.053080697 -0.369341582
1439803645.070572 -2.602239609 -0.064547956 0.367180228 -0.022352355 0.927305102 0.054016694 -0.369713217
1439803645.133072 -2.625399828 -0.063399583 0.342282414 -0.022443775 0.927173257 0.054320008 -0.369993627
1439803645.195573 -2.648657322 -0.062599137 0.317835212 -0.022835551 0.927107334 0.053677786 -0.370228589
1439803645.258074 -2.672321796 -0.061683387 0.292535782 -0.022867234 0.926952124 0.052468009 -0.370788366
1439803645.320576 -2.695880890 -0.061399490 0.268265486 -0.021601146 0.926915884 0.050982598 -0.371161789
1439803645.383077 -2.719860554 -0.060648009 0.242998958 -0.021252714 0.926829219 0.050067876 -0.371522695
1439803645.445578 -2.743566036 -0.059870437 0.217760086 -0.022526672 0.926610291 0.049424473 -0.372079402
1439803645.508080 -2.767392159 -0.058964640 0.193002462 -0.022827588 0.926496863 0.048281699 -0.372493476
1439803645.570581 -2.791155815 -0.057876259 0.167746782 -0.023592895 0.926250875 0.048472404 -0.373032391
1439803645.633082 -2.815316677 -0.057057783 0.141917586 -0.024502380 0.926025808 0.049599197 -0.373384148
1439803645.695584 -2.839565992 -0.056305692 0.116656542 -0.023988359 0.925894916 0.050569918 -0.373611987
1439803645.758088 -2.864371777 -0.055364594 0.090590000 -0.022918539 0.925784707 0.051677629 -0.373800486
1439803645.820587 -2.889174938 -0.054182783 0.064353704 -0.022494996 0.925706685 0.053001244 -0.373834223
1439803645.883087 -2.914341450 -0.053320944 0.038617015 -0.021772390 0.925702929 0.053609904 -0.373799443
1439803645.945589 -2.939170361 -0.052122444 0.011957288 -0.021065017 0.925734401 0.053485367 -0.373779893
1439803646.008092 -2.963284731 -0.051640883 -0.013047099 -0.020610427 0.925895274 0.053104889 -0.373460859
1439803646.070591 -2.988032579 -0.050789654 -0.039442062 -0.021546612 0.925942838 0.053044289 -0.373298675
1439803646.133093 -3.012909889 -0.049675271 -0.065878630 -0.022239411 0.925984561 0.052590124 -0.373218834
1439803646.195595 -3.037483215 -0.048730925 -0.092230320 -0.023205752 0.925997257 0.052090257 -0.373198658
1439803646.258095 -3.062611580 -0.047481269 -0.118923426 -0.024239516 0.926022708 0.051828079 -0.373106182
1439803646.320599 -3.087616444 -0.046642959 -0.145480990 -0.024670603 0.926027298 0.051935181 -0.373051614
1439803646.383098 -3.112833023 -0.045293182 -0.172430277 -0.024742553 0.926052749 0.052454542 -0.372911036
1439803646.445602 -3.138357162 -0.043948442 -0.199535966 -0.025270322 0.926078320 0.053714521 -0.372632623
1439803646.508101 -3.163582325 -0.042812347 -0.226660609 -0.025675373 0.926081121 0.054588050 -0.372471124
1439803646.570602 -3.189011574 -0.041774288 -0.253488421 -0.025702601 0.926137626 0.055054728 -0.372259825
1439803646.633109 -3.214460850 -0.040998548 -0.280589581 -0.025793545 0.926192880 0.055451557 -0.372057140
1439803646.695605 -3.239841461 -0.040383399 -0.307075143 -0.024416918 0.926407993 0.054577801 -0.371743679
1439803646.758106 -3.265078545 -0.039444163 -0.333757281 -0.024075808 0.926609874 0.053584401 -0.371407092
1439803646.820607 -3.290808678 -0.038610384 -0.361030102 -0.024544068 0.926675975 0.052764513 -0.371328831
1439803646.883108 -3.316391706 -0.037425548 -0.387984991 -0.024783488 0.926699519 0.052137718 -0.371342838
1439803646.945611 -3.341648579 -0.036200508 -0.415536642 -0.025213020 0.926715672 0.052403580 -0.371236026
1439803647.008111 -3.366903305 -0.035450697 -0.442732930 -0.026322640 0.926790237 0.053091660 -0.370874912
1439803647.070612 -3.392116785 -0.034378663 -0.470674157 -0.027373582 0.926853120 0.053727370 -0.370550066
1439803647.133117 -3.417932034 -0.033235878 -0.498438358 -0.026595429 0.927038491 0.053644437 -0.370154977
1439803647.195615 -3.443821430 -0.032651573 -0.525595307 -0.026020795 0.927273154 0.053742498 -0.369593173
1439803647.258117 -3.469602108 -0.031889677 -0.552592993 -0.024690431 0.927509665 0.053345244 -0.369148314
1439803647.320618 -3.495255947 -0.030710354 -0.580792785 -0.024706492 0.927551866 0.053710077 -0.368988216
1439803647.383119 -3.520752668 -0.029154524 -0.608538628 -0.024517827 0.927572072 0.053760372 -0.368942708
1439803647.445625 -3.545636892 -0.028397515 -0.635545254 -0.025303869 0.927567720 0.053980969 -0.368868321
1439803647.508122 -3.570911407 -0.027418688 -0.663265586 -0.026510656 0.927666724 0.053834442 -0.368555963
1439803647.570623 -3.597151279 -0.025894150 -0.692225933 -0.026373794 0.927784383 0.053077243 -0.368379354
1439803647.633124 -3.622792482 -0.025379568 -0.719357967 -0.026404398 0.927918494 0.052420411 -0.368133307
1439803647.695625 -3.647480726 -0.026893958 -0.745899916 -0.026255982 0.927984476 0.052590508 -0.367953300
1439803647.758127 -3.673176289 -0.025843009 -0.773289800 -0.026026402 0.928029716 0.052516699 -0.367866069
1439803647.820628 -3.698636055 -0.024519235 -0.801056623 -0.025258346 0.927999139 0.052871499 -0.367945969
1439803647.883129 -3.724683762 -0.023856342 -0.828797460 -0.024120297 0.927966774 0.053304616 -0.368041456
1439803647.945630 -3.750373840 -0.023277760 -0.856356382 -0.022816526 0.928004920 0.053286504 -0.368031055
1439803648.008132 -3.776518822 -0.022264898 -0.884307265 -0.022411710 0.928141773 0.053065743 -0.367742509
1439803648.070634 -3.801599979 -0.021872044 -0.911572218 -0.023180885 0.928244412 0.053334873 -0.367396653
1439803648.133134 -3.826966047 -0.021084189 -0.939773083 -0.023700031 0.928272307 0.052898057 -0.367356300
1439803648.195641 -3.852335691 -0.020002902 -0.967642546 -0.023819007 0.928331971 0.052549664 -0.367247850
1439803648.258138 -3.878045559 -0.019100130 -0.995222807 -0.023315102 0.928525269 0.051512450 -0.366938323
1439803648.320640 -3.903601885 -0.018240035 -1.022696972 -0.023179105 0.928696990 0.050808460 -0.366610259
1439803648.383139 -3.929523468 -0.017421782 -1.050567985 -0.021959312 0.928787053 0.049968183 -0.366572827
1439803648.445642 -3.955360651 -0.016802520 -1.077736974 -0.021105144 0.928768992 0.049183667 -0.366774887
1439803648.508142 -3.980886936 -0.016050458 -1.105821013 -0.021822434 0.928630829 0.049173493 -0.367083937
1439803648.570645 -4.006326675 -0.015337855 -1.133491635 -0.022204705 0.928505778 0.049177114 -0.367376775
1439803648.633144 -4.031929970 -0.014590830 -1.161099672 -0.022055577 0.928403735 0.049233571 -0.367635697
1439803648.695646 -4.057510853 -0.013608575 -1.189109087 -0.022410251 0.928198993 0.050221514 -0.367997587
1439803648.758147 -4.083432674 -0.012833059 -1.216708660 -0.021263244 0.928058445 0.051181331 -0.368287683
1439803648.820650 -4.108857632 -0.011682361 -1.244614363 -0.019431764 0.927852750 0.052521523 -0.368718237
1439803648.883150 -4.135093689 -0.010321230 -1.272586584 -0.018952630 0.927626967 0.054883562 -0.368967116
1439803648.945651 -4.161094666 -0.009206206 -1.300089002 -0.018093357 0.927450955 0.056316998 -0.369236618
1439803649.008152 -4.187025070 -0.007951707 -1.328424811 -0.018214922 0.927266002 0.056699630 -0.369636506
1439803649.070654 -4.212759972 -0.007180184 -1.355618119 -0.019798331 0.927209973 0.056673378 -0.369699597
1439803649.133156 -4.238299847 -0.006325454 -1.383324385 -0.021217296 0.927171171 0.055639472 -0.369875222
1439803649.195657 -4.264049053 -0.005563527 -1.411018372 -0.021763254 0.927204669 0.053889688 -0.370018542
1439803649.258157 -4.289711952 -0.004539847 -1.438214421 -0.022736352 0.927261293 0.052240763 -0.370054722
1439803649.320659 -4.315539360 -0.003205836 -1.465796351 -0.023607403 0.927209735 0.051435564 -0.370242119
1439803649.445661 -4.367547989 -0.000743955 -1.521500587 -0.025008159 0.926860392 0.051992334 -0.370946407
1439803649.508164 -4.393050194 0.000026077 -1.548991561 -0.025608132 0.926636755 0.052888874 -0.371337146
1439803649.570662 -4.419521809 0.000882417 -1.577040672 -0.025207046 0.926575124 0.053172007 -0.371477902
1439803649.633164 -4.445613861 0.001653135 -1.604683518 -0.024667090 0.926582515 0.053107876 -0.371504933
1439803649.695667 -4.471748352 0.002219051 -1.631868958 -0.024021080 0.926620901 0.052505951 -0.371537060
1439803649.758168 -4.497707367 0.003112972 -1.659503579 -0.023467582 0.926513493 0.052188192 -0.371884912
1439803649.883168 -4.550202370 0.005252957 -1.714460135 -0.021886624 0.926309526 0.052172001 -0.372491330
1439803649.945672 -4.576634407 0.006981820 -1.741942525 -0.021412257 0.926199734 0.052808050 -0.372702152
1439803650.008173 -4.602624893 0.007757396 -1.769161701 -0.020431085 0.926079154 0.054288376 -0.372844070
1439803650.070673 -4.629095554 0.009248316 -1.797829390 -0.019926148 0.925863981 0.055488028 -0.373229057
1439803650.133174 -4.655251026 0.010129452 -1.825058460 -0.019082572 0.925787568 0.056057185 -0.373377532
1439803650.258178 -4.707696915 0.012643933 -1.880218506 -0.017980181 0.925672829 0.055448364 -0.373807400
1439803650.320676 -4.733645439 0.013571441 -1.907213449 -0.017568875 0.925691545 0.054793842 -0.373877257
1439803650.383177 -4.759487152 0.014700145 -1.934313655 -0.018227465 0.925686717 0.053867269 -0.373992264
1439803650.445678 -4.785151482 0.015747994 -1.961371899 -0.018563980 0.925655603 0.053009592 -0.374175161
1439803650.508180 -4.811064243 0.016776770 -1.988349557 -0.018783635 0.925606847 0.052187353 -0.374400377
1439803650.570681 -4.836918831 0.017701060 -2.015004158 -0.018157626 0.925627649 0.050676558 -0.374587268
1439803650.695683 -4.888826370 0.019127339 -2.068136215 -0.016144115 0.925593913 0.047849838 -0.375134230
1439803650.758188 -4.914568424 0.020018399 -2.094373226 -0.015318195 0.925424576 0.047834516 -0.375588238
1439803650.820685 -4.940155029 0.021370173 -2.121605396 -0.015476822 0.925064445 0.048797812 -0.376344264
1439803650.883186 -4.965587616 0.022392571 -2.148189068 -0.015825594 0.924745977 0.049943138 -0.376961708
1439803650.945688 -4.990995884 0.023570955 -2.174351215 -0.015429192 0.924598575 0.050900619 -0.377211511
1439803651.070689 -5.042240143 0.024842680 -2.226832151 -0.011778405 0.924423337 0.052184321 -0.377597123
1439803651.133190 -5.067742825 0.025531471 -2.252083302 -0.010132450 0.924296618 0.051778026 -0.378010839
1439803651.195692 -5.093267441 0.026327461 -2.277919769 -0.009179302 0.924084127 0.050963618 -0.378664762
1439803651.258195 -5.118351936 0.027007163 -2.303355217 -0.009082231 0.923904300 0.050044205 -0.379228026
1439803651.383194 -5.168191433 0.029751420 -2.355286121 -0.011257693 0.923471034 0.049964849 -0.380234182
1439803651.445695 -5.192855835 0.030571640 -2.380678415 -0.012107599 0.923290074 0.050434180 -0.380585343
1439803651.508197 -5.217494488 0.031804860 -2.406125069 -0.013182364 0.923164070 0.051178217 -0.380755961
1439803651.570698 -5.242452621 0.032836288 -2.431601048 -0.014085722 0.923025429 0.052298598 -0.380907387
1439803651.695700 -5.292710304 0.034387797 -2.481024265 -0.010569733 0.922975540 0.050974246 -0.381321490
1439803651.758201 -5.317304611 0.035201877 -2.506030560 -0.009776582 0.922744393 0.049841829 -0.382051051
1439803651.820703 -5.342153072 0.035913199 -2.530181646 -0.009563558 0.922551215 0.049168792 -0.382609725
1439803651.883203 -5.366593838 0.036816180 -2.554925442 -0.009859699 0.922289491 0.049236137 -0.383224070
1439803651.945705 -5.390929699 0.037622839 -2.579847336 -0.011328874 0.922040164 0.049607236 -0.383735210
1439803652.008209 -5.414920807 0.038654715 -2.604763508 -0.012853995 0.921737731 0.049956869 -0.384367853
1439803652.133206 -5.463566303 0.040831119 -2.653932333 -0.012896501 0.921438277 0.050333094 -0.385034710
1439803652.195710 -5.488564968 0.042153746 -2.677061558 -0.012448777 0.921561539 0.050673202 -0.384709775
1439803652.258216 -5.512854099 0.042580992 -2.702197552 -0.011029035 0.921364605 0.050384123 -0.385262340
1439803652.320718 -5.537166119 0.043236434 -2.726286173 -0.010095347 0.921172082 0.049432963 -0.385871083
1439803652.383212 -5.561234951 0.044051498 -2.750588894 -0.010977146 0.920883954 0.049120095 -0.386574060
1439803652.508214 -5.610019684 0.045665413 -2.798657894 -0.012164092 0.920572400 0.047778953 -0.387447655
1439803652.570715 -5.634070873 0.046413183 -2.822615623 -0.012928418 0.920428753 0.047776774 -0.387764186
1439803652.633215 -5.658192635 0.047576278 -2.845941067 -0.013405602 0.920323968 0.047634691 -0.388014138
1439803652.695715 -5.682987213 0.048310459 -2.870251179 -0.012704065 0.920175850 0.047272261 -0.388433248
1439803652.758216 -5.707526207 0.049244165 -2.893895626 -0.011797168 0.920112252 0.046862803 -0.388662070
1439803652.820717 -5.731925964 0.049850076 -2.917246103 -0.011123846 0.919963062 0.046755195 -0.389047772
1439803652.945717 -5.780551910 0.051448435 -2.964037418 -0.010293186 0.919549704 0.047273211 -0.389984161
1439803653.008218 -5.804868698 0.052083313 -2.987847090 -0.009532519 0.919454992 0.047341641 -0.390218407
1439803653.070718 -5.828598976 0.052866250 -3.011531591 -0.010265289 0.919309974 0.048041295 -0.390455961
1439803653.133218 -5.853401184 0.053808630 -3.035357952 -0.010803764 0.919178963 0.048469722 -0.390696824
1439803653.195719 -5.878352642 0.054186374 -3.060254097 -0.010768794 0.918979585 0.048827894 -0.391121924
1439803653.258219 -5.902520180 0.055110812 -3.084006310 -0.011253303 0.918936431 0.049135968 -0.391171157
1439803653.383220 -5.951111794 0.056835651 -3.131115913 -0.010961661 0.918894053 0.049126044 -0.391280204
1439803653.445721 -5.975724220 0.057767540 -3.154627323 -0.010239569 0.918824017 0.048640359 -0.391524851
1439803653.508221 -6.000243187 0.058724493 -3.178225040 -0.010176009 0.918721318 0.049185216 -0.391699374
1439803653.570721 -6.024826050 0.059803486 -3.202490091 -0.010066750 0.918601155 0.049918182 -0.391891271
1439803653.695723 -6.073877811 0.062008113 -3.250255108 -0.010570545 0.918308437 0.050375581 -0.392504990
1439803653.758223 -6.098354340 0.062800676 -3.274339199 -0.011455340 0.918141246 0.050058320 -0.392911702
1439803653.820723 -6.122830868 0.062984437 -3.298597097 -0.012385945 0.917960823 0.049910776 -0.393323541
1439803653.883225 -6.147382736 0.064002901 -3.322894096 -0.013142619 0.917792737 0.050044768 -0.393674076
1439803653.945725 -6.173029900 0.066872865 -3.341825008 -0.013008688 0.918269157 0.048997987 -0.392698020
