1439804065.203286 -0.000443873 -0.002111862 0.037889346 0.000819528 0.000142293 -0.000749960 0.999999344
1439804065.265786 -0.000756684 -0.004244375 0.075930305 0.001338153 0.000171805 -0.000900805 0.999998689
1439804065.328288 -0.001101587 -0.006371533 0.114163838 0.001452165 0.000041135 -0.000805940 0.999998569
1439804065.390790 -0.001219577 -0.008445449 0.152279541 0.000987619 -0.000287241 0.000053330 0.999999464
1439804065.453292 -0.001427034 -0.010080130 0.190914810 0.000210915 -0.000442860 0.001526006 0.999998689
1439804065.515795 -0.001168116 -0.012526136 0.228487313 -0.000996558 -0.000792916 0.002934927 0.999994874
1439804065.578293 -0.001584972 -0.014683652 0.267661870 -0.001434590 -0.000803481 0.002953234 0.999994278
1439804065.640795 -0.001834587 -0.016551998 0.305921763 -0.001129655 -0.001084272 0.001555783 0.999997556
1439804065.703300 -0.001928779 -0.018290153 0.344202250 -0.000356677 -0.001472255 0.001149297 0.999998212
1439804065.765804 -0.003030634 -0.020208735 0.382832497 0.000130134 -0.001591169 0.000986217 0.999998212
1439804065.828298 -0.003465354 -0.022203090 0.421447456 0.000176593 -0.001965675 0.000813936 0.999997735
1439804065.890797 -0.003815191 -0.024031745 0.460187227 -0.000605473 -0.002111576 0.000047996 0.999997556
1439804065.953305 -0.004219138 -0.025977006 0.498904347 -0.001492782 -0.002084374 -0.000401074 0.999996603
1439804066.015799 -0.004575623 -0.028182929 0.537805796 -0.002213076 -0.002125340 -0.000327100 0.999995232
1439804066.078300 -0.005013808 -0.030301820 0.576875508 -0.002205437 -0.002259463 0.000062225 0.999994993
1439804066.140806 -0.005461380 -0.032553080 0.615904212 -0.001996471 -0.002408997 0.000352572 0.999995053
1439804066.203304 -0.005691855 -0.034230698 0.654763758 -0.001630716 -0.002637435 0.000244108 0.999995172
1439804066.265804 -0.006313559 -0.036390666 0.693749785 -0.001252684 -0.002723298 0.000208978 0.999995470
1439804066.328306 -0.006731181 -0.038360178 0.732769668 -0.001185609 -0.002983293 -0.000085422 0.999994874
1439804066.390807 -0.007544779 -0.040535584 0.771582901 -0.001265818 -0.003151348 -0.000663286 0.999994040
1439804066.453308 -0.007926899 -0.042615205 0.810298741 -0.001050786 -0.003401038 -0.000564136 0.999993503
1439804066.515811 -0.008243007 -0.044706058 0.849410415 -0.000741251 -0.003514359 -0.000789728 0.999993205
1439804066.578311 -0.008927934 -0.046793912 0.888940990 -0.000480418 -0.003396165 -0.001559325 0.999992907
1439804066.640813 -0.009294338 -0.048857894 0.928284585 -0.000266517 -0.003348037 -0.001991444 0.999992371
1439804066.703315 -0.009804606 -0.050804801 0.967962742 0.000078526 -0.003282444 -0.001259634 0.999993801
1439804066.765814 -0.009866975 -0.052937251 1.007858038 0.000268136 -0.003600243 -0.000472088 0.999993384
1439804066.828316 -0.010437065 -0.055440962 1.047252893 0.000241689 -0.003911769 0.000154303 0.999992311
1439804066.890822 -0.010923625 -0.057529081 1.086898446 0.000535724 -0.004161239 0.000761254 0.999990940
1439804066.953317 -0.011649457 -0.060118664 1.126260042 0.000431095 -0.004484474 0.001614683 0.999988556
1439804067.015820 -0.012349483 -0.062310297 1.165766954 0.000080301 -0.004789739 0.001895744 0.999986708
1439804067.078321 -0.013005114 -0.064204782 1.205597639 -0.000209951 -0.005000484 0.001691614 0.999986053
1439804067.140821 -0.013377763 -0.065828852 1.245991588 -0.000436482 -0.005312001 0.000811069 0.999985456
1439804067.203321 -0.014425285 -0.068135791 1.285347104 -0.000621407 -0.005349254 0.001040549 0.999984980
1439804067.265824 -0.015077406 -0.070347510 1.325242519 -0.000204354 -0.005583410 0.001134653 0.999983728
1439804067.328326 -0.015772225 -0.072664678 1.365152121 0.000128590 -0.005824206 0.001356073 0.999982119
1439804067.390825 -0.016576864 -0.074882753 1.405043364 0.000458942 -0.005949291 0.001223034 0.999981463
1439804067.453328 -0.017438097 -0.077195451 1.445125461 0.000501604 -0.006106718 0.000790956 0.999980927
1439804067.515828 -0.018020373 -0.079571024 1.485203147 0.000236577 -0.006371226 0.001455158 0.999978602
1439804067.578330 -0.018625706 -0.081806980 1.525346756 0.000080056 -0.006634954 0.001542499 0.999976814
1439804067.640830 -0.019418973 -0.083680443 1.565342665 0.000140586 -0.006896055 0.001739595 0.999974668
1439804067.703331 -0.020072393 -0.086166717 1.605211854 0.000312498 -0.007104672 0.001679564 0.999973297
1439804067.765833 -0.020788779 -0.088399351 1.645189524 0.000330690 -0.007280413 0.001486351 0.999972343
1439804067.828334 -0.021549255 -0.090543143 1.684961438 0.000020867 -0.007545564 0.001436930 0.999970496
1439804067.890834 -0.022553962 -0.092842616 1.725027680 -0.000070357 -0.007804814 0.000832804 0.999969184
1439804067.953337 -0.023504810 -0.095061772 1.764885426 -0.000298769 -0.008372988 -0.000494440 0.999964774
1439804068.015838 -0.024810757 -0.097407147 1.804902792 -0.000110977 -0.009003378 -0.002067896 0.999957323
1439804068.078339 -0.025818236 -0.099809445 1.844633937 0.000298518 -0.009740864 -0.002832825 0.999948502
1439804068.140839 -0.027150396 -0.101907216 1.884744406 0.000838380 -0.010398154 -0.003410397 0.999939740
1439804068.203344 -0.028229225 -0.104510859 1.924625993 0.001077964 -0.011031087 -0.004711346 0.999927461
1439804068.265844 -0.029704254 -0.106517486 1.964959025 0.001113837 -0.011307738 -0.005777415 0.999918759
1439804068.328343 -0.031115904 -0.108776152 2.005149126 0.000369112 -0.011467351 -0.006033608 0.999915957
1439804068.390849 -0.032433648 -0.110939719 2.045506716 -0.000100948 -0.011580389 -0.006089848 0.999914408
1439804068.453346 -0.033557262 -0.113123529 2.085598230 -0.000215124 -0.011842915 -0.005521834 0.999914587
1439804068.515847 -0.034655362 -0.115573183 2.125900507 -0.000445778 -0.012149401 -0.004815028 0.999914467
1439804068.578348 -0.035701603 -0.117587633 2.165866375 0.000038504 -0.012875929 -0.003982146 0.999909163
1439804068.640851 -0.036874570 -0.119699925 2.205930710 0.000349991 -0.013686086 -0.002475054 0.999903202
1439804068.703350 -0.038260020 -0.121994354 2.246008635 0.000224043 -0.014515290 -0.001764763 0.999893069
1439804068.765852 -0.039682154 -0.124077715 2.286014080 0.000067143 -0.015270443 -0.002555262 0.999880135
1439804068.828353 -0.041286785 -0.126062676 2.326057911 0.000276342 -0.015979629 -0.003360722 0.999866605
1439804068.890854 -0.043205176 -0.128496826 2.366041660 0.000366273 -0.016456284 -0.004120319 0.999855995
1439804068.953355 -0.045064446 -0.130749941 2.405912876 0.000646814 -0.017146196 -0.005168682 0.999839425
1439804069.015856 -0.046938162 -0.133075267 2.445902348 0.000720604 -0.017712805 -0.006421185 0.999822259
1439804069.078362 -0.049316954 -0.135183007 2.486026764 0.000312435 -0.017885335 -0.007374616 0.999812782
1439804069.140862 -0.051407661 -0.137235656 2.526237965 -0.000007302 -0.018222056 -0.008005454 0.999801934
1439804069.203362 -0.053061340 -0.139215916 2.566097498 0.000036160 -0.018633550 -0.008095222 0.999793649
1439804069.265865 -0.055151720 -0.141669244 2.605924129 0.000696891 -0.018744415 -0.008536002 0.999787629
1439804069.328363 -0.057028029 -0.143702030 2.645370722 0.001840576 -0.018933902 -0.008971430 0.999778807
1439804069.390865 -0.059036903 -0.146225139 2.685058594 0.002669211 -0.018917231 -0.009315129 0.999774098
1439804069.453367 -0.060772624 -0.148690343 2.724786043 0.003290333 -0.018796355 -0.009499591 0.999772787
1439804069.515870 -0.062520020 -0.151173607 2.764436722 0.003265697 -0.018620351 -0.009538297 0.999775767
1439804069.578370 -0.064402699 -0.153584719 2.804028749 0.002849141 -0.018287363 -0.010332252 0.999775290
1439804069.640875 -0.066360407 -0.155911341 2.843655109 0.001966087 -0.017906304 -0.011410322 0.999772608
1439804069.703373 -0.068134069 -0.158383548 2.883420467 0.000733406 -0.017590722 -0.011958257 0.999773502
1439804069.765878 -0.069967754 -0.160422385 2.922701597 -0.000245432 -0.017134458 -0.012631692 0.999773383
1439804069.828375 -0.071761683 -0.162880480 2.962177277 -0.001025204 -0.016805205 -0.013226303 0.999770761
1439804069.890882 -0.073218159 -0.165045917 3.001181126 -0.000850884 -0.016614886 -0.013516563 0.999770224
1439804069.953380 -0.074749291 -0.167157754 3.040154219 -0.000330435 -0.016498584 -0.014163361 0.999763489
1439804070.015881 -0.076581351 -0.169410139 3.079254866 0.000124231 -0.016191138 -0.014950874 0.999757111
1439804070.078385 -0.078682505 -0.171534494 3.118418932 0.000548132 -0.015651172 -0.015389339 0.999758899
1439804070.140884 -0.080210224 -0.173746333 3.157320023 0.000619958 -0.015322778 -0.015418062 0.999763489
1439804070.203386 -0.082573414 -0.174498647 3.196483135 0.000880016 -0.014463869 -0.015219225 0.999779165
