1439804061.953224 -0.000278430 -0.002047087 0.028490752 -0.001004113 -0.000079409 0.000243952 0.999999464
1439804062.015724 -0.000696728 -0.002858002 0.058312729 -0.001073517 -0.000122171 0.000675220 0.999999166
1439804062.078224 -0.000535130 -0.004841882 0.087870136 -0.001360609 -0.000573074 0.001147139 0.999998271
1439804062.140726 -0.000995217 -0.006449025 0.117004879 -0.001112941 -0.000690731 0.002061076 0.999997020
1439804062.203228 -0.001679068 -0.008078271 0.146680057 -0.000570555 -0.000490218 0.002935130 0.999995410
1439804062.265729 -0.001392383 -0.009262210 0.176466420 0.000103090 -0.001004097 0.003533655 0.999993265
1439804062.328228 -0.001879085 -0.010881071 0.205939636 0.000376083 -0.001396925 0.003717254 0.999992013
1439804062.390730 -0.002030669 -0.012406452 0.235498980 0.000546478 -0.002364144 0.004480591 0.999987006
1439804062.453231 -0.002429005 -0.014185791 0.265168786 0.000221022 -0.003500374 0.005411009 0.999979198
1439804062.515733 -0.002827183 -0.015566889 0.294689298 -0.000111833 -0.004646390 0.005904045 0.999971747
1439804062.578234 -0.003495913 -0.017018056 0.324365824 -0.000712455 -0.005522362 0.005848186 0.999967396
1439804062.640736 -0.004042692 -0.018676627 0.353849560 -0.001589091 -0.005987023 0.006258217 0.999961197
1439804062.703240 -0.004512223 -0.019946195 0.383358479 -0.002159304 -0.006038979 0.006426684 0.999958813
1439804062.765739 -0.004912924 -0.021765064 0.412712008 -0.003025504 -0.005531219 0.006130309 0.999961317
1439804062.828240 -0.005213204 -0.023077670 0.442160457 -0.003674733 -0.004656507 0.006436781 0.999961674
1439804062.890746 -0.005678509 -0.024545273 0.471568793 -0.003809104 -0.003690130 0.006148220 0.999967039
1439804062.953243 -0.005876005 -0.025900505 0.500670671 -0.004451238 -0.003113242 0.007186286 0.999959409
1439804063.015745 -0.005703853 -0.027108449 0.530018210 -0.005658153 -0.002689694 0.010321734 0.999927104
1439804063.078246 -0.005757299 -0.028503221 0.559096098 -0.005805628 -0.002471689 0.011315946 0.999916017
1439804063.140747 -0.005668116 -0.029939795 0.587866247 -0.004867908 -0.002267880 0.012370999 0.999909043
1439804063.203249 -0.005727869 -0.031461660 0.617086887 -0.002988957 -0.001898949 0.011973983 0.999922037
1439804063.265750 -0.005697762 -0.033004869 0.646107256 0.000173203 -0.001700740 0.012262991 0.999923348
1439804063.328252 -0.005925278 -0.034644209 0.675775230 0.002721004 -0.001477421 0.012899038 0.999912024
1439804063.390754 -0.006238837 -0.036104318 0.705187738 0.003309312 -0.001235242 0.012688551 0.999913275
1439804063.453255 -0.006198609 -0.037692051 0.734682739 0.002033219 -0.001321989 0.012709144 0.999916255
1439804063.515756 -0.006502104 -0.039206702 0.764483809 -0.000093003 -0.000971585 0.012280595 0.999924123
1439804063.578258 -0.006701701 -0.040985949 0.794269204 -0.002417232 -0.000825136 0.012855988 0.999914110
1439804063.640759 -0.006640028 -0.042553231 0.823916852 -0.003610061 -0.000865960 0.013607263 0.999900520
1439804063.703260 -0.006693592 -0.044231527 0.853754163 -0.003859348 -0.000828361 0.014282277 0.999890208
1439804063.765762 -0.006646769 -0.045577545 0.882993758 -0.003129117 -0.000788159 0.014871285 0.999884248
1439804063.828262 -0.006480573 -0.047116231 0.912625074 -0.002457223 -0.000907311 0.015607960 0.999874771
1439804063.890765 -0.006566207 -0.048476487 0.942543685 -0.001789335 -0.001069171 0.015812155 0.999872804
1439804063.953266 -0.006791010 -0.050008744 0.971646726 -0.001659358 -0.001432171 0.016794611 0.999856532
1439804064.015766 -0.006924056 -0.051459912 1.001438856 -0.001621421 -0.002098913 0.017451705 0.999844193
1439804064.078266 -0.007241492 -0.052936181 1.031489491 -0.001799167 -0.002761654 0.017662995 0.999838531
1439804064.140767 -0.007486249 -0.054359447 1.061371207 -0.001756190 -0.003533092 0.017923461 0.999831557
1439804064.203267 -0.007835519 -0.056059003 1.091361046 -0.001778681 -0.004076255 0.018286509 0.999822855
1439804064.265768 -0.008161086 -0.057643764 1.121476054 -0.001638662 -0.004719727 0.018671034 0.999813199
1439804064.328270 -0.008249079 -0.059312548 1.150982141 -0.001812386 -0.005514055 0.018123891 0.999818921
1439804064.390769 -0.008791086 -0.060906209 1.181188583 -0.001913072 -0.006198947 0.018168446 0.999813855
1439804064.453270 -0.009218926 -0.062507324 1.211643457 -0.002246557 -0.006987970 0.018527433 0.999801397
1439804064.515771 -0.009294092 -0.064137459 1.241520762 -0.002633010 -0.008006157 0.018939327 0.999785125
1439804064.578271 -0.009577269 -0.065227047 1.272197604 -0.002537283 -0.008988980 0.019385424 0.999768436
1439804064.640772 -0.010099926 -0.067302816 1.301674724 -0.002899537 -0.009718717 0.019251877 0.999763250
1439804064.703274 -0.010721989 -0.068603210 1.332288146 -0.002668880 -0.010506450 0.019192539 0.999757051
1439804064.765776 -0.011436505 -0.069776103 1.362472534 -0.002546866 -0.011551544 0.019180903 0.999746025
1439804064.828276 -0.012456411 -0.071559511 1.392812729 -0.002794043 -0.012502062 0.019088477 0.999735713
1439804064.890778 -0.012514289 -0.072822087 1.423132658 -0.002735657 -0.014026537 0.019036574 0.999716640
