1439803827.386334 -0.001189556 -0.001467630 0.025641028 0.000607666 -0.002847571 -0.001508433 0.999994636
1439803827.448833 -0.002493821 -0.002811986 0.051565658 0.001832368 -0.005462156 -0.002740936 0.999979615
1439803827.511334 -0.003763952 -0.004229578 0.077844612 0.002567899 -0.007927217 -0.003886124 0.999957740
1439803827.573836 -0.004977586 -0.005586538 0.105672605 0.002891078 -0.010208662 -0.004940006 0.999931514
1439803827.636336 -0.006123313 -0.006856530 0.133064464 0.002909401 -0.012064442 -0.005741382 0.999906480
1439803827.698838 -0.007608849 -0.008231743 0.158725232 0.002953080 -0.013269041 -0.006173710 0.999888539
1439803827.761337 -0.008871686 -0.009579191 0.188264593 0.002997003 -0.014614721 -0.007039316 0.999863923
1439803827.823840 -0.010376838 -0.011222536 0.214841709 0.002348991 -0.015573629 -0.008102723 0.999843180
1439803827.886341 -0.011541872 -0.012860257 0.243331358 0.001603934 -0.016601847 -0.008435938 0.999825299
1439803827.948845 -0.012899316 -0.014454044 0.272307098 0.001098275 -0.017151825 -0.009009132 0.999811709
1439803828.011343 -0.014070688 -0.016181350 0.301524848 0.000733180 -0.017466603 -0.009360894 0.999803364
1439803828.073845 -0.015690707 -0.017521754 0.330138505 0.000767596 -0.017250020 -0.009683154 0.999804020
1439803828.136347 -0.017304670 -0.019053452 0.360153019 0.000813605 -0.017118493 -0.009739581 0.999805689
1439803828.198847 -0.018138023 -0.020734141 0.390233219 0.000810594 -0.017208574 -0.009757367 0.999803960
1439803828.261349 -0.019851673 -0.022060517 0.419888198 0.000889870 -0.016810164 -0.009546050 0.999812722
1439803828.323852 -0.020970948 -0.023651825 0.449823618 0.000986536 -0.016755624 -0.008979782 0.999818802
1439803828.386352 -0.021814417 -0.025446216 0.480470359 0.001326163 -0.016931534 -0.008476880 0.999819815
1439803828.448852 -0.023500647 -0.026952824 0.510832727 0.001991329 -0.016680602 -0.008345612 0.999824047
1439803828.511353 -0.024727270 -0.028648471 0.541954219 0.002436183 -0.016550722 -0.008190178 0.999826491
1439803828.573854 -0.026002675 -0.030375211 0.572548389 0.002676095 -0.016271673 -0.007727959 0.999834180
1439803828.636357 -0.027200399 -0.032118771 0.604036272 0.002999486 -0.016230594 -0.007306478 0.999837101
1439803828.698856 -0.028495749 -0.033873357 0.635477960 0.003097834 -0.016096449 -0.006819353 0.999842405
1439803828.761358 -0.029625852 -0.035589289 0.667529225 0.002822842 -0.016009275 -0.005982592 0.999849975
1439803828.823860 -0.030610807 -0.037442729 0.699517369 0.002881431 -0.015981792 -0.004150674 0.999859512
1439803828.886360 -0.031734105 -0.039304081 0.731960535 0.002757538 -0.015916824 -0.003609131 0.999863029
1439803828.948866 -0.033012059 -0.041108113 0.764776170 0.002630019 -0.015821561 -0.003830942 0.999864042
1439803829.011364 -0.034257110 -0.043012165 0.797584116 0.002763008 -0.015637275 -0.003543979 0.999867618
1439803829.073868 -0.035413258 -0.044931788 0.830836833 0.003150208 -0.015508823 -0.003010796 0.999870241
1439803829.136365 -0.036555443 -0.047014326 0.864604533 0.003367707 -0.015512048 -0.002373258 0.999871135
1439803829.198867 -0.037634395 -0.048967838 0.898444057 0.003063551 -0.015676722 -0.001579342 0.999871135
1439803829.261369 -0.038803484 -0.050794069 0.932274044 0.002734311 -0.015630482 -0.001390330 0.999873102
1439803829.323870 -0.040071923 -0.052773193 0.967631876 0.002370552 -0.015394300 -0.000814388 0.999878347
1439803829.386371 -0.041216202 -0.054756068 1.002162099 0.001904756 -0.015175868 -0.000543241 0.999882877
1439803829.448873 -0.042479713 -0.056632612 1.036920667 0.001486042 -0.014760529 -0.000757682 0.999889672
1439803829.511374 -0.043596357 -0.058460552 1.071716070 0.001161085 -0.014158144 -0.000720204 0.999898851
1439803829.573876 -0.044727936 -0.060404461 1.106944561 0.000978614 -0.013457381 -0.000638116 0.999908745
1439803829.636376 -0.045820698 -0.062281903 1.142227173 0.000760193 -0.012813400 -0.000848917 0.999917269
1439803829.698878 -0.046933655 -0.064059451 1.177673101 0.000121026 -0.012161697 -0.001034610 0.999925494
1439803829.761380 -0.047788449 -0.065828271 1.213172436 -0.000746120 -0.011595068 -0.000672619 0.999932289
1439803829.823881 -0.048701525 -0.067654394 1.248886943 -0.001211421 -0.011044863 0.000126334 0.999938250
1439803829.886381 -0.049653910 -0.069618344 1.284791946 -0.001049844 -0.010524214 0.000438927 0.999943972
1439803829.948881 -0.050561707 -0.071643390 1.320529103 -0.000132844 -0.009998784 0.000403817 0.999949932
1439803830.011383 -0.051236533 -0.073817961 1.356600404 0.001532275 -0.009619610 0.000178128 0.999952555
1439803830.073883 -0.052061204 -0.076078407 1.392547011 0.003714925 -0.009315293 0.000316425 0.999949634
1439803830.136385 -0.052906625 -0.078441486 1.428626657 0.005578975 -0.009246579 0.000570489 0.999941528
1439803830.198885 -0.053901576 -0.080776557 1.465051889 0.006563309 -0.009328972 0.000432304 0.999934852
1439803830.261384 -0.055005476 -0.082936391 1.501745939 0.006874310 -0.009507850 0.000532020 0.999930978
1439803830.323884 -0.056041095 -0.085224114 1.538839221 0.006770529 -0.009745220 0.000714037 0.999929368
1439803830.386386 -0.057008274 -0.087410137 1.576409459 0.006421774 -0.010020242 0.000775497 0.999928892
1439803830.448888 -0.057872076 -0.089855038 1.613553524 0.005778152 -0.010211360 0.001052096 0.999930620
1439803830.511389 -0.058948521 -0.092312820 1.651015759 0.005317050 -0.010376056 0.001225750 0.999931276
1439803830.573892 -0.060064666 -0.094786838 1.688468695 0.005449689 -0.010519928 0.001221522 0.999929070
1439803830.636390 -0.061340749 -0.097161636 1.726340294 0.005439552 -0.010664222 0.001170821 0.999927640
1439803830.698891 -0.062588140 -0.099512227 1.764058471 0.005323973 -0.010729644 0.000794683 0.999927998
1439803830.761392 -0.063706413 -0.101927802 1.801891327 0.005395458 -0.010933278 0.000811658 0.999925315
1439803830.823894 -0.064817578 -0.104351424 1.839640617 0.005616210 -0.010951541 0.000959359 0.999923766
1439803830.886395 -0.065833673 -0.106867671 1.877553225 0.005685080 -0.011016320 0.001186774 0.999922454
1439803830.948897 -0.066482671 -0.109326690 1.914986610 0.005771886 -0.011165362 0.001423514 0.999920011
1439803831.011400 -0.067485407 -0.111756802 1.953180313 0.005639151 -0.011252014 0.001558364 0.999919593
1439803831.073901 -0.068393081 -0.114208400 1.991317987 0.005064221 -0.011331769 0.001671315 0.999921560
1439803831.136401 -0.069464445 -0.116284385 2.031833887 0.004802639 -0.011356707 0.002170965 0.999921620
1439803831.198903 -0.070462987 -0.118760943 2.070935011 0.004534083 -0.011360953 0.002757451 0.999921381
1439803831.261404 -0.071488746 -0.121293165 2.110118866 0.004605848 -0.011252872 0.003112780 0.999921203
1439803831.323905 -0.072468236 -0.123887792 2.149064064 0.004909683 -0.011060563 0.002998355 0.999922276
1439803831.386411 -0.073522955 -0.126404822 2.188436508 0.005009603 -0.011057944 0.003018432 0.999921739
1439803831.448908 -0.074622944 -0.128785208 2.228040457 0.004751299 -0.011366914 0.003432987 0.999918222
1439803831.511410 -0.075743750 -0.131138906 2.267837048 0.004164325 -0.011852169 0.003681588 0.999914289
1439803831.573911 -0.076978184 -0.133492529 2.307867050 0.003377294 -0.012239746 0.003919040 0.999911726
1439803831.636412 -0.078104779 -0.135832772 2.347822189 0.002623214 -0.012540351 0.004356402 0.999908447
1439803831.698914 -0.079312652 -0.138198793 2.387844801 0.002060789 -0.012712051 0.004464712 0.999907136
1439803831.761415 -0.080653474 -0.140425667 2.428218603 0.001661286 -0.012833011 0.004675871 0.999905348
1439803831.823916 -0.081976503 -0.142727643 2.468644857 0.001655574 -0.013031426 0.004815115 0.999902129
1439803831.886419 -0.083276927 -0.145049259 2.509136438 0.001940310 -0.013287506 0.005001178 0.999897301
1439803831.948919 -0.084546514 -0.147285596 2.549796581 0.002170448 -0.013572961 0.005516249 0.999890327
1439803832.011419 -0.085840531 -0.149589255 2.590520144 0.002504609 -0.013889486 0.006270584 0.999880731
1439803832.073922 -0.087225683 -0.151958883 2.631473541 0.002959268 -0.014185552 0.006630127 0.999872983
1439803832.136423 -0.088755332 -0.154356882 2.672733784 0.003071187 -0.014368171 0.006661225 0.999869883
1439803832.198925 -0.090139337 -0.156804577 2.713882923 0.002995710 -0.014465610 0.006815193 0.999867618
1439803832.261426 -0.091610126 -0.159276322 2.755250216 0.003168475 -0.014611566 0.006939897 0.999864101
1439803832.323927 -0.093116909 -0.161787868 2.796705484 0.003414750 -0.014768474 0.007021531 0.999860466
1439803832.386428 -0.094473466 -0.164391190 2.838053465 0.003642546 -0.014887189 0.006787374 0.999859512
1439803832.448930 -0.095931120 -0.166978762 2.879432917 0.004005821 -0.015048104 0.006488576 0.999857664
1439803832.511430 -0.097391926 -0.169563174 2.920749187 0.004319906 -0.015175223 0.005781290 0.999858797
1439803832.573932 -0.099049449 -0.172164977 2.962720633 0.004284609 -0.015363456 0.005423902 0.999858081
1439803832.636434 -0.100699447 -0.174766958 3.004508734 0.004160942 -0.015662624 0.005199903 0.999855161
1439803832.698935 -0.102450207 -0.177250117 3.046889782 0.003810036 -0.016075103 0.004711620 0.999852419
1439803832.761436 -0.104255520 -0.179760680 3.088885307 0.003140931 -0.016430840 0.004242219 0.999851048
1439803832.823938 -0.105777398 -0.182473570 3.131204605 0.003165734 -0.016723555 0.004869509 0.999843240
1439803832.886439 -0.107169166 -0.185201660 3.172872066 0.003457619 -0.017096188 0.005612219 0.999832153
1439803832.948945 -0.109032914 -0.187885672 3.215383530 0.004203311 -0.017441867 0.005880091 0.999821782
1439803833.011446 -0.110772863 -0.190790474 3.257460594 0.005699673 -0.017722894 0.006169202 0.999807656
1439803833.073944 -0.112355895 -0.193547815 3.299159765 0.006362578 -0.018217245 0.007211633 0.999787807
1439803833.136445 -0.114009485 -0.196493983 3.341224432 0.006387793 -0.018672613 0.007469553 0.999777317
1439803833.198946 -0.115830265 -0.199351281 3.383129597 0.006045347 -0.018909700 0.007548266 0.999774456
1439803833.261447 -0.117553458 -0.201980963 3.424884796 0.004978914 -0.019017881 0.007160556 0.999781072
1439803833.323951 -0.119306847 -0.204637796 3.466569662 0.003839437 -0.018905146 0.006631648 0.999791920
1439803833.386451 -0.121398561 -0.207301036 3.509103537 0.002888817 -0.018689061 0.006215067 0.999801874
1439803833.448952 -0.123057917 -0.209977865 3.550832987 0.002323371 -0.018547388 0.006190042 0.999806106
1439803833.511453 -0.124693826 -0.212608621 3.592442751 0.002102605 -0.018398957 0.006150780 0.999809563
1439803833.573957 -0.126239166 -0.215126693 3.634074688 0.002300333 -0.018176882 0.006641973 0.999810100
1439803833.636455 -0.128091618 -0.217638552 3.676050663 0.002741751 -0.017845504 0.007017773 0.999812365
1439803833.698957 -0.129768953 -0.220114380 3.717486858 0.003316655 -0.017598223 0.007273441 0.999813199
1439803833.761459 -0.131274790 -0.222813636 3.759347439 0.003666430 -0.017347649 0.007531490 0.999814451
1439803833.823960 -0.132551745 -0.225500375 3.799984455 0.003609129 -0.017090490 0.008057941 0.999814987
1439803833.886462 -0.134334043 -0.228028789 3.841786623 0.003554647 -0.016865881 0.008438984 0.999815822
1439803833.948964 -0.135404855 -0.231048405 3.882541895 0.003212012 -0.016631119 0.008619447 0.999819338
1439803834.011464 -0.136844531 -0.233091936 3.923532963 0.002801432 -0.016345089 0.009459564 0.999817729
1439803834.073967 -0.137942851 -0.235709980 3.964499950 0.002519960 -0.016151933 0.010201484 0.999814332
1439803834.136467 -0.139577165 -0.238366231 4.005590916 0.002130691 -0.015807429 0.010525949 0.999817371
1439803834.198971 -0.141182929 -0.240863591 4.046612740 0.001209057 -0.015478860 0.009981684 0.999829650
1439803834.261469 -0.142688841 -0.242950276 4.087876797 -0.000103604 -0.015275116 0.008700098 0.999845445
1439803834.323971 -0.144438997 -0.245115981 4.129209042 -0.000874182 -0.015018611 0.008521646 0.999850512
1439803834.386474 -0.145496860 -0.247750342 4.169858932 -0.000469007 -0.015101664 0.010347102 0.999832332
1439803834.448973 -0.146346763 -0.250613809 4.210740566 0.001120850 -0.015323767 0.013235062 0.999794364
1439803834.511472 -0.147590041 -0.252941519 4.250934124 0.003647349 -0.015159870 0.014287609 0.999776304
1439803834.573978 -0.149158478 -0.255943865 4.291187763 0.005470033 -0.014744251 0.014096569 0.999776959
1439803834.636474 -0.150833607 -0.258725107 4.331475735 0.006590164 -0.014409445 0.013502124 0.999783278
1439803834.698974 -0.151951611 -0.261414170 4.371754646 0.006421214 -0.014360836 0.013901601 0.999779582
1439803834.761480 -0.153161108 -0.264080673 4.412072659 0.005681117 -0.014523244 0.013720855 0.999784231
1439803834.823976 -0.154675350 -0.266757727 4.452613354 0.004642423 -0.014495714 0.013369198 0.999794781
1439803834.886476 -0.156113237 -0.269288361 4.493185520 0.003768754 -0.014455391 0.013143208 0.999802053
1439803834.948977 -0.157579347 -0.272065759 4.533475876 0.003526451 -0.014251049 0.012644514 0.999812305
1439803835.011477 -0.159197614 -0.274940312 4.573566437 0.003450596 -0.013931745 0.012440753 0.999819577
1439803835.073978 -0.160517573 -0.277499676 4.613630772 0.003552229 -0.013642600 0.011903315 0.999829769
1439803835.136479 -0.161873087 -0.279887199 4.653788090 0.004006514 -0.013296085 0.011582776 0.999836504
1439803835.198979 -0.163222671 -0.282497346 4.693546295 0.004391434 -0.012911406 0.011572803 0.999840021
1439803835.261479 -0.164401770 -0.284792423 4.733246803 0.004541195 -0.012494068 0.011535594 0.999845088
1439803835.323983 -0.165457428 -0.287387252 4.772985935 0.004363526 -0.012003723 0.011847110 0.999848247
1439803835.386481 -0.166921437 -0.289795965 4.813263416 0.004376999 -0.011383502 0.011961603 0.999854088
1439803835.448981 -0.167351693 -0.292488039 4.852447033 0.004025189 -0.010805732 0.012133315 0.999859869
1439803835.511483 -0.169008762 -0.294629425 4.893029213 0.003887420 -0.010208239 0.012508306 0.999862134
1439803835.573983 -0.169140145 -0.297888398 4.931608200 0.003794424 -0.009863849 0.012222293 0.999869466
1439803835.636484 -0.170082346 -0.300877452 4.970698833 0.004002452 -0.009366104 0.011763305 0.999878943
1439803835.698984 -0.171030670 -0.303460747 5.009938717 0.004038219 -0.009003666 0.011938848 0.999880016
1439803835.761485 -0.171446711 -0.305982560 5.048474312 0.004050853 -0.008847694 0.011995378 0.999880731
1439803835.823986 -0.172146231 -0.308353126 5.087901592 0.003807725 -0.008660564 0.012173683 0.999881148
1439803835.886489 -0.172950327 -0.310643494 5.126746178 0.003438982 -0.008181013 0.012631248 0.999880850
1439803835.948988 -0.173726976 -0.312922984 5.166152954 0.003161693 -0.007740460 0.013043078 0.999880016
1439803836.011490 -0.174230352 -0.315585017 5.204075336 0.003072622 -0.007308142 0.012934678 0.999884903
1439803836.073990 -0.174796283 -0.318030119 5.242586136 0.002951874 -0.006849601 0.013212333 0.999884903
1439803836.136491 -0.175317273 -0.320472032 5.281556606 0.002583622 -0.006483178 0.014069816 0.999876678
1439803836.198993 -0.175520152 -0.322986364 5.319781780 0.002131797 -0.006178629 0.015050877 0.999865353
1439803836.261495 -0.175730303 -0.325388253 5.358223915 0.001797504 -0.005896484 0.015178555 0.999865770
1439803836.323997 -0.176037177 -0.327897131 5.396530151 0.001559827 -0.005557941 0.015326750 0.999865890
1439803836.386498 -0.175791875 -0.330435902 5.434665203 0.001817794 -0.005228174 0.016443811 0.999849439
1439803836.448999 -0.176386639 -0.332841873 5.473056316 0.002564419 -0.004778743 0.017207779 0.999837220
1439803836.511499 -0.176370308 -0.335353464 5.511467457 0.003389131 -0.004331623 0.017752485 0.999827266
1439803836.574002 -0.176652104 -0.337757587 5.549445152 0.003836439 -0.003752643 0.017969364 0.999824166
1439803836.636504 -0.176728785 -0.340292305 5.587924004 0.003723243 -0.003220037 0.018054776 0.999824882
1439803836.699007 -0.177006811 -0.342864364 5.626221180 0.003206620 -0.002684644 0.017937921 0.999830365
1439803836.761505 -0.176888943 -0.344993949 5.664298058 0.002054165 -0.002234916 0.017709609 0.999838591
1439803836.824007 -0.177316308 -0.347505867 5.702979565 0.001295801 -0.001614563 0.016960477 0.999854028
1439803836.886508 -0.177206770 -0.349394858 5.741105080 0.000874652 -0.000880018 0.015651336 0.999876738
1439803836.949010 -0.177290723 -0.352076620 5.778879642 0.000683108 0.000468065 0.014928116 0.999888241
1439803837.011511 -0.176664039 -0.354231924 5.816917896 0.001068339 0.001915374 0.015846005 0.999872029
1439803837.074012 -0.176508889 -0.356277645 5.855331898 0.001969762 0.003439835 0.015631976 0.999869943
1439803837.136513 -0.175875619 -0.358629882 5.893552780 0.002677827 0.004857118 0.014732476 0.999876082
1439803837.199014 -0.175268903 -0.361199349 5.931886673 0.002762914 0.006186352 0.014457827 0.999872506
1439803837.261517 -0.174606115 -0.363099605 5.969633102 0.002255024 0.007342990 0.014564937 0.999864399
1439803837.324017 -0.174176306 -0.364715755 6.008002758 0.001790816 0.008241733 0.014759116 0.999855518
1439803837.386519 -0.172994345 -0.367006719 6.046555519 0.001453445 0.008943991 0.014804892 0.999849319
1439803837.449025 -0.172007605 -0.369627833 6.084777832 0.001695181 0.009806635 0.014737085 0.999841869
1439803837.511524 -0.171317011 -0.371797860 6.122252941 0.002821004 0.010631304 0.014668672 0.999831915
1439803837.574024 -0.170899183 -0.374663711 6.160032749 0.004305669 0.011453664 0.013797644 0.999829948
1439803837.636525 -0.169620559 -0.376305073 6.198309422 0.005518199 0.011929523 0.013207762 0.999826372
1439803837.699027 -0.168558612 -0.378423691 6.236168385 0.005947658 0.012173966 0.013284758 0.999819934
1439803837.761530 -0.167701855 -0.381121218 6.274133682 0.005929974 0.012221705 0.013122167 0.999821603
1439803837.824029 -0.167087764 -0.383509219 6.312481880 0.005671826 0.012245256 0.012780548 0.999827266
1439803837.886531 -0.165951073 -0.386458457 6.350486755 0.005065036 0.011782910 0.013256867 0.999829888
1439803837.949032 -0.165315077 -0.388781488 6.388315678 0.004751034 0.011354323 0.013513776 0.999832928
1439803838.011534 -0.164046586 -0.391368240 6.426718712 0.004854226 0.010503586 0.013564888 0.999841034
1439803838.074041 -0.163235545 -0.394161999 6.465085030 0.005008701 0.009587014 0.013615934 0.999848783
1439803838.136537 -0.162741631 -0.396206588 6.503302097 0.005507414 0.008569745 0.014104769 0.999848604
1439803838.199037 -0.162533522 -0.398377568 6.541760921 0.006569706 0.007599120 0.014057503 0.999850750
1439803838.261537 -0.161698192 -0.400809348 6.580208778 0.007521606 0.006385300 0.014237223 0.999849975
1439803838.324042 -0.161272839 -0.404058188 6.618450642 0.008176615 0.005419227 0.014181222 0.999851346
1439803838.386539 -0.161453992 -0.406056970 6.657045364 0.008837732 0.004536771 0.014004053 0.999852598
1439803838.449039 -0.161267787 -0.408541620 6.695721149 0.008974578 0.003462841 0.013905965 0.999857068
1439803838.511542 -0.161683142 -0.410976887 6.734298706 0.008780175 0.002574920 0.013399134 0.999868393
1439803838.574041 -0.161427155 -0.413955599 6.773896694 0.008432121 0.001421695 0.013255084 0.999875546
1439803838.636541 -0.161856353 -0.416655064 6.812851429 0.007932900 0.000416618 0.013059399 0.999883175
1439803838.699044 -0.162064224 -0.419675350 6.851768017 0.007699989 -0.000629862 0.012899623 0.999886930
1439803838.761542 -0.162200317 -0.422281653 6.890655518 0.007986830 -0.001736630 0.013199488 0.999879479
1439803838.824042 -0.162830383 -0.425250113 6.929794788 0.008228905 -0.002780973 0.013080185 0.999876678
1439803838.886546 -0.163437456 -0.427817315 6.968804359 0.008246440 -0.003790001 0.012878293 0.999875903
1439803838.949046 -0.164319292 -0.430561304 7.007549286 0.007946500 -0.004690867 0.013141531 0.999871016
1439803839.011550 -0.164933711 -0.433092177 7.047016621 0.007480973 -0.005836068 0.013431810 0.999864757
1439803839.074050 -0.165810108 -0.435798764 7.086274147 0.006931550 -0.007071682 0.013740310 0.999856591
1439803839.136553 -0.166736230 -0.438420981 7.125476837 0.006149385 -0.008258078 0.014346253 0.999844074
1439803839.199054 -0.167526573 -0.440875769 7.164878368 0.005512905 -0.009630165 0.015124771 0.999824047
1439803839.261554 -0.168523878 -0.443259656 7.204146385 0.005109726 -0.011110184 0.015419047 0.999806345
1439803839.324055 -0.169889897 -0.445616424 7.243625641 0.004953363 -0.012506091 0.015773874 0.999785125
1439803839.386555 -0.171222627 -0.448125988 7.282879353 0.004891907 -0.013956361 0.016291652 0.999757886
1439803839.449058 -0.172911286 -0.450640380 7.321773529 0.005179142 -0.015244121 0.016775113 0.999729633
1439803839.511560 -0.174199611 -0.453276902 7.361165047 0.005692478 -0.016737917 0.017246954 0.999694943
1439803839.574059 -0.175738513 -0.456014961 7.400325298 0.006168433 -0.018051583 0.017472180 0.999665320
1439803839.636560 -0.177221268 -0.458603859 7.439730644 0.006570303 -0.019383434 0.017841550 0.999631345
1439803839.699062 -0.179180562 -0.461270601 7.478771210 0.006724384 -0.020666394 0.018090824 0.999600112
1439803839.761563 -0.181136519 -0.463883817 7.518018246 0.006990300 -0.022011878 0.017497873 0.999580145
1439803839.824068 -0.183480486 -0.466524512 7.557254791 0.007171846 -0.023303095 0.017429080 0.999550760
1439803839.886566 -0.185531065 -0.469602227 7.595920086 0.007211840 -0.024746057 0.017310966 0.999517858
1439803839.949070 -0.187795445 -0.472422898 7.635220051 0.007679895 -0.026238671 0.017211216 0.999477983
1439803840.011569 -0.190501124 -0.475400507 7.674295902 0.007997802 -0.027526826 0.015891561 0.999462783
1439803840.074072 -0.193216190 -0.478118181 7.712753296 0.008072003 -0.028824143 0.015126637 0.999437451
1439803840.136571 -0.196076304 -0.480984360 7.751778603 0.008908383 -0.030118586 0.014470345 0.999401867
1439803840.199075 -0.198822439 -0.483941793 7.790459156 0.010045529 -0.031320989 0.014026539 0.999360442
1439803840.261574 -0.201504648 -0.486876965 7.829220295 0.010979299 -0.032369468 0.014068691 0.999316633
1439803840.324076 -0.204386741 -0.489783347 7.867877483 0.012032670 -0.033209763 0.013636240 0.999282956
1439803840.386577 -0.207450300 -0.492940158 7.906638145 0.012352833 -0.033997186 0.013091217 0.999259830
1439803840.449080 -0.210561723 -0.495938987 7.945441246 0.010396078 -0.034835964 0.012284288 0.999263465
1439803840.511580 -0.213864654 -0.498349190 7.984680653 0.007391255 -0.035641696 0.011037717 0.999276340
1439803840.574084 -0.217096567 -0.500769019 8.023653984 0.004096410 -0.036347620 0.009822879 0.999282539
1439803840.636589 -0.220168173 -0.503263414 8.062501907 0.001203686 -0.036996976 0.009736515 0.999267220
1439803840.699084 -0.223227710 -0.505728424 8.101315498 -0.000342328 -0.037412181 0.010343303 0.999246299
1439803840.761586 -0.226297021 -0.508076429 8.139748573 -0.000397520 -0.037722792 0.010191216 0.999236166
1439803840.824087 -0.229619235 -0.510301650 8.178286552 -0.000003315 -0.038154949 0.009227328 0.999229252
1439803840.886588 -0.233069271 -0.512391210 8.216599464 0.000702072 -0.038617171 0.007897730 0.999222636
1439803840.949090 -0.236499727 -0.514457881 8.254755020 0.001281753 -0.039253362 0.006989108 0.999204040
1439803841.011591 -0.239946514 -0.516725302 8.292968750 0.001333455 -0.040143713 0.006127304 0.999174237
1439803841.074093 -0.243451059 -0.518975139 8.331401825 0.001553342 -0.041141484 0.005511708 0.999136925
1439803841.136594 -0.247093350 -0.521309376 8.369777679 0.001929641 -0.042095039 0.004938587 0.999099553
1439803841.199094 -0.250939131 -0.523447335 8.407920837 0.002165115 -0.043003168 0.004376150 0.999063015
1439803841.261594 -0.254785478 -0.525744438 8.446034431 0.002042055 -0.043988202 0.003546825 0.999023676
1439803841.324095 -0.258889019 -0.527981043 8.484547615 0.001925993 -0.044919915 0.002326611 0.998986006
1439803841.386595 -0.262970984 -0.530182540 8.522574425 0.001854270 -0.045981251 0.001711568 0.998939097
1439803841.449095 -0.266998410 -0.532435119 8.560729027 0.001885039 -0.047148075 0.002082162 0.998883963
1439803841.511600 -0.271052480 -0.534676671 8.598891258 0.002274944 -0.048332032 0.002662106 0.998825192
1439803841.574102 -0.275374949 -0.536857665 8.637332916 0.002874874 -0.049347419 0.002999548 0.998773038
1439803841.636601 -0.279741704 -0.539374650 8.675554276 0.004000616 -0.050396547 0.002517409 0.998718083
1439803841.699103 -0.284282267 -0.541922748 8.713801384 0.005277504 -0.051368501 0.001973091 0.998663902
1439803841.761602 -0.288833678 -0.544510126 8.751538277 0.006840252 -0.052346796 0.000933756 0.998605072
1439803841.824105 -0.293511212 -0.547218204 8.789522171 0.008272495 -0.053407170 -0.000021207 0.998538554
1439803841.886605 -0.298130035 -0.549930632 8.827688217 0.008986884 -0.054731488 0.000465720 0.998460591
1439803841.949108 -0.302785754 -0.552553356 8.866129875 0.008168593 -0.056163479 0.001306916 0.998387337
1439803842.011609 -0.307594836 -0.555035174 8.904664993 0.006396455 -0.057608724 0.001504862 0.998317599
1439803842.074110 -0.312577128 -0.557476282 8.943260193 0.004483987 -0.058995113 0.001310339 0.998247325
1439803842.136611 -0.317854643 -0.560045540 8.981870651 0.002911105 -0.060325731 0.000684589 0.998174250
1439803842.199112 -0.323256850 -0.562655210 9.020316124 0.002400764 -0.061750945 0.000024757 0.998088717
1439803842.261614 -0.328486741 -0.565270305 9.057843208 0.003098292 -0.063418321 -0.000153814 0.997982204
1439803842.324116 -0.334471405 -0.567590535 9.097207069 0.004657594 -0.065152764 -0.000332338 0.997864366
1439803842.386617 -0.340185344 -0.570220888 9.135399818 0.005809636 -0.066832505 -0.000934538 0.997746885
1439803842.449120 -0.346186996 -0.572429478 9.173743248 0.006457143 -0.068434231 -0.001666577 0.997633338
1439803842.511621 -0.352367103 -0.574952900 9.212165833 0.006631229 -0.069991015 -0.002875968 0.997521400
1439803842.574121 -0.358557940 -0.577487707 9.250426292 0.006762336 -0.071589209 -0.004300158 0.997402012
1439803842.636623 -0.365084171 -0.580039680 9.289361954 0.007113806 -0.073183984 -0.005322704 0.997278869
1439803842.699123 -0.371729851 -0.582694948 9.327239037 0.007585439 -0.074601918 -0.005700052 0.997168243
1439803842.761625 -0.378031015 -0.585723042 9.366594315 0.008075601 -0.076115273 -0.005791676 0.997049510
1439803842.824126 -0.384794593 -0.588499665 9.405138016 0.008518361 -0.077455372 -0.006104660 0.996940732
1439803842.886628 -0.391568303 -0.591234207 9.443638802 0.008560465 -0.078768417 -0.006733645 0.996833444
1439803842.949129 -0.398320079 -0.594000936 9.482037544 0.008380516 -0.080244675 -0.006780595 0.996716917
1439803843.011630 -0.405600429 -0.596559703 9.520702362 0.008024787 -0.081679784 -0.008187871 0.996592641
1439803843.074132 -0.412596345 -0.599249721 9.559237480 0.007489699 -0.083228528 -0.008743403 0.996464014
1439803843.136633 -0.420006990 -0.601994216 9.597989082 0.006897056 -0.084432445 -0.010017385 0.996354997
1439803843.199135 -0.427076101 -0.604640841 9.636407852 0.006673183 -0.085646451 -0.009599593 0.996257007
1439803843.261638 -0.434244990 -0.607492566 9.674888611 0.006728739 -0.086516149 -0.009653371 0.996180952
1439803843.324138 -0.441438198 -0.610435843 9.713289261 0.007487759 -0.087090984 -0.010517091 0.996116698
1439803843.386639 -0.448543310 -0.613263965 9.751736641 0.008696222 -0.087578580 -0.010125867 0.996068180
1439803843.449140 -0.455769658 -0.616325438 9.790275574 0.009895044 -0.088092409 -0.009254358 0.996020138
1439803843.511641 -0.462778449 -0.619260311 9.828797340 0.010597734 -0.088800229 -0.008046290 0.995960534
1439803843.574143 -0.470154405 -0.622017503 9.867707253 0.010626456 -0.089389764 -0.006674567 0.995917678
1439803843.636647 -0.477278590 -0.624839544 9.906065941 0.010275417 -0.089952976 -0.006302957 0.995873034
1439803843.699146 -0.484651804 -0.627735138 9.944990158 0.008976153 -0.090576671 -0.005193183 0.995835483
1439803843.761647 -0.491779685 -0.630697966 9.983854294 0.008764605 -0.091304347 -0.002886165 0.995780289
1439803843.824147 -0.499130487 -0.633716643 10.022406578 0.009339523 -0.092013307 -0.002140590 0.995711684
1439803843.886648 -0.506564140 -0.636736155 10.060841560 0.010240344 -0.092639960 -0.001989676 0.995645046
1439803843.949149 -0.514181614 -0.639650822 10.099298477 0.010896274 -0.092936546 -0.002108544 0.995610178
1439803844.011649 -0.521993041 -0.642487109 10.137738228 0.012021300 -0.093133934 -0.002546148 0.995577753
1439803844.074149 -0.529962897 -0.645346940 10.176519394 0.011524574 -0.093380913 -0.002985345 0.995559275
1439803844.136650 -0.537865043 -0.647964835 10.215377808 0.009683114 -0.093510017 -0.003680038 0.995564461
1439803844.199151 -0.545799017 -0.650402784 10.254436493 0.007846027 -0.093669735 -0.003484095 0.995566308
1439803844.261650 -0.553206682 -0.653224111 10.293017387 0.006890264 -0.093937352 -0.001565311 0.995553017
1439803844.324152 -0.560214877 -0.656231344 10.331463814 0.006614250 -0.094300978 -0.000091351 0.995521724
1439803844.386652 -0.567828774 -0.659392715 10.369963646 0.007231705 -0.094436496 0.000185148 0.995504618
1439803844.449152 -0.575499654 -0.662296355 10.408535957 0.009167654 -0.094444066 -0.000066441 0.995487928
1439803844.511654 -0.583152890 -0.665088415 10.446816444 0.010825327 -0.094495401 -0.000482660 0.995466292
1439803844.574154 -0.590660691 -0.667613626 10.485712051 0.011526120 -0.094969392 0.000092100 0.995413482
1439803844.636654 -0.598287463 -0.670871496 10.524039268 0.011019952 -0.095350519 0.000725029 0.995382488
1439803844.699157 -0.605955243 -0.673715889 10.562747955 0.010569779 -0.095692821 0.001043813 0.995354235
1439803844.761655 -0.613803983 -0.676762104 10.601573944 0.010302125 -0.095984794 0.000533215 0.995329320
1439803844.824156 -0.621827126 -0.679968834 10.640342712 0.009840827 -0.096207194 -0.000289061 0.995312631
1439803844.886657 -0.629638910 -0.682937384 10.679310799 0.009245888 -0.096488141 -0.000984022 0.995290697
1439803844.949159 -0.637165189 -0.685668945 10.717771530 0.008713197 -0.096966118 -0.001514863 0.995248377
1439803845.011660 -0.644976258 -0.688367248 10.756340027 0.007859342 -0.097377099 -0.001705881 0.995215058
1439803845.074161 -0.652625799 -0.691210449 10.795261383 0.006945075 -0.097900279 -0.001898295 0.995170176
1439803845.136661 -0.660704136 -0.693950415 10.833839417 0.006457782 -0.098120727 -0.002465416 0.995150506
1439803845.199162 -0.668875337 -0.696570516 10.872773170 0.006234666 -0.098548539 -0.002560174 0.995109439
1439803845.261662 -0.676770926 -0.699296534 10.911592484 0.006081316 -0.098959856 -0.002279500 0.995070219
1439803845.324162 -0.684776187 -0.701776087 10.950473785 0.006035645 -0.099445678 -0.001760642 0.995023131
1439803845.386663 -0.692664862 -0.704178691 10.988983154 0.006207093 -0.099886149 -0.001601801 0.994978189
1439803845.449164 -0.700779438 -0.706726968 11.027571678 0.006328833 -0.100154042 -0.001515169 0.994950652
1439803845.511664 -0.708857298 -0.709183872 11.066403389 0.006104521 -0.100541383 -0.000907063 0.994913697
1439803845.574165 -0.716931343 -0.711637855 11.105320930 0.005737493 -0.101000845 -0.000196966 0.994869769
1439803845.636667 -0.725078225 -0.713898301 11.144076347 0.005481394 -0.101342037 -0.000124144 0.994836569
1439803845.699168 -0.733141303 -0.716360867 11.182805061 0.005243926 -0.101763815 -0.000004187 0.994794786
1439803845.761669 -0.741462588 -0.718880832 11.221646309 0.005244240 -0.102088720 0.000092523 0.994761467
1439803845.824172 -0.749691010 -0.721409976 11.260345459 0.005263593 -0.102547102 0.000318376 0.994714141
1439803845.886671 -0.758157134 -0.724151015 11.299148560 0.005253091 -0.102906823 0.000319008 0.994677067
1439803845.949173 -0.766630173 -0.726539910 11.337734222 0.005580607 -0.103253588 0.000172518 0.994639397
1439803846.011675 -0.775050521 -0.729031682 11.376225471 0.005954374 -0.103575058 0.000252663 0.994603753
1439803846.074177 -0.783453345 -0.731740773 11.414613724 0.006223675 -0.103962630 0.000226780 0.994561732
1439803846.136679 -0.792186260 -0.734446228 11.453054428 0.006665435 -0.104221068 0.000218089 0.994531751
1439803846.199180 -0.800734162 -0.737262726 11.491357803 0.007094986 -0.104582660 0.000105212 0.994490862
1439803846.261681 -0.809225440 -0.739937305 11.529459000 0.007814833 -0.104959451 -0.000083872 0.994445801
1439803846.324179 -0.817762136 -0.742712855 11.567625999 0.008346287 -0.105370872 0.000015587 0.994397938
1439803846.386681 -0.826111794 -0.745545268 11.605715752 0.008905386 -0.105859146 -0.000211296 0.994341254
1439803846.449181 -0.834968805 -0.748355389 11.643675804 0.009190577 -0.106148534 -0.000415788 0.994307697
1439803846.511684 -0.843790531 -0.751228988 11.681442261 0.009029712 -0.106464386 -0.000791305 0.994275212
1439803846.574185 -0.852703094 -0.755880952 11.720067978 0.007856315 -0.107032187 -0.001195779 0.994223773
1439803846.636685 -0.861258626 -0.757325172 11.758382797 0.007734072 -0.107592992 -0.001311537 0.994164050
1439803846.699188 -0.870380640 -0.759308755 11.796710014 0.007710598 -0.107917219 -0.001966089 0.994128048
1439803846.761689 -0.878952503 -0.762606859 11.834417343 0.006874886 -0.108459555 -0.002443133 0.994074106
1439803846.824190 -0.887819290 -0.765134335 11.872447014 0.006857940 -0.108903632 -0.003160446 0.994023621
1439803846.886694 -0.896466613 -0.767830551 11.909852028 0.007304526 -0.109261870 -0.003822417 0.993978798
1439803846.949195 -0.905357838 -0.770530999 11.948127747 0.008083501 -0.109606870 -0.004573259 0.993931592
1439803847.011692 -0.914248109 -0.773256540 11.986021996 0.008544737 -0.109990887 -0.005384717 0.993881285
1439803847.074196 -0.923074722 -0.775924861 12.023715973 0.008961467 -0.110448144 -0.005935748 0.993823767
1439803847.136697 -0.932068229 -0.778491855 12.061206818 0.009294450 -0.110867292 -0.006693506 0.993769228
1439803847.199198 -0.941023469 -0.781128585 12.098626137 0.009130305 -0.111214347 -0.007177319 0.993728578
1439803847.261699 -0.949839234 -0.783658862 12.136189461 0.008680575 -0.111577697 -0.007423847 0.993690073
1439803847.324200 -0.958664894 -0.786393285 12.173654556 0.008116373 -0.111927047 -0.007483294 0.993655086
1439803847.386701 -0.967561245 -0.789420605 12.211129189 0.007542985 -0.112300448 -0.007601403 0.993616581
1439803847.449204 -0.976301908 -0.792070270 12.248484612 0.007187275 -0.112704784 -0.007463840 0.993574500
1439803847.511706 -0.985121131 -0.794899106 12.285824776 0.006952937 -0.113071784 -0.007582981 0.993533552
1439803847.574208 -0.993823290 -0.797421157 12.322991371 0.007087206 -0.113340035 -0.007796186 0.993500412
1439803847.636712 -1.002689719 -0.800074816 12.359936714 0.007065958 -0.113259383 -0.007819326 0.993509531
1439803847.699213 -1.011401534 -0.802471817 12.397125244 0.006838647 -0.113047436 -0.007664630 0.993536472
1439803847.761711 -1.020097852 -0.804941893 12.434147835 0.006626255 -0.112796493 -0.007513371 0.993567586
1439803847.824211 -1.028852463 -0.807522893 12.470875740 0.006587066 -0.112490863 -0.007824035 0.993600130
1439803847.886712 -1.037485123 -0.810042083 12.507899284 0.006729164 -0.112208128 -0.008335275 0.993627012
1439803847.949216 -1.045878053 -0.812438607 12.545143127 0.006630470 -0.112164281 -0.008559692 0.993630648
1439803848.011717 -1.054530740 -0.815272808 12.581570625 0.006528926 -0.111920506 -0.008303642 0.993660986
1439803848.074219 -1.063037157 -0.817830801 12.617963791 0.006911966 -0.111586012 -0.007832879 0.993699849
1439803848.136718 -1.071309209 -0.820275068 12.654725075 0.007291099 -0.111278877 -0.007363669 0.993735194
1439803848.199220 -1.079526663 -0.822823048 12.691492081 0.007617692 -0.111052103 -0.007468900 0.993757308
1439803848.261721 -1.088366389 -0.825473428 12.727492332 0.007896446 -0.110424794 -0.007493140 0.993824840
1439803848.324222 -1.096784711 -0.828061283 12.764159203 0.008116778 -0.110103406 -0.008156190 0.993853509
1439803848.386725 -1.105428696 -0.830570281 12.800326347 0.007741729 -0.109834626 -0.009032083 0.993878663
1439803848.449230 -1.113797665 -0.833093226 12.836425781 0.007257358 -0.109732404 -0.008974398 0.993894160
1439803848.511726 -1.122123122 -0.835679412 12.872609138 0.006862605 -0.109582543 -0.008919463 0.993914008
1439803848.574230 -1.130240321 -0.838288486 12.908693314 0.006624892 -0.109482087 -0.008156783 0.993933201
1439803848.636731 -1.138404250 -0.840930879 12.944710732 0.006658922 -0.109131709 -0.007689435 0.993975282
1439803848.699232 -1.146403074 -0.843554199 12.980747223 0.007061985 -0.108804725 -0.007378624 0.994010627
1439803848.761731 -1.154385448 -0.846085429 13.016563416 0.007340486 -0.108498834 -0.007210841 0.994043291
1439803848.824235 -1.162420034 -0.848561406 13.052003860 0.007300591 -0.108074889 -0.007201849 0.994089842
1439803848.886737 -1.170364618 -0.850970149 13.087639809 0.007106257 -0.107770748 -0.006784820 0.994127214
1439803848.949239 -1.178425312 -0.853455186 13.122960091 0.006677585 -0.107317343 -0.006749963 0.994179487
1439803849.011737 -1.186409235 -0.855739117 13.158588409 0.006091768 -0.106918022 -0.006823908 0.994225740
1439803849.074241 -1.194615364 -0.857826173 13.193996429 0.005312745 -0.106405288 -0.006692484 0.994286120
1439803849.136755 -1.202082038 -0.860510290 13.229277611 0.004561209 -0.106243946 -0.006353925 0.994309306
1439803849.199242 -1.209697366 -0.862736046 13.264246941 0.004324904 -0.106006801 -0.006022446 0.994337738
1439803849.261743 -1.217349768 -0.865257084 13.298711777 0.004072804 -0.105619960 -0.005753318 0.994381547
1439803849.324244 -1.224982738 -0.867587447 13.333129883 0.003737192 -0.105177186 -0.005298219 0.994432330
1439803849.386749 -1.232614398 -0.870025396 13.367050171 0.003519535 -0.104703180 -0.004877287 0.994485319
1439803849.449248 -1.240063787 -0.872096002 13.400921822 0.003530108 -0.104201645 -0.004709195 0.994538724
1439803849.511751 -1.247477889 -0.874332845 13.434358597 0.003451696 -0.103731073 -0.004617272 0.994588673
1439803849.574253 -1.255141497 -0.877742052 13.468626976 0.003301994 -0.103244998 -0.004418674 0.994640648
1439803849.636753 -1.262146711 -0.880289376 13.501830101 0.003769252 -0.102876432 -0.004146919 0.994678378
1439803849.699256 -1.268948317 -0.882350981 13.535125732 0.004511141 -0.102703936 -0.003300740 0.994696259
1439803849.761755 -1.275718570 -0.884786844 13.567755699 0.004905114 -0.102447256 -0.002844997 0.994722247
1439803849.824256 -1.282759905 -0.886711121 13.601004601 0.005141968 -0.102437824 -0.002071520 0.994723976
1439803849.886762 -1.289668322 -0.888711810 13.632962227 0.005094578 -0.102315702 -0.001821283 0.994737267
1439803849.949264 -1.296346784 -0.891216457 13.665472984 0.004910927 -0.102426961 -0.001932477 0.994726539
1439803850.011762 -1.303032637 -0.893436790 13.697129250 0.004231455 -0.102476574 -0.001606632 0.994725108
1439803850.074264 -1.309774160 -0.895900905 13.729249954 0.003563147 -0.102449268 -0.000872899 0.994731486
1439803850.136764 -1.316454530 -0.898108721 13.760864258 0.003252986 -0.102528937 -0.000023984 0.994724691
1439803850.199266 -1.323264241 -0.900251269 13.792358398 0.003499525 -0.102670722 0.000488634 0.994709134
1439803850.261765 -1.329792142 -0.902373731 13.823206902 0.003936479 -0.102948010 0.000485969 0.994678795
1439803850.324269 -1.336339235 -0.904428303 13.854013443 0.004569332 -0.103215687 0.000890979 0.994648099
1439803850.386768 -1.342871070 -0.906500816 13.884282112 0.005305710 -0.103453346 0.001058789 0.994619548
1439803850.449272 -1.349700689 -0.908659995 13.914806366 0.006003320 -0.103745580 0.001183938 0.994585037
1439803850.511772 -1.356003523 -0.910923481 13.944988251 0.006440770 -0.104260288 0.001176629 0.994528472
1439803850.574272 -1.362800598 -0.913071156 13.974967003 0.006565663 -0.104515426 0.001618115 0.994500279
1439803850.636778 -1.369028211 -0.915187895 14.004478455 0.006597651 -0.104800276 0.001820331 0.994469762
1439803850.699277 -1.375662804 -0.917282879 14.033915520 0.006819031 -0.104955621 0.001619381 0.994452238
1439803850.761779 -1.381901622 -0.919274211 14.063167572 0.007029051 -0.105416544 0.001453164 0.994402230
1439803850.824278 -1.388346434 -0.921521902 14.091876984 0.007173785 -0.105552733 0.001326870 0.994386971
1439803850.886781 -1.394945145 -0.923635364 14.120839119 0.007187169 -0.105706953 0.001272520 0.994370520
1439803850.949281 -1.400991559 -0.925757051 14.148989677 0.007370890 -0.105967686 0.001233101 0.994341493
1439803851.011785 -1.407342792 -0.927659214 14.177408218 0.007634147 -0.106350519 0.001233601 0.994298637
1439803851.074289 -1.413755178 -0.929751098 14.205476761 0.007719976 -0.106492229 0.000697208 0.994283319
1439803851.136788 -1.420378327 -0.931837857 14.233643532 0.007737010 -0.106554449 0.000186595 0.994276762
1439803851.199289 -1.426451325 -0.933973789 14.261521339 0.007448071 -0.106869198 0.000115965 0.994245172
1439803851.261787 -1.432495475 -0.935970306 14.288969994 0.007675960 -0.107162543 -0.000067159 0.994211853
1439803851.324291 -1.438637018 -0.937952936 14.316565514 0.008036941 -0.107484296 -0.000295413 0.994174242
1439803851.386792 -1.444788218 -0.939905941 14.343961716 0.008095525 -0.107740089 -0.000564596 0.994145989
1439803851.449294 -1.450043678 -0.941438317 14.370717049 0.008123824 -0.108025052 -0.000877316 0.994114578
1439803851.511796 -1.455937862 -0.943193913 14.397757530 0.008169765 -0.108129531 -0.001295083 0.994102418
1439803851.574296 -1.461670876 -0.944692731 14.424425125 0.008479543 -0.108273484 -0.001622754 0.994083643
1439803851.636797 -1.467881918 -0.946702242 14.451354980 0.008837366 -0.108394980 -0.002073378 0.994066477
1439803851.699300 -1.473711371 -0.948844790 14.478270531 0.008851071 -0.108706221 -0.002381205 0.994031668
1439803851.761799 -1.479966760 -0.950870335 14.504969597 0.008681505 -0.108772315 -0.002795910 0.994024873
1439803851.824300 -1.485486507 -0.952229619 14.530517578 0.008800645 -0.108911082 -0.003103452 0.994007707
1439803851.886802 -1.492475271 -0.952728271 14.556704521 0.009416869 -0.108820222 -0.002507621 0.994013667
1439803851.949305 -1.499101400 -0.952858448 14.581845284 0.010372432 -0.108753748 -0.002381708 0.994011760
1439803852.074307 -1.513152719 -0.955924630 14.622176170 0.010041731 -0.108585328 -0.002006091 0.994034350
1439803852.136805 -1.511366725 -0.955605686 14.637096405 0.009649349 -0.110842220 -0.001356623 0.993790269
