1439803781.948007 -0.000454002 -0.002675386 0.045229588 -0.002821101 -0.003122885 0.002594439 0.999987781
1439803782.010507 -0.000814769 -0.003893620 0.067831956 -0.003323052 -0.004487774 0.003502148 0.999978244
1439803782.073011 -0.000968633 -0.005530193 0.089980364 -0.003139519 -0.005960126 0.004442620 0.999967456
1439803782.135510 -0.001081293 -0.006526407 0.112137467 -0.002337632 -0.007593381 0.005561419 0.999952972
1439803782.198014 -0.002034321 -0.007608504 0.134674773 -0.001606168 -0.009005989 0.005879278 0.999940872
1439803782.260513 -0.002636213 -0.008746328 0.156420439 -0.001100842 -0.010468934 0.006798926 0.999921501
1439803782.323016 -0.003256344 -0.009956307 0.178437933 -0.000763059 -0.011858603 0.007334371 0.999902487
1439803782.385517 -0.004762364 -0.010861463 0.201805711 -0.000473776 -0.012870802 0.007606137 0.999888122
1439803782.448019 -0.005425316 -0.012157489 0.223677665 -0.000476985 -0.014256099 0.007979214 0.999866426
1439803782.510520 -0.006404907 -0.013403610 0.245802253 -0.000165242 -0.015525058 0.008205480 0.999845803
1439803782.573021 -0.007271195 -0.014686359 0.267809540 -0.000183561 -0.016896816 0.008083259 0.999824524
1439803782.635521 -0.008259806 -0.016104350 0.289537728 -0.000058317 -0.018156713 0.007722952 0.999805331
1439803782.698023 -0.009475725 -0.017438415 0.311595231 0.000399298 -0.019278662 0.007351006 0.999787033
1439803782.760524 -0.010539535 -0.018488046 0.333595097 0.001025947 -0.020501003 0.006922612 0.999765337
1439803782.823025 -0.011722678 -0.019853503 0.355239004 0.001097081 -0.021432348 0.006100083 0.999751091
1439803782.885526 -0.012841620 -0.021108046 0.377262443 0.001144401 -0.022131875 0.005846348 0.999737263
1439803782.948032 -0.013932013 -0.022335855 0.398808718 0.000768361 -0.022887833 0.005782287 0.999720991
1439803783.010529 -0.015293963 -0.023603847 0.421023428 -0.000101848 -0.023405783 0.004917786 0.999713957
1439803783.073030 -0.016727181 -0.024797905 0.442990243 -0.000597961 -0.024041602 0.003815826 0.999703467
1439803783.135532 -0.018022571 -0.026071908 0.464613497 -0.000723492 -0.024753340 0.003345893 0.999687731
1439803783.198033 -0.019216565 -0.027321035 0.486020267 -0.000865476 -0.025575088 0.003444713 0.999666631
1439803783.260535 -0.020497233 -0.028591068 0.507574022 -0.000667469 -0.026385760 0.002935377 0.999647319
1439803783.323039 -0.021979565 -0.029755238 0.529065728 -0.000253995 -0.027022539 0.002552793 0.999631524
1439803783.385538 -0.023387499 -0.030901065 0.550177157 -0.000199714 -0.027633762 0.002102928 0.999615908
1439803783.448040 -0.024835944 -0.032075692 0.571675122 -0.000118987 -0.028266819 0.001740188 0.999598861
1439803783.510540 -0.026217356 -0.033177346 0.592808545 0.000132756 -0.028948633 0.001331031 0.999580026
1439803783.573045 -0.027744051 -0.034418508 0.613948762 0.000063314 -0.029481709 0.000941004 0.999564886
1439803783.635543 -0.029232033 -0.035625845 0.635130525 -0.000038989 -0.029997684 0.000378125 0.999549866
1439803783.698044 -0.030726856 -0.036831670 0.656071484 -0.000005552 -0.030658247 -0.000319366 0.999529898
1439803783.760547 -0.032273464 -0.038045317 0.677088082 0.000140761 -0.031153299 -0.001018354 0.999514103
1439803783.823049 -0.033812810 -0.039197180 0.698055446 0.000125545 -0.031611372 -0.001449349 0.999499142
1439803783.885551 -0.035440732 -0.040406767 0.718883336 0.000016051 -0.031955160 -0.002156341 0.999486983
1439803783.948051 -0.037009083 -0.041579627 0.739539206 -0.000042589 -0.032420192 -0.002316127 0.999471664
1439803784.010551 -0.038598854 -0.042726658 0.760307312 -0.000267476 -0.032785960 -0.002409323 0.999459445
1439803784.073053 -0.040038031 -0.043769151 0.780825198 -0.000749393 -0.033243626 -0.002744120 0.999443233
1439803784.135553 -0.041506093 -0.044945214 0.801549077 -0.000963835 -0.033683151 -0.003053482 0.999427438
1439803784.198055 -0.043287884 -0.046160512 0.821856439 -0.001142576 -0.033776060 -0.003387245 0.999423027
1439803784.260560 -0.044356223 -0.046985369 0.842159331 -0.001189243 -0.034410410 -0.003051993 0.999402463
1439803784.323057 -0.045836411 -0.048214927 0.862537146 -0.001574321 -0.034667220 -0.003211724 0.999392509
1439803784.385561 -0.047435805 -0.049374297 0.883140624 -0.001580944 -0.034624387 -0.003486536 0.999393046
1439803784.448071 -0.049080655 -0.050607435 0.903732300 -0.001595611 -0.034604024 -0.003302080 0.999394357
1439803784.510562 -0.050319143 -0.051627740 0.924049437 -0.001858266 -0.034758117 -0.002180350 0.999391675
1439803784.573064 -0.051875386 -0.052523199 0.944528759 -0.002136998 -0.034801263 -0.001497396 0.999390841
1439803784.635564 -0.053215757 -0.053735085 0.964278579 -0.002561404 -0.034919221 -0.001114354 0.999386251
1439803784.698066 -0.054807842 -0.054616190 0.984665692 -0.002270443 -0.035003159 -0.000239949 0.999384582
1439803784.760568 -0.056201629 -0.055825077 1.004497290 -0.001859573 -0.035115384 0.000185134 0.999381483
1439803784.823068 -0.057718907 -0.056986809 1.024528384 -0.001007903 -0.035265990 0.000530694 0.999377310
1439803784.885571 -0.059299812 -0.058061954 1.044684410 0.000044966 -0.035413098 0.000756704 0.999372482
1439803784.948071 -0.060874745 -0.059514757 1.064769864 0.000344878 -0.035415206 0.000799610 0.999372303
1439803785.010573 -0.062837429 -0.061035212 1.085144043 0.000282771 -0.035311721 0.001036353 0.999375761
1439803785.073074 -0.064294271 -0.062177010 1.105050087 0.000314817 -0.035345785 0.001366382 0.999374151
1439803785.135576 -0.065805994 -0.063252538 1.124869347 0.000233124 -0.035430789 0.001154270 0.999371409
1439803785.198077 -0.067307830 -0.064602070 1.144665122 -0.000034304 -0.035347469 0.000288493 0.999375045
1439803785.260578 -0.069002666 -0.065635532 1.164211631 -0.000328361 -0.035349656 -0.001328113 0.999374092
1439803785.323079 -0.070575237 -0.066531144 1.183963060 -0.001387429 -0.035257775 -0.004357658 0.999367774
1439803785.385581 -0.072245747 -0.067600511 1.203598619 -0.001850464 -0.035012107 -0.005199173 0.999371648
1439803785.448082 -0.073680483 -0.068658702 1.223438144 -0.000570775 -0.034758069 -0.002738236 0.999391854
1439803785.510583 -0.074759446 -0.069915205 1.242915154 0.000848028 -0.034700029 -0.001048223 0.999396861
1439803785.573085 -0.076160699 -0.071017146 1.262585998 0.002497207 -0.034137230 -0.000378571 0.999413967
1439803785.635589 -0.077725455 -0.072072037 1.282256365 0.004199779 -0.032992251 -0.001419905 0.999445796
