0.104128 -0.000146734 -0.000726896 0.046947572 -0.000826623 -0.000131528 0.000285938 0.999999583
0.208254 -0.000299329 -0.001474048 0.093893044 -0.000883274 -0.000377550 0.000893004 0.999999106
0.312504 -0.000563470 -0.002192083 0.140821040 -0.000388699 -0.000393966 0.001534326 0.999998689
0.416625 -0.000903186 -0.002916416 0.188095689 -0.000388758 -0.000287351 0.001659450 0.999998510
0.520755 -0.001146420 -0.003605803 0.235490218 -0.000785824 -0.000293538 0.001884494 0.999997854
0.625004 -0.001314805 -0.004275767 0.283165455 -0.001373651 -0.000246992 0.002633294 0.999995530
0.729128 -0.001560613 -0.005147597 0.331007361 -0.001695735 -0.000356293 0.002427513 0.999995530
0.833252 -0.002044082 -0.005744558 0.378650844 -0.000720729 -0.000492217 0.001935302 0.999997735
0.937506 -0.002428022 -0.006454064 0.426637143 0.000369101 -0.000567751 0.000636303 0.999999583
1.041630 -0.003147720 -0.007258613 0.474486619 0.000841386 -0.000390208 -0.001122632 0.999998927
1.145875 -0.003756689 -0.008226813 0.522467852 0.000822818 -0.000345874 -0.002247010 0.999997079
1.250003 -0.004095188 -0.009013938 0.570786774 0.000421466 -0.000294771 -0.002771312 0.999996006
1.354255 -0.004367354 -0.009754424 0.619230330 -0.000934157 -0.000048101 -0.001594693 0.999998271
1.458401 -0.004604219 -0.010337459 0.667949021 -0.001700623 0.000020608 0.000317514 0.999998510
1.562526 -0.004736482 -0.011038668 0.715929985 -0.000623925 -0.000068448 0.001495116 0.999998689
1.666754 -0.005058400 -0.011694369 0.764543533 0.000414639 -0.000030693 0.002043288 0.999997854
1.771007 -0.005467096 -0.012653749 0.813338876 0.001193844 0.000240474 0.000857689 0.999998868
1.875129 -0.006265621 -0.013394060 0.862177849 0.000112750 0.000736942 -0.000425749 0.999999642
1.979377 -0.006332515 -0.013878296 0.911514282 -0.001534190 0.000969231 -0.000871344 0.999997973
2.083502 -0.006242600 -0.014580015 0.961300910 -0.002540140 0.001105563 0.000320871 0.999996126
2.187759 -0.006251466 -0.015040485 1.010526061 -0.001511471 0.000973533 0.002268726 0.999995828
2.291881 -0.006395907 -0.015437101 1.060209155 -0.000231595 0.000941534 0.002280401 0.999996901
2.396132 -0.006499619 -0.016461529 1.109748721 0.000869013 0.001312050 0.002531267 0.999995589
2.500257 -0.006935441 -0.017183065 1.159343600 0.001362357 0.001718990 0.000759334 0.999997318
2.604383 -0.007284996 -0.018168611 1.209459901 0.002383367 0.001887846 0.000369755 0.999995291
2.708628 -0.007160493 -0.019217726 1.259819150 0.002108642 0.001773572 -0.000083053 0.999996185
2.812757 -0.007386780 -0.019963656 1.310218215 0.001540041 0.001736741 0.000036969 0.999997318
2.916881 -0.007752933 -0.020829871 1.360426903 0.000823418 0.001616714 -0.000524457 0.999998212
3.021006 -0.007621704 -0.022015013 1.411077976 0.000512904 0.001506404 -0.001999446 0.999996722
3.125256 -0.007702608 -0.022749659 1.461688161 0.000746140 0.001577206 -0.003094959 0.999993682
3.229379 -0.008366959 -0.023636917 1.512162447 0.000540531 0.001690311 -0.004320493 0.999989092
3.333502 -0.008380508 -0.024605917 1.563125849 0.000493258 0.001492258 -0.004725122 0.999987602
3.437629 -0.008678667 -0.025495345 1.613957167 0.000529026 0.001312256 -0.004221305 0.999990106
3.541754 -0.008844324 -0.026410064 1.665033698 0.000813211 0.000988875 -0.004034314 0.999991059
3.645880 -0.009162546 -0.027356591 1.715891838 0.000652683 0.000514985 -0.003632482 0.999993026
3.750007 -0.009559947 -0.028293138 1.767150640 0.000069149 0.000073687 -0.003749433 0.999992967
3.854131 -0.009939043 -0.029205689 1.818152428 0.000218178 -0.000390185 -0.004098201 0.999991477
3.958276 -0.010504263 -0.029982883 1.869653702 0.000075428 -0.000860965 -0.004370044 0.999990046
4.062383 -0.010775919 -0.030804360 1.921018004 -0.000400387 -0.001556301 -0.004438189 0.999988854
4.166506 -0.011174005 -0.031600621 1.972986817 -0.000806227 -0.001906900 -0.003676966 0.999991119
4.270633 -0.011917165 -0.032320183 2.023804188 -0.000913014 -0.002086959 -0.002942624 0.999993086
4.374756 -0.012508917 -0.033017695 2.074973822 -0.000561683 -0.002239261 -0.001509137 0.999996185
4.478884 -0.012746146 -0.033835068 2.126833677 -0.000658611 -0.002432966 -0.001163261 0.999996126
4.583132 -0.013150580 -0.034778934 2.178433657 -0.001069644 -0.002203565 -0.000424676 0.999996901
4.687259 -0.013616705 -0.035683222 2.229192734 -0.001376900 -0.001943354 0.000087292 0.999997139
4.791384 -0.013769131 -0.036607914 2.280091524 -0.001190148 -0.001719391 0.000849023 0.999997437
4.895505 -0.014048963 -0.037479445 2.331189871 -0.000742815 -0.001533127 0.001629015 0.999997199
4.999630 -0.014625551 -0.038233880 2.381787777 -0.000539470 -0.001185114 0.001449140 0.999998093
5.103758 -0.014929396 -0.039049946 2.432657480 -0.000384950 -0.000854427 0.000773852 0.999999285
5.207869 -0.015531721 -0.039906614 2.483731985 -0.001055831 -0.000582571 -0.001026160 0.999998748
5.311998 -0.016153960 -0.040802702 2.534442663 -0.001698684 -0.000197627 -0.002503190 0.999995410
5.416245 -0.016666682 -0.041756272 2.585070848 -0.001932348 0.000198527 -0.004702824 0.999987066
5.520244 -0.017032633 -0.042352699 2.636022091 -0.001705281 0.000475716 -0.006885889 0.999974728
5.624505 -0.017470833 -0.043092582 2.686669827 -0.001390437 0.000776491 -0.008483593 0.999962747
5.728633 -0.017936071 -0.043969605 2.736642361 -0.001355245 0.001152902 -0.009355538 0.999954641
5.832639 -0.018267756 -0.044747014 2.787143469 -0.001423285 0.001371565 -0.009734292 0.999950647
5.936757 -0.018717594 -0.045615684 2.837546825 -0.001298482 0.001474649 -0.009232203 0.999955475
6.040889 -0.019004524 -0.046516355 2.887884140 -0.000850801 0.001379871 -0.008570377 0.999961972
6.145012 -0.018858939 -0.047185473 2.935533285 -0.000829805 0.001247158 -0.008299628 0.999964416
6.249010 -0.019025594 -0.047814853 2.985503197 -0.000855843 0.001097056 -0.008215279 0.999965310
6.353135 -0.019521322 -0.048877869 3.034797192 -0.000660121 0.000937432 -0.008319458 0.999964714
6.457260 -0.019796001 -0.049537685 3.084523678 -0.000747469 0.000529474 -0.008195901 0.999965966
6.561386 -0.019796174 -0.050869923 3.133348465 -0.001345537 -0.000054433 -0.007823630 0.999968469
6.665511 -0.019601850 -0.051574316 3.182549477 -0.001788323 -0.000682403 -0.006762800 0.999975264
6.769636 -0.019900914 -0.052593812 3.231380701 -0.002201819 -0.001343010 -0.005400735 0.999982059
6.873636 -0.020409327 -0.053358413 3.280054092 -0.002166866 -0.001587914 -0.004442724 0.999986529
6.977759 -0.020503959 -0.054489851 3.328474283 -0.002053151 -0.001875149 -0.003723836 0.999989212
7.081885 -0.020826669 -0.055339780 3.377022505 -0.001810439 -0.001986253 -0.003389773 0.999990642
7.186013 -0.021641212 -0.055704489 3.426851749 -0.001390474 -0.002109411 -0.003663518 0.999990106
7.290011 -0.022297159 -0.056719884 3.475316048 -0.001109246 -0.001969998 -0.003795745 0.999990225
7.394135 -0.022508884 -0.057578903 3.524189472 -0.000819361 -0.002018029 -0.003928623 0.999989927
7.498256 -0.023167040 -0.058502685 3.572483540 -0.000958186 -0.001791836 -0.004671694 0.999987006
7.602386 -0.023691978 -0.059176326 3.621648550 -0.001674162 -0.001740601 -0.004892689 0.999985099
7.706383 -0.024096370 -0.060014315 3.669518471 -0.002292830 -0.001706696 -0.005357812 0.999981523
7.810511 -0.024534464 -0.060738236 3.717878103 -0.001524769 -0.001631553 -0.005000272 0.999984980
7.914632 -0.025133792 -0.061879173 3.766044378 -0.000466621 -0.001556269 -0.005110368 0.999985635
8.018763 -0.025704980 -0.062542796 3.813844442 0.000073336 -0.001602864 -0.004416317 0.999988914
8.122760 -0.025920019 -0.063346572 3.862110853 -0.000480589 -0.001561728 -0.003375397 0.999992967
8.226883 -0.026424356 -0.064296998 3.910105705 -0.001601367 -0.001169751 -0.002032906 0.999995947
8.331011 -0.027039621 -0.064980082 3.958284378 -0.001850015 -0.000792166 -0.001121563 0.999997318
8.435138 -0.027003082 -0.065830454 4.006435394 -0.001030979 -0.000474857 -0.000950923 0.999998927
8.539282 -0.027586734 -0.066460490 4.053624630 0.000096713 -0.000146520 -0.001896120 0.999998212
8.643387 -0.027746161 -0.067206264 4.101557255 0.001210971 0.000443429 -0.002879674 0.999995053
8.747509 -0.028477706 -0.068157256 4.149269104 0.001086111 0.001187881 -0.004225256 0.999989748
8.851635 -0.028915869 -0.069077060 4.197267532 0.000177569 0.002015465 -0.005019038 0.999985337
8.955763 -0.028924128 -0.069975868 4.245674610 -0.001057190 0.002512848 -0.004695361 0.999985218
9.059886 -0.028893115 -0.070770845 4.292490482 -0.001320335 0.002874285 -0.004444505 0.999985099
9.164012 -0.029042382 -0.071480468 4.340834141 -0.000949931 0.003442745 -0.004755739 0.999982297
9.268135 -0.028890993 -0.072094068 4.388354778 -0.000678469 0.003918366 -0.005532627 0.999976754
9.372259 -0.028908994 -0.072985217 4.437096119 -0.000540601 0.004501605 -0.006600640 0.999967933
9.476392 -0.028783973 -0.073427424 4.486133099 0.000093571 0.004931781 -0.006819068 0.999964595
9.580513 -0.028622635 -0.074393004 4.531590939 0.000388655 0.005613494 -0.007571136 0.999955535
9.684640 -0.028346509 -0.075229302 4.580032349 0.000519734 0.006112180 -0.007162685 0.999955535
9.788784 -0.027694236 -0.075853705 4.628276348 0.000017528 0.006421100 -0.006786438 0.999956369
9.892888 -0.027497090 -0.076832026 4.674955368 -0.000522170 0.006867828 -0.006110832 0.999957621
9.997010 -0.027031347 -0.077749968 4.723278522 -0.000734419 0.006979177 -0.005603940 0.999959648
10.101140 -0.026587002 -0.078396052 4.771295547 -0.000761730 0.006981574 -0.004473242 0.999965310
10.205260 -0.026476324 -0.079115167 4.818356037 -0.001086751 0.006931568 -0.003834004 0.999967992
10.309390 -0.026337691 -0.079940677 4.866750717 -0.000915116 0.006690263 -0.002979768 0.999972761
10.413390 -0.025549091 -0.080406189 4.914768219 -0.000790946 0.005970989 -0.002295664 0.999979198
10.517510 -0.025549717 -0.081171498 4.961486816 -0.001247137 0.005560416 -0.001501313 0.999982655
10.621640 -0.025028948 -0.081740834 5.009486675 -0.001238816 0.004963004 -0.000812763 0.999986589
10.725760 -0.024793435 -0.082417376 5.057295799 -0.001273621 0.004359040 -0.000507634 0.999989510
10.829890 -0.024616446 -0.083454363 5.104868889 -0.001012950 0.003773819 -0.000367636 0.999992311
10.934020 -0.024514157 -0.084330291 5.152730942 -0.000899283 0.003310859 -0.000338581 0.999994040
11.038140 -0.024425456 -0.085080609 5.200532436 0.000334958 0.002812025 0.000824242 0.999995649
11.142270 -0.024112562 -0.086022407 5.248760223 0.000560563 0.002220666 0.003400478 0.999991596
11.246390 -0.023722108 -0.086928278 5.296993256 -0.000598954 0.001705353 0.007215342 0.999972343
11.350520 -0.023330271 -0.087759480 5.345203876 -0.001344312 0.000850801 0.010574596 0.999942839
11.454640 -0.023329336 -0.088638604 5.392534256 0.000210908 0.000363188 0.012400431 0.999922991
11.558780 -0.023466891 -0.089648768 5.440567493 0.001774912 0.000552499 0.012059387 0.999925554
11.663020 -0.023733415 -0.090633892 5.488994598 0.002865729 0.000963379 0.010336136 0.999942005
11.767160 -0.023264870 -0.091645345 5.537107468 0.002888100 0.001176698 0.010546761 0.999939501
11.871260 -0.023158090 -0.092719235 5.585306168 0.001118826 0.001501829 0.012252490 0.999923170
11.975390 -0.022800457 -0.093664639 5.634034634 -0.000219127 0.001676704 0.014799306 0.999889076
12.079640 -0.023031250 -0.094403148 5.681044579 -0.000859121 0.001876357 0.016567420 0.999860585
12.183770 -0.023063356 -0.095129594 5.729108810 -0.000757568 0.001973959 0.017366126 0.999846935
12.287890 -0.023010585 -0.095836997 5.777381897 -0.001105236 0.002423437 0.016350318 0.999862790
12.392020 -0.022889506 -0.096594036 5.825897694 -0.000664290 0.002967157 0.014307791 0.999893010
12.496260 -0.023161784 -0.098101355 5.873264313 0.000266073 0.003434124 0.012372997 0.999917507
12.600390 -0.023114316 -0.098978043 5.921619892 0.000591864 0.003804087 0.010854026 0.999933660
12.704520 -0.022941783 -0.099774025 5.969838142 0.000028842 0.004000377 0.009733481 0.999944627
12.808640 -0.022830348 -0.100822315 6.018350124 0.000176416 0.003814835 0.008755459 0.999954343
12.912790 -0.022769660 -0.101818830 6.066720486 0.001324936 0.003595788 0.007863355 0.999961734
13.016890 -0.022737551 -0.102825046 6.115440845 0.002725920 0.003336414 0.005910765 0.999973238
13.121140 -0.023142643 -0.103738263 6.163923740 0.003391865 0.003281123 0.003476040 0.999982834
13.225270 -0.023295935 -0.104790479 6.212547779 0.002811487 0.003489060 0.001058978 0.999989390
13.329390 -0.023517046 -0.105565064 6.262130260 0.001907266 0.003748301 -0.000368351 0.999991119
13.433520 -0.023660786 -0.106169805 6.311420441 0.000797485 0.003708357 -0.000505983 0.999992669
13.537640 -0.023467425 -0.107088335 6.361003876 0.000349474 0.003280311 0.001171881 0.999993861
13.641770 -0.023560625 -0.108043358 6.410172939 0.000399962 0.002546313 0.001717378 0.999995172
13.745910 -0.023654504 -0.109148867 6.458521366 0.002398440 0.001600138 0.002147620 0.999993503
13.850020 -0.023523744 -0.110110886 6.507936478 0.004550692 0.000781074 0.001310666 0.999988496
13.954150 -0.023892485 -0.111290082 6.557814598 0.004817687 0.000444559 -0.001056200 0.999987721
14.058400 -0.023735654 -0.112737253 6.607760906 0.004261110 0.000254334 -0.002664404 0.999987304
14.162520 -0.026040187 -0.113770880 6.658543587 0.002567111 0.000683041 -0.003667785 0.999989748
14.266640 -0.026489034 -0.114925355 6.708645821 0.001573951 0.000947456 -0.004108564 0.999989867
14.370770 -0.026242349 -0.115812957 6.759124279 0.001147672 0.000872300 -0.003955353 0.999991119
14.474890 -0.026152674 -0.116664797 6.809976101 0.000686147 0.000738035 -0.002409041 0.999996603
14.579010 -0.027353171 -0.117786527 6.860239029 0.000588264 0.001050157 -0.001718848 0.999997795
14.683140 -0.027228631 -0.118897662 6.911383152 0.000586536 0.001129954 -0.000608923 0.999998987
14.787290 -0.026991772 -0.119445644 6.962184429 0.000122052 0.001297260 0.001057558 0.999998569
14.891390 -0.026920378 -0.120368823 7.012132645 -0.000687513 0.001499197 0.003425538 0.999992788
14.995520 -0.027343953 -0.121224545 7.063938618 -0.000546976 0.001745975 0.004600357 0.999987721
15.099640 -0.026715459 -0.121877082 7.114597321 0.001613847 0.001691374 0.003922416 0.999989569
15.203790 -0.026854202 -0.123108953 7.165756702 0.004096062 0.001875277 0.000092351 0.999989867
15.308020 -0.027911585 -0.123880737 7.216468811 0.004249013 0.002662990 -0.004508539 0.999977231
15.412140 -0.028074808 -0.125058070 7.267961502 0.002385615 0.003206879 -0.008351428 0.999957144
15.516270 -0.028229993 -0.126024082 7.319988728 0.001306980 0.003593103 -0.008996415 0.999952197
15.620390 -0.028546840 -0.126942933 7.371361732 0.001043087 0.003436223 -0.007972190 0.999961734
15.724520 -0.028459508 -0.128042236 7.423091888 0.001056387 0.002867326 -0.006497358 0.999974191
15.828640 -0.027661275 -0.128914684 7.475759029 0.001323193 0.002134382 -0.005072817 0.999983966
15.932650 -0.028155182 -0.129648075 7.527512074 0.001766081 0.002029991 -0.005720326 0.999980032
16.036770 -0.028387984 -0.130594432 7.579844475 0.001750890 0.001956962 -0.006448570 0.999975741
16.140900 -0.028800044 -0.131417930 7.632633209 0.001314233 0.001918726 -0.006838633 0.999973893
16.245020 -0.028817466 -0.132333606 7.683743477 0.001580699 0.001827670 -0.006563172 0.999975562
16.349140 -0.028924808 -0.133263722 7.736546993 0.002103104 0.001592941 -0.006412604 0.999975979
16.453270 -0.028561832 -0.133679196 7.789247036 0.002480834 0.001332951 -0.006108468 0.999977410
16.557390 -0.029235549 -0.135513544 7.841473579 0.002306958 0.001293004 -0.006273342 0.999976814
16.661520 -0.029604010 -0.136932418 7.893298149 0.002335648 0.001252662 -0.006524818 0.999975204
16.765650 -0.029926281 -0.138238266 7.946018219 0.002343227 0.001185666 -0.006495182 0.999975443
16.869650 -0.029899176 -0.139661804 7.999545097 0.002456590 0.000882974 -0.007076191 0.999971569
16.973770 -0.029785343 -0.140261948 8.051884651 0.002592269 0.000572784 -0.006639572 0.999974430
17.077890 -0.030051524 -0.141354576 8.105149269 0.002587643 0.000440540 -0.006893834 0.999972820
17.182030 -0.029722499 -0.142431080 8.158473015 0.002579244 0.000174319 -0.006403734 0.999976158
17.286140 -0.030511700 -0.143839687 8.211329460 0.002667546 0.000435053 -0.006033023 0.999978125
17.390270 -0.030752160 -0.144994766 8.264783859 0.002572611 0.000506939 -0.005573009 0.999980986
17.494400 -0.030615976 -0.146155000 8.318359375 0.002191644 0.000504911 -0.004939346 0.999985278
17.598420 -0.031794429 -0.147511587 8.371795654 0.002036004 0.000774984 -0.005018163 0.999985039
17.702520 -0.031938534 -0.148631424 8.425527573 0.002181928 0.000736377 -0.005123261 0.999984205
17.806640 -0.032128710 -0.149727896 8.479028702 0.002566788 0.000869929 -0.005540873 0.999980986
17.910650 -0.032674551 -0.150842518 8.533333778 0.002176612 0.001189997 -0.006256708 0.999977350
18.014770 -0.032697298 -0.151832312 8.587507248 0.001173196 0.001432730 -0.006461757 0.999977410
18.118900 -0.033038601 -0.153115466 8.641314507 0.000857323 0.001822649 -0.006245998 0.999978483
18.223020 -0.033302169 -0.154196844 8.695541382 0.001643093 0.002145100 -0.006305371 0.999976456
18.327020 -0.033171736 -0.155503780 8.749637604 0.002191842 0.002325922 -0.006448505 0.999974072
18.431150 -0.033255726 -0.156265736 8.803948402 0.002083028 0.002526209 -0.006818672 0.999971390
18.535360 -0.033254668 -0.157347739 8.858474731 0.001580861 0.002495117 -0.006651626 0.999973536
18.639420 -0.033149213 -0.158535346 8.913358688 0.001388299 0.002269711 -0.006959141 0.999972224
18.743480 -0.033505224 -0.159704581 8.967214584 0.001207688 0.002234685 -0.006696797 0.999974310
18.847540 -0.033385217 -0.160689250 9.021850586 0.001074718 0.002204256 -0.007389011 0.999969721
18.951650 -0.033728939 -0.161683455 9.076397896 0.001169731 0.002373235 -0.008042258 0.999964178
19.055650 -0.034164816 -0.162665665 9.130993843 0.001081305 0.002526807 -0.008279681 0.999961913
19.159650 -0.033848904 -0.163708121 9.186364174 0.000874754 0.002248872 -0.007518671 0.999968827
19.263770 -0.033792507 -0.164887950 9.241784096 0.000394957 0.002146956 -0.006667800 0.999975383
19.367870 -0.033875976 -0.165540159 9.296819687 0.000157882 0.002214703 -0.005453275 0.999982655
19.471780 -0.033705510 -0.166400284 9.352085114 0.000617211 0.001935627 -0.004693295 0.999986947
19.575900 -0.033759739 -0.167639852 9.406559944 0.001020233 0.001887360 -0.004267673 0.999988556
19.679910 -0.033907846 -0.168370664 9.461757660 0.000338982 0.002256145 -0.003504822 0.999991238
19.784020 -0.033626962 -0.169389844 9.516848564 -0.000711934 0.002243580 -0.002237892 0.999994695
19.888070 -0.033604719 -0.170269787 9.572031975 -0.000205236 0.002290681 -0.001936201 0.999995470
19.992130 -0.033268668 -0.171127886 9.627378464 0.000217261 0.002269895 -0.001276882 0.999996603
20.096150 -0.033687338 -0.172300860 9.681159973 0.000233252 0.003006019 -0.001780526 0.999993861
20.200150 -0.033663325 -0.173215359 9.736560822 0.000282623 0.003450313 -0.002746928 0.999990225
20.304270 -0.033701859 -0.174198687 9.791833878 0.000445823 0.003867203 -0.003655576 0.999985695
20.408270 -0.033340797 -0.175337031 9.846508980 0.000364797 0.004348023 -0.003979448 0.999982536
20.512310 -0.033111885 -0.176282167 9.901840210 0.000641051 0.004835611 -0.004578876 0.999977589
20.616400 -0.033212304 -0.177519262 9.957168579 0.000927365 0.005290168 -0.004742362 0.999974310
20.720420 -0.032641754 -0.178798079 10.012356758 0.001186197 0.005714661 -0.004649460 0.999972165
20.824520 -0.032364935 -0.179489180 10.068186760 0.001201139 0.006187285 -0.004427880 0.999970317
20.928690 -0.031477123 -0.180320993 10.123126984 0.000522380 0.006393220 -0.003267395 0.999974072
21.032780 -0.030859053 -0.181458995 10.178217888 0.000381984 0.006585404 -0.002843128 0.999974191
21.136780 -0.030390486 -0.182769120 10.233875275 0.001526603 0.006536321 -0.002602999 0.999974072
21.240880 -0.029544070 -0.184049770 10.289222717 0.002638268 0.006307303 -0.001982701 0.999974668
21.344920 -0.029378109 -0.185329720 10.345489502 0.002635062 0.005947859 -0.002278222 0.999976218
21.448900 -0.028876700 -0.186489925 10.401184082 0.002651423 0.005576506 -0.001646365 0.999979556
21.552900 -0.028234623 -0.187907457 10.457198143 0.002874330 0.004995025 -0.001766830 0.999981821
21.657020 -0.027975887 -0.188938722 10.513160706 0.003061860 0.004702906 -0.001738499 0.999982715
21.761020 -0.027602956 -0.190135345 10.569304466 0.002798757 0.004331076 -0.001516021 0.999985516
21.865030 -0.027551390 -0.191401988 10.626070023 0.002734937 0.003929549 -0.001514282 0.999987364
21.969150 -0.027290300 -0.192625403 10.682194710 0.002015331 0.003423865 -0.001191018 0.999991417
22.073170 -0.027388260 -0.193546444 10.739081383 0.001434635 0.003176912 -0.002308417 0.999991238
22.177150 -0.027165383 -0.194711536 10.795897484 0.001367580 0.003487931 -0.002352947 0.999990225
22.281150 -0.026602805 -0.195929706 10.853084564 0.001445725 0.003780201 -0.002593813 0.999988437
22.385270 -0.026794128 -0.197127610 10.909901619 0.001510099 0.004104436 -0.002028752 0.999988377
22.489270 -0.026225224 -0.198531598 10.966969490 0.001908980 0.004108986 -0.000978635 0.999989271
22.593280 -0.025690697 -0.199614048 11.024871826 0.002981606 0.004221963 -0.000302798 0.999986589
22.697420 -0.025407270 -0.200909019 11.082744598 0.003452794 0.004107171 -0.000072182 0.999985635
22.801400 -0.025658160 -0.202339306 11.140939713 0.003899929 0.003092610 -0.000356363 0.999987543
22.905400 -0.025165942 -0.203343898 11.198291779 0.003658825 0.001981102 -0.000985224 0.999990821
23.009400 -0.025307018 -0.204323933 11.256813049 0.002117119 0.001797097 -0.001737429 0.999994636
23.113490 -0.024664424 -0.205614507 11.316248894 0.000605343 0.001865041 -0.000918976 0.999997616
23.217420 -0.024901912 -0.205900133 11.372747421 0.000446624 0.002095710 -0.000847928 0.999997318
23.321400 -0.025073837 -0.206779227 11.431696892 0.001169709 0.002269312 -0.000384974 0.999996662
23.425400 -0.024776220 -0.207749590 11.489543915 0.001205793 0.002351213 -0.000080593 0.999996483
23.529550 -0.025005210 -0.209016129 11.546687126 0.000931361 0.002601372 0.000177796 0.999996185
23.633550 -0.025236219 -0.210004359 11.604737282 0.000989696 0.002910971 0.000070222 0.999995291
23.737530 -0.025760934 -0.210762948 11.663049698 0.001555333 0.003261407 -0.000697418 0.999993265
23.841660 -0.024849847 -0.212453023 11.721814156 0.001786128 0.003396811 -0.001220248 0.999991894
23.945650 -0.024523169 -0.213616878 11.780342102 0.000857281 0.003793916 -0.000718618 0.999992192
24.049650 -0.024025157 -0.215259627 11.838659286 0.000194520 0.003715384 0.000129786 0.999993086
24.153670 -0.023874238 -0.216309205 11.896718025 0.000853262 0.003659352 0.000498483 0.999992788
24.257780 -0.023680493 -0.217287362 11.955426216 0.000926642 0.003646130 -0.000362949 0.999992847
24.361780 -0.023413666 -0.218791574 12.011951447 0.001892557 0.003580309 -0.001242250 0.999991000
24.465780 -0.023119383 -0.219912052 12.070128441 0.003456526 0.003169833 -0.002139944 0.999986708
24.569780 -0.023691207 -0.221627027 12.126811981 0.003090772 0.003021699 -0.002821145 0.999986708
24.673900 -0.024052441 -0.222613439 12.184261322 0.001340196 0.002572306 -0.003007054 0.999991298
24.777900 -0.023979068 -0.222982660 12.242048264 0.000201285 0.002053560 -0.003624689 0.999991298
24.882030 -0.024422053 -0.224802226 12.299163818 0.000637612 0.001474470 -0.003941714 0.999990940
24.986020 -0.024419557 -0.225860938 12.356196404 0.001355930 0.000491224 -0.003714177 0.999992073
25.090170 -0.024517441 -0.226922154 12.413578987 0.000739403 -0.000423702 -0.002978931 0.999995172
25.194150 -0.025036287 -0.228062317 12.470990181 0.000517927 -0.000807616 -0.002355141 0.999996722
25.298280 -0.025566978 -0.229292512 12.527559280 0.000852655 -0.001010151 -0.002114650 0.999996901
25.402400 -0.025987320 -0.230271935 12.585289955 0.001347629 -0.001163008 -0.001841097 0.999996722
25.506530 -0.026041197 -0.231975898 12.642227173 0.001227484 -0.001169149 -0.001795105 0.999996960
25.610540 -0.026744358 -0.232723147 12.699321747 0.001474440 -0.001176055 -0.001595864 0.999996960
25.714650 -0.027023371 -0.233979017 12.756415367 0.001777331 -0.001140498 -0.001419722 0.999996781
25.818650 -0.027418477 -0.235007122 12.813491821 0.002182918 -0.001224415 -0.001347457 0.999995947
25.922780 -0.028010821 -0.236271232 12.871110916 0.002078864 -0.001201194 -0.001125256 0.999996483
26.026980 -0.028083859 -0.237395585 12.928677559 0.002563264 -0.001348828 -0.001220486 0.999995053
26.130900 -0.028642803 -0.238683403 12.985376358 0.003185236 -0.001254842 -0.000603325 0.999993920
26.235050 -0.028601486 -0.240356520 13.042890549 0.002208506 -0.001316629 -0.000162846 0.999996722
26.339150 -0.028456800 -0.241413534 13.098632812 0.001812548 -0.001462479 0.000881912 0.999996901
26.443290 -0.028672300 -0.242663786 13.155611038 0.002334591 -0.001453290 0.001120133 0.999995589
26.547800 -0.029345710 -0.243941829 13.212897301 0.002635393 -0.001245322 0.000556074 0.999995589
26.651410 -0.029261030 -0.245254561 13.269806862 0.002189705 -0.001312554 0.000144072 0.999996722
26.757930 -0.029930729 -0.246369928 13.326733589 0.001705063 -0.001030514 -0.000347373 0.999997973
26.862580 -0.030681642 -0.247619212 13.383863449 0.001798291 -0.000679294 -0.000316078 0.999998093
26.963660 -0.030379402 -0.248933896 13.442464828 0.002283474 -0.000998277 0.000040129 0.999996901
27.067820 -0.030996531 -0.250327140 13.500495911 0.002375410 -0.000859325 -0.000152157 0.999996781
27.171920 -0.031311460 -0.251247793 13.558537483 0.002603594 -0.000796811 -0.000262911 0.999996245
27.276060 -0.031880390 -0.252541959 13.615706444 0.002599707 -0.000464911 -0.001381484 0.999995530
27.380140 -0.032799609 -0.253733993 13.673805237 0.002438579 -0.000100169 -0.002431095 0.999994040
27.484700 -0.033638317 -0.254850209 13.732207298 0.002817733 0.000122569 -0.003003766 0.999991477
27.588410 -0.032886986 -0.256104082 13.789511681 0.003077117 0.000024441 -0.003604457 0.999988735
27.692530 -0.033593580 -0.257230967 13.847858429 0.003235486 0.000313978 -0.004615841 0.999984026
27.796540 -0.033455696 -0.258748055 13.906538963 0.002384605 0.000023074 -0.004069052 0.999988854
27.900670 -0.033373151 -0.260154545 13.965160370 0.002162063 0.000118104 -0.004344140 0.999988198
28.005230 -0.033510849 -0.261512488 14.023414612 0.002380345 0.000210338 -0.004931353 0.999984980
28.108940 -0.035069801 -0.262397498 14.084252357 0.002484236 0.000538288 -0.004937503 0.999984562
