1403636579.763556 0.0000000 0.0000000 0.0000000 0.0000000 0.0000000 0.0000000 1.0000000
1403636589.913555 -0.2590668 0.1389324 -0.0606769 -0.2007115 0.0015988 0.0076962 0.9796188
1403636590.013556 -0.2985583 0.1463510 -0.0631851 -0.2019656 -0.0078847 0.0083929 0.9793249
1403636592.263556 0.3115699 0.1237441 0.0881871 -0.1595656 0.1035700 0.0423916 0.9808236
1403636592.613555 0.2967716 0.0802294 0.2140854 -0.1584587 0.0685072 0.0358517 0.9843334
1403636592.763556 0.2454486 0.0666834 0.2667181 -0.1516374 0.0395170 0.0209435 0.9874238
1403636593.563555 -0.2105148 0.1558034 0.0386691 -0.1808359 -0.1022282 -0.0067414 0.9781628
1403636594.313555 0.1863082 0.2234166 -0.1154671 -0.1747788 0.1199789 0.0737729 0.9744819
1403636594.463556 0.2912151 0.2016381 -0.0454232 -0.1681321 0.1389399 0.0673295 0.9735985
1403636596.313555 0.1594443 0.2934984 -0.1599109 -0.1706052 0.0659304 0.0298252 0.9826788
1403636596.463556 0.0895804 0.2961788 -0.2358136 -0.1627783 0.0671069 0.0275982 0.9839910
1403636596.613555 0.0200646 0.3000529 -0.2990839 -0.1580258 0.0640260 0.0194643 0.9851648
1403636596.763556 -0.0214158 0.3032488 -0.3243705 -0.1605477 0.0612638 0.0154576 0.9850037
1403636597.063555 0.0053867 0.2771119 -0.2053245 -0.1601583 0.0638311 0.0027671 0.9850214
1403636597.213556 0.0400233 0.2429248 -0.0928874 -0.1743267 0.0498041 -0.0003835 0.9834275
1403636598.313555 -0.0350812 0.2521000 -0.0200678 -0.1819414 -0.0668412 -0.0538517 0.9795558
1403636598.463556 -0.0130327 0.2835207 -0.0240333 -0.1884262 -0.0558875 -0.0588323 0.9787292
1403636598.763556 0.0271771 0.3006463 0.0926504 -0.1443996 -0.0794054 -0.0566655 0.9846992
1403636599.163556 0.0575486 0.3551052 0.2471535 -0.0627640 -0.1030117 -0.0427732 0.9917760
1403636624.513556 0.0876400 0.3990364 0.3202565 -0.0017907 -0.0753696 -0.0194600 0.9969642
1403636624.713556 0.1119150 0.4040663 0.3078491 -0.0032722 -0.0690166 -0.0279787 0.9972177
1403636635.513556 2.9566436 -1.2685660 4.0152826 -0.0280439 -0.0096579 -0.0210916 0.9993375
1403636635.663556 2.9961677 -1.3305808 4.1471992 -0.0265042 -0.0098103 -0.0180735 0.9994372
1403636635.813555 3.0402477 -1.4177430 4.2762065 -0.0179745 -0.0105881 -0.0110694 0.9997211
1403636636.113555 3.1565909 -1.6139566 4.5288782 -0.0321464 -0.0064342 -0.0138743 0.9993662
1403636636.263556 3.2256572 -1.7216026 4.6617312 -0.0192858 -0.0024211 -0.0261269 0.9994696
1403636636.713556 3.4210186 -2.0130587 5.0229158 0.0131573 0.0051962 -0.0498711 0.9986555
1403636638.113555 3.5331535 -2.3599751 5.8122525 -0.0072083 -0.0149300 -0.0336890 0.9992948
1403636638.413555 3.5354950 -2.3709345 5.9847231 -0.0232252 -0.0198616 -0.0228318 0.9992722
1403636638.613555 3.5469573 -2.3596690 6.1123066 -0.0491683 -0.0225732 -0.0153931 0.9984167
1403636638.813555 3.5728562 -2.4004812 6.2600174 -0.0341359 -0.0191925 -0.0289946 0.9988121
1403636638.963556 3.5928841 -2.4645357 6.3742213 -0.0240223 -0.0214433 -0.0243211 0.9991854
1403636639.163556 3.6295872 -2.5506876 6.5304723 -0.0234556 -0.0285759 -0.0041374 0.9993078
1403636639.363556 3.6942773 -2.5750902 6.7141480 -0.0249271 -0.0264450 -0.0102755 0.9992866
1403636639.563555 3.7830877 -2.5729332 6.9103818 -0.0214054 -0.0179910 -0.0369654 0.9989253
1403636639.763556 3.8637362 -2.5732422 7.1103868 -0.0081624 -0.0184197 -0.0399482 0.9989986
1403636639.963556 3.9322412 -2.6040161 7.2902231 -0.0040054 -0.0218671 -0.0325560 0.9992226
1403636640.213556 4.0082350 -2.6726789 7.4803305 -0.0020774 -0.0363022 -0.0415175 0.9984759
1403636640.413555 4.0674505 -2.7352319 7.6090631 -0.0036277 -0.0482241 -0.0474032 0.9977044
1403636640.663556 4.1368155 -2.7732210 7.7656550 -0.0039839 -0.0553940 -0.0509325 0.9971567
1403636640.913555 4.2008214 -2.7950006 7.9089036 -0.0096674 -0.0580599 -0.0524805 0.9968858
1403636641.363556 4.2898231 -2.8406136 8.1358633 -0.0070478 -0.0580730 -0.0429681 0.9973623
1403636641.713556 4.3595028 -2.8357861 8.2969980 -0.0062045 -0.0548195 -0.0464135 0.9973977
1403636642.163556 4.4462700 -2.9519565 8.4237986 -0.0009743 -0.0327720 -0.0406833 0.9986340
1403636642.763556 4.5567441 -2.9551845 8.5463886 -0.0193445 0.0024607 -0.0252730 0.9994904
1403636643.613555 4.7163749 -3.0150151 8.7319555 -0.0303490 -0.0006431 -0.0217601 0.9993023
1403636644.013556 4.8101778 -3.1434257 8.8628035 -0.0482104 -0.0017428 -0.0283956 0.9984320
1403636644.363556 4.8908010 -3.2198992 9.0941429 -0.0203132 -0.0079151 -0.0081288 0.9997293
1403636644.563555 4.9546838 -3.2283216 9.2552872 -0.0021853 -0.0132503 0.0076239 0.9998807
1403636644.713556 5.0240302 -3.2073500 9.3755283 0.0013270 -0.0093442 -0.0023935 0.9999526
1403636644.913555 5.1352291 -3.1493556 9.5284710 -0.0033669 0.0015305 -0.0279317 0.9996030
1403636645.113555 5.2418876 -3.1019139 9.6632452 -0.0370310 0.0029756 -0.0244671 0.9990101
1403636645.313555 5.3424020 -3.1011837 9.8078880 -0.0605515 0.0045452 -0.0242948 0.9978590
1403636645.613555 5.4874716 -3.1600888 10.0895634 -0.0402258 0.0066048 -0.0257435 0.9988371
1403636645.863556 5.6014681 -3.2191215 10.3611774 -0.0370098 0.0058608 -0.0247711 0.9989907
1403636646.113555 5.7108870 -3.3615475 10.6426029 -0.0218571 0.0181789 -0.0081127 0.9995629
1403636646.313555 5.8174577 -3.4792714 10.8654108 -0.0065586 0.0588014 0.0181863 0.9980825
1403636646.563555 5.9807715 -3.5937481 11.1340246 0.0139049 0.1216861 0.0289985 0.9920475
1403636646.763556 6.1125240 -3.6971636 11.3045635 0.0084120 0.1477130 0.0304662 0.9885252
1403636646.963556 6.2374744 -3.8258820 11.4414883 0.0061332 0.1571971 0.0322036 0.9870230
1403636647.313555 6.4470930 -3.9834163 11.6538897 -0.0062852 0.1561574 0.0331028 0.9871573
1403636647.613555 6.6257029 -4.0612488 11.8263769 0.0128049 0.1470738 0.0396051 0.9882494
1403636648.013556 6.8940363 -4.1418209 11.9715729 0.0062911 0.1737599 0.0413735 0.9838985
1403636648.263556 7.0729361 -4.1261320 12.0478382 0.0064136 0.2310640 0.0610975 0.9709971
1403636648.463556 7.2209067 -4.0826588 12.0918903 0.0065994 0.2834794 0.0789537 0.9556998
1403636648.663556 7.3630142 -4.0311918 12.1177559 0.0056609 0.3261048 0.0933920 0.9406921
1403636648.913555 7.5228510 -4.0050411 12.1175690 -0.0209765 0.3472439 0.1047485 0.9316702
1403636649.263556 7.7564797 -4.1109943 12.0925932 0.0014502 0.3514086 0.0927297 0.9316175
1403636649.763556 8.0503902 -4.3891363 11.9944696 0.0103385 0.3475571 0.0952562 0.9327505
1403636650.263556 8.2835283 -4.4808068 11.8711166 0.0132540 0.3936998 0.1040397 0.9132363
1403636650.613555 8.4076672 -4.4055214 11.7649097 -0.0013906 0.4671212 0.1380868 0.8733430
1403636651.513556 8.5584631 -4.3508153 11.4215984 -0.0008985 0.4900901 0.1421426 0.8600037
1403636652.063555 8.5569973 -4.2445369 11.1725502 0.0260300 0.5216089 0.1621175 0.8372362
1403636652.263556 8.5406847 -4.1460061 11.0534897 0.0090292 0.5765052 0.1779511 0.7974294
1403636652.413555 8.5231056 -4.0594831 10.9597549 -0.0050483 0.6139137 0.2000438 0.7635882
1403636652.563555 8.5087652 -3.9863653 10.8675261 -0.0118756 0.6365646 0.2170986 0.7399411
1403636654.813555 8.6504869 -3.6889155 9.6058769 -0.0025140 0.7099854 0.2273675 0.6664972
1403636655.063555 8.6056061 -3.6450853 9.4971447 0.0057976 0.7235215 0.2198783 0.6543215
1403636655.363556 8.5293665 -3.5678852 9.3925219 0.0201073 0.7328401 0.2159956 0.6448930
1403636656.063555 8.1953392 -3.3194478 9.1388569 0.0123219 0.7826681 0.2698112 0.5607859
1403636656.213556 8.1209221 -3.2632575 9.0671148 0.0058863 0.7924253 0.2716446 0.5461105
1403636656.563555 7.9644837 -3.2355518 8.8439808 -0.0008366 0.7968332 0.2735460 0.5387288
1403636656.763556 7.8918958 -3.2267847 8.7016964 0.0112104 0.8004151 0.2547937 0.5424852
1403636657.063555 7.7684278 -3.1556332 8.5221663 0.0202861 0.8010133 0.2395381 0.5482587
1403636657.413555 7.5633307 -3.0493755 8.3411427 0.0230579 0.7933847 0.2574633 0.5511096
1403636657.763556 7.3181720 -2.9197288 8.1455345 0.0180772 0.7901455 0.2721131 0.5489060
1403636657.913555 7.2118826 -2.8456645 8.0532112 0.0230604 0.7896051 0.2821644 0.5444036
1403636658.113555 7.0720358 -2.7604527 7.8995161 0.0146542 0.7925227 0.2829354 0.5400376
1403636658.313555 6.9406862 -2.6876097 7.7087536 -0.0007798 0.7978717 0.2740244 0.5369458
1403636658.463556 6.8497477 -2.6199760 7.5701241 -0.0081688 0.7997406 0.2716572 0.5353043
1403636658.663556 6.7445316 -2.5201707 7.3966718 -0.0195359 0.8031141 0.2636612 0.5339559
1403636658.963556 6.6307478 -2.3662653 7.1670451 -0.0130960 0.8086008 0.2484989 0.5331431
1403636659.163556 6.5662832 -2.2553701 7.0553021 0.0016443 0.8099338 0.2443902 0.5331773
1403636659.313555 6.5148134 -2.1673107 6.9827085 0.0025774 0.8091382 0.2455200 0.5338620
1403636659.513556 6.4337664 -2.0809431 6.8998175 -0.0083464 0.8059472 0.2553885 0.5340002
1403636659.663556 6.3789682 -2.0321407 6.8415771 -0.0065657 0.8073290 0.2533196 0.5329220
1403636659.863556 6.3122091 -1.9481120 6.7807970 -0.0042238 0.8099591 0.2503011 0.5303752
1403636660.013556 6.2603388 -1.8705932 6.7537355 -0.0102047 0.8085709 0.2581846 0.5286301
1403636660.163556 6.2168188 -1.7856741 6.7360415 -0.0173277 0.8064168 0.2676607 0.5270194
1403636660.313555 6.1838641 -1.6997273 6.7244616 -0.0225575 0.8045376 0.2740792 0.5263943
1403636660.463556 6.1690526 -1.6336571 6.7113709 -0.0328554 0.7999192 0.2875464 0.5257060
1403636660.813555 6.2205696 -1.4888260 6.6803780 -0.0220182 0.8132684 0.2458967 0.5269198
1403636661.113555 6.2995100 -1.3303858 6.7293820 -0.0109211 0.8150431 0.2388654 0.5277583
1403636661.413555 6.3745155 -1.1988385 6.8357201 -0.0008595 0.8140005 0.2416658 0.5282046
1403636661.613555 6.4066935 -1.1634388 6.9151201 0.0011621 0.8114868 0.2479909 0.5291392
1403636661.913555 6.4342747 -1.1874532 7.0282035 0.0188205 0.8090447 0.2512871 0.5309872
1403636662.563555 6.3471603 -1.3038720 7.2622108 -0.0129124 0.8084345 0.2587917 0.5284826
1403636662.863556 6.3153400 -1.2969222 7.4059649 0.0176834 0.8027371 0.2787233 0.5268906
1403636663.113555 6.2896671 -1.2546940 7.4964409 0.0171308 0.7970245 0.2970179 0.5255842
1403636663.513556 6.2849498 -1.1559764 7.5362644 -0.0355388 0.8023397 0.2850874 0.5231761
1403636663.813555 6.3846016 -1.0456539 7.5637770 -0.0530388 0.8049049 0.2734073 0.5239880
1403636664.063555 6.5607467 -1.0169684 7.5989161 -0.0530801 0.8127983 0.2403402 0.5279943
1403636664.313555 6.7830977 -1.0527079 7.6878157 -0.0215356 0.8107212 0.2354984 0.5355445
1403636664.463556 6.9201794 -1.0428813 7.7749095 -0.0123480 0.8078550 0.2349879 0.5403690
1403636664.613555 7.0523491 -1.0211757 7.8813767 -0.0002656 0.8035331 0.2366705 0.5461883
1403636664.763556 7.1764026 -1.0116585 7.9920979 0.0021114 0.7989937 0.2399222 0.5513999
1403636664.963556 7.3240438 -1.0363556 8.1388550 -0.0038593 0.7944986 0.2419822 0.5569575
1403636665.213556 7.5015984 -1.1145779 8.3105621 -0.0072342 0.7853964 0.2595399 0.5619068
1403636665.613555 7.7843480 -1.2741168 8.5558414 -0.0147456 0.7899805 0.2477561 0.5606517
1403636665.913555 7.9941425 -1.4170848 8.7518930 0.0032591 0.7938502 0.2452168 0.5564710
1403636666.213556 8.1808128 -1.5360380 8.9691620 0.0124324 0.7948366 0.2476165 0.5538649
1403636666.613555 8.3686543 -1.6238635 9.2456713 0.0123233 0.7894932 0.2554302 0.5579463
1403636667.013556 8.5125885 -1.7545755 9.4659548 0.0046868 0.7734641 0.2903249 0.5634205
1403636667.413555 8.6932812 -1.7907475 9.6390057 -0.0016129 0.7895091 0.2399317 0.5648943
1403636667.863556 8.8782005 -1.8401883 9.8474503 0.0010214 0.7788061 0.2692986 0.5665141
1403636668.213556 9.0460644 -1.8646472 9.9735374 -0.0084944 0.7841566 0.2641974 0.5614498
1403636668.563555 9.2418537 -1.8112383 10.1165276 -0.0124909 0.7911201 0.2598333 0.5535879
1403636668.863556 9.4332104 -1.7619015 10.2567596 -0.0249424 0.7999370 0.2415451 0.5487574
1403636669.163556 9.6349068 -1.8055195 10.4285250 -0.0031218 0.8013940 0.2395257 0.5480743
1403636669.463556 9.8134432 -1.8523965 10.6450195 0.0028248 0.8026650 0.2379208 0.5469137
1403636669.763556 9.9499702 -1.8782938 10.9039450 0.0180227 0.8072015 0.2172322 0.5485536
1403636670.113555 9.9899836 -2.0000627 11.2103405 0.0587192 0.7846067 0.2702753 0.5548835
1403636671.113555 9.2352314 -2.1376035 10.9841528 0.1105665 0.6524310 0.2537449 0.7054944
1403636671.513556 8.6244478 -2.0679235 10.2387848 -0.0010026 0.6028588 0.1991130 0.7726023
1403636671.913555 8.0900450 -1.9303429 9.4651775 -0.0603437 0.5709512 0.2108510 0.7911480
1403636672.363556 7.8368874 -1.9339280 8.7596045 -0.0937404 0.5881416 0.1780047 0.7833368
1403636673.313555 7.7932529 -1.7352116 8.3233070 -0.0603093 0.5351345 0.1682119 0.8256504
1403636674.863556 8.3099833 -1.7431536 9.0860958 -0.0137984 0.4765348 0.1682274 0.8627999
1403636675.763556 8.9319620 -1.8572966 9.7297764 -0.0143828 0.4543588 0.0986408 0.8852238
1403636676.263556 9.2254896 -1.8631252 10.2382078 -0.0176171 0.3550774 0.0865454 0.9306554
1403636676.713556 9.4078293 -1.9089991 10.7043295 -0.0230773 0.2644683 0.0547489 0.9625624
1403636677.163556 9.5528660 -2.0432456 11.1874790 -0.0160658 0.2408768 0.0494429 0.9691623
1403636677.563555 9.6464348 -2.0854774 11.6139975 0.0185840 0.2127420 0.0266450 0.9765682
1403636677.963556 9.6334724 -2.2115326 11.8928175 -0.0048617 0.1132720 0.0397693 0.9927559
1403636678.363556 9.6716986 -2.2947974 12.1108599 -0.0098354 0.0479239 -0.0078190 0.9987720
1403636678.763556 9.7261848 -2.4252653 12.2767525 -0.0119051 -0.0286615 -0.0535107 0.9980848
1403636679.113555 9.7201748 -2.4679294 12.4194136 -0.0080112 -0.0973612 -0.1020806 0.9899678
1403636679.463556 9.6245956 -2.4764223 12.5184631 0.0005322 -0.1953551 -0.0892112 0.9766665
1403636679.813555 9.5555210 -2.5584552 12.5478697 -0.0040056 -0.2449608 -0.1085646 0.9634272
1403636680.163556 9.5136862 -2.7170138 12.5061350 0.0186174 -0.2368738 -0.1447087 0.9605225
1403636680.763556 9.2966461 -2.7681384 12.2164307 0.0040780 -0.2228263 -0.1412525 0.9645618
1403636681.163556 9.0399666 -2.6507874 11.9537134 -0.0434397 -0.2295710 -0.1104416 0.9660294
1403636681.513556 8.7984753 -2.5652938 11.7742062 -0.0040096 -0.2329489 -0.1115792 0.9660584
1403636681.913555 8.5094118 -2.4852498 11.5408764 0.0006710 -0.2371921 -0.1180897 0.9642584
1403636682.263556 8.2474661 -2.4531367 11.2877741 -0.0088645 -0.2430445 -0.1111996 0.9635795
1403636682.763556 7.8915067 -2.3378363 10.9604740 -0.0005897 -0.2364954 -0.1099536 0.9653910
1403636683.213556 7.5845718 -2.2590091 10.6262436 0.0025114 -0.2320950 -0.1142178 0.9659606
1403636683.613555 7.3149405 -2.1050000 10.3060064 -0.0040145 -0.2398729 -0.1103325 0.9645059
1403636683.963556 7.0916667 -1.9592338 10.0253057 -0.0182958 -0.2445698 -0.1109383 0.9630907
1403636684.513556 6.7616920 -1.9020842 9.5624619 -0.0036922 -0.2563509 -0.1053272 0.9608209
1403636684.963556 6.5622168 -1.7428939 9.2175217 0.0009363 -0.2558862 -0.1105182 0.9603682
1403636685.363556 6.4308949 -1.6212398 8.8843813 -0.0081046 -0.2428772 -0.1253899 0.9618848
1403636685.763556 6.2812953 -1.4974748 8.5379839 -0.0075012 -0.2397165 -0.1184304 0.9635631
1403636686.163556 6.1109858 -1.3073589 8.1993341 -0.0138787 -0.2427227 -0.1107765 0.9636502
1403636686.563555 5.9409323 -1.2084938 7.8589582 -0.0230867 -0.2429369 -0.1078518 0.9637513
1403636686.963556 5.7731037 -1.0880060 7.5803671 -0.0159641 -0.2461174 -0.1061232 0.9632804
1403636687.463556 5.5915623 -1.0233442 7.2649398 -0.0073201 -0.2487361 -0.1066271 0.9626564
1403636687.863556 5.4838734 -0.8539274 7.0629478 -0.0060675 -0.2527660 -0.1023745 0.9620769
1403636688.263556 5.4074407 -0.6182277 6.8773246 -0.0036302 -0.2493881 -0.1144969 0.9616044
1403636688.663556 5.3287587 -0.4136254 6.6689138 -0.0052657 -0.2460876 -0.1261533 0.9609883
1403636689.063555 5.2058768 -0.2049949 6.4423614 -0.0157393 -0.2650556 -0.1252506 0.9559342
1403636689.413555 5.0608149 -0.1432459 6.2227840 -0.0248654 -0.2844277 -0.1242796 0.9502827
1403636689.913555 4.8248048 -0.2128504 5.9787741 -0.0491444 -0.2936589 -0.1010276 0.9492854
1403636690.363556 4.6517773 -0.2774715 5.9662037 -0.0398359 -0.2819010 -0.1183557 0.9512817
1403636690.713556 4.5139065 -0.3801111 6.0478520 -0.0383892 -0.2907925 -0.0884060 0.9519193
1403636691.113555 4.4664731 -0.3994345 6.2853193 0.0038162 -0.3071812 -0.0440528 0.9506232
1403636691.513556 4.7068300 -0.5206718 6.4896121 0.0085161 -0.2959954 -0.1005500 0.9498441
1403636691.963556 5.1044559 -0.7401655 6.5992699 -0.0028832 -0.2957001 -0.1191789 0.9478130
1403636692.513556 5.5840673 -0.9986486 6.6596441 -0.0039601 -0.2879714 -0.1291869 0.9488770
1403636692.963556 5.9253426 -1.2947202 6.6158752 -0.0126811 -0.2721075 -0.1604202 0.9487160
1403636693.413555 6.1172047 -1.4665594 6.5609293 -0.0350456 -0.2840347 -0.1356119 0.9485281
1403636694.113555 6.1898994 -1.5938622 6.7106752 -0.0083092 -0.2933691 -0.1229837 0.9480193
1403636694.813555 6.1980114 -1.7075441 6.9153733 -0.0123584 -0.2915050 -0.1238333 0.9484394
1403636696.413555 6.2938843 -1.7486929 7.3725767 -0.0008248 -0.2728823 -0.1238956 0.9540359
1403636698.513556 5.8365655 -1.6550236 6.8907099 -0.0160123 -0.1274524 -0.0806688 0.9884291
1403636699.013556 5.5834908 -1.4554930 6.7808747 -0.0194511 -0.0006380 -0.0263264 0.9994639
1403636699.663556 5.3290348 -1.3944062 6.6394925 -0.0198057 0.1655987 0.0691028 0.9835698
1403636700.363556 5.3222322 -1.2168227 6.5652156 -0.0104598 0.2338360 0.0826427 0.9687009
1403636701.113555 5.5156679 -0.8678894 6.4707341 -0.0207449 0.2935915 0.0892698 0.9515275
1403636701.913555 5.7907705 -0.8790354 6.3353467 -0.0089776 0.2965759 0.0824904 0.9513977
1403636702.663556 6.1076975 -0.6207119 6.3281841 -0.0247147 0.3936305 0.1135328 0.9118961
1403636703.463556 6.4882460 -0.3667059 6.5065160 0.0021459 0.3876066 0.1227096 0.9136186
1403636704.213556 6.8773098 -0.3502372 6.5653548 -0.0081987 0.3799312 0.1172016 0.9175232
1403636705.013556 7.3520141 -0.3228439 6.7217941 -0.0544492 0.3734112 0.1150491 0.9188923
1403636705.863556 8.0147343 -0.3829975 7.3479986 -0.0199135 0.3756751 0.1040756 0.9206736
1403636706.613555 8.6076069 -0.4921162 7.9282799 -0.0198734 0.3728647 0.0910009 0.9231987
1403636707.613555 9.2903833 -0.9507298 8.7657166 -0.0277862 0.3882550 0.1035023 0.9152995
1403636708.413555 9.8725157 -1.1825880 9.6460056 0.0037058 0.3678235 0.1247803 0.9214782
1403636709.063555 10.3835764 -1.2509854 10.2207279 0.0054651 0.3929097 0.0838408 0.9157308
1403636709.763556 10.6410513 -1.4009331 10.7436123 -0.0168182 0.3962122 0.0910948 0.9134740
1403636710.413555 10.6707449 -1.5269866 11.3416643 -0.0013804 0.3732093 0.1035080 0.9219539
1403636711.013556 10.6322775 -1.4956585 11.8746786 -0.0047674 0.2911628 0.0613453 0.9546927
1403636711.563555 10.5247707 -1.5958941 12.2339621 0.0237250 0.2704455 0.0454016 0.9613714
1403636712.813555 9.7180500 -1.9968741 12.3473148 0.0242260 0.2152945 0.0339966 0.9756565
1403636719.763556 6.6226430 -1.0747426 8.5876856 -0.0067021 -0.1597857 -0.0735615 0.9843842
1403636720.313555 6.4712620 -0.9330142 8.2721682 -0.0143846 -0.1520250 -0.0692348 0.9858438
1403636720.913555 6.3790865 -0.7964979 8.0027618 -0.0160855 -0.1414867 -0.0653638 0.9876489
1403636721.913555 6.4233971 -0.6322824 7.6548729 -0.0048867 -0.0370351 -0.0361508 0.9986479
1403636723.813555 6.3660822 -0.3734815 6.7964611 0.0011474 0.0160198 -0.0212233 0.9996458
1403636725.763556 6.0962992 -0.4875407 5.9569616 -0.0119320 0.1172946 0.0155061 0.9929044
1403636727.413555 6.0456052 -0.6395190 5.4886708 -0.0049204 0.0994926 -0.0080573 0.9949935
1403636728.313555 5.8602285 -0.8647856 5.0621262 -0.0002877 0.0983410 -0.0006718 0.9951525
1403636729.213556 5.5535932 -0.8078827 4.6336055 0.0014801 0.0371450 -0.0242075 0.9990155
1403636729.963556 5.2591558 -0.7007686 4.1827197 -0.0107125 0.0300758 -0.0203443 0.9992831
1403636730.813555 4.9163489 -0.5466263 3.7489541 -0.0347204 0.0258069 -0.0179078 0.9989033
1403636731.513556 4.7444167 -0.5800226 3.6018043 -0.0073660 0.0272639 -0.0085468 0.9995646
1403636732.613555 4.7658434 -0.2898805 3.4632244 0.0111921 0.0354577 -0.0469981 0.9982027
1403636733.363556 4.5914073 -0.2485532 3.0659275 -0.0011657 0.0239259 -0.0291163 0.9992890
1403636734.013556 4.3391986 -0.2453003 2.6330793 -0.0097208 0.0220684 -0.0299349 0.9992609
1403636734.563555 4.0965257 -0.2186501 2.2941949 -0.0138052 0.0165935 -0.0208996 0.9995486
1403636735.113555 3.8677027 -0.1329983 2.0109851 -0.0189701 0.0120231 -0.0223184 0.9994986
1403636735.813555 3.6207483 -0.1917000 1.7424970 -0.0182024 0.0258545 -0.0133348 0.9994110
1403636736.313555 3.4786584 -0.2773501 1.6117899 -0.0080853 -0.0051924 -0.0265682 0.9996008
1403636737.213556 3.1679063 -0.2389595 1.4058702 -0.0044467 -0.0376338 -0.0411944 0.9984322
1403636737.713556 2.9544418 -0.1816066 1.2692955 -0.0216717 -0.0504144 -0.0319011 0.9979835
1403636739.213556 2.8159995 -0.3392168 1.1948928 -0.0078032 0.1126294 0.0384035 0.9928640
1403636739.713556 2.9765375 -0.2340318 1.2488620 -0.0073068 0.2321404 0.0589174 0.9708688
1403636740.413555 3.1636143 -0.0690265 1.3042791 -0.0052113 0.2386831 0.0541023 0.9695752
1403636741.113555 3.3094282 0.1969004 1.3528888 -0.0027575 0.2367790 0.0358601 0.9708976
1403636741.613555 3.3593059 0.4889749 1.3849832 -0.0226407 0.2525334 0.0746712 0.9644369
1403636743.213556 3.5704746 0.8828819 1.6127815 -0.0346500 0.2435148 0.0736933 0.9664726
1403636743.863556 3.7972925 0.9948308 1.8846625 -0.0115272 0.2632656 0.0703286 0.9620875
1403636744.363556 3.9922657 1.2221246 2.1981304 0.0045701 0.2917245 0.0818863 0.9529799
1403636744.863556 4.1700478 1.6178650 2.4830914 0.0118084 0.2919794 0.0831486 0.9527302
1403636745.413555 4.3566871 1.9086052 2.6518214 -0.0035499 0.2768877 0.0715523 0.9582280
1403636745.963556 4.5034781 1.9190822 2.7349608 0.0026142 0.3033178 0.0639394 0.9507383
1403636746.763556 4.3824921 1.7502317 2.7601981 -0.0266310 0.3004276 0.0963835 0.9485485
1403636747.963556 4.2219610 1.3678081 2.9747138 -0.0026992 0.3095298 0.0952421 0.9461040
1403636748.513556 4.1914392 1.1494113 3.0843134 -0.0081125 0.3198420 0.0801970 0.9440359
1403636749.363556 4.2469063 0.8628979 3.1896014 0.0058452 0.3289635 0.1001877 0.9389948
1403636751.563555 3.9501953 -0.0196376 2.7184234 -0.0041789 0.2984430 0.0953721 0.9496412
1403636752.363556 3.9053841 -0.3603371 2.5932393 -0.0020426 0.2645220 0.0671279 0.9620383
1403636753.013556 3.9010248 -0.6020018 2.5128322 -0.0105736 0.1350722 0.0063485 0.9907590
1403636753.563555 3.8210611 -0.5901079 2.5122967 -0.0089379 0.0197143 -0.0345531 0.9991684
1403636754.213556 3.6254051 -0.5962455 2.4862251 0.0083475 0.0194333 -0.0308096 0.9993015
1403636754.813555 3.3477197 -0.6264067 2.2946520 0.0030253 -0.0206519 -0.0495540 0.9985533
1403636755.363556 3.0139251 -0.5324374 2.0416179 -0.0129216 -0.0589368 -0.0584912 0.9964629
1403636755.913555 2.6283472 -0.4940520 1.7766328 -0.0096683 -0.0549134 -0.0550529 0.9969254
1403636756.463556 2.2079003 -0.4475610 1.5268582 -0.0011353 -0.0573780 -0.0538439 0.9968988
1403636757.013556 1.7800763 -0.3691627 1.2257829 0.0018003 -0.0633444 -0.0530921 0.9965769
1403636757.563555 1.3693590 -0.2515854 0.8671435 -0.0112467 -0.0670086 -0.0630829 0.9956927
1403636758.513556 0.5698899 -0.2392419 0.3512005 -0.0324913 -0.1071243 -0.0489492 0.9925083
1403636759.263556 0.1361583 -0.0974017 0.2717861 -0.0083759 -0.1183769 -0.0119265 0.9928618
1403636759.663556 0.0813151 0.0450810 0.2746945 -0.0011368 -0.1066163 -0.0553333 0.9927588
1403636760.063555 0.0741681 0.1094306 0.2202561 -0.0206201 -0.1060898 -0.0583289 0.9924301
1403636760.663556 0.0764092 0.2365537 0.1729122 -0.0164049 -0.1032669 -0.0666683 0.9922813
1403636761.113555 0.0497475 0.3322932 0.1313236 -0.0254118 -0.1046465 -0.0695048 0.9917522
1403636761.513556 -0.0226747 0.3777643 0.1318826 -0.0206344 -0.1057978 -0.0675334 0.9918771
1403636761.863556 -0.0975793 0.3577576 0.1463706 -0.0082425 -0.1127978 -0.0398001 0.9927863
1403636762.213556 -0.1249023 0.3298786 0.1433130 -0.0090988 -0.0942700 -0.0861481 0.9917706
1403636762.563555 -0.2022653 0.3448074 0.1516031 -0.0318425 -0.1083276 -0.0400586 0.9927973
1403636762.913555 -0.2454708 0.1883035 0.1141128 0.0264526 -0.1112759 -0.0297702 0.9929913
1403636763.213556 -0.1903287 0.4285040 0.1902996 0.0095247 -0.0683310 -0.0110619 0.9975559
