1403636579.763556 0.0000000 0.0000000 0.0000000 0.0000000 0.0000000 0.0000000 1.0000000
1403636590.163556 -0.0417184 0.0182872 -0.0084216 -0.1926966 -0.0165230 0.0075374 0.9810903
1403636592.163556 0.0365452 0.0162284 0.0074440 -0.1500587 0.0983014 0.0386028 0.9830204
1403636593.463556 -0.0244233 0.0163212 0.0117467 -0.1767668 -0.1100558 -0.0094193 0.9780350
1403636593.563555 -0.0259998 0.0193544 0.0046888 -0.1806644 -0.1023317 -0.0068255 0.9781830
1403636593.713556 -0.0234441 0.0239566 -0.0048380 -0.1934909 -0.0789540 0.0079816 0.9778875
1403636593.863556 -0.0156308 0.0274697 -0.0124245 -0.1959058 -0.0310890 0.0295819 0.9796833
1403636594.013556 -0.0041608 0.0289812 -0.0174782 -0.1803265 0.0289243 0.0498875 0.9819149
1403636594.163556 0.0093121 0.0289061 -0.0184845 -0.1728422 0.0837842 0.0676286 0.9790465
1403636594.713556 0.0467558 0.0190324 0.0125894 -0.1457187 0.1354796 0.0642516 0.9778973
1403636594.863556 0.0411325 0.0169203 0.0220902 -0.1397062 0.1082016 0.0539367 0.9827845
1403636596.263556 0.0217214 0.0362233 -0.0170867 -0.1725050 0.0642818 0.0269239 0.9825401
1403636596.413555 0.0142636 0.0365791 -0.0260683 -0.1657850 0.0676676 0.0300871 0.9833775
1403636596.563555 0.0051518 0.0369632 -0.0348962 -0.1580993 0.0639443 0.0215031 0.9851159
1403636596.763556 -0.0026227 0.0375383 -0.0402317 -0.1606504 0.0610705 0.0156880 0.9849953
1403636598.963556 0.0058189 0.0406792 0.0230085 -0.1011959 -0.0908993 -0.0511448 0.9893841
1403636599.063555 0.0066752 0.0427635 0.0274766 -0.0848489 -0.0941407 -0.0491003 0.9907206
1403636599.163556 0.0071402 0.0440215 0.0306102 -0.0628968 -0.1029377 -0.0426864 0.9917790
1403636624.963556 0.0200601 0.0502724 0.0334344 -0.0194537 -0.0590725 -0.0611290 0.9961904
1403636635.413555 0.3627557 -0.1537655 0.4849336 -0.0281834 -0.0084697 -0.0260398 0.9992276
1403636635.663556 0.3705537 -0.1650752 0.5121721 -0.0268267 -0.0100945 -0.0187158 0.9994139
1403636635.813555 0.3761000 -0.1758140 0.5281171 -0.0183361 -0.0108951 -0.0116649 0.9997045
1403636635.963556 0.3827781 -0.1885401 0.5433099 -0.0209333 -0.0118991 -0.0033139 0.9997046
1403636637.913555 0.4375476 -0.2843063 0.7047359 -0.0163593 -0.0140500 -0.0345850 0.9991691
1403636638.313555 0.4376447 -0.2951846 0.7325911 -0.0075820 -0.0172572 -0.0326186 0.9992901
1403636638.563555 0.4385309 -0.2933424 0.7512116 -0.0480885 -0.0235418 -0.0136958 0.9984717
1403636638.813555 0.4424013 -0.2984469 0.7737610 -0.0350114 -0.0196762 -0.0295167 0.9987571
1403636639.063555 0.4470530 -0.3125616 0.7972778 -0.0240337 -0.0261034 -0.0138667 0.9992741
1403636639.513556 0.4658362 -0.3202069 0.8485187 -0.0246047 -0.0208447 -0.0304734 0.9990153
1403636639.713556 0.4764416 -0.3196733 0.8736298 -0.0129036 -0.0176218 -0.0438390 0.9987999
1403636639.913555 0.4851010 -0.3222464 0.8968759 -0.0052506 -0.0220838 -0.0336518 0.9991758
1403636640.213556 0.4964184 -0.3319497 0.9259849 -0.0028036 -0.0367613 -0.0420097 0.9984367
1403636640.513556 0.5072428 -0.3423208 0.9501525 -0.0055078 -0.0523615 -0.0496275 0.9973791
1403636640.813555 0.5170322 -0.3455455 0.9728043 -0.0080268 -0.0577586 -0.0519784 0.9969442
1403636641.363556 0.5309072 -0.3525219 1.0078834 -0.0075949 -0.0582337 -0.0431010 0.9973432
1403636641.963556 0.5457979 -0.3586325 1.0379019 -0.0051054 -0.0503261 -0.0456624 0.9976754
1403636642.913555 0.5673876 -0.3659677 1.0626030 -0.0265873 0.0030723 -0.0237032 0.9993607
1403636643.863556 0.5911412 -0.3847612 1.0904375 -0.0442355 -0.0022789 -0.0265405 0.9986659
1403636644.413555 0.6072960 -0.4006912 1.1321383 -0.0153999 -0.0093016 -0.0046854 0.9998271
1403636644.663556 0.6190154 -0.3996199 1.1570855 -0.0004231 -0.0121069 0.0043264 0.9999173
1403636644.813555 0.6291628 -0.3949790 1.1716528 0.0003663 -0.0030814 -0.0202278 0.9997906
1403636644.963556 0.6391947 -0.3894818 1.1854210 -0.0072279 0.0019684 -0.0282593 0.9995726
1403636645.113555 0.6491584 -0.3852455 1.1977218 -0.0378679 0.0027925 -0.0249130 0.9989682
1403636645.513556 0.6737071 -0.3903443 1.2381122 -0.0444719 0.0056440 -0.0256711 0.9986648
1403636645.813555 0.6905581 -0.3973733 1.2776735 -0.0367590 0.0060058 -0.0256693 0.9989763
1403636646.113555 0.7071750 -0.4172535 1.3194594 -0.0226568 0.0181132 -0.0084268 0.9995437
1403636646.263556 0.7167807 -0.4289154 1.3405184 -0.0123779 0.0466458 0.0108186 0.9987762
1403636646.463556 0.7320035 -0.4410456 1.3684249 0.0053524 0.0991688 0.0300135 0.9946035
1403636646.663556 0.7488477 -0.4524630 1.3923569 0.0103105 0.1376577 0.0284284 0.9900181
1403636646.863556 0.7649478 -0.4670226 1.4110447 0.0077054 0.1544224 0.0306907 0.9874980
1403636647.163556 0.7872442 -0.4877796 1.4343047 -0.0064218 0.1584894 0.0319625 0.9868223
1403636647.613555 0.8210338 -0.5047708 1.4669204 0.0115463 0.1469775 0.0394033 0.9882873
1403636648.013556 0.8538135 -0.5143985 1.4856105 0.0051689 0.1740498 0.0410657 0.9838666
1403636648.313555 0.8807378 -0.5120955 1.4962045 0.0051555 0.2440373 0.0658431 0.9675143
1403636648.563555 0.9038156 -0.5043414 1.5021650 0.0058475 0.3077499 0.0878542 0.9473845
1403636648.813555 0.9244878 -0.4985296 1.5036876 -0.0088228 0.3426451 0.0999856 0.9340875
1403636649.163556 0.9528520 -0.5069995 1.5007792 -0.0114124 0.3512879 0.0986618 0.9309847
1403636649.613555 0.9868091 -0.5351623 1.4923507 0.0003400 0.3405095 0.0910384 0.9358233
1403636650.263556 1.0263011 -0.5572233 1.4724874 0.0120236 0.3937172 0.1037285 0.9132813
1403636650.763556 1.0474494 -0.5417023 1.4535981 -0.0057743 0.4848919 0.1452374 0.8624109
1403636652.063555 1.0608735 -0.5275709 1.3845730 0.0248808 0.5212522 0.1614686 0.8376186
1403636652.363556 1.0566858 -0.5072460 1.3617684 -0.0022063 0.6023974 0.1930521 0.7744956
1403636652.563555 1.0549055 -0.4955647 1.3466409 -0.0128178 0.6362736 0.2167668 0.7402728
1403636652.713556 1.0543423 -0.4884745 1.3339704 -0.0239639 0.6477896 0.2260633 0.7271106
1403636653.063555 1.0603248 -0.4838992 1.3042996 -0.0196614 0.6549466 0.2182898 0.7231929
1403636653.813555 1.0820404 -0.4741261 1.2501993 0.0064710 0.6450584 0.1836975 0.7416961
1403636654.363556 1.0822352 -0.4603721 1.2191806 0.0067992 0.6621445 0.1970398 0.7229756
1403636654.563555 1.0789280 -0.4597135 1.2060308 0.0006455 0.6890436 0.2081368 0.6941884
1403636654.713556 1.0752071 -0.4600692 1.1954813 -0.0013390 0.7027806 0.2221584 0.6758278
1403636654.963556 1.0695095 -0.4564028 1.1804260 -0.0026254 0.7182307 0.2253178 0.6583083
1403636655.363556 1.0582491 -0.4447226 1.1623915 0.0189669 0.7323804 0.2157958 0.6455163
1403636655.713556 1.0388043 -0.4348330 1.1463679 0.0109274 0.7517847 0.2458345 0.6117727
1403636655.913555 1.0262890 -0.4231490 1.1382424 0.0083157 0.7675112 0.2633471 0.5843849
1403636656.063555 1.0169694 -0.4133358 1.1308471 0.0112414 0.7823868 0.2693017 0.5614455
1403636656.213556 1.0077631 -0.4062967 1.1216364 0.0047536 0.7920976 0.2711274 0.5468535
1403636656.463556 0.9932746 -0.4025368 1.1022737 0.0000982 0.7960990 0.2750991 0.5390240
1403636656.713556 0.9813942 -0.4024041 1.0803577 0.0058611 0.7989051 0.2603345 0.5421644
1403636656.863556 0.9745203 -0.3999549 1.0677440 0.0121980 0.8017465 0.2448344 0.5450779
1403636657.113555 0.9609746 -0.3909030 1.0501517 0.0215869 0.7997728 0.2397700 0.5499161
1403636657.363556 0.9427165 -0.3813202 1.0340436 0.0230531 0.7946171 0.2515808 0.5520502
1403636657.663556 0.9167576 -0.3692473 1.0134295 0.0153923 0.7885303 0.2714974 0.5516088
1403636657.913555 0.8950115 -0.3542642 0.9942250 0.0221365 0.7890457 0.2817377 0.5454729
1403636658.113555 0.8778331 -0.3437169 0.9750065 0.0137333 0.7919093 0.2825339 0.5411706
1403636658.263556 0.8653312 -0.3373426 0.9576639 0.0010097 0.7965748 0.2747487 0.5384986
1403636658.413555 0.8537180 -0.3297052 0.9404476 -0.0063651 0.7987134 0.2722564 0.5365565
1403636658.563555 0.8432886 -0.3208062 0.9234363 -0.0163064 0.8012160 0.2669608 0.5352747
1403636658.713556 0.8342969 -0.3113595 0.9076208 -0.0214574 0.8033940 0.2614016 0.5345716
1403636658.863556 0.8268195 -0.3018639 0.8929827 -0.0234459 0.8073655 0.2499838 0.5339657
1403636659.013556 0.8208432 -0.2921866 0.8806034 -0.0097759 0.8082836 0.2478477 0.5339977
1403636659.163556 0.8150582 -0.2815577 0.8700328 0.0004908 0.8094140 0.2439939 0.5341495
1403636659.313555 0.8084559 -0.2707880 0.8609579 0.0012196 0.8085641 0.2453258 0.5348251
1403636659.463556 0.8008302 -0.2621284 0.8530452 -0.0074551 0.8052574 0.2547486 0.5353579
1403636659.613555 0.7939256 -0.2559434 0.8453358 -0.0086356 0.8057843 0.2546069 0.5346141
1403636659.763556 0.7876110 -0.2490778 0.8387659 -0.0061340 0.8084317 0.2500254 0.5328112
1403636659.913555 0.7812657 -0.2404839 0.8341787 -0.0062343 0.8092037 0.2513398 0.5310167
1403636660.013556 0.7772441 -0.2339751 0.8321353 -0.0115588 0.8080032 0.2579287 0.5295942
1403636660.113555 0.7733636 -0.2267736 0.8305656 -0.0163302 0.8064925 0.2647299 0.5284139
1403636660.213556 0.7700773 -0.2195810 0.8294463 -0.0188385 0.8055329 0.2682547 0.5280163
1403636660.313555 0.7675179 -0.2125733 0.8284548 -0.0237058 0.8038923 0.2737416 0.5275043
1403636660.413555 0.7658523 -0.2065271 0.8274251 -0.0318365 0.8003071 0.2842593 0.5269645
1403636660.663556 0.7680023 -0.1948794 0.8238211 -0.0258953 0.8053436 0.2688667 0.5276948
1403636661.013556 0.7786723 -0.1731712 0.8257149 -0.0193867 0.8150799 0.2363575 0.5285869
1403636661.263556 0.7870807 -0.1569876 0.8350883 -0.0042341 0.8133965 0.2415683 0.5291626
1403636661.413555 0.7913043 -0.1503596 0.8421350 -0.0021273 0.8133620 0.2413738 0.5293170
1403636661.613555 0.7951263 -0.1458610 0.8520068 -0.0000008 0.8108055 0.2475816 0.5303752
1403636661.813555 0.7979904 -0.1467967 0.8617732 0.0124825 0.8090780 0.2503088 0.5315849
1403636662.563555 0.7878566 -0.1633535 0.8951724 -0.0142718 0.8077460 0.2584580 0.5296623
1403636662.863556 0.7838210 -0.1624387 0.9131351 0.0163889 0.8021407 0.2783894 0.5280163
1403636663.163556 0.7798935 -0.1563120 0.9256812 0.0155007 0.7954621 0.2996765 0.5264919
1403636663.463556 0.7793148 -0.1474891 0.9286150 -0.0314075 0.8018450 0.2843209 0.5246140
1403636663.663556 0.7842092 -0.1377519 0.9308510 -0.0436926 0.8006946 0.2866020 0.5242502
1403636663.863556 0.7958707 -0.1296285 0.9332184 -0.0571120 0.8059421 0.2659029 0.5258243
1403636664.063555 0.8138993 -0.1275151 0.9369701 -0.0543001 0.8120299 0.2399234 0.5292407
1403636664.313555 0.8416741 -0.1318647 0.9481345 -0.0227215 0.8100020 0.2351737 0.5367250
1403636664.513556 0.8640730 -0.1296467 0.9634309 -0.0107499 0.8063649 0.2337162 0.5431730
1403636664.763556 0.8903419 -0.1270939 0.9864440 0.0006903 0.7983575 0.2398998 0.5523341
1403636665.063555 0.9177337 -0.1329206 1.0129939 -0.0086562 0.7894760 0.2502950 0.5603616
1403636665.613555 0.9659107 -0.1587963 1.0564349 -0.0159020 0.7891967 0.2474105 0.5618752
1403636665.913555 0.9920468 -0.1765710 1.0809058 0.0021394 0.7930404 0.2449733 0.5577369
1403636666.263556 1.0186446 -0.1927148 1.1122035 0.0114277 0.7940681 0.2466715 0.5554084
1403636666.613555 1.0384185 -0.2022254 1.1427932 0.0110732 0.7887673 0.2550833 0.5591566
1403636666.963556 1.0532886 -0.2176221 1.1681261 -0.0000936 0.7746102 0.2867849 0.5636784
1403636667.313555 1.0728421 -0.2230818 1.1870840 -0.0011307 0.7883943 0.2428557 0.5652030
1403636667.663556 1.0907655 -0.2241572 1.2086818 -0.0067913 0.7798250 0.2644021 0.5673785
1403636668.013556 1.1101031 -0.2323449 1.2260389 0.0004371 0.7792310 0.2694505 0.5658580
1403636668.363556 1.1322746 -0.2297032 1.2424920 -0.0150567 0.7867618 0.2628732 0.5582802
1403636668.763556 1.1623331 -0.2211017 1.2637638 -0.0207244 0.7955040 0.2520796 0.5506358
1403636669.113555 1.1913805 -0.2232396 1.2873921 -0.0072294 0.8011242 0.2381369 0.5490343
1403636669.413555 1.2143121 -0.2298173 1.3129067 -0.0007512 0.8016212 0.2394345 0.5477901
1403636669.713556 1.2327958 -0.2327903 1.3447245 0.0139388 0.8066137 0.2185776 0.5490027
1403636670.013556 1.2399725 -0.2436216 1.3788316 0.0537804 0.7889697 0.2602162 0.5540054
1403636670.413555 1.2297212 -0.2604092 1.4063846 0.0935850 0.7661503 0.2759417 0.5728104
1403636671.363556 1.0988936 -0.2615367 1.3059788 0.0504487 0.6181479 0.2199753 0.7529668
1403636671.813555 1.0171154 -0.2449326 1.1942525 -0.0500686 0.5738675 0.2050938 0.7912685
1403636672.313555 0.9730775 -0.2400264 1.0905859 -0.0949944 0.5842463 0.1857765 0.7842955
1403636673.463556 0.9695554 -0.2175064 1.0278558 -0.0654758 0.5261439 0.1675261 0.8311561
1403636674.913555 1.0330696 -0.2153772 1.1284454 -0.0210608 0.4729497 0.1711122 0.8640577
1403636675.713556 1.1031023 -0.2297226 1.1985084 -0.0212209 0.4606621 0.1003685 0.8816271
1403636677.713556 1.1960270 -0.2635631 1.4553683 0.0188846 0.1817317 0.0294535 0.9827256
1403636678.213556 1.1967330 -0.2807105 1.4918659 -0.0109900 0.0689373 0.0065494 0.9975390
1403636678.663556 1.2046975 -0.2962485 1.5172065 -0.0131013 -0.0088991 -0.0315069 0.9993780
1403636679.063555 1.2067497 -0.3052198 1.5372373 -0.0102580 -0.0859384 -0.1020073 0.9910116
1403636679.463556 1.1937394 -0.3066132 1.5520291 0.0000901 -0.1956074 -0.0893336 0.9766049
1403636679.813555 1.1852446 -0.3169464 1.5553144 -0.0045356 -0.2451856 -0.1085562 0.9633685
1403636680.163556 1.1798822 -0.3366239 1.5501630 0.0181237 -0.2370395 -0.1447428 0.9604860
1403636680.763556 1.1528355 -0.3428133 1.5141798 0.0036689 -0.2230580 -0.1412616 0.9645086
1403636681.113555 1.1244814 -0.3306694 1.4847596 -0.0441630 -0.2302514 -0.1082555 0.9660821
1403636681.463556 1.0945957 -0.3187776 1.4629180 -0.0063194 -0.2316907 -0.1130419 0.9661786
1403636681.813555 1.0632467 -0.3108538 1.4385960 -0.0012783 -0.2353524 -0.1189903 0.9645978
1403636682.163556 1.0313194 -0.3046226 1.4095030 -0.0018891 -0.2427755 -0.1125144 0.9635336
1403636682.513556 1.0004948 -0.2983261 1.3783560 -0.0182130 -0.2406389 -0.1128640 0.9638584
1403636682.863556 0.9706384 -0.2872940 1.3509279 0.0033655 -0.2355794 -0.1103594 0.9655629
1403636683.313555 0.9321992 -0.2758660 1.3074138 0.0002065 -0.2350574 -0.1119969 0.9655074
1403636683.663556 0.9032358 -0.2569009 1.2727075 -0.0064825 -0.2411887 -0.1101330 0.9641871
1403636684.013556 0.8755400 -0.2406576 1.2375183 -0.0165855 -0.2461574 -0.1102776 0.9627930
1403636684.563555 0.8350166 -0.2336471 1.1806598 -0.0028507 -0.2577403 -0.1036568 0.9606337
1403636684.913555 0.8159690 -0.2176684 1.1471709 0.0010005 -0.2584718 -0.1051635 0.9602770
1403636685.263556 0.8015889 -0.2019469 1.1120696 -0.0064898 -0.2467940 -0.1224841 0.9612743
1403636685.613555 0.7858481 -0.1920203 1.0732286 -0.0102530 -0.2415325 -0.1167889 0.9632846
1403636685.963556 0.7681479 -0.1722036 1.0366621 -0.0058915 -0.2398669 -0.1185526 0.9635219
1403636686.363556 0.7462140 -0.1539970 0.9939559 -0.0187698 -0.2431151 -0.1078246 0.9638032
1403636686.763556 0.7255392 -0.1403437 0.9558613 -0.0208690 -0.2438097 -0.1095802 0.9633865
1403636687.163556 0.7051739 -0.1318144 0.9223771 -0.0146064 -0.2478061 -0.1048754 0.9630057
1403636687.713556 0.6832359 -0.1148533 0.8834738 -0.0053348 -0.2520060 -0.1019286 0.9623280
1403636688.163556 0.6717293 -0.0825841 0.8580389 -0.0041942 -0.2486934 -0.1162145 0.9615759
1403636688.563555 0.6621772 -0.0582860 0.8321754 -0.0066461 -0.2481941 -0.1186331 0.9613957
1403636688.963556 0.6488873 -0.0300857 0.8058586 -0.0119077 -0.2572838 -0.1280174 0.9577447
1403636689.413555 0.6260066 -0.0180581 0.7711359 -0.0256708 -0.2842174 -0.1252189 0.9502009
1403636689.863556 0.6003124 -0.0254558 0.7428697 -0.0493625 -0.2921549 -0.1082397 0.9489431
1403636690.513556 0.5684332 -0.0404418 0.7425913 -0.0383583 -0.2829538 -0.1141923 0.9515387
1403636690.963556 0.5514514 -0.0477497 0.7667567 -0.0207496 -0.3029238 -0.0527067 0.9513299
1403636691.513556 0.5826043 -0.0640920 0.8041527 0.0080116 -0.2961955 -0.1014754 0.9496877
1403636692.063555 0.6421333 -0.0954617 0.8201534 0.0005080 -0.2971623 -0.1143562 0.9479541
1403636692.613555 0.7012084 -0.1318302 0.8238977 -0.0048094 -0.2870214 -0.1287130 0.9492252
1403636693.063555 0.7404210 -0.1662921 0.8172639 -0.0152270 -0.2748101 -0.1534550 0.9490517
1403636693.513556 0.7612627 -0.1839813 0.8117599 -0.0469650 -0.2849803 -0.1343226 0.9479125
1403636694.413555 0.7669180 -0.2042898 0.8419101 -0.0117448 -0.2940045 -0.1243587 0.9476066
1403636695.413555 0.7730654 -0.2146289 0.8806783 -0.0127844 -0.2832474 -0.1213904 0.9512475
1403636699.513556 0.6641524 -0.1732709 0.8249690 -0.0210017 0.1297608 0.0498374 0.9900693
1403636702.663556 0.7562107 -0.0778698 0.7826329 -0.0255679 0.3937607 0.1126684 0.9119236
1403636703.463556 0.8034719 -0.0464060 0.8040027 0.0011907 0.3876027 0.1219230 0.9137272
1403636704.163556 0.8478056 -0.0457933 0.8094091 -0.0051129 0.3803545 0.1172039 0.9173699
1403636704.763556 0.8892472 -0.0423625 0.8169195 -0.0407635 0.3777666 0.1109050 0.9183304
1403636705.463556 0.9552609 -0.0430507 0.8653415 -0.0251496 0.3759257 0.0980640 0.9211031
1403636706.613555 1.0693171 -0.0609224 0.9798565 -0.0205683 0.3717099 0.0910054 0.9236486
1403636707.813555 1.1686227 -0.1334513 1.1084713 -0.0248312 0.3814479 0.1193111 0.9163219
1403636708.463556 1.2301056 -0.1470844 1.2006322 0.0062661 0.3654446 0.1282585 0.9219332
1403636709.063555 1.2884660 -0.1548350 1.2653797 0.0047558 0.3922273 0.0836770 0.9160421
1403636709.713556 1.3191981 -0.1727766 1.3253324 -0.0175526 0.3967600 0.0898620 0.9133445
1403636710.363556 1.3244401 -0.1891675 1.3987162 -0.0053682 0.3782160 0.0981986 0.9204786
1403636710.863556 1.3201561 -0.1849051 1.4576328 0.0017357 0.3103557 0.0855040 0.9467657
1403636711.363556 1.3126463 -0.1916278 1.5015812 -0.0023083 0.2693315 0.0463818 0.9619272
1403636712.013556 1.2756166 -0.2114104 1.5366484 0.0120709 0.2716756 0.0693364 0.9598120
1403636714.013556 1.0769447 -0.2744596 1.4503040 -0.0022709 0.2096330 0.0605242 0.9759025
1403636715.263556 0.9984413 -0.2608890 1.3549293 -0.0324517 0.0925973 0.0007536 0.9951744
1403636716.913555 0.9664941 -0.2399394 1.2679347 -0.0042594 0.0635050 -0.0020966 0.9979702
1403636717.663556 0.9516266 -0.2246242 1.2103057 -0.0065582 -0.0166024 -0.0526436 0.9984538
1403636718.463556 0.8996179 -0.1961630 1.1469346 -0.0136523 -0.1186820 -0.0672478 0.9905584
1403636719.163556 0.8530032 -0.1578396 1.1039333 -0.0043837 -0.1672849 -0.0870488 0.9820484
1403636719.763556 0.8215532 -0.1326497 1.0638287 -0.0070448 -0.1603877 -0.0736045 0.9842807
1403636720.313555 0.8026087 -0.1153077 1.0245314 -0.0148474 -0.1525058 -0.0691229 0.9857705
1403636721.013556 0.7904847 -0.0959523 0.9874761 -0.0135759 -0.1302934 -0.0594469 0.9895986
1403636722.213556 0.7988683 -0.0709505 0.9327840 -0.0058150 -0.0378072 -0.0446562 0.9982698
1403636724.213556 0.7825710 -0.0371055 0.8151733 -0.0235761 0.0501643 -0.0065863 0.9984409
1403636728.763556 0.7068332 -0.1031708 0.6021997 -0.0017673 0.0792127 0.0037781 0.9968490
1403636729.563555 0.6717871 -0.0909521 0.5491371 0.0003037 0.0293816 -0.0232412 0.9992980
1403636730.413555 0.6285122 -0.0733840 0.4856943 -0.0166296 0.0272454 -0.0184382 0.9993204
1403636731.213556 0.5925437 -0.0751276 0.4498640 -0.0129216 0.0191682 0.0093273 0.9996893
1403636732.413555 0.5894796 -0.0400483 0.4337661 -0.0010435 0.0272097 -0.0202252 0.9994246
1403636733.763556 0.5493872 -0.0350703 0.3436442 -0.0140378 0.0205713 -0.0246974 0.9993847
1403636734.563555 0.5076776 -0.0272189 0.2821678 -0.0139112 0.0162288 -0.0208288 0.9995545
1403636735.313555 0.4696421 -0.0130618 0.2365085 -0.0231261 0.0116269 -0.0169245 0.9995217
1403636737.213556 0.3873669 -0.0309673 0.1763423 -0.0053838 -0.0355316 -0.0421095 0.9984665
1403636737.813555 0.3632870 -0.0247796 0.1489035 -0.0239645 -0.0531588 -0.0277675 0.9979122
1403636739.313555 0.3523368 -0.0380307 0.1478386 -0.0080288 0.1442246 0.0381699 0.9887759
1403636740.013556 0.3782642 -0.0243996 0.1544344 -0.0075942 0.2430029 0.0666441 0.9677037
1403636740.763556 0.4000932 0.0076942 0.1638546 -0.0071865 0.2289715 0.0594578 0.9715890
1403636741.563555 0.4156928 0.0578026 0.1690808 -0.0185028 0.2504707 0.0763692 0.9649299
1403636742.563555 0.4309256 0.0901288 0.1816465 -0.0127086 0.2365156 0.0597982 0.9697025
1403636743.263556 0.4437233 0.1113057 0.1990353 -0.0437935 0.2455074 0.0748710 0.9655064
1403636744.063555 0.4805146 0.1321034 0.2474477 -0.0037695 0.2756238 0.0678249 0.9588624
1403636744.863556 0.5162793 0.2002319 0.3055699 0.0113911 0.2917449 0.0834076 0.9527845
1403636745.713556 0.5517280 0.2409288 0.3335639 0.0068270 0.2834204 0.0696234 0.9564407
1403636746.613555 0.5495692 0.2164665 0.3383334 -0.0030943 0.3126599 0.0751883 0.9468796
1403636747.663556 0.5288234 0.1885439 0.3586369 -0.0109808 0.3074703 0.0770392 0.9483704
1403636749.513556 0.5294596 0.1001104 0.3918658 0.0014084 0.3338048 0.0875192 0.9385695
1403636751.963556 0.4816732 -0.0238855 0.3246877 -0.0258367 0.2811443 0.0907507 0.9550155
1403636752.813555 0.4837912 -0.0700007 0.3114579 -0.0077356 0.1774743 0.0328080 0.9835480
1403636754.113555 0.4526776 -0.0737681 0.3078301 0.0029351 0.0158604 -0.0298411 0.9994245
1403636754.963556 0.4033026 -0.0741553 0.2757785 0.0028012 -0.0398892 -0.0544037 0.9977180
1403636756.263556 0.2919074 -0.0578667 0.1997858 -0.0033715 -0.0558559 -0.0534522 0.9970013
1403636756.813555 0.2395788 -0.0477929 0.1659099 0.0019448 -0.0617166 -0.0537172 0.9966453
1403636757.363556 0.1872920 -0.0393374 0.1227793 -0.0015621 -0.0643341 -0.0552348 0.9963974
1403636757.913555 0.1334988 -0.0282516 0.0776299 -0.0417023 -0.0898844 -0.0698108 0.9926269
1403636758.363556 0.0856443 -0.0333827 0.0505242 -0.0049394 -0.1042228 -0.0590890 0.9927848
1403636758.863556 0.0410807 -0.0225180 0.0345921 -0.0222239 -0.1071512 -0.0421770 0.9930991
1403636759.563555 0.0105220 0.0013587 0.0340536 -0.0021709 -0.1089063 -0.0456267 0.9930020
1403636759.913555 0.0093332 0.0105263 0.0302362 -0.0060034 -0.1066492 -0.0588868 0.9925333
1403636760.213556 0.0090469 0.0168027 0.0251552 -0.0246170 -0.1055724 -0.0584275 0.9923884
1403636761.163556 0.0053517 0.0426584 0.0157531 -0.0330651 -0.1048023 -0.0689891 0.9915461
1403636761.513556 -0.0028010 0.0468365 0.0163466 -0.0205948 -0.1057637 -0.0674092 0.9918901
1403636761.863556 -0.0120947 0.0443369 0.0181370 -0.0081780 -0.1127494 -0.0397706 0.9927936
1403636762.163556 -0.0148436 0.0414002 0.0180856 -0.0043776 -0.0959620 -0.0826693 0.9919364
1403636762.463556 -0.0216841 0.0413183 0.0174932 -0.0389801 -0.0984399 -0.0688212 0.9919949
1403636762.713556 -0.0288789 0.0471914 0.0229287 -0.0164565 -0.1146499 -0.0217791 0.9930308
1403636763.013556 -0.0261752 0.0533195 0.0247754 -0.0050021 -0.0909511 -0.0398291 0.9950460
1403636763.313555 -0.0235347 0.0540979 0.0243346 0.0043351 -0.0687464 -0.0091316 0.9975830
