1439803954.763703 0.000291370 -0.001896279 0.032462288 -0.000366207 0.002268844 0.000270910 0.999997318
1439803954.826206 0.000361497 -0.002626904 0.049027689 -0.000325630 0.003551674 -0.000502281 0.999993503
1439803954.888705 0.000610191 -0.003423067 0.065350831 -0.000173145 0.004451573 -0.000187906 0.999990046
1439803954.951207 0.000900202 -0.004188003 0.081781268 -0.000203324 0.005227891 0.000918530 0.999985874
1439803955.013709 0.001157948 -0.004904568 0.098411530 -0.000904474 0.005652405 0.001738444 0.999982059
1439803955.076210 0.001483546 -0.005767839 0.114937797 -0.001874059 0.006006214 0.002331076 0.999977469
1439803955.138711 0.001762915 -0.006498706 0.131863952 -0.002954536 0.006430770 0.003475175 0.999968886
1439803955.201212 0.002132594 -0.007415182 0.148471877 -0.003744212 0.006795883 0.003137163 0.999964952
1439803955.263715 0.002254316 -0.008322097 0.165100411 -0.003615653 0.007386921 0.001965140 0.999964237
1439803955.326215 0.002568314 -0.009136993 0.181675196 -0.002928726 0.007803410 0.001354136 0.999964356
1439803955.388717 0.002825780 -0.010145740 0.198233247 -0.002344823 0.008167307 0.001018060 0.999963343
1439803955.451218 0.003029531 -0.011094373 0.215001062 -0.001394125 0.008584615 0.001223800 0.999961436
1439803955.513723 0.003236959 -0.011959554 0.231672749 -0.000120119 0.009041194 0.002423427 0.999956191
1439803955.576219 0.003744907 -0.012708895 0.248490870 0.001066283 0.009563583 0.003330941 0.999948144
1439803955.638720 0.004005003 -0.013643726 0.265191972 0.001289945 0.010264836 0.003504549 0.999940336
1439803955.701221 0.004728309 -0.014523013 0.282030046 0.000769387 0.010864837 0.004575812 0.999930203
1439803955.763721 0.005448580 -0.015240035 0.299164265 0.000088214 0.011463064 0.005203141 0.999920726
1439803955.826222 0.005343986 -0.015837431 0.315881014 -0.000307166 0.012191758 0.004625692 0.999914944
1439803955.888723 0.006161775 -0.017329430 0.333258122 -0.000848172 0.012753378 0.004180633 0.999909520
1439803955.951223 0.006434423 -0.018056398 0.349300683 -0.001016133 0.013242630 0.001958337 0.999909878
1439803956.013723 0.006580074 -0.018896921 0.366164744 -0.001273527 0.013721793 0.000714739 0.999904811
1439803956.076225 0.007009829 -0.019934839 0.382754296 -0.000649463 0.014249424 0.000843254 0.999897897
1439803956.138724 0.007990835 -0.021010056 0.399614036 0.000295989 0.014509766 -0.000354937 0.999894619
1439803956.201225 0.008037630 -0.021862738 0.415827394 0.001546395 0.014956571 -0.000825084 0.999886572
1439803956.263726 0.008937983 -0.022584565 0.432535648 0.002318075 0.015351015 -0.000362414 0.999879420
1439803956.326227 0.009611381 -0.023579581 0.449107885 0.002324330 0.016003765 -0.000258734 0.999869168
1439803956.388726 0.010146080 -0.024476292 0.465805411 0.001880388 0.016897893 -0.001812715 0.999853790
1439803956.451228 0.010429262 -0.025310287 0.482305944 0.001397749 0.017655682 -0.002735602 0.999839425
1439803956.513728 0.010853287 -0.026178112 0.499184430 0.000425159 0.018175317 -0.003845694 0.999827325
1439803956.576230 0.011852242 -0.026904333 0.515739024 -0.000463606 0.018961288 -0.004692417 0.999809086
1439803956.638732 0.012204909 -0.027902741 0.532837570 -0.001353967 0.020069838 -0.005267520 0.999783754
1439803956.701232 0.012825206 -0.028709514 0.549788237 -0.002028264 0.020874344 -0.005439804 0.999765277
1439803956.763734 0.013438402 -0.029700387 0.566113412 -0.002514694 0.021524284 -0.004732882 0.999753952
1439803956.826234 0.014466587 -0.030176044 0.583485007 -0.002625026 0.022116480 -0.003875049 0.999744475
1439803956.888736 0.016355185 -0.030680472 0.598788559 -0.002573093 0.022754963 -0.003679926 0.999731004
1439803956.951236 0.017234255 -0.031667151 0.615663707 -0.002265956 0.023728896 -0.004008882 0.999707818
1439803957.013739 0.018104255 -0.032508899 0.631440878 -0.001813622 0.024440644 -0.004367434 0.999690115
1439803957.076238 0.018989813 -0.033475902 0.648005843 -0.000922964 0.025163788 -0.005846374 0.999665797
1439803957.138741 0.019362591 -0.034596846 0.665206015 0.000153449 0.026005402 -0.007844301 0.999630988
1439803957.201241 0.020142732 -0.035377011 0.681702256 0.000872239 0.026770011 -0.008757138 0.999602854
1439803957.263747 0.020036278 -0.036300361 0.698829532 0.000782072 0.027549509 -0.008839628 0.999581039
1439803957.326244 0.021061167 -0.037118841 0.715267241 0.000123020 0.027936833 -0.008909462 0.999569952
1439803957.388748 0.021953547 -0.037930358 0.731703162 -0.000592183 0.028308814 -0.009162299 0.999557078
1439803957.451247 0.022891778 -0.038921528 0.748134851 -0.001227921 0.028831728 -0.009325785 0.999540031
1439803957.513748 0.023741156 -0.039590698 0.765003562 -0.001922127 0.029569896 -0.010429785 0.999506474
1439803957.576250 0.024695409 -0.040404517 0.781792462 -0.002842722 0.030311087 -0.011757451 0.999467313
1439803957.638751 0.025439437 -0.041431557 0.798489988 -0.003632758 0.030988472 -0.013279323 0.999424934
1439803957.701252 0.026568873 -0.042184390 0.814655244 -0.003824455 0.031327710 -0.013811341 0.999406457
1439803957.763754 0.027197147 -0.043065932 0.831786335 -0.003853749 0.031792272 -0.015016889 0.999374270
1439803957.826255 0.028266484 -0.043430004 0.848161697 -0.003885187 0.032274164 -0.015953712 0.999344170
1439803957.888757 0.029361419 -0.044382688 0.864449859 -0.004188486 0.032765470 -0.016205972 0.999322891
1439803957.951258 0.029896650 -0.044899952 0.881825030 -0.004394480 0.033290427 -0.016322648 0.999302745
1439803958.013763 0.030990636 -0.045519188 0.898766160 -0.004342589 0.033751372 -0.017537866 0.999266922
1439803958.076260 0.032144979 -0.046704743 0.914911509 -0.004076348 0.034358051 -0.018511202 0.999229848
1439803958.138763 0.033313472 -0.048052520 0.931411922 -0.003619323 0.034850150 -0.019494731 0.999195814
1439803958.201262 0.034466788 -0.048304729 0.947582066 -0.002913333 0.035229176 -0.020042107 0.999173999
1439803958.263763 0.035528000 -0.048914805 0.964186311 -0.002660369 0.035498075 -0.020456633 0.999156773
1439803958.326265 0.036736365 -0.049785506 0.980526388 -0.002548850 0.035524882 -0.020154260 0.999162316
1439803958.388764 0.037682146 -0.050573342 0.996835470 -0.002733088 0.035584062 -0.020436255 0.999153972
1439803958.451265 0.038736515 -0.051352348 1.013396978 -0.003440266 0.035789903 -0.021484692 0.999122441
1439803958.513766 0.040165830 -0.052084554 1.029805303 -0.004627328 0.036027797 -0.021463020 0.999109566
1439803958.576268 0.041377228 -0.052663863 1.045750856 -0.006019036 0.036317002 -0.022039702 0.999079168
1439803958.638768 0.042369910 -0.053672340 1.062317491 -0.007194698 0.036526728 -0.022709841 0.999048710
1439803958.701273 0.043413021 -0.053977408 1.079082489 -0.007401501 0.036671396 -0.022969516 0.999035954
1439803958.763772 0.044435676 -0.055076458 1.096128345 -0.007373753 0.036836736 -0.023377962 0.999020636
1439803958.826276 0.045644037 -0.055348147 1.112544298 -0.007034129 0.036928184 -0.023835773 0.999008834
1439803958.888774 0.046782970 -0.056132499 1.129238844 -0.006430318 0.037253376 -0.023885548 0.998999655
1439803958.951276 0.047825038 -0.056583118 1.145855904 -0.005215710 0.037758879 -0.023826607 0.998989165
1439803959.013778 0.049121335 -0.058004901 1.162156701 -0.004561702 0.038538199 -0.024290854 0.998951435
1439803959.076278 0.050213601 -0.058743078 1.178743958 -0.004438671 0.039392050 -0.024881864 0.998904109
1439803959.138783 0.051300451 -0.059569810 1.195216298 -0.004924611 0.040373985 -0.025900323 0.998836756
1439803959.201280 0.052626379 -0.060253680 1.211996198 -0.005419470 0.041490097 -0.026011275 0.998785555
1439803959.263782 0.053954761 -0.060793016 1.228215933 -0.005151502 0.042797256 -0.025993645 0.998732269
1439803959.326283 0.055439491 -0.061960846 1.244515181 -0.004236866 0.044235792 -0.026869798 0.998650730
1439803959.388787 0.057225067 -0.062988989 1.260630369 -0.003026963 0.045543753 -0.027210489 0.998587072
1439803959.451289 0.058772482 -0.063876778 1.276851892 -0.001797164 0.046703380 -0.028282227 0.998506725
1439803959.513790 0.060029209 -0.064807884 1.293503642 -0.000872735 0.047999389 -0.030701077 0.998375058
1439803959.576293 0.061781317 -0.065402821 1.309431553 -0.000518278 0.049544312 -0.033230178 0.998218834
1439803959.638791 0.063309431 -0.066277154 1.326182008 -0.000548616 0.051350452 -0.034671124 0.998078525
1439803959.701294 0.065077841 -0.067118913 1.343043208 -0.001490984 0.053118825 -0.035051569 0.997971714
1439803959.763793 0.067151666 -0.067586042 1.359637737 -0.002936713 0.054748286 -0.034703244 0.997892618
1439803959.826295 0.069205478 -0.068294153 1.376048446 -0.004655412 0.056543320 -0.034261137 0.997801244
1439803959.888797 0.071131222 -0.069562949 1.393588424 -0.006259713 0.058926430 -0.034434449 0.997648597
1439803959.951300 0.073064141 -0.070241436 1.410413623 -0.007841059 0.061812609 -0.036762379 0.997379720
1439803960.013802 0.075128913 -0.070910871 1.427019596 -0.008857899 0.064827949 -0.038838159 0.997101068
1439803960.076302 0.077368140 -0.071612664 1.443772674 -0.009667813 0.067805596 -0.040246554 0.996839583
1439803960.138805 0.079929873 -0.072426498 1.461037993 -0.009883218 0.070499107 -0.040769424 0.996629357
1439803960.201304 0.082605168 -0.073218435 1.477628946 -0.009460740 0.073150367 -0.040665694 0.996446609
1439803960.263804 0.085451871 -0.073960677 1.494410872 -0.008565605 0.076032259 -0.040309694 0.996253371
1439803960.326305 0.088470504 -0.074754059 1.510782838 -0.007641368 0.078943014 -0.039502569 0.996066809
1439803960.388808 0.091608971 -0.075549334 1.527181029 -0.007412386 0.082021087 -0.038792904 0.995847702
1439803960.451306 0.094597250 -0.076271877 1.544293284 -0.007262246 0.085028008 -0.038864430 0.995593846
1439803960.513805 0.097899705 -0.076775491 1.560182810 -0.006943115 0.087921910 -0.040050689 0.995297670
1439803960.576309 0.100885391 -0.077496231 1.577418447 -0.006775100 0.090884157 -0.042334866 0.994938135
1439803960.638807 0.103746831 -0.078458719 1.593899369 -0.007066923 0.093760438 -0.043387368 0.994623840
1439803960.701308 0.106966004 -0.079380766 1.610960126 -0.007263861 0.096461467 -0.044518456 0.994314075
1439803960.763809 0.110365704 -0.080290414 1.627612114 -0.006959799 0.099083886 -0.046470232 0.993969023
1439803960.826309 0.113952950 -0.081171058 1.644139290 -0.006090039 0.101713121 -0.046855439 0.993691087
1439803960.888812 0.117654175 -0.082169615 1.660681248 -0.004513798 0.104459837 -0.046435572 0.993434191
1439803960.951311 0.121274978 -0.083288692 1.677581549 -0.003244128 0.107383251 -0.047195125 0.993091583
1439803961.013814 0.125230566 -0.084323384 1.693595886 -0.001866471 0.110279128 -0.047645550 0.992756248
1439803961.076315 0.129632294 -0.085265771 1.709365606 -0.001004388 0.113062181 -0.048015006 0.992426574
1439803961.138815 0.133611143 -0.086528786 1.726583123 -0.001646519 0.115862548 -0.049222067 0.992043495
1439803961.201317 0.137010574 -0.088086285 1.742950678 -0.003133338 0.118533924 -0.050190225 0.991675735
1439803961.263818 0.141855001 -0.088996388 1.759648919 -0.004011792 0.120651573 -0.048207950 0.991515517
1439803961.326321 0.145063519 -0.089706726 1.777006269 -0.004944652 0.122776203 -0.046440005 0.991334915
1439803961.388820 0.150629938 -0.091209002 1.792967916 -0.005303676 0.124286853 -0.045212884 0.991201520
1439803961.451322 0.154718310 -0.091797180 1.805549145 -0.005439638 0.125884265 -0.044894651 0.991013646
1439803961.513826 0.156653523 -0.092005983 1.823974371 -0.005378438 0.127464801 -0.044733290 0.990819216
1439803961.576326 0.161628842 -0.097824410 1.846227169 -0.006511973 0.129224524 -0.046670888 0.990495026
1439803961.638825 0.162858248 -0.098617092 1.865902662 -0.006846139 0.130956694 -0.045229387 0.990332127
1439803961.701326 0.169451535 -0.099895947 1.881623387 -0.007734965 0.131570622 -0.045601550 0.990227163
1439803961.826329 0.181666136 -0.098543562 1.900526166 -0.010481209 0.132018462 -0.046384133 0.990105927
1439803961.951331 0.189292729 -0.099798352 1.933203936 -0.011726559 0.132723659 -0.045849957 0.990022600
1439803962.013833 0.191146731 -0.099329136 1.954330444 -0.009692223 0.132863462 -0.044818889 0.990073025
1439803962.138837 0.198195726 -0.099584758 1.980781198 -0.004965805 0.132410631 -0.044453830 0.990185142
1439803962.201338 0.202664733 -0.105696455 2.011983395 -0.002991077 0.132746682 -0.044461038 0.990147769
1439803962.701346 0.232680291 -0.107448027 2.111937284 -0.002148064 0.128930777 -0.046195485 0.990574658
