1439803789.385640 0.000399841 -0.001973821 0.035705797 0.000301278 0.002952569 0.000336261 0.999995530
1439803789.448139 0.001012211 -0.004002724 0.071349137 -0.000170083 0.006047574 0.000760454 0.999981403
1439803789.510641 0.001787008 -0.005937835 0.107915536 -0.000334907 0.009400211 0.000979783 0.999955237
1439803789.573142 0.003184995 -0.008057876 0.142369211 -0.000617408 0.012572563 0.001766009 0.999919236
1439803789.635643 0.004522771 -0.010102418 0.177994594 -0.001301471 0.015899675 0.001575541 0.999871492
1439803789.698144 0.006152546 -0.012001468 0.213427469 -0.002076161 0.019187484 0.001718237 0.999812245
1439803789.760646 0.007995381 -0.013818403 0.248812497 -0.002549414 0.022422306 0.001597690 0.999744058
1439803789.823146 0.010056850 -0.015612761 0.284012973 -0.002809671 0.025614144 0.002025149 0.999665916
1439803789.885648 0.012325792 -0.017521016 0.319044739 -0.002741202 0.028870156 0.002634355 0.999575913
1439803789.948149 0.014907789 -0.019404754 0.353851229 -0.002192943 0.032165583 0.002746227 0.999476373
1439803790.010650 0.017795879 -0.021269307 0.388781995 -0.001752829 0.035502944 0.003451187 0.999362051
1439803790.073154 0.020775633 -0.022827649 0.423534691 -0.001828271 0.039009698 0.003670464 0.999230444
1439803790.135653 0.023867782 -0.024649985 0.458280027 -0.001864863 0.042605143 0.003750401 0.999083221
1439803790.198154 0.027560538 -0.026493339 0.492555827 -0.001506076 0.046121955 0.004379816 0.998925090
1439803790.260660 0.031418756 -0.028440624 0.527131081 -0.001330732 0.049788721 0.005094409 0.998745918
1439803790.323158 0.035489403 -0.030277222 0.561352432 -0.000962804 0.053499080 0.005440221 0.998552620
1439803790.385659 0.039737023 -0.032161478 0.595970571 -0.000698188 0.057458043 0.005177402 0.998334229
1439803790.448160 0.044323072 -0.033812132 0.630775273 -0.000111330 0.061424591 0.005499530 0.998096585
1439803790.510661 0.049425021 -0.035987675 0.665544808 -0.000344231 0.065581113 0.006362840 0.997826874
1439803790.573163 0.054639049 -0.037713129 0.699893951 -0.000942180 0.069720872 0.006288857 0.997546256
1439803790.635664 0.060087945 -0.039560258 0.735094249 -0.001666727 0.074115217 0.005557564 0.997232795
1439803790.698170 0.065711066 -0.041610189 0.769174874 -0.002176333 0.078480378 0.005594250 0.996897578
1439803790.760667 0.071664982 -0.043421332 0.803962171 -0.002415249 0.082906321 0.005238147 0.996540666
1439803790.823168 0.077996738 -0.045056496 0.838187099 -0.002910442 0.087242536 0.004493901 0.996172726
1439803790.885669 0.084697545 -0.046739191 0.871927083 -0.002927534 0.091616511 0.003528615 0.995783806
1439803790.948174 0.091788016 -0.048686944 0.905738533 -0.003409506 0.096209861 0.002649405 0.995351732
1439803791.010673 0.098998003 -0.050461151 0.939649343 -0.003826027 0.100774810 0.002370751 0.994899035
1439803791.073171 0.106500395 -0.052175224 0.973759055 -0.004198824 0.105380282 0.002095402 0.994420946
1439803791.135672 0.114561230 -0.053785406 1.007672191 -0.004217081 0.109920256 0.002656811 0.993927896
1439803791.198173 0.122902222 -0.055460282 1.041242361 -0.004268096 0.114467226 0.002620244 0.993414402
1439803791.260673 0.131192818 -0.057055578 1.074611068 -0.004147029 0.119091012 0.002771296 0.992870808
1439803791.323177 0.140297979 -0.058703013 1.108533382 -0.004221473 0.123534828 0.003222858 0.992326021
1439803791.385674 0.149205014 -0.059779156 1.141021729 -0.004193508 0.127590314 0.003027844 0.991813481
1439803791.448175 0.158521578 -0.061652850 1.175288558 -0.004259921 0.131819531 0.003143055 0.991259575
1439803791.510675 0.168271095 -0.063027836 1.208467603 -0.004058047 0.135648981 0.003566648 0.990742207
1439803791.573179 0.177879125 -0.064916916 1.241329193 -0.003988300 0.139325246 0.004243819 0.990229547
1439803791.635681 0.188522354 -0.066808254 1.274497986 -0.004007150 0.142677888 0.004439209 0.989751101
1439803791.698179 0.198566914 -0.067600839 1.307451367 -0.004238483 0.145998389 0.004607155 0.989265025
1439803791.760681 0.209089294 -0.069522455 1.340595484 -0.004446920 0.149011940 0.005294155 0.988811195
1439803791.823182 0.220199138 -0.070570640 1.373632193 -0.004236354 0.151648104 0.006185343 0.988406122
1439803791.885683 0.230910957 -0.072114252 1.406145573 -0.004335679 0.154062822 0.007250101 0.988024950
1439803791.948184 0.241409764 -0.073654942 1.439078569 -0.004406358 0.156522647 0.008145905 0.987630963
1439803792.010685 0.252406180 -0.075429164 1.471498847 -0.003872622 0.158646584 0.009454799 0.987282574
1439803792.073186 0.263643861 -0.077058986 1.504347563 -0.003621263 0.160761446 0.010735157 0.986928284
1439803792.135687 0.275134325 -0.078196317 1.536530972 -0.004244801 0.162766844 0.011762046 0.986585319
1439803792.198188 0.286536276 -0.079583779 1.569125891 -0.005227927 0.164846584 0.012990110 0.986219823
1439803792.260690 0.297759742 -0.080592766 1.601634741 -0.006661863 0.167148888 0.013023052 0.985823154
1439803792.323190 0.309843123 -0.081751570 1.634397864 -0.008153458 0.169300258 0.013097620 0.985443771
1439803792.385692 0.321697295 -0.083546877 1.666548252 -0.008700252 0.171147317 0.013415516 0.985115647
1439803792.448195 0.333183646 -0.084885307 1.698783636 -0.008228483 0.173130140 0.013293483 0.984774828
1439803792.510694 0.345023632 -0.086266592 1.730480909 -0.006677622 0.175074205 0.013129625 0.984445035
1439803792.573210 0.357474536 -0.087121956 1.762938619 -0.005316482 0.177133158 0.012883423 0.984088182
1439803792.635696 0.369202405 -0.088717192 1.794654608 -0.004737416 0.179095790 0.012607806 0.983739436
1439803792.698206 0.381664991 -0.089718297 1.826898217 -0.004530600 0.181048408 0.012394605 0.983385623
1439803792.760701 0.394285381 -0.091036417 1.858787656 -0.004691774 0.182720423 0.012408523 0.983075380
1439803792.823200 0.406579703 -0.092582420 1.891271710 -0.004677086 0.184260353 0.012441014 0.982787609
1439803792.885704 0.419138879 -0.094193220 1.922518253 -0.004808564 0.185291156 0.013312664 0.982581735
1439803792.948202 0.431840837 -0.095445044 1.954475284 -0.004798352 0.186439589 0.013782425 0.982358038
1439803793.010705 0.444644421 -0.097163424 1.986660957 -0.004905675 0.187647387 0.014158603 0.982122123
1439803793.073206 0.457329571 -0.098389953 2.018732786 -0.005174390 0.188816801 0.014197715 0.981896043
1439803793.135708 0.470358968 -0.099873036 2.050730944 -0.006210732 0.189846680 0.014054827 0.981693506
1439803793.198209 0.483265847 -0.101068206 2.082451105 -0.006556360 0.190701440 0.013861387 0.981528282
1439803793.260711 0.496671975 -0.102447897 2.115066290 -0.007017428 0.191445321 0.014276381 0.981374383
1439803793.323210 0.509635210 -0.103738055 2.146779776 -0.007400812 0.192188293 0.014726848 0.981219649
1439803793.385712 0.522291183 -0.104865909 2.178526878 -0.007681780 0.193147629 0.014830981 0.981027544
1439803793.448213 0.535399139 -0.106446691 2.210551739 -0.007749826 0.194082141 0.015273502 0.980835736
1439803793.510715 0.549119353 -0.107540704 2.242183685 -0.007481256 0.194870040 0.015412170 0.980679452
1439803793.573216 0.562320828 -0.108924374 2.274131775 -0.007478792 0.195845395 0.015185392 0.980488658
1439803793.635716 0.575573444 -0.109941766 2.305751801 -0.007494282 0.196690679 0.015213167 0.980318904
1439803793.698216 0.589225650 -0.110987902 2.337428808 -0.007578211 0.197393656 0.015492080 0.980172575
1439803793.760721 0.603056550 -0.111945450 2.369170904 -0.007720406 0.198015258 0.015832024 0.980040669
1439803793.823218 0.616297007 -0.113116324 2.401418686 -0.008312429 0.198903665 0.015487947 0.979861438
1439803793.885718 0.629295409 -0.114291564 2.433693171 -0.008375363 0.199748367 0.015457900 0.979689479
1439803793.948220 0.643213272 -0.115541853 2.464667797 -0.008244024 0.200032100 0.015088905 0.979638457
1439803794.010721 0.656911075 -0.116921172 2.496778488 -0.007718686 0.200586781 0.014580186 0.979537070
1439803794.073225 0.670462608 -0.117902204 2.528979301 -0.006953651 0.201227188 0.013982646 0.979420125
1439803794.135724 0.683488488 -0.119392984 2.560933828 -0.006288936 0.201911464 0.013395985 0.979291975
1439803794.198225 0.697302580 -0.120838195 2.592558146 -0.005991614 0.202380598 0.012801040 0.979204893
1439803794.260726 0.710996389 -0.121949703 2.624236345 -0.005687332 0.202904910 0.012436896 0.979102969
1439803794.323229 0.724754930 -0.123295218 2.655991554 -0.005669762 0.203419745 0.012257439 0.978998482
1439803794.385728 0.738026738 -0.124491520 2.688508987 -0.005772648 0.204117820 0.011602839 0.978860557
1439803794.448230 0.752049327 -0.125773773 2.720072269 -0.006186961 0.204438165 0.010796988 0.978800356
1439803794.510735 0.765537620 -0.126819760 2.752016068 -0.007051677 0.205047533 0.010421074 0.978671134
1439803794.573233 0.779404759 -0.127721503 2.783655643 -0.007336966 0.205375418 0.010292482 0.978601635
1439803794.635733 0.792855859 -0.129162386 2.815610170 -0.006968382 0.205834895 0.010211049 0.978508651
1439803794.698233 0.806389451 -0.130302250 2.847006559 -0.006232001 0.206233755 0.009526989 0.978436530
1439803794.760737 0.820129633 -0.131964341 2.878673077 -0.005761846 0.206532016 0.009234924 0.978379309
1439803794.823239 0.834021807 -0.133204699 2.909859419 -0.005474934 0.206678212 0.008954385 0.978352666
1439803794.885740 0.848358631 -0.133990183 2.941745520 -0.006157253 0.207024008 0.008049250 0.978283346
1439803794.948241 0.860771418 -0.135546371 2.973368645 -0.007123077 0.207565889 0.008839280 0.978155136
1439803795.010742 0.874657869 -0.136878148 3.004922390 -0.008192055 0.207826912 0.009743446 0.978082776
1439803795.073243 0.888608158 -0.138114557 3.036298752 -0.009126060 0.208037794 0.009469695 0.978032351
1439803795.135743 0.901726604 -0.138827503 3.067532778 -0.009123744 0.208598390 0.009042386 0.977917016
1439803795.198244 0.915109575 -0.140526801 3.098839283 -0.008538039 0.209092170 0.008934613 0.977817833
1439803795.260749 0.928649783 -0.141810119 3.129725456 -0.007158848 0.209312066 0.009162982 0.977779746
1439803795.323248 0.942358494 -0.143202841 3.160575867 -0.005364806 0.209512994 0.009179801 0.977748036
1439803795.385749 0.956126809 -0.144522697 3.191469908 -0.003472066 0.209897459 0.009691429 0.977669179
1439803795.448251 0.970300913 -0.145579353 3.222444534 -0.002571209 0.210324317 0.011179060 0.977564335
1439803795.510751 0.984831214 -0.147343636 3.253003120 -0.003983581 0.210507005 0.011358247 0.977518201
1439803795.573253 0.998606324 -0.148257747 3.283967972 -0.005790036 0.211152121 0.010790293 0.977376521
1439803795.635754 1.012161493 -0.149437949 3.314664602 -0.007819742 0.211954623 0.010745712 0.977189124
1439803795.698270 1.026200652 -0.150944263 3.345695972 -0.009123670 0.212484390 0.011507650 0.977054119
1439803795.760757 1.040111303 -0.152256995 3.376252413 -0.009500392 0.212933347 0.012121214 0.976945341
1439803795.823258 1.053914666 -0.153334230 3.406567812 -0.008647250 0.213422433 0.012210358 0.976845443
1439803795.885762 1.067746758 -0.154731691 3.437237024 -0.007289027 0.213992119 0.012058063 0.976733744
1439803795.948262 1.081541538 -0.155778617 3.467614889 -0.006263099 0.214335188 0.011611570 0.976671100
1439803796.010762 1.095401883 -0.156887874 3.497761011 -0.005729760 0.214604735 0.011035345 0.976621866
1439803796.073265 1.109135628 -0.157921880 3.528232336 -0.005336910 0.215030879 0.010856522 0.976532340
1439803796.135763 1.122951627 -0.159410626 3.558668137 -0.005255899 0.215259925 0.010790289 0.976483047
1439803796.198267 1.136787057 -0.160788268 3.588800669 -0.005528504 0.215489492 0.010850494 0.976430237
1439803796.260765 1.150782585 -0.162099719 3.619291306 -0.005604363 0.215909183 0.011125850 0.976333976
1439803796.323265 1.164625287 -0.163374811 3.649315357 -0.005471693 0.216171414 0.011899341 0.976267576
1439803796.385766 1.178095937 -0.164607793 3.679655790 -0.005338614 0.216714263 0.012156114 0.976144791
1439803796.448268 1.191482067 -0.165894136 3.709949493 -0.005415766 0.217371583 0.012256525 0.975996912
1439803796.510769 1.205443978 -0.167214364 3.740150928 -0.005583594 0.217796713 0.012904095 0.975892842
1439803796.573270 1.219246745 -0.168559343 3.769700766 -0.005587416 0.217984334 0.013046714 0.975849032
1439803796.635772 1.233033538 -0.169899881 3.799538136 -0.005368686 0.218272790 0.012660227 0.975790918
1439803796.698275 1.246822357 -0.170993030 3.829351425 -0.005193979 0.218568712 0.012702785 0.975725055
1439803796.760774 1.261109352 -0.172541618 3.858992577 -0.005446676 0.218705401 0.013583396 0.975681186
1439803796.823281 1.275127411 -0.173789382 3.889068127 -0.005797151 0.219078526 0.014365987 0.975584209
1439803796.885779 1.289314032 -0.174887046 3.918619871 -0.006100849 0.219298288 0.014743092 0.975527346
1439803796.948280 1.303342104 -0.176032633 3.948657036 -0.006521878 0.219682902 0.014935960 0.975435138
1439803797.010781 1.317307115 -0.177376419 3.978317261 -0.006830261 0.220003694 0.015518631 0.975351691
1439803797.073281 1.331259012 -0.178662673 4.008182049 -0.006910143 0.220271602 0.015467454 0.975291491
1439803797.135783 1.344959259 -0.179788858 4.037256241 -0.006943767 0.220280871 0.015541947 0.975287914
1439803797.198285 1.358983397 -0.180841282 4.066983700 -0.007101012 0.220127136 0.015757889 0.975318015
1439803797.260790 1.372695327 -0.181908816 4.096477032 -0.007397561 0.219997495 0.015459446 0.975349903
1439803797.323290 1.386355877 -0.183116168 4.126021385 -0.007779168 0.220051229 0.015117410 0.975340128
1439803797.385789 1.400123715 -0.184222832 4.155466080 -0.007773666 0.220035687 0.015239705 0.975341797
1439803797.448293 1.413968086 -0.185341924 4.184452057 -0.007504233 0.219852075 0.016062651 0.975372136
1439803797.510790 1.427552581 -0.186408371 4.214148045 -0.007339593 0.219937012 0.016295513 0.975350320
1439803797.573291 1.441295266 -0.187449634 4.243684292 -0.007550912 0.220096305 0.016392099 0.975311160
1439803797.635794 1.454911709 -0.188388646 4.273134708 -0.008070165 0.220198885 0.015793443 0.975293756
1439803797.698292 1.468681931 -0.189173967 4.302701473 -0.008297002 0.220112488 0.015048753 0.975323141
1439803797.760792 1.481636882 -0.190657318 4.331806660 -0.008552405 0.220099837 0.014379404 0.975333869
1439803797.823298 1.495181084 -0.191989779 4.361097336 -0.008921416 0.219971016 0.014223072 0.975361884
1439803797.885794 1.508917570 -0.192801952 4.390663624 -0.009073720 0.219690353 0.014417563 0.975420892
1439803797.948294 1.522333980 -0.193879798 4.420059681 -0.009059600 0.219591677 0.014230200 0.975446045
1439803798.010795 1.536211491 -0.194795817 4.449294567 -0.009065242 0.219417617 0.013637497 0.975493610
1439803798.073295 1.549812078 -0.195770085 4.478567123 -0.009337111 0.219468817 0.012998448 0.975488245
1439803798.135797 1.563189745 -0.196713120 4.507866859 -0.009246593 0.219493210 0.012456911 0.975490689
1439803798.198299 1.576550364 -0.197531536 4.537216663 -0.008673511 0.219426602 0.011595309 0.975521564
1439803798.260798 1.589790583 -0.198887467 4.566318035 -0.008927810 0.219510466 0.010425863 0.975513577
1439803798.323302 1.603211999 -0.199884474 4.595414639 -0.009647565 0.219405651 0.009275673 0.975541890
1439803798.385803 1.616669178 -0.200763494 4.624750137 -0.010978037 0.219100684 0.007342530 0.975612879
1439803798.448304 1.629346848 -0.201589525 4.654425621 -0.011775088 0.219278917 0.005593854 0.975575149
1439803798.510803 1.642700672 -0.202506393 4.683568954 -0.012050870 0.219158143 0.006021814 0.975596309
1439803798.573308 1.656199098 -0.203775108 4.712292194 -0.011011549 0.218935937 0.007022081 0.975651860
1439803798.635806 1.669529915 -0.205264956 4.740967751 -0.009013845 0.218753487 0.006606352 0.975716174
1439803798.698308 1.682604551 -0.206666097 4.769725323 -0.006474033 0.218907088 0.005456146 0.975708961
1439803798.760812 1.695659041 -0.207980201 4.798655987 -0.004412297 0.219288498 0.004557478 0.975639462
1439803798.823312 1.708843827 -0.209284246 4.826582909 -0.002986684 0.218989596 0.004333991 0.975713015
1439803798.885812 1.722067833 -0.210634351 4.855242729 -0.002742917 0.218613416 0.004804675 0.975795865
1439803798.948313 1.735355854 -0.211957395 4.883646965 -0.003351733 0.218317211 0.005426989 0.975857019
1439803799.010817 1.748775959 -0.213658527 4.912581921 -0.004613239 0.218173087 0.005942560 0.975881100
1439803799.073318 1.761997938 -0.215093076 4.941080093 -0.005705200 0.218063056 0.006969694 0.975893140
1439803799.135818 1.775257111 -0.216347516 4.969763279 -0.006503973 0.217979282 0.007524320 0.975902736
1439803799.198321 1.788384795 -0.217699409 4.998131275 -0.006921573 0.217860937 0.008066846 0.975921929
1439803799.260823 1.801643372 -0.219092414 5.026309967 -0.007051318 0.217692494 0.009293037 0.975947678
1439803799.323322 1.814728498 -0.220155954 5.054483891 -0.007084178 0.217617750 0.009916183 0.975957990
1439803799.385824 1.827748179 -0.221393883 5.082732677 -0.007074448 0.217671111 0.010070017 0.975944579
1439803799.448325 1.840700150 -0.222512245 5.110677242 -0.006672914 0.217662156 0.010191265 0.975948155
1439803799.510826 1.853638887 -0.223808780 5.138613701 -0.006516863 0.217629686 0.010007252 0.975958347
1439803799.573329 1.866500974 -0.224954009 5.166538239 -0.006145816 0.217439279 0.010147877 0.976001740
1439803799.635829 1.879315257 -0.226227865 5.194456577 -0.006145576 0.217317984 0.009708749 0.976033211
1439803799.698330 1.892073154 -0.227310032 5.222387314 -0.006127211 0.217199817 0.009883620 0.976057887
1439803799.760832 1.905073047 -0.228503108 5.250400066 -0.006734936 0.217176765 0.010799226 0.976049304
1439803799.823334 1.917973280 -0.229482740 5.278461933 -0.007307501 0.217186019 0.011138621 0.976039290
1439803799.885834 1.930824757 -0.230636105 5.306151867 -0.007656319 0.217233822 0.011160455 0.976025760
1439803799.948336 1.943635702 -0.231601134 5.333804607 -0.007623006 0.217227608 0.011174432 0.976027250
1439803800.010841 1.956165075 -0.232759550 5.361863613 -0.007325141 0.217434958 0.010712339 0.975988567
1439803800.073339 1.968913317 -0.234006524 5.389199257 -0.006244337 0.217358068 0.010520697 0.976015270
1439803800.135840 1.981470346 -0.235174775 5.416519165 -0.005213571 0.217440322 0.010010186 0.976008356
1439803800.198342 1.994229555 -0.236378118 5.443975449 -0.004605575 0.217416391 0.009729217 0.976019621
1439803800.260843 2.007080078 -0.237490386 5.472248554 -0.004603506 0.217629939 0.009160157 0.975977540
1439803800.323345 2.019831896 -0.238662645 5.499508381 -0.004847826 0.217686713 0.008665968 0.975968182
1439803800.385845 2.032387733 -0.239835292 5.526960373 -0.005358168 0.217801943 0.008626518 0.975940168
1439803800.448361 2.044973612 -0.240848422 5.554596901 -0.006158092 0.217992902 0.008784020 0.975891352
1439803800.510849 2.057746649 -0.242364317 5.581873894 -0.006778484 0.218048528 0.009202681 0.975870967
1439803800.573350 2.070510149 -0.243519396 5.609249592 -0.006831499 0.218193576 0.009710370 0.975833297
1439803800.635851 2.083024979 -0.244547576 5.636807919 -0.006712000 0.218553200 0.010313301 0.975747466
1439803800.698354 2.096090555 -0.245441422 5.664605618 -0.006417984 0.218872368 0.011287080 0.975667119
1439803800.760853 2.108756781 -0.246499538 5.691756248 -0.006450246 0.219142750 0.012126527 0.975596130
1439803800.823353 2.121490479 -0.248165816 5.718737602 -0.006623090 0.219347328 0.013217138 0.975534797
1439803800.885855 2.134419680 -0.249320015 5.745847225 -0.006815998 0.219552487 0.014272886 0.975472450
1439803800.948356 2.147434235 -0.250352919 5.773279667 -0.006999926 0.219767898 0.015326697 0.975406647
1439803801.010854 2.160111189 -0.251378357 5.800253391 -0.007429592 0.219915152 0.015871013 0.975361586
1439803801.073358 2.172993660 -0.252278328 5.827509403 -0.007537319 0.219997019 0.016172197 0.975337327
1439803801.135856 2.186098337 -0.253503919 5.854502201 -0.007592465 0.220044047 0.016642649 0.975318372
1439803801.198356 2.198923826 -0.254545152 5.881725311 -0.007373221 0.220242605 0.017212667 0.975265384
1439803801.260870 2.211688995 -0.255322576 5.908683300 -0.007406798 0.220275298 0.017220113 0.975257576
1439803801.323358 2.224695921 -0.256201625 5.935886860 -0.007243970 0.220424712 0.016991403 0.975229084
1439803801.385857 2.237629890 -0.257648975 5.962660313 -0.006709945 0.220440865 0.017450705 0.975221157
1439803801.448361 2.250657320 -0.258812994 5.990076542 -0.005872606 0.220538139 0.018302971 0.975188911
1439803801.510860 2.263328314 -0.259686351 6.017165661 -0.005179541 0.220456868 0.019014891 0.975197613
1439803801.573362 2.276192427 -0.260798186 6.044377804 -0.004990364 0.220250353 0.019553838 0.975234628
1439803801.635863 2.288930178 -0.261996746 6.071546555 -0.004992520 0.219959170 0.020164985 0.975287855
1439803801.698366 2.301564932 -0.262923151 6.098829746 -0.005212415 0.219596595 0.020645730 0.975358367
1439803801.760866 2.313981771 -0.263839781 6.125798702 -0.005503342 0.219150871 0.021022920 0.975448966
1439803801.823367 2.326636553 -0.265094042 6.152878284 -0.006358302 0.218720749 0.020466344 0.975552142
1439803801.885867 2.339017630 -0.265932083 6.180098057 -0.006902468 0.218273833 0.019927435 0.975659668
1439803801.948368 2.351407766 -0.266946137 6.206808090 -0.006904387 0.217673063 0.020252459 0.975787163
1439803802.010869 2.363796473 -0.268168032 6.233750343 -0.006707928 0.217101842 0.020338422 0.975914001
1439803802.073369 2.375998020 -0.269184262 6.260499477 -0.006534582 0.216591105 0.019799175 0.976039708
1439803802.135870 2.388199806 -0.270182848 6.287350178 -0.006576465 0.215997547 0.019435348 0.976178288
1439803802.198376 2.400116920 -0.271192551 6.314045429 -0.006814805 0.215447575 0.019050548 0.976305783
1439803802.260875 2.412011862 -0.272211611 6.340851307 -0.006968972 0.214970142 0.018277870 0.976424694
1439803802.323375 2.423943043 -0.273178458 6.367333412 -0.007353734 0.214227468 0.017528443 0.976598799
1439803802.385874 2.435873985 -0.274214566 6.394035339 -0.007922655 0.213492632 0.017072933 0.976763368
1439803802.448374 2.447701693 -0.275166988 6.421255589 -0.008393252 0.212981775 0.016578330 0.976879418
1439803802.510876 2.459507227 -0.276164025 6.448031425 -0.008947749 0.212252378 0.015213947 0.977055490
1439803802.573377 2.471032858 -0.277304024 6.474704742 -0.009721508 0.211765304 0.013651828 0.977176845
1439803802.635878 2.482961178 -0.278146684 6.501765251 -0.010514108 0.211198628 0.012146833 0.977311134
1439803802.698380 2.494758844 -0.278933346 6.528416157 -0.011213244 0.210378036 0.011083865 0.977492988
1439803802.760883 2.506077051 -0.279798716 6.555565357 -0.011959805 0.209873497 0.009365983 0.977610528
1439803802.823382 2.517478704 -0.280928373 6.581902981 -0.012771538 0.209096298 0.007037301 0.977786303
1439803802.885888 2.528912783 -0.281854033 6.608750343 -0.011769547 0.208807543 0.006196592 0.977866292
1439803802.948388 2.540676832 -0.283277929 6.634676456 -0.009252196 0.208263949 0.007149803 0.978002727
1439803803.010888 2.552080870 -0.284539014 6.660766602 -0.006537009 0.208068386 0.007251968 0.978065550
1439803803.073389 2.563560963 -0.285820007 6.687234402 -0.005056927 0.207952544 0.006553503 0.978103876
1439803803.135895 2.574857235 -0.286837369 6.713439941 -0.004296273 0.207946956 0.005571574 0.978114784
1439803803.198391 2.586246014 -0.287847191 6.739809036 -0.004483243 0.208137795 0.005089751 0.978075981
1439803803.260893 2.597730398 -0.288980901 6.766206741 -0.006155002 0.207998306 0.004945246 0.978097320
1439803803.323396 2.609426975 -0.290180832 6.792379856 -0.008096862 0.207742304 0.005461021 0.978134811
1439803803.385895 2.621027231 -0.291448504 6.818536282 -0.009285039 0.207712248 0.006620946 0.978123486
1439803803.448397 2.632603884 -0.292628706 6.844704628 -0.008834480 0.207855776 0.008107487 0.978085995
1439803803.510898 2.644177437 -0.294003606 6.870250702 -0.006948452 0.207937464 0.009682194 0.978069544
1439803803.573399 2.655720472 -0.295403093 6.895873547 -0.005191219 0.208129317 0.009859760 0.978037834
1439803803.635902 2.666852951 -0.296553671 6.921363354 -0.004034964 0.208481565 0.009195708 0.977974713
1439803803.698407 2.678129435 -0.297793150 6.946871281 -0.003463564 0.208763584 0.009216782 0.977916598
1439803803.760904 2.689456940 -0.298873544 6.972394466 -0.003279621 0.208846152 0.009300237 0.977898777
1439803803.823405 2.700862885 -0.299871683 6.997748375 -0.003242993 0.208820120 0.010146860 0.977896035
1439803803.885907 2.712108850 -0.301151514 7.022988796 -0.003962802 0.208776057 0.010892032 0.977894783
1439803803.948408 2.723438740 -0.302304775 7.048430920 -0.004639201 0.208864823 0.011390185 0.977867186
1439803804.010909 2.734731674 -0.303627670 7.073478222 -0.004798679 0.208864108 0.011988079 0.977859437
1439803804.073412 2.745932817 -0.304849684 7.098657131 -0.004237383 0.209034130 0.012454561 0.977819860
1439803804.135912 2.756975889 -0.306136489 7.123128891 -0.003609797 0.209183246 0.012553679 0.977789223
1439803804.198415 2.768225670 -0.307527542 7.148621559 -0.003455305 0.209368363 0.012940244 0.977745116
1439803804.260915 2.779273748 -0.308675140 7.173426628 -0.003151948 0.209347337 0.013510687 0.977742910
1439803804.323416 2.790289164 -0.309961766 7.198148727 -0.003432082 0.209435523 0.013595290 0.977721930
1439803804.385920 2.801555395 -0.310959756 7.223488808 -0.003973796 0.209460795 0.013571267 0.977714777
1439803804.448420 2.812525034 -0.312063932 7.248173714 -0.004652321 0.209426284 0.013752686 0.977716625
1439803804.510920 2.823396921 -0.313293844 7.272579193 -0.005120975 0.209257752 0.014231296 0.977743506
1439803804.573426 2.834485769 -0.314408839 7.297822475 -0.005331870 0.209069118 0.014451527 0.977779508
1439803804.635928 2.845264673 -0.315511763 7.322296143 -0.005377199 0.208725452 0.014650300 0.977849782
1439803804.698425 2.855934143 -0.316693246 7.346523285 -0.005380700 0.208395883 0.014665770 0.977919817
1439803804.760927 2.866833687 -0.317836016 7.371467590 -0.004830676 0.208220348 0.015133020 0.977952957
1439803804.823429 2.877558231 -0.318767190 7.395530224 -0.004618747 0.207907960 0.015404351 0.978016198
1439803804.885931 2.888255596 -0.319579184 7.419982910 -0.004967132 0.207604989 0.015955716 0.978069961
1439803804.948431 2.898924828 -0.320535421 7.444171429 -0.006284466 0.207282931 0.016008217 0.978129864
1439803805.010934 2.909085512 -0.321326554 7.468212128 -0.007493407 0.207155138 0.015718572 0.978153110
1439803805.073434 2.919525146 -0.322430849 7.491488934 -0.008411397 0.206710234 0.015832013 0.978237927
1439803805.135938 2.929586411 -0.323270321 7.515191555 -0.009081247 0.206472114 0.015795512 0.978282809
1439803805.198438 2.939531803 -0.324327350 7.537642956 -0.009596760 0.205940202 0.015836019 0.978389323
1439803805.260938 2.949479103 -0.325433195 7.561547756 -0.009732538 0.205727309 0.015323236 0.978441000
1439803805.323439 2.959327936 -0.326263726 7.584176064 -0.009140208 0.205458313 0.015669378 0.978497744
1439803805.385942 2.969025135 -0.327126980 7.606184959 -0.008634727 0.205104575 0.015834142 0.978573859
1439803805.448441 2.978486061 -0.327914834 7.629027367 -0.008138090 0.204980716 0.015421861 0.978610694
1439803805.510943 2.987744570 -0.328987300 7.650261879 -0.008018569 0.204672456 0.015266553 0.978678584
1439803805.573444 2.997095823 -0.329701245 7.671798706 -0.007705034 0.204411551 0.015155341 0.978737414
1439803805.635948 3.006570578 -0.330592334 7.694423676 -0.007681615 0.204235524 0.014994808 0.978776753
1439803805.698447 3.015531063 -0.331466645 7.715604782 -0.007905439 0.203872979 0.014826397 0.978853166
1439803805.760954 3.024406433 -0.332225055 7.736416817 -0.008331702 0.203490734 0.014343056 0.978936374
1439803805.823450 3.033483028 -0.333206534 7.758125782 -0.009051581 0.203215361 0.013692130 0.978996515
1439803805.885952 3.042089462 -0.334071040 7.778626919 -0.009616168 0.202913538 0.013211429 0.979060292
1439803805.948458 3.050780535 -0.334788024 7.799245358 -0.009621864 0.202397034 0.013276502 0.979166269
1439803806.010954 3.059478045 -0.335778534 7.819944859 -0.009606658 0.201889828 0.013612296 0.979266524
1439803806.073456 3.067935705 -0.336546004 7.840082645 -0.009373596 0.201445967 0.013516354 0.979361534
1439803806.135957 3.076286554 -0.337562293 7.859911919 -0.009568522 0.201022923 0.013029877 0.979453146
1439803806.198461 3.084470749 -0.338304996 7.879387379 -0.009662399 0.200616241 0.012771031 0.979538977
1439803806.260964 3.092623711 -0.339046746 7.899549007 -0.009496849 0.200216383 0.012169963 0.979630113
1439803806.323463 3.100489140 -0.339691013 7.919022083 -0.009325211 0.199572444 0.011981486 0.979765415
1439803806.385963 3.108399153 -0.340396702 7.938795567 -0.009305404 0.198698983 0.011656720 0.979947031
1439803806.448464 3.116053820 -0.341131300 7.957602978 -0.009396365 0.197560772 0.011232093 0.980181217
1439803806.510966 3.123548508 -0.341907442 7.976939678 -0.010087226 0.196583718 0.010519334 0.980378747
1439803806.573470 3.130897284 -0.342600644 7.996047974 -0.010837975 0.195632428 0.009623199 0.980570197
1439803806.635967 3.138089657 -0.343238920 8.014698982 -0.011329735 0.194706723 0.008747351 0.980757058
1439803806.698467 3.145123720 -0.344103336 8.033107758 -0.011477487 0.193772927 0.008353869 0.980943680
1439803806.760968 3.152338028 -0.344816148 8.051331520 -0.011074209 0.192827761 0.008237926 0.981135547
1439803806.823469 3.159451723 -0.345601559 8.069161415 -0.010631010 0.192074627 0.008462654 0.981286287
1439803806.885969 3.166396141 -0.346306622 8.086669922 -0.010549877 0.191433281 0.008459637 0.981412470
1439803806.948477 3.173326969 -0.347069085 8.104104996 -0.010913634 0.190803811 0.008258956 0.981532753
1439803807.010970 3.179974556 -0.347742826 8.121595383 -0.011040718 0.190276802 0.007918124 0.981636465
1439803807.073470 3.186511278 -0.348449826 8.138753891 -0.010937073 0.189840376 0.007258410 0.981727183
1439803807.135972 3.192846298 -0.348875940 8.155813217 -0.010863935 0.189620093 0.006326312 0.981777012
1439803807.198473 3.199245930 -0.349474847 8.172493935 -0.011236514 0.189483359 0.005454320 0.981804490
1439803807.260975 3.205561161 -0.350104779 8.189181328 -0.011989583 0.189515978 0.004668754 0.981793344
1439803807.323479 3.211903334 -0.350614667 8.205324173 -0.012659653 0.189429119 0.004378909 0.981803000
1439803807.385976 3.218243599 -0.351241022 8.221332550 -0.013404681 0.189435408 0.004515040 0.981791317
1439803807.448476 3.224458456 -0.351842970 8.237059593 -0.013948883 0.189562768 0.004431598 0.981759548
1439803807.510977 3.230646372 -0.352409929 8.252416611 -0.014170427 0.189726010 0.004480775 0.981724620
1439803807.635978 3.242482424 -0.353300661 8.283317566 -0.015088961 0.190277278 0.002650506 0.981610835
1439803807.698477 3.248035431 -0.353845537 8.297961235 -0.015762322 0.190445542 0.001190366 0.981570482
1439803807.760979 3.253823042 -0.354233503 8.312988281 -0.015584990 0.190533623 0.000633701 0.981556714
1439803807.823481 3.259819269 -0.355072170 8.326602936 -0.014917311 0.190254495 0.001552316 0.981620252
1439803807.885983 3.265369892 -0.355737150 8.340593338 -0.014034888 0.190398708 0.002827061 0.981602430
1439803807.948489 3.270918131 -0.356175363 8.354512215 -0.013068175 0.190595716 0.003675613 0.981574774
1439803808.010990 3.276456118 -0.356698900 8.367965698 -0.012148897 0.190557241 0.004069386 0.981592476
1439803808.073493 3.281654835 -0.357241929 8.381390572 -0.011842760 0.190339297 0.003332295 0.981641293
1439803808.135988 3.286489248 -0.357731760 8.394529343 -0.011265552 0.190197706 0.002944964 0.981676757
1439803808.198492 3.291330099 -0.358009338 8.407225609 -0.010400135 0.190199211 0.002148342 0.981688082
1439803808.260989 3.296458960 -0.358812213 8.419823647 -0.009561868 0.190314397 0.001175268 0.981675923
1439803808.323489 3.301044464 -0.359258205 8.432080269 -0.008660818 0.190603331 0.000520433 0.981628776
1439803808.385991 3.305856943 -0.359641254 8.444469452 -0.007821777 0.190839514 0.000118315 0.981590092
1439803808.448491 3.310599089 -0.360266000 8.456318855 -0.007441593 0.190918475 0.000450655 0.981577575
1439803808.510990 3.315579891 -0.360856324 8.468390465 -0.007296299 0.190773427 0.001431160 0.981605887
1439803808.573493 3.320187807 -0.361371875 8.480044365 -0.007327438 0.190593764 0.002013143 0.981639564
1439803808.635993 3.325178146 -0.361834377 8.491439819 -0.007335670 0.190346166 0.002955336 0.981685162
1439803808.698492 3.329784870 -0.362363130 8.502871513 -0.007363486 0.190485835 0.003627356 0.981655598
1439803808.760994 3.334224939 -0.362806022 8.514186859 -0.007459846 0.190828845 0.003635084 0.981588244
1439803808.823494 3.338668346 -0.363399804 8.525506973 -0.007632670 0.191101134 0.002907794 0.981536329
1439803808.885994 3.343054295 -0.363802940 8.536747932 -0.007669518 0.191167384 0.002511523 0.981524289
1439803808.948497 3.347259521 -0.364218056 8.547470093 -0.007937579 0.191031486 0.002469465 0.981548727
1439803809.010997 3.351632118 -0.364731610 8.558053017 -0.008216538 0.190790445 0.002760101 0.981592536
1439803809.073498 3.355827570 -0.365097702 8.568767548 -0.008084825 0.190912649 0.003473089 0.981567562
1439803809.136005 3.360069752 -0.365803629 8.578996658 -0.007906839 0.190822616 0.004168363 0.981583834
1439803809.198500 3.364341021 -0.366308510 8.589626312 -0.007537873 0.190729573 0.004481795 0.981603444
1439803809.261000 3.368535519 -0.366667211 8.599988937 -0.007164960 0.190553859 0.005006352 0.981637836
1439803809.323501 3.372593641 -0.367149770 8.610503197 -0.007194411 0.190551460 0.005148507 0.981637359
1439803809.386004 3.376670361 -0.367525041 8.620715141 -0.007094360 0.190455481 0.005174424 0.981656551
1439803809.448503 3.380633116 -0.368183553 8.630920410 -0.007044887 0.190536842 0.004894147 0.981642544
1439803809.511005 3.384661198 -0.368586957 8.641415596 -0.006430925 0.190556392 0.004795526 0.981643498
1439803809.573506 3.388449669 -0.369290173 8.651281357 -0.006251757 0.190502107 0.004741621 0.981655419
1439803809.636006 3.392582655 -0.369797021 8.661538124 -0.005913225 0.190374181 0.004894261 0.981681585
1439803809.698507 3.396773100 -0.370112538 8.671828270 -0.005586860 0.190257445 0.005189370 0.981704652
1439803809.761009 3.400915623 -0.370468080 8.682455063 -0.005341460 0.190228969 0.005523216 0.981709659
1439803809.823512 3.404976368 -0.370902359 8.692934036 -0.004875652 0.190184638 0.005709351 0.981719613
1439803809.886012 3.409235477 -0.371407717 8.703341484 -0.004272302 0.190137014 0.006049962 0.981729627
1439803809.948513 3.413319111 -0.372104585 8.713777542 -0.004087609 0.190159813 0.005987335 0.981726348
1439803810.011014 3.417602777 -0.372410983 8.724511147 -0.003674364 0.190100387 0.006091197 0.981738865
1439803810.073520 3.421940565 -0.372792989 8.735419273 -0.003468575 0.190025926 0.006063375 0.981754184
1439803810.136017 3.426047564 -0.373316228 8.746042252 -0.003536429 0.189965278 0.005857078 0.981766939
1439803810.198518 3.430428743 -0.373865277 8.757071495 -0.003903277 0.189847395 0.005905662 0.981788099
1439803810.261023 3.434761286 -0.374452889 8.767860413 -0.003924750 0.189714864 0.006213613 0.981811702
1439803810.323525 3.439142704 -0.374951959 8.778870583 -0.003705221 0.189596653 0.006477234 0.981833696
1439803810.386025 3.443579674 -0.375617146 8.789778709 -0.003655464 0.189472809 0.006618640 0.981856823
1439803810.448527 3.448021412 -0.376199484 8.800998688 -0.003623889 0.189429700 0.007226662 0.981860995
1439803810.511025 3.452474833 -0.376730829 8.812175751 -0.003601626 0.189275518 0.007612754 0.981887877
1439803810.573527 3.456957817 -0.377338022 8.823672295 -0.003410492 0.189150289 0.007715661 0.981911898
1439803810.636029 3.461428881 -0.377971768 8.835073471 -0.003401963 0.189117089 0.007805191 0.981917620
1439803810.698532 3.465970516 -0.378392726 8.846448898 -0.003281915 0.189112291 0.008543196 0.981912792
1439803810.761035 3.470623016 -0.378937304 8.857914925 -0.003534594 0.189049259 0.008927774 0.981920660
1439803810.823532 3.475343227 -0.379564315 8.869467735 -0.003976772 0.188842833 0.008749176 0.981960297
1439803810.886035 3.479825020 -0.380057484 8.881259918 -0.003995421 0.188824132 0.009124625 0.981960416
1439803810.948536 3.484478235 -0.380732000 8.893081665 -0.003790193 0.188789964 0.009537914 0.981963873
1439803811.011035 3.489160776 -0.381265163 8.904984474 -0.003137341 0.188710541 0.009755411 0.981979311
1439803811.073535 3.493886471 -0.381884098 8.916894913 -0.002811993 0.188481718 0.009939372 0.982022345
1439803811.136037 3.498632431 -0.382390022 8.929131508 -0.002669909 0.188249409 0.010205686 0.982064605
1439803811.198537 3.503384352 -0.382998288 8.941211700 -0.002768616 0.187801301 0.010335650 0.982148767
1439803811.261037 3.508207798 -0.383643925 8.953592300 -0.002676118 0.187371403 0.010764736 0.982226491
1439803811.323538 3.513015032 -0.384198636 8.966105461 -0.002574123 0.187128767 0.011143304 0.982268810
1439803811.386038 3.517965555 -0.384780228 8.978686333 -0.002496030 0.186847642 0.011428391 0.982319236
1439803811.448538 3.522909641 -0.385421336 8.991378784 -0.002061469 0.186435685 0.012444288 0.982386172
1439803811.511040 3.527965307 -0.386015087 9.004114151 -0.001628942 0.185882851 0.013629064 0.982476056
1439803811.573542 3.533000231 -0.386566758 9.017193794 -0.001436375 0.185414031 0.013951869 0.982560396
1439803811.636043 3.537876368 -0.387175083 9.030128479 -0.001522034 0.184893236 0.013711396 0.982661784
1439803811.698548 3.542819262 -0.387660444 9.043525696 -0.001980543 0.184379026 0.013397636 0.982761919
1439803811.761051 3.547576904 -0.388097167 9.056998253 -0.002563754 0.183904499 0.012978258 0.982855082
1439803811.823550 3.552484751 -0.388732255 9.070567131 -0.003353009 0.183359474 0.012165450 0.982964933
1439803811.886048 3.557401896 -0.389180958 9.084328651 -0.003987120 0.182816133 0.011631765 0.983070254
1439803811.948552 3.562334538 -0.389856666 9.097922325 -0.004338044 0.182287678 0.011587754 0.983167410
1439803812.011053 3.567469597 -0.390500665 9.111640930 -0.004324648 0.181762964 0.012181561 0.983257413
1439803812.073553 3.572654724 -0.391145051 9.125387192 -0.004397161 0.181176424 0.012597913 0.983360052
1439803812.136058 3.577862024 -0.391735911 9.139434814 -0.004468637 0.180591851 0.013190716 0.983459532
1439803812.198557 3.582993746 -0.392359495 9.153409958 -0.004661167 0.180062115 0.013995904 0.983544648
1439803812.261058 3.588124037 -0.392950356 9.167453766 -0.004674898 0.179714397 0.014232278 0.983604729
1439803812.323558 3.593442440 -0.393694341 9.181198120 -0.004743902 0.179539427 0.013912230 0.983640969
1439803812.386060 3.598616600 -0.394135058 9.195183754 -0.004519802 0.179598391 0.013470810 0.983637393
1439803812.448562 3.603780508 -0.394737244 9.209185600 -0.004171805 0.179652303 0.013276035 0.983631730
1439803812.511063 3.609048367 -0.395350337 9.223560333 -0.003780453 0.179713517 0.012995512 0.983625889
1439803812.573565 3.614669323 -0.396076620 9.238312721 -0.003408285 0.179881349 0.012451502 0.983603597
1439803812.636064 3.620015383 -0.396743596 9.252848625 -0.003061939 0.180195913 0.012139390 0.983551085
1439803812.698564 3.625597239 -0.397333622 9.267701149 -0.002928182 0.180473909 0.012080744 0.983501256
1439803812.761066 3.631275892 -0.398116946 9.282392502 -0.003136697 0.180695757 0.011971882 0.983461142
1439803812.823567 3.637009621 -0.398814201 9.297569275 -0.003276929 0.181136593 0.011893788 0.983380556
1439803812.886070 3.642764568 -0.399541348 9.312468529 -0.003126772 0.181604773 0.012140373 0.983291686
1439803812.948570 3.648534775 -0.400227457 9.327957153 -0.002970110 0.182227835 0.012291174 0.983175039
1439803813.011086 3.654707670 -0.400825232 9.343178749 -0.002781972 0.182516292 0.012827651 0.983115196
1439803813.073573 3.660625458 -0.401494682 9.358960152 -0.002743274 0.182874367 0.012712821 0.983050227
1439803813.136076 3.666770935 -0.402270615 9.374361992 -0.002547176 0.182918549 0.012908030 0.983040035
1439803813.198575 3.672731638 -0.402963281 9.390209198 -0.002571930 0.182956547 0.012645186 0.983036339
1439803813.261076 3.678725004 -0.403521478 9.406648636 -0.002870324 0.183110937 0.011963083 0.983015299
1439803813.323577 3.684885979 -0.404383123 9.422585487 -0.003177713 0.183136195 0.011852472 0.983010948
1439803813.386077 3.691060066 -0.405034214 9.438942909 -0.003285812 0.183124676 0.011821138 0.983013153
1439803813.448578 3.697317839 -0.405827850 9.455307961 -0.003216909 0.182994410 0.012242258 0.983032465
1439803813.511078 3.703622103 -0.406652331 9.471723557 -0.003270605 0.182749793 0.012116787 0.983079374
1439803813.573579 3.710047483 -0.407351971 9.488729477 -0.002917077 0.182522029 0.012685717 0.983115613
1439803813.636080 3.716396809 -0.408119768 9.505559921 -0.002709284 0.182338074 0.012883794 0.983147740
1439803813.698580 3.722913265 -0.408706784 9.522687912 -0.002586639 0.182209507 0.013106711 0.983168960
1439803813.761083 3.729201794 -0.409147084 9.539929390 -0.002470002 0.182171479 0.013322383 0.983173430
1439803813.823587 3.735931396 -0.410287380 9.557066917 -0.002507602 0.182002887 0.013419033 0.983203232
1439803813.886086 3.742462158 -0.411092460 9.574310303 -0.002636681 0.181845248 0.013146657 0.983235776
1439803813.948587 3.749194860 -0.412047178 9.591899872 -0.002684223 0.181754798 0.012920365 0.983255327
1439803814.011087 3.755817413 -0.412748188 9.609915733 -0.002746139 0.181963235 0.012864647 0.983217359
1439803814.073588 3.762577534 -0.413418353 9.628244400 -0.002971221 0.182248056 0.012896528 0.983163536
1439803814.136092 3.769521952 -0.414255083 9.646299362 -0.003174885 0.182422802 0.013383108 0.983123958
1439803814.198591 3.776461601 -0.415198743 9.664487839 -0.003575740 0.182539552 0.013913879 0.983093560
1439803814.261105 3.783684492 -0.416080147 9.682877541 -0.004024666 0.182453245 0.014367207 0.983101308
1439803814.323597 3.790691376 -0.416845530 9.701436996 -0.004476869 0.182545185 0.014511949 0.983080149
1439803814.386098 3.798075199 -0.417723596 9.719797134 -0.005003790 0.182527959 0.014457963 0.983081579
1439803814.448601 3.805117846 -0.417849779 9.739322662 -0.005358773 0.182853892 0.014147550 0.983023703
1439803814.511100 3.812263727 -0.418509036 9.758696556 -0.006045631 0.182993054 0.013741774 0.982999563
1439803814.573602 3.819558620 -0.419367075 9.777515411 -0.006860312 0.182903051 0.013514715 0.983014107
1439803814.636101 3.827274084 -0.419930220 9.796474457 -0.007075720 0.182668239 0.013985238 0.983049691
1439803814.698602 3.834634066 -0.420614481 9.817107201 -0.007093294 0.183037847 0.014408424 0.982974708
1439803814.761105 3.842215776 -0.421417832 9.836839676 -0.007188182 0.183208197 0.014467436 0.982941389
1439803814.823605 3.849762440 -0.422176182 9.857186317 -0.007188665 0.183499724 0.014278519 0.982889771
1439803814.886107 3.857639551 -0.422716200 9.877126694 -0.006637586 0.183459073 0.014620171 0.982896268
1439803814.948611 3.865161657 -0.423399270 9.896912575 -0.006351853 0.183553562 0.014123498 0.982887745
1439803815.011112 3.872778893 -0.424295545 9.917088509 -0.005935805 0.183676705 0.013332403 0.982878387
1439803815.073609 3.880579233 -0.425001830 9.937884331 -0.005644453 0.183904991 0.012646073 0.982846439
1439803815.136109 3.888362885 -0.425820112 9.958445549 -0.005749508 0.183953807 0.012274019 0.982841432
1439803815.198613 3.896435499 -0.426671922 9.979040146 -0.005880972 0.183872551 0.012531601 0.982852638
1439803815.261112 3.904295921 -0.427130878 9.999576569 -0.005848020 0.183863536 0.012597431 0.982853651
1439803815.323610 3.912400007 -0.427763402 10.020857811 -0.005563897 0.183904260 0.012611178 0.982847512
1439803815.386112 3.920366287 -0.428851038 10.041841507 -0.005563158 0.183988258 0.012247536 0.982836425
1439803815.448612 3.928512573 -0.429729342 10.062458992 -0.005680652 0.183969662 0.011844068 0.982844174
1439803815.511115 3.936608553 -0.430580437 10.083639145 -0.005696932 0.183950990 0.011464982 0.982852042
1439803815.573616 3.944430351 -0.431442291 10.105189323 -0.005753529 0.184162349 0.011229901 0.982814848
1439803815.636117 3.952497244 -0.432228446 10.126575470 -0.005544252 0.184059665 0.011224261 0.982835352
1439803815.698617 3.960591078 -0.433141291 10.147957802 -0.005544134 0.183992192 0.010541045 0.982855499
1439803815.761119 3.968569517 -0.433987886 10.169501305 -0.005652299 0.184014216 0.009917428 0.982857287
1439803815.823619 3.976528406 -0.434884906 10.190486908 -0.005888520 0.183945179 0.009709218 0.982870936
1439803815.886120 3.984842062 -0.435833395 10.211916924 -0.005938489 0.183710665 0.009611899 0.982915401
1439803815.948622 3.992806911 -0.436699361 10.233624458 -0.006271672 0.183633357 0.009059151 0.982933044
1439803816.011125 4.000863075 -0.437656462 10.254970551 -0.006498306 0.183424875 0.008802552 0.982972860
1439803816.073625 4.008947372 -0.438545048 10.276075363 -0.006513997 0.183260173 0.008643935 0.983004868
1439803816.136126 4.016932011 -0.439536214 10.297218323 -0.006866964 0.183170080 0.008268679 0.983022511
1439803816.198627 4.024975777 -0.440146834 10.319079399 -0.006962635 0.183208331 0.008425612 0.983013332
1439803816.261129 4.033106327 -0.441120744 10.340325356 -0.007084880 0.182978809 0.008472102 0.983054817
1439803816.323630 4.041018963 -0.441811681 10.361536026 -0.006807815 0.182807699 0.008326737 0.983089864
1439803816.386131 4.048933983 -0.442651153 10.383175850 -0.006675345 0.182861075 0.007533527 0.983087242
1439803816.448633 4.056908607 -0.443542838 10.404565811 -0.006656488 0.182820946 0.006873015 0.983099699
1439803816.511134 4.064821720 -0.444413781 10.425430298 -0.006699840 0.182580322 0.006638431 0.983145714
1439803816.573636 4.072760105 -0.445259869 10.447086334 -0.006778922 0.182449996 0.006278918 0.983171701
1439803816.636137 4.080801964 -0.446113288 10.468388557 -0.006567844 0.182266057 0.005828778 0.983210027
1439803816.698638 4.088840008 -0.447050154 10.489968300 -0.006658376 0.182240546 0.004884803 0.983219266
1439803816.761143 4.096910477 -0.447996467 10.511558533 -0.006719841 0.182301089 0.004297546 0.983210385
1439803816.823639 4.104877949 -0.448954791 10.533472061 -0.007079645 0.182432115 0.003317353 0.983187377
1439803816.886140 4.112978458 -0.449619472 10.555002213 -0.007236271 0.182341412 0.003142615 0.983203650
1439803816.948644 4.121125221 -0.450666606 10.576761246 -0.007251645 0.182374924 0.002675428 0.983198643
1439803817.011141 4.129071712 -0.451523274 10.598408699 -0.006942660 0.182421759 0.001890224 0.983194053
1439803817.073642 4.137215614 -0.452505827 10.620175362 -0.006778455 0.182419270 0.001528264 0.983196259
1439803817.136146 4.145461559 -0.453195542 10.642616272 -0.006166598 0.182468906 0.001812489 0.983190656
1439803817.198646 4.153621197 -0.454268754 10.664547920 -0.005663580 0.182495564 0.001430595 0.983189344
1439803817.261148 4.161917686 -0.455386281 10.686285973 -0.004963157 0.182375684 0.000707642 0.983216107
1439803817.323648 4.170202255 -0.456405401 10.708167076 -0.004627831 0.182315588 0.001018907 0.983228624
1439803817.386147 4.178327560 -0.457188308 10.730939865 -0.005166152 0.182342082 0.001102395 0.983220935
1439803817.448650 4.186627865 -0.458058119 10.753046036 -0.005935585 0.182132289 0.001133287 0.983255446
1439803817.511151 4.195211887 -0.459029377 10.774882317 -0.006168395 0.181879491 0.002146866 0.983299136
1439803817.573654 4.203545094 -0.459907651 10.797383308 -0.005724259 0.181774274 0.003299403 0.983318090
1439803817.636165 4.212086201 -0.460860610 10.819886208 -0.005875059 0.181509629 0.003619828 0.983364940
1439803817.698654 4.220351696 -0.461924493 10.842435837 -0.006723151 0.181335837 0.003434761 0.983392239
1439803817.761159 4.228654861 -0.462797463 10.865049362 -0.007407334 0.181078866 0.003980218 0.983432651
1439803817.823657 4.237154961 -0.463796437 10.887576103 -0.007310219 0.180666804 0.004323339 0.983507693
1439803817.886158 4.245393753 -0.464674234 10.910247803 -0.007026485 0.180452421 0.004107080 0.983550012
1439803817.948659 4.254060745 -0.465425968 10.932649612 -0.006453088 0.180033267 0.005281240 0.983625174
1439803818.011161 4.262478352 -0.466688901 10.955325127 -0.005991539 0.179720446 0.006197979 0.983679950
1439803818.073662 4.271070004 -0.467847228 10.978181839 -0.005585580 0.179423273 0.006491558 0.983734667
1439803818.136163 4.279279709 -0.468985945 11.001336098 -0.004866903 0.179430053 0.006473135 0.983737409
1439803818.198665 4.287638187 -0.470043004 11.024489403 -0.004142053 0.179335132 0.006251833 0.983759463
1439803818.261166 4.295912266 -0.471081465 11.047103882 -0.003759320 0.179165155 0.005694753 0.983795345
1439803818.323667 4.304450512 -0.472162426 11.070202827 -0.003699101 0.178791031 0.005662228 0.983863831
1439803818.386169 4.312922001 -0.473126769 11.093428612 -0.003671582 0.178350896 0.006123681 0.983941019
1439803818.448670 4.321467876 -0.474190831 11.116163254 -0.003585028 0.177832633 0.006615097 0.984031975
1439803818.511175 4.329862595 -0.475474834 11.139400482 -0.003445809 0.177647904 0.006433606 0.984067023
1439803818.573673 4.338529110 -0.476755857 11.162985802 -0.003303428 0.177511901 0.006864707 0.984089136
1439803818.636176 4.346971512 -0.477664173 11.185893059 -0.003272099 0.177298501 0.007185541 0.984125435
1439803818.698678 4.355368137 -0.478895277 11.209148407 -0.003072330 0.177063257 0.007597520 0.984165370
1439803818.761178 4.363824368 -0.480207205 11.232192993 -0.002478914 0.176842332 0.007503167 0.984207451
1439803818.823678 4.372239113 -0.481268585 11.256031990 -0.002115027 0.176774502 0.006964894 0.984224439
1439803818.886179 4.380824089 -0.482379228 11.279541969 -0.002143763 0.176640630 0.006956430 0.984248519
1439803818.948681 4.389195919 -0.483486056 11.303180695 -0.002233036 0.176573679 0.007454619 0.984256685
1439803819.011186 4.397744656 -0.484772116 11.326556206 -0.002054802 0.176353067 0.007853664 0.984293520
1439803819.073684 4.406338692 -0.485894173 11.349873543 -0.001746798 0.176223442 0.008108488 0.984315276
1439803819.136189 4.414881706 -0.487263590 11.373111725 -0.002039256 0.176097199 0.008393842 0.984334886
1439803819.198687 4.423449516 -0.488423139 11.397053719 -0.002422579 0.176107109 0.008577215 0.984330654
1439803819.261188 4.432353973 -0.489580005 11.421029091 -0.002469712 0.176003695 0.009342019 0.984342098
1439803819.323690 4.440945148 -0.490762115 11.444890976 -0.002497659 0.175980553 0.009761849 0.984342098
1439803819.386205 4.449519157 -0.491726160 11.468629837 -0.002919917 0.175918877 0.009701288 0.984352529
1439803819.448693 4.458150387 -0.492942393 11.492696762 -0.003781151 0.175912336 0.009291067 0.984354734
1439803819.511194 4.466804981 -0.493947327 11.516489983 -0.004675154 0.175779462 0.009035224 0.984377027
1439803819.573695 4.475369930 -0.494931608 11.540451050 -0.005530596 0.175694838 0.008975035 0.984388232
1439803819.636197 4.483910084 -0.495965421 11.564330101 -0.006271911 0.175655112 0.008595186 0.984394252
1439803819.698697 4.492616653 -0.497009605 11.588260651 -0.006932657 0.175486669 0.008160552 0.984423578
1439803819.761199 4.501056671 -0.497959912 11.611963272 -0.007237269 0.175427049 0.007845668 0.984434545
1439803819.823703 4.509729385 -0.499038726 11.635589600 -0.007549123 0.175393060 0.007984227 0.984437168
1439803819.886204 4.518549442 -0.499967337 11.659226418 -0.007654431 0.175490603 0.008059033 0.984418392
1439803819.948703 4.526855946 -0.500707269 11.683003426 -0.007487543 0.175835803 0.007701814 0.984360874
1439803820.011205 4.535125256 -0.501620889 11.706749916 -0.007557396 0.176388010 0.006872266 0.984267712
1439803820.073706 4.543537140 -0.502624512 11.730207443 -0.007394086 0.176767603 0.006660366 0.984202325
1439803820.136209 4.552260876 -0.503500581 11.753479004 -0.007061054 0.177032575 0.005805931 0.984162509
1439803820.198708 4.560739040 -0.504547179 11.776650429 -0.007022119 0.177226737 0.005013380 0.984132230
1439803820.261210 4.569187164 -0.505572021 11.800020218 -0.006849430 0.177543476 0.004683703 0.984077990
1439803820.323712 4.577756882 -0.506534815 11.823054314 -0.006451263 0.177774072 0.004480908 0.984039962
1439803820.386213 4.586225986 -0.507599354 11.846054077 -0.005805764 0.177981704 0.004508233 0.984006345
1439803820.448715 4.594617367 -0.508641124 11.868968010 -0.005503035 0.178251535 0.004454295 0.983959496
1439803820.511214 4.603150368 -0.509703219 11.892113686 -0.005745919 0.178548917 0.004229023 0.983905196
1439803820.573714 4.611438274 -0.510677278 11.914916992 -0.006368702 0.178908840 0.003628929 0.983838320
1439803820.636216 4.619946003 -0.511605024 11.937893867 -0.006596199 0.179146424 0.003785687 0.983793020
1439803820.698716 4.628319740 -0.512859046 11.960053444 -0.006951360 0.179172263 0.004196654 0.983784199
1439803820.761217 4.636506081 -0.513922691 11.982231140 -0.007182583 0.179025903 0.004791168 0.983806491
1439803820.823720 4.644615650 -0.514834285 12.004697800 -0.007298461 0.178763166 0.005214741 0.983851254
1439803820.886218 4.652569771 -0.516048849 12.026780128 -0.007583453 0.178274453 0.005439044 0.983936548
1439803820.948722 4.660297871 -0.517119765 12.047933578 -0.007976305 0.177444741 0.005489036 0.984083116
1439803821.011219 4.667916298 -0.517972529 12.069295883 -0.008324272 0.176741153 0.005637675 0.984206021
1439803821.073719 4.675611973 -0.518661261 12.090671539 -0.008507079 0.176128969 0.005101980 0.984317124
1439803821.136219 4.682976723 -0.519861519 12.111995697 -0.008344099 0.175651520 0.004926060 0.984404743
1439803821.198722 4.690149307 -0.520509124 12.132764816 -0.008345285 0.175251335 0.004200276 0.984479368
1439803821.261221 4.697465420 -0.521609187 12.153672218 -0.008511698 0.174679264 0.003525069 0.984582305
1439803821.323722 4.704483986 -0.522616088 12.174057961 -0.008449120 0.174056217 0.003192830 0.984694302
1439803821.386223 4.711552143 -0.523316026 12.194644928 -0.007646075 0.173492610 0.003067214 0.984800696
1439803821.448722 4.718606472 -0.524305105 12.215225220 -0.006842291 0.172979966 0.003112110 0.984896660
1439803821.511223 4.725638390 -0.525215983 12.235195160 -0.006540611 0.172515571 0.003167244 0.984979987
1439803821.573725 4.732539654 -0.526186705 12.254937172 -0.006660989 0.172010809 0.003195551 0.985067368
1439803821.636228 4.739585876 -0.527159929 12.274722099 -0.006531772 0.171462715 0.004006465 0.985160828
1439803821.698727 4.746239185 -0.527861536 12.293604851 -0.006572703 0.170852631 0.004345211 0.985265076
1439803821.761229 4.753074169 -0.528931737 12.312925339 -0.007007361 0.170473740 0.004132912 0.985328615
1439803821.823729 4.759377003 -0.529554486 12.332089424 -0.007197520 0.170139253 0.004434981 0.985383749
1439803821.886232 4.766001701 -0.530706882 12.351049423 -0.007680267 0.169751480 0.004397040 0.985447168
1439803821.948732 4.772731781 -0.531620800 12.370064735 -0.007784579 0.169301257 0.004639748 0.985522687
1439803822.011234 4.779361248 -0.532584965 12.388372421 -0.007943114 0.168941557 0.004686675 0.985582948
1439803822.073737 4.785197258 -0.533185601 12.406142235 -0.007606993 0.169007540 0.005003586 0.985572696
1439803822.136237 4.791797161 -0.534082949 12.424764633 -0.007331184 0.169219688 0.005143202 0.985537648
1439803822.198740 4.798412323 -0.535257220 12.442820549 -0.007268513 0.169277921 0.005342120 0.985527039
1439803822.261239 4.805154324 -0.535990715 12.461172104 -0.007143329 0.169282794 0.005594054 0.985525727
1439803822.323743 4.811711311 -0.536863625 12.479368210 -0.006608260 0.169264168 0.006117429 0.985529542
1439803822.386243 4.816872120 -0.537343681 12.496952057 -0.005818453 0.169369027 0.006847674 0.985511720
1439803822.448743 4.823342800 -0.538307786 12.515269279 -0.005277976 0.169432655 0.007419406 0.985499740
1439803822.511247 4.829988956 -0.539174199 12.533301353 -0.005114962 0.169342369 0.007505312 0.985515416
1439803822.573748 4.836065769 -0.540064096 12.551185608 -0.005072669 0.169199273 0.008014427 0.985536218
1439803822.636248 4.841816902 -0.540738583 12.568896294 -0.004830252 0.168938801 0.008263093 0.985580087
1439803822.698750 4.848078251 -0.541647971 12.586766243 -0.004288331 0.168524012 0.008833688 0.985648632
1439803822.761255 4.854327679 -0.542698562 12.604351997 -0.003854041 0.167986959 0.009180895 0.985738933
1439803822.823756 4.860350132 -0.543455124 12.622440338 -0.003670669 0.167372689 0.009678730 0.985839367
1439803822.886255 4.866041660 -0.544078350 12.639611244 -0.003703878 0.166465878 0.009961419 0.985989928
1439803822.948759 4.871877670 -0.545243382 12.657164574 -0.003429762 0.165545508 0.010601105 0.986139178
1439803823.011256 4.877729416 -0.546104074 12.674091339 -0.003317520 0.164412379 0.010865548 0.986326277
1439803823.073757 4.883502483 -0.546903253 12.691554070 -0.003446081 0.163299412 0.011107993 0.986508012
1439803823.136259 4.888651848 -0.547396123 12.709167480 -0.003762684 0.162249789 0.011171374 0.986679316
1439803823.198761 4.894010544 -0.548316717 12.725825310 -0.004001492 0.160586193 0.011277938 0.986949265
1439803823.261277 4.899220467 -0.549275756 12.742260933 -0.003882282 0.158750549 0.011416316 0.987245083
1439803823.323763 4.903969765 -0.550049782 12.759295464 -0.003725435 0.156919599 0.011465828 0.987537801
1439803823.386264 4.908825874 -0.550643086 12.775653839 -0.003554363 0.154604316 0.012036655 0.987896740
1439803823.448768 4.913463593 -0.551468074 12.791953087 -0.004011841 0.151898712 0.012590027 0.988307714
1439803823.511267 4.918003082 -0.552197576 12.807855606 -0.004678100 0.148535326 0.013200688 0.988807917
1439803823.573768 4.922017097 -0.552855551 12.824174881 -0.004545647 0.144952863 0.013571625 0.989335001
1439803823.636270 4.925887108 -0.553755283 12.840002060 -0.003898937 0.140805691 0.013626150 0.989935815
1439803823.698772 4.929465294 -0.554673195 12.855839729 -0.003177968 0.136271715 0.013518846 0.990574181
1439803823.761272 4.932842731 -0.555421591 12.871921539 -0.002505235 0.131184533 0.013589669 0.991261661
1439803823.823774 4.935853004 -0.556289613 12.887591362 -0.002413579 0.125364959 0.013758280 0.992012382
1439803823.886275 4.938575745 -0.557002544 12.903614998 -0.002445327 0.118857890 0.013624572 0.992814779
1439803823.948776 4.941089153 -0.557931244 12.919672966 -0.002239845 0.111769125 0.013972882 0.993633449
1439803824.011280 4.943206787 -0.558828592 12.935329437 -0.001715724 0.104159012 0.014370160 0.994455338
1439803824.073779 4.944820404 -0.559715867 12.951343536 -0.001266970 0.096129164 0.014288452 0.995265484
1439803824.136281 4.945985317 -0.560548306 12.967069626 -0.000710630 0.087607272 0.013928297 0.996057451
1439803824.198785 4.946932793 -0.561437547 12.982989311 -0.000042768 0.078522623 0.013941817 0.996814847
1439803824.261285 4.947511673 -0.562379003 12.998618126 0.000585528 0.069016039 0.013568095 0.997523129
1439803824.323785 4.947616100 -0.563440800 13.014120102 0.001337934 0.059030492 0.012975134 0.998170972
1439803824.386289 4.947308540 -0.564516842 13.029550552 0.002255936 0.048570618 0.013127976 0.998730958
1439803824.448790 4.946650982 -0.565513968 13.044897079 0.003329632 0.037766412 0.013413806 0.999190986
1439803824.511289 4.945581913 -0.566671848 13.060366631 0.004293361 0.026572103 0.013409019 0.999547720
1439803824.573791 4.944192886 -0.567622006 13.075505257 0.005141600 0.014710653 0.013680815 0.999785006
1439803824.636292 4.942022324 -0.568677068 13.090559959 0.005834232 0.002704843 0.013332128 0.999890447
1439803824.698794 4.939539433 -0.569763124 13.105348587 0.007087159 -0.009836876 0.013813531 0.999831080
1439803824.761295 4.936577320 -0.570821881 13.120263100 0.008088249 -0.023051590 0.013646607 0.999608397
1439803824.823797 4.933152199 -0.571931481 13.135095596 0.008654985 -0.036714304 0.012975811 0.999204099
1439803824.886298 4.929319382 -0.572832704 13.149696350 0.009082667 -0.050609715 0.013618163 0.998584330
1439803824.948800 4.924889565 -0.574113131 13.164082527 0.008776596 -0.064999841 0.012602163 0.997767091
1439803825.011302 4.919867039 -0.575105667 13.178258896 0.008471938 -0.080018297 0.011206460 0.996694386
1439803825.073801 4.914153099 -0.576334536 13.192375183 0.008248486 -0.095416889 0.010428466 0.995348573
1439803825.136303 4.908023834 -0.577436209 13.206424713 0.008732510 -0.111123666 0.009718823 0.993720710
1439803825.198805 4.901644707 -0.578594625 13.219892502 0.009560013 -0.127539396 0.010039492 0.991736650
1439803825.261306 4.894786358 -0.579978585 13.233108521 0.010388408 -0.144345582 0.010294684 0.989419222
1439803825.323806 4.887324333 -0.581321836 13.245794296 0.011264610 -0.161668077 0.010057014 0.986729622
1439803825.386306 4.879049301 -0.582337558 13.258787155 0.012097379 -0.179802820 0.009158969 0.983585656
1439803825.448807 4.870144844 -0.583521605 13.270725250 0.012614989 -0.198639944 0.007510527 0.979962528
1439803825.511307 4.860873222 -0.584634066 13.282251358 0.013194420 -0.218055636 0.005682340 0.975830615
1439803825.573808 4.850935936 -0.585663915 13.293589592 0.013625511 -0.237430438 0.004478322 0.971298635
1439803825.636309 4.840447426 -0.586708903 13.304590225 0.013747866 -0.256691784 0.002778871 0.966391563
1439803825.698809 4.829445362 -0.587596238 13.315384865 0.013762333 -0.275907457 0.001112314 0.961085021
1439803825.761309 4.818082809 -0.588640332 13.325769424 0.014032887 -0.295036614 -0.000782665 0.955382586
1439803825.823813 4.806232452 -0.589747071 13.335615158 0.014774867 -0.313725352 -0.002631360 0.949395180
1439803825.886313 4.794086933 -0.591000021 13.345067978 0.015152547 -0.332370520 -0.003948765 0.943018854
1439803825.948811 4.781169891 -0.592038929 13.354425430 0.015553197 -0.350727677 -0.005571698 0.936331749
1439803826.011317 4.767654419 -0.592942894 13.363760948 0.015858110 -0.368703514 -0.006961183 0.929385722
1439803826.073813 4.754088402 -0.594429374 13.372261047 0.015819775 -0.386165351 -0.008807362 0.922251880
1439803826.136312 4.738879204 -0.595381737 13.379919052 0.016783962 -0.401822865 -0.010601601 0.915502191
