1403636579.763556 0.0000000 0.0000000 0.0000000 0.0000000 0.0000000 0.0000000 1.0000000
1403636579.813555 0.0005060 0.0513994 0.0237395 0.0011968 0.0027224 -0.0007645 0.9999953
1403636579.863556 0.0010446 0.1177169 0.0489469 -0.0010341 0.0048861 -0.0024577 0.9999845
1403636580.263556 -0.0145010 0.7800235 0.2366773 -0.0307231 0.0045592 0.0024652 0.9995145
1403636583.663556 0.0457604 0.3689336 0.1479978 -0.0150207 0.0353803 -0.0149713 0.9991489
1403636584.913555 -0.0020867 -0.6151122 -0.0887934 0.0184521 0.0456171 -0.0148761 0.9986778
1403636586.613555 0.0439816 0.3772334 -0.1527511 -0.2059646 0.0412800 0.0130606 0.9776011
1403636587.963556 0.9398178 0.2664698 0.0413741 -0.1902846 0.0557912 0.0276383 0.9797527
1403636588.163556 1.1310800 0.2905625 0.0604145 -0.2056434 0.0665599 0.0305089 0.9758841
1403636589.763556 -0.5029677 0.3445834 -0.1488544 -0.1927253 0.0135757 0.0100595 0.9811073
1403636589.913555 -0.7072418 0.3786561 -0.1640406 -0.2010227 0.0012526 0.0074560 0.9795574
1403636591.663556 0.6470722 0.4032930 -0.0293460 -0.1821746 0.0478981 0.0203875 0.9818872
1403636592.613555 0.8125919 0.2173529 0.5857589 -0.1589063 0.0686479 0.0357374 0.9842556
1403636592.913555 0.4402811 0.1684380 0.8041968 -0.1570307 -0.0031253 0.0107987 0.9875298
1403636593.363556 -0.4400008 0.2985906 0.4175464 -0.1739523 -0.1082223 -0.0071630 0.9787631
1403636593.613555 -0.5683150 0.4589925 0.0335324 -0.1850235 -0.0966561 -0.0029306 0.9779649
1403636593.813555 -0.4116558 0.5810739 -0.2239106 -0.1985198 -0.0496080 0.0209798 0.9786158
1403636594.013556 -0.0888057 0.6350716 -0.3886451 -0.1809652 0.0290273 0.0493901 0.9818196
1403636594.213556 0.3075878 0.6290973 -0.3900908 -0.1739645 0.0981949 0.0708161 0.9772815
1403636594.413555 0.7071817 0.5712309 -0.1949166 -0.1727555 0.1348130 0.0704788 0.9731463
1403636594.713556 1.0305312 0.4170650 0.2789418 -0.1462479 0.1358604 0.0638357 0.9777927
1403636594.913555 0.8214412 0.3612510 0.5417949 -0.1384169 0.0947518 0.0462699 0.9847446
1403636595.813555 -0.0269976 0.6270316 0.0522275 -0.1654526 -0.0443510 -0.0092852 0.9851762
1403636596.013556 0.3526286 0.7170050 -0.1089285 -0.1685590 0.0188211 0.0041371 0.9855032
1403636596.263556 0.4797029 0.7955703 -0.3759433 -0.1731410 0.0642692 0.0266204 0.9824373
1403636596.563555 0.1150275 0.8119907 -0.7679846 -0.1587134 0.0638935 0.0210579 0.9850301
1403636596.763556 -0.0563535 0.8249750 -0.8863593 -0.1612375 0.0609958 0.0151871 0.9849119
1403636598.313555 -0.0938923 0.6862519 -0.0536146 -0.1827088 -0.0673430 -0.0537745 0.9793828
1403636598.563555 0.0069355 0.7983465 0.0069129 -0.1810343 -0.0580673 -0.0595105 0.9799557
1403636598.813555 0.0883209 0.8328503 0.3207611 -0.1337635 -0.0854446 -0.0550885 0.9857849
1403636599.313555 0.1647136 0.9880565 0.7627468 -0.0184242 -0.1041304 -0.0354856 0.9937596
1403636599.663556 0.1782742 1.0664496 0.8929505 -0.0105340 -0.0832313 -0.0324577 0.9959458
1403636624.963556 0.4427124 1.1068753 0.7367578 -0.0203469 -0.0588888 -0.0609477 0.9961945
1403636628.663556 1.1735985 -0.5719018 0.5576742 -0.0054716 -0.0282633 -0.0139700 0.9994879
1403636629.263556 1.7323890 -0.7718464 0.7483577 -0.0254401 0.0172740 -0.0182408 0.9993606
1403636629.563555 2.0363393 -0.8473759 0.9511371 -0.0122134 0.0425949 0.0080483 0.9989854
1403636629.813555 2.3750777 -0.7617627 1.1843188 -0.0327835 0.0924998 0.0187364 0.9949965
1403636630.063555 2.7636497 -0.6906304 1.4910450 -0.0353953 0.1369909 0.0309371 0.9894562
1403636630.413555 3.3213806 -0.9127094 1.9216170 -0.0091368 0.1577263 0.0324425 0.9869075
1403636631.163556 4.3772683 -1.4751328 2.8552966 -0.0139081 0.1447646 0.0266614 0.9890091
1403636632.163556 5.5651984 -1.7093248 4.3068676 -0.0103470 0.1429299 0.0099914 0.9896283
1403636633.363556 6.3486872 -1.9891146 6.1900120 -0.0229442 0.0274847 -0.0191134 0.9991761
1403636634.013556 6.7902980 -2.2475877 7.5862322 -0.0271123 0.0325279 0.0060251 0.9990848
1403636634.763556 7.5924459 -2.9166451 9.4202881 -0.0085148 0.0219077 -0.0249178 0.9994131
1403636635.313555 8.0505152 -3.3783865 10.6527224 -0.0254943 -0.0045837 -0.0310000 0.9991837
1403636635.863556 8.4592991 -4.0239196 11.9883099 -0.0162098 -0.0105353 -0.0075192 0.9997848
1403636636.313555 9.0063868 -4.8875613 13.0559864 -0.0144807 -0.0014487 -0.0280705 0.9995000
1403636636.963556 9.6703711 -5.7422366 14.4351368 0.0047880 0.0057075 -0.0559852 0.9984038
1403636638.013556 9.8019991 -6.4767861 16.0012703 -0.0120290 -0.0136646 -0.0340709 0.9992536
1403636638.613555 9.8427563 -6.5518332 16.9923725 -0.0500989 -0.0219865 -0.0155667 0.9983809
1403636639.013556 10.0006151 -6.9147625 17.8225441 -0.0246501 -0.0229904 -0.0194238 0.9992430
1403636639.563555 10.5097933 -7.1458659 19.2224350 -0.0224041 -0.0175433 -0.0373664 0.9988964
1403636640.063555 11.0109406 -7.2913609 20.5079498 -0.0039755 -0.0241360 -0.0344486 0.9991071
1403636640.563555 11.4134750 -7.6819015 21.4388599 -0.0058400 -0.0527069 -0.0504161 0.9973195
1403636641.863556 12.1858215 -7.9512157 23.2410049 -0.0062708 -0.0528162 -0.0475517 0.9974517
1403636643.763556 13.2009754 -8.5166321 24.4165192 -0.0391148 -0.0011790 -0.0243387 0.9989375
1403636644.863556 14.1978378 -8.7903652 26.4288273 -0.0018167 0.0009794 -0.0259144 0.9996620
1403636645.613555 15.2625599 -8.7671299 28.0959339 -0.0413160 0.0074732 -0.0255796 0.9987907
1403636646.213556 16.0195198 -9.5010366 29.9510136 -0.0158654 0.0369379 0.0044038 0.9991819
1403636646.663556 16.8158035 -10.1088514 31.2665005 0.0101874 0.1389793 0.0287387 0.9898258
1403636647.263556 17.8562336 -11.0094652 32.3806572 -0.0085719 0.1589101 0.0321593 0.9867319
1403636648.313555 19.7999477 -11.4372501 33.5727615 0.0051472 0.2448423 0.0660369 0.9672977
1403636649.163556 21.4044571 -11.2854757 33.7113266 -0.0107624 0.3529217 0.0984924 0.9303922
1403636650.213556 22.9671593 -12.4264030 33.1238594 0.0134271 0.3864842 0.1005138 0.9167042
1403636652.263556 23.7383270 -11.4809456 30.7728844 0.0088044 0.5778862 0.1774336 0.7965472
1403636652.613555 23.6478729 -10.9851170 30.1640930 -0.0154702 0.6423243 0.2216702 0.7335138
1403636654.113555 24.2982044 -10.3894844 27.7179527 0.0096419 0.6443909 0.1910700 0.7403781
1403636654.563555 24.1899776 -10.2304821 27.0983601 0.0014203 0.6902676 0.2085337 0.6928509
1403636655.363556 23.7285728 -9.8769655 26.1349697 0.0200412 0.7336876 0.2159291 0.6439530
1403636655.963556 22.9355564 -9.3233681 25.5378780 0.0102455 0.7740211 0.2663700 0.5743112
1403636656.363556 22.3889084 -8.9653931 24.9748077 0.0021242 0.7965829 0.2746961 0.5385102
1403636657.113555 21.5452461 -8.6877851 23.6387329 0.0223055 0.8008467 0.2399018 0.5482647
1403636657.963556 19.9712944 -7.7963786 22.2991447 0.0234709 0.7896127 0.2852122 0.5427845
1403636658.363556 19.2299194 -7.3696432 21.3150177 -0.0033108 0.7991334 0.2727462 0.5357093
1403636658.763556 18.6549854 -6.8338366 20.3449783 -0.0216504 0.8052420 0.2587796 0.5330570
1403636659.213556 18.2313519 -6.1622610 19.5685158 0.0026546 0.8105772 0.2432643 0.5327101
1403636659.713556 17.7185936 -5.5764437 18.9895382 -0.0068127 0.8086620 0.2513885 0.5318112
1403636660.113555 17.3510666 -5.0273132 18.7606030 -0.0162187 0.8074747 0.2648256 0.5268672
1403636660.463556 17.1834774 -4.5231400 18.6809578 -0.0336616 0.8004496 0.2871303 0.5250748
1403636661.363556 17.7278214 -3.3755839 18.9629593 -0.0019714 0.8143966 0.2418250 0.5275177
1403636663.563555 17.5279846 -3.1627638 20.9595604 -0.0405566 0.8023083 0.2855904 0.5225846
1403636664.563555 19.5088902 -2.8455644 21.7978172 -0.0078954 0.8058695 0.2341775 0.5437582
1403636665.063555 20.5779381 -2.9605889 22.8121052 -0.0087555 0.7905973 0.2508849 0.5585123
1403636666.163556 22.6787643 -4.2143893 24.8155670 0.0125010 0.7941201 0.2502817 0.5536932
1403636667.113555 23.7904243 -4.9213324 26.4598465 0.0059297 0.7774757 0.2806574 0.5627858
1403636668.313555 25.3062401 -5.1279173 27.8558578 -0.0140792 0.7870667 0.2634977 0.5575812
1403636669.013556 26.5278950 -4.9010038 28.7523289 -0.0182159 0.8028475 0.2356873 0.5473167
1403636669.613555 27.5284386 -5.1322546 29.9463120 0.0082729 0.8058853 0.2274583 0.5465741
1403636670.363556 27.6389141 -5.7432194 31.5174446 0.0928991 0.7711834 0.2739471 0.5670969
1403636672.163556 21.9645653 -5.2638559 25.1343632 -0.0909344 0.5788751 0.1976837 0.7858471
1403636676.163556 25.4890957 -5.1802793 28.2002296 -0.0062581 0.3712021 0.1113015 0.9218361
1403636676.563555 26.0139732 -5.1363358 29.3523045 -0.0315270 0.2945487 0.0479714 0.9539108
1403636677.113555 26.5122223 -5.6331186 30.9807968 -0.0157891 0.2411545 0.0539966 0.9688548
1403636677.763556 26.8245316 -5.9114027 32.7783432 0.0155207 0.1721486 0.0302391 0.9844844
1403636678.113555 26.8117619 -6.2061071 33.3441048 -0.0109188 0.0831712 0.0236303 0.9961952
1403636678.663556 27.0285492 -6.6014919 34.0635605 -0.0136228 -0.0067842 -0.0313450 0.9993927
1403636679.113555 27.0445786 -6.8021669 34.5703163 -0.0088736 -0.0955402 -0.1021141 0.9901344
1403636679.463556 26.7819443 -6.8261571 34.8486137 -0.0003267 -0.1936008 -0.0891018 0.9770259
1403636679.863556 26.5730438 -7.1117768 34.9212914 -0.0006444 -0.2451224 -0.1101145 0.9632182
1403636680.613555 26.1001244 -7.6866775 34.2747879 0.0115124 -0.2193495 -0.1559082 0.9630399
1403636681.163556 25.1492939 -7.3109198 33.2770996 -0.0441154 -0.2279246 -0.1102157 0.9664143
1403636681.713556 24.0653191 -6.9856091 32.4675751 -0.0028621 -0.2326356 -0.1172228 0.9654695
1403636682.363556 22.7562675 -6.7242517 31.2531166 -0.0217122 -0.2414061 -0.1123299 0.9636564
1403636683.263556 21.0225296 -6.2115879 29.5000362 0.0001964 -0.2325872 -0.1133951 0.9659424
1403636683.913555 19.8041363 -5.4388227 28.0297928 -0.0193332 -0.2424029 -0.1115721 0.9635448
1403636685.213556 18.0133514 -4.5468326 25.1105156 -0.0062068 -0.2477563 -0.1196728 0.9613827
1403636685.813555 17.3909149 -4.0487747 23.6502609 -0.0061902 -0.2376343 -0.1208802 0.9637840
1403636686.463556 16.6067352 -3.3809521 22.0922871 -0.0223038 -0.2416285 -0.1081744 0.9640625
1403636687.013556 15.9634705 -2.9659441 21.0015469 -0.0159703 -0.2456260 -0.1059170 0.9634285
1403636687.863556 15.2012310 -2.3404434 19.6568260 -0.0072027 -0.2513963 -0.1032484 0.9623346
1403636688.313555 14.9585800 -1.6265116 19.0681305 -0.0065149 -0.2489335 -0.1129133 0.9618941
1403636688.813555 14.6578598 -0.8719928 18.3539314 -0.0073651 -0.2465663 -0.1289726 0.9604774
1403636689.063555 14.4223137 -0.5467226 17.9405079 -0.0169917 -0.2637343 -0.1260847 0.9561685
1403636689.613555 13.7613544 -0.4416807 17.0165730 -0.0317040 -0.2872196 -0.1246062 0.9491960
1403636690.113555 13.1367245 -0.6245536 16.5875626 -0.0465704 -0.2888492 -0.1028455 0.9506946
1403636690.713556 12.5110855 -1.0317698 16.8579216 -0.0398736 -0.2898632 -0.0898198 0.9520094
1403636691.063555 12.3571949 -1.0667847 17.4182281 -0.0036536 -0.3053600 -0.0452533 0.9511541
1403636691.563555 13.1636820 -1.4855320 18.1168232 0.0022398 -0.2957888 -0.1034083 0.9496371
1403636692.613555 15.7022524 -2.9363484 18.5158119 -0.0055967 -0.2857407 -0.1290283 0.9495645
1403636693.363556 16.9136925 -4.0031400 18.2641735 -0.0312517 -0.2813629 -0.1378506 0.9491341
1403636699.713556 14.7599907 -3.8289976 18.4350262 -0.0190957 0.1790035 0.0730358 0.9809480
1403636701.963556 16.1190033 -2.4180818 17.5945148 -0.0094402 0.3048048 0.0853696 0.9485341
1403636702.513556 16.7618484 -1.9382856 17.5452747 -0.0196461 0.3880875 0.1125320 0.9145156
1403636703.813555 18.5150566 -1.0692601 18.1349964 -0.0103606 0.3896331 0.1112679 0.9141653
1403636704.663556 19.7786827 -0.9116480 18.3851414 -0.0328235 0.3799073 0.1116234 0.9176782
1403636706.113555 22.8125553 -1.2209601 21.0171528 0.0047879 0.3669522 0.1247889 0.9218193
1403636706.663556 24.0487175 -1.3538446 22.1553097 -0.0220761 0.3741149 0.0909238 0.9226503
1403636708.013556 26.5951195 -3.1293378 25.5403671 -0.0183880 0.3806461 0.1153198 0.9173177
1403636708.963556 28.6889305 -3.3969395 28.2023373 0.0011721 0.3899644 0.0868205 0.9167271
1403636709.863556 29.6445904 -3.8845654 30.1166782 -0.0169021 0.3960966 0.0903144 0.9136001
1403636710.813555 29.6024513 -4.1106000 32.6100693 0.0041144 0.3200417 0.0939052 0.9427291
1403636712.563555 27.5828552 -5.2509465 34.5058060 0.0124326 0.2393619 0.0340035 0.9702551
1403636714.513556 23.3000412 -5.9052725 31.6451530 -0.0135244 0.2172678 0.0617391 0.9740637
1403636714.863556 22.8328362 -5.6773920 31.0381565 -0.0282288 0.1628021 0.0349936 0.9856339
1403636717.013556 21.6251163 -5.2822804 28.3210182 -0.0061799 0.0440677 -0.0102782 0.9989566
1403636717.963556 21.0403748 -4.7443032 26.6850491 -0.0082673 -0.0296305 -0.0658400 0.9973559
1403636718.413555 20.2772789 -4.4455814 25.8569012 -0.0139699 -0.1086172 -0.0681024 0.9916497
1403636719.463556 18.7368774 -3.2922466 24.3913879 0.0075923 -0.1658994 -0.0778574 0.9830351
1403636720.263556 18.0079803 -2.6150908 23.0942154 -0.0155739 -0.1506885 -0.0704671 0.9859436
1403636723.013556 17.8729382 -1.2078772 19.9742718 -0.0089261 -0.0232863 -0.0382723 0.9989561
1403636727.563555 16.7465973 -1.8508034 15.0728598 -0.0028122 0.0987693 -0.0038939 0.9950988
1403636729.013556 15.5914688 -2.3021312 13.1736965 0.0003448 0.0518691 -0.0181549 0.9984888
1403636730.113555 14.4039764 -1.8671706 11.3747568 -0.0147586 0.0301690 -0.0193158 0.9992492
1403636732.013556 13.1123457 -1.2764888 9.8705664 -0.0077568 0.0271392 -0.0098470 0.9995531
1403636733.663556 12.3873930 -0.7729102 7.9094586 -0.0128836 0.0214945 -0.0232187 0.9994163
1403636734.963556 10.8689213 -0.4747583 5.7321410 -0.0206346 0.0130954 -0.0225808 0.9994463
1403636737.213556 8.7434101 -0.6681808 3.8887379 -0.0050802 -0.0368025 -0.0410740 0.9984652
1403636740.663556 8.8844757 0.0899269 3.6750987 -0.0028567 0.2315587 0.0595069 0.9709951
1403636741.863556 9.3865576 1.5924492 3.8330498 -0.0179059 0.2550886 0.0658400 0.9645073
1403636743.363556 9.9759302 2.5712824 4.5606880 -0.0489625 0.2480595 0.0804664 0.9641547
1403636744.213556 10.9054489 3.1691651 5.8213420 -0.0002860 0.2872345 0.0733839 0.9550450
1403636744.763556 11.4377117 4.2633762 6.7483912 0.0152915 0.2900509 0.0907351 0.9525775
1403636745.263556 11.9240284 5.1793785 7.2329760 -0.0131730 0.2815894 0.0805528 0.9560571
1403636745.763556 12.3675556 5.4100304 7.5323839 0.0059404 0.2879845 0.0690361 0.9551249
1403636747.913555 11.7202473 3.8972015 8.2163477 -0.0084624 0.3112636 0.0882066 0.9461834
1403636750.563555 11.7388134 1.5758094 8.4432735 0.0029369 0.3104763 0.0774801 0.9474137
1403636754.963556 9.0230503 -1.6517842 6.1868105 0.0025704 -0.0394659 -0.0538721 0.9977643
1403636759.313555 0.3267075 -0.2338999 0.7362503 -0.0090791 -0.1192370 -0.0096348 0.9927775
1403636761.213556 0.0986509 0.9679307 0.3381764 -0.0407187 -0.1046788 -0.0706252 0.9911591
1403636761.813555 -0.2444406 0.9868019 0.3995120 -0.0084673 -0.1120899 -0.0426590 0.9927459
1403636762.313555 -0.3851495 0.8876370 0.3794845 -0.0259462 -0.0943831 -0.0834915 0.9916894
1403636762.713556 -0.6384416 1.0396513 0.5059825 -0.0173065 -0.1147590 -0.0221059 0.9929966
1403636763.113555 -0.5340364 1.1956717 0.5339457 0.0020355 -0.0772639 -0.0171425 0.9968612
1403636763.463556 -0.5222242 1.1940936 0.5392358 0.0025903 -0.0689251 -0.0093240 0.9975749
