0.415622 -0.004343434 -0.000368177 0.035666302 0.000895042 -0.014724618 -0.000891648 0.999890745
0.519499 -0.004935542 -0.000290992 0.046609547 0.001766522 -0.020825753 -0.000970210 0.999781072
0.623377 -0.007733556 -0.000301774 0.057693254 0.002244947 -0.027164057 -0.000913995 0.999628067
0.727122 -0.010362310 -0.000374798 0.070215881 0.002241717 -0.035113595 -0.000922140 0.999380410
0.830874 -0.013076896 -0.000535413 0.083753467 0.002252755 -0.044366978 -0.000144637 0.999012768
0.934622 -0.014966594 -0.000630759 0.100061603 0.002360072 -0.055086795 0.000450493 0.998478651
1.038404 -0.020138770 -0.000821955 0.113718539 0.002643617 -0.065549210 0.000476804 0.997845709
1.142127 -0.023960892 -0.001355569 0.131102577 0.003429202 -0.078385606 -0.001331861 0.996916294
1.245873 -0.029656222 -0.001861062 0.146951854 0.004452328 -0.091233023 -0.003571871 0.995813191
1.349627 -0.036387868 -0.002170651 0.163630113 0.005309477 -0.104806259 -0.005187527 0.994464993
1.453253 -0.043230440 -0.002679072 0.180765808 0.005439112 -0.119732812 -0.005617228 0.992775381
1.556997 -0.051033814 -0.003019715 0.198423803 0.005447731 -0.135503173 -0.006658915 0.990739524
1.660772 -0.059996124 -0.003904419 0.216730848 0.004976139 -0.151881501 -0.007749440 0.988355815
1.764374 -0.069648817 -0.004117665 0.234643847 0.004816135 -0.169372752 -0.009025078 0.985498965
1.868002 -0.080070667 -0.004574629 0.252194732 0.004951977 -0.186778665 -0.010413379 0.982334316
1.971750 -0.091035783 -0.005309894 0.269662708 0.004828067 -0.204567462 -0.012150900 0.978765130
2.075498 -0.104282707 -0.004629679 0.288217485 0.005158990 -0.222972378 -0.012354783 0.974732816
2.179126 -0.116724789 -0.004622863 0.305874288 0.005178442 -0.242802575 -0.010044275 0.970009863
2.282875 -0.130531937 -0.004764256 0.324406862 0.005029108 -0.263860881 -0.007455912 0.964518845
2.386504 -0.146596134 -0.005077393 0.341655731 0.003906588 -0.286301076 -0.008163993 0.958096981
2.490144 -0.164775163 -0.005745087 0.359055787 0.002972831 -0.310667962 -0.011075015 0.950449347
2.593620 -0.183491021 -0.006348931 0.375198185 0.002810151 -0.335923731 -0.012949538 0.941795945
2.697329 -0.205015928 -0.006554230 0.391983628 0.002738913 -0.361446142 -0.012639481 0.932303309
2.800890 -0.226848930 -0.006580641 0.408612400 0.001402163 -0.388034910 -0.010029955 0.921589017
2.904641 -0.251046509 -0.006635658 0.425238132 0.000232753 -0.414638072 -0.007602247 0.909954607
3.008248 -0.277596533 -0.006509063 0.440416873 -0.000960777 -0.440732509 -0.006791555 0.897612274
3.112001 -0.305762202 -0.006472201 0.454792798 -0.002591746 -0.467224479 -0.006395727 0.884111822
3.215751 -0.336093634 -0.006028026 0.467565656 -0.003524175 -0.493664324 -0.006186274 0.869623363
3.319374 -0.368559957 -0.006080802 0.478703409 -0.004681417 -0.519509017 -0.006486048 0.854427516
3.423126 -0.403829813 -0.005782031 0.489026338 -0.006045563 -0.544971168 -0.006852858 0.838405013
3.526893 -0.440845609 -0.005066652 0.498077810 -0.006799140 -0.569805086 -0.007279948 0.821719468
3.630648 -0.480733216 -0.005471940 0.506205618 -0.009075508 -0.593543291 -0.007670529 0.804714322
3.734395 -0.522775829 -0.005375432 0.513213336 -0.011338125 -0.615848660 -0.006999211 0.787751794
3.838251 -0.567079306 -0.004610479 0.517795444 -0.011920241 -0.636158943 -0.006465858 0.771438897
3.942122 -0.613021314 -0.003927443 0.519767642 -0.011139339 -0.654513299 -0.007656489 0.755929589
4.046284 -0.661727726 -0.003109818 0.520847142 -0.010487122 -0.670550704 -0.008403375 0.741742015
4.150266 -0.712272942 -0.001982665 0.520707548 -0.009244794 -0.684604883 -0.008473050 0.728806496
4.254380 -0.764653146 -0.001345025 0.519368351 -0.008462095 -0.697088718 -0.007388731 0.716896892
4.358512 -0.819372237 -0.000842718 0.516866386 -0.007599507 -0.708333850 -0.006343151 0.705808222
4.462646 -0.875887573 -0.000132140 0.512973368 -0.006682544 -0.717656970 -0.005893657 0.696339786
4.566885 -0.934131444 0.000953070 0.508284211 -0.005683392 -0.724946022 -0.005183660 0.688762724
4.671250 -0.994157553 0.002270392 0.503268063 -0.005526480 -0.730624974 -0.004637280 0.682740808
4.775500 -1.056638837 0.002986873 0.497167736 -0.006093991 -0.735073149 -0.004356663 0.677946389
4.879959 -1.121008277 0.002816941 0.489925385 -0.005938277 -0.738304138 -0.005441045 0.674419880
4.984250 -1.187088132 0.002601456 0.482295573 -0.005861244 -0.740555346 -0.006626881 0.671937168
5.088502 -1.254375696 0.003024001 0.474967360 -0.006279462 -0.742036223 -0.007090951 0.670292854
5.192878 -1.324636221 0.004657898 0.467725992 -0.007123843 -0.742518365 -0.006441451 0.669756770
5.297154 -1.396166801 0.005372437 0.460686266 -0.008659602 -0.742211401 -0.006474068 0.670078576
5.401501 -1.469355464 0.005607810 0.453035653 -0.009400817 -0.741688550 -0.007591368 0.670635581
5.505749 -1.544173956 0.006363319 0.444665521 -0.008639753 -0.740990758 -0.008395927 0.671407163
5.610008 -1.620639682 0.007499982 0.436803430 -0.007174865 -0.740432024 -0.008016889 0.672045052
5.714253 -1.699552178 0.008638803 0.429229856 -0.006963688 -0.740015745 -0.008195921 0.672503531
5.818377 -1.780294418 0.009953231 0.421492010 -0.007971138 -0.739373207 -0.009159828 0.673186302
5.922523 -1.863301754 0.011041895 0.413441479 -0.008923593 -0.738752186 -0.010764150 0.673832119
6.026772 -1.947761178 0.011607215 0.405836165 -0.009450804 -0.738147020 -0.011832904 0.674469888
6.130876 -2.033472538 0.013491236 0.397776842 -0.008634404 -0.737592816 -0.012143941 0.675081313
6.235023 -2.119868755 0.015035000 0.390400708 -0.006854596 -0.737051785 -0.011879734 0.675697088
6.339025 -2.209831238 0.017088320 0.381573677 -0.006271870 -0.736512184 -0.011901425 0.676290452
6.443143 -2.300165892 0.018353216 0.374835968 -0.007974484 -0.736036837 -0.011923946 0.676789522
6.547271 -2.391829491 0.019480933 0.366812646 -0.009380144 -0.735632122 -0.011946295 0.677210987
6.651280 -2.484546661 0.020680476 0.359205484 -0.010295496 -0.735217929 -0.012258240 0.677641749
6.755380 -2.577368021 0.022227868 0.351255357 -0.008854118 -0.735027730 -0.010396118 0.677899539
6.859377 -2.670466900 0.023054166 0.343754292 -0.006930247 -0.734997749 -0.007357844 0.677994251
6.963378 -2.765236616 0.024313884 0.336669803 -0.006468391 -0.735066891 -0.004492270 0.677948833
7.067377 -2.861796618 0.025350172 0.327645570 -0.007033960 -0.735169649 -0.004380647 0.677832544
7.171256 -2.959722996 0.025638897 0.319156229 -0.009343444 -0.735127568 -0.007410531 0.677823901
7.275272 -3.058815241 0.028594851 0.308269024 -0.013999433 -0.733863175 -0.011122342 0.679061949
7.379272 -3.156867743 0.030235186 0.299683511 -0.015190225 -0.733931303 -0.013809942 0.678913414
7.483251 -3.252801180 0.029368743 0.292778760 -0.012016512 -0.735355854 -0.013918192 0.677431703
7.587271 -3.348961830 0.030279368 0.284455985 -0.010904664 -0.735491097 -0.012804142 0.677325666
7.691129 -3.445687532 0.033653945 0.276582390 -0.009790894 -0.735648036 -0.011662929 0.677192807
7.795131 -3.541326761 0.034263983 0.267962366 -0.009650083 -0.735684037 -0.012883917 0.677133560
7.899003 -3.639836788 0.035200216 0.258705616 -0.010185000 -0.735635579 -0.013999194 0.677156210
8.003004 -3.735497952 0.037011944 0.250982195 -0.009193758 -0.735635519 -0.013756827 0.677175403
8.107005 -3.832113504 0.037750892 0.241708517 -0.007248403 -0.735508442 -0.012254265 0.677365899
8.211004 -3.928604126 0.039567947 0.233083695 -0.005428930 -0.735420346 -0.011124068 0.677498162
8.315006 -4.026233673 0.039907422 0.222929209 -0.005793813 -0.735052228 -0.011391851 0.677890003
8.418880 -4.120729923 0.040308453 0.217320889 -0.007119416 -0.735028982 -0.011868105 0.677894413
8.522877 -4.218585014 0.041125901 0.210321903 -0.008848806 -0.734943151 -0.013664301 0.677933276
8.626899 -4.314546108 0.043376550 0.201427966 -0.011037689 -0.734708548 -0.015182225 0.678123176
8.730751 -4.411179066 0.044818252 0.192992270 -0.012036334 -0.734764397 -0.016569043 0.678013206
8.834756 -4.507675171 0.046732441 0.185733855 -0.012083871 -0.734773815 -0.016379477 0.678006768
8.938756 -4.606096268 0.049546137 0.176746637 -0.010500833 -0.734608591 -0.014808764 0.678248286
9.042758 -4.699251175 0.050543085 0.170167178 -0.008713567 -0.734669685 -0.013673819 0.678231239
9.146631 -4.793055058 0.051446497 0.159635544 -0.006388204 -0.734390676 -0.014056779 0.678551376
9.250652 -4.889244556 0.053206995 0.151274681 -0.004605998 -0.734591067 -0.014490672 0.678339720
9.354505 -4.984628677 0.052187182 0.143284082 -0.004829064 -0.734808803 -0.013447505 0.678123713
9.458529 -5.078977585 0.054320257 0.136887789 -0.004841193 -0.735471606 -0.010313850 0.677459717
9.562503 -5.173026085 0.054635003 0.128343552 -0.005753730 -0.735602379 -0.008243926 0.677338958
9.666385 -5.268475533 0.054973982 0.120177358 -0.006731923 -0.736282289 -0.009733530 0.676571071
9.770380 -5.363740921 0.055093937 0.113489926 -0.010099908 -0.737031400 -0.010905918 0.675695002
9.874249 -5.457712173 0.056153499 0.105665445 -0.011845466 -0.737645030 -0.011548155 0.674986064
9.978133 -5.550336838 0.057425268 0.094623446 -0.011452201 -0.737926602 -0.011328719 0.674688637
10.082130 -5.642342567 0.057986006 0.085240960 -0.009029368 -0.738263905 -0.011187281 0.674358726
10.186010 -5.734284401 0.059161164 0.075825036 -0.006244047 -0.738742590 -0.011432613 0.673861742
10.290010 -5.827257156 0.059952289 0.065013468 -0.004100369 -0.739138365 -0.012713145 0.673421144
10.393880 -5.919001579 0.060291976 0.055828750 -0.004346208 -0.739485323 -0.013435171 0.673024535
10.497760 -6.010294437 0.061214209 0.047068834 -0.004709331 -0.739903510 -0.013928091 0.672552288
10.601750 -6.101678848 0.062057570 0.037828982 -0.003742661 -0.740197062 -0.014779082 0.672217071
10.705630 -6.193606377 0.062976278 0.028153896 -0.003304545 -0.740360081 -0.015096202 0.672032773
10.809650 -6.281942368 0.063142210 0.019627273 -0.004620231 -0.740579844 -0.015171243 0.671781182
10.913510 -6.372791290 0.063863114 0.011558235 -0.005988860 -0.740815997 -0.015807150 0.671495199
11.017510 -6.461319923 0.066075623 0.001005173 -0.007292864 -0.740701079 -0.017442314 0.671568692
11.121380 -6.550953865 0.066795871 -0.009417832 -0.008070974 -0.740828812 -0.018243471 0.671397626
11.225380 -6.638202667 0.067175716 -0.018577695 -0.008371915 -0.741077244 -0.018051539 0.671124816
11.329280 -6.722557545 0.067774907 -0.025135219 -0.008046320 -0.741422653 -0.017162865 0.670770526
11.433260 -6.808251858 0.070868507 -0.036823869 -0.006708538 -0.741320908 -0.015484408 0.670938551
11.537150 -6.892449856 0.069399938 -0.042330563 -0.005911473 -0.741518497 -0.014871866 0.670741498
11.641130 -6.976021290 0.070330426 -0.051027775 -0.004783567 -0.740993679 -0.014139157 0.671346128
11.745130 -7.056330681 0.070993014 -0.059531808 -0.003633395 -0.740177691 -0.014780390 0.672239006
11.849140 -7.135056496 0.071191892 -0.067298770 -0.003928527 -0.738798678 -0.015156577 0.673744261
11.953260 -7.210700989 0.071359083 -0.072691262 -0.004869217 -0.737020254 -0.015316403 0.675679564
12.057260 -7.285437584 0.071826264 -0.079355240 -0.005686793 -0.734474123 -0.015488131 0.678436160
12.161380 -7.360776424 0.072942868 -0.083680332 -0.005788051 -0.731568336 -0.016206974 0.681550860
12.265510 -7.430068970 0.075913817 -0.085805655 -0.005088259 -0.727614105 -0.017694505 0.685739517
12.369630 -7.499627590 0.076624274 -0.088648945 -0.004531268 -0.722495079 -0.019243406 0.691093326
12.473910 -7.566688061 0.077825204 -0.090268716 -0.004374081 -0.716010034 -0.020038627 0.697788596
12.578130 -7.631022453 0.077679977 -0.088136770 -0.004676210 -0.708348513 -0.020395404 0.705552697
12.682390 -7.692758083 0.077567294 -0.084548205 -0.005107391 -0.699359000 -0.020159392 0.714467943
12.786780 -7.750518799 0.079334468 -0.081843674 -0.005296596 -0.688539386 -0.019337775 0.724921703
12.891130 -7.806787491 0.080325574 -0.073897064 -0.005686515 -0.676158845 -0.018599050 0.736499131
12.995510 -7.859892845 0.080590859 -0.065658569 -0.006407575 -0.662170172 -0.017986219 0.749110222
13.099880 -7.912090778 0.079959884 -0.055362940 -0.006711841 -0.646346152 -0.017704731 0.762809396
13.204380 -7.963343143 0.081105366 -0.041955113 -0.007575225 -0.628525734 -0.017167430 0.777562439
13.308760 -8.013921738 0.081739962 -0.025375366 -0.008482535 -0.608850956 -0.015298084 0.793091714
13.413260 -8.057200432 0.081372395 -0.005627155 -0.010108892 -0.588405967 -0.011208428 0.808424771
13.517630 -8.103644371 0.081693538 0.015542507 -0.010541363 -0.565905809 -0.007719824 0.824366391
13.622130 -8.148593903 0.082552917 0.040645838 -0.011106079 -0.542319894 -0.004716557 0.840085447
13.726510 -8.188907623 0.082520343 0.068425894 -0.011386053 -0.518981874 -0.004534650 0.854697347
13.830760 -8.231476784 0.083859906 0.096894026 -0.011865558 -0.494926244 -0.003568711 0.868846595
13.935130 -8.271202087 0.084180199 0.129663944 -0.014344393 -0.471652776 0.000002043 0.881667674
14.039380 -8.305580139 0.082946256 0.164678097 -0.017650470 -0.448408753 0.004150541 0.893644691
14.143650 -8.341402054 0.083133437 0.200538635 -0.016531246 -0.424052209 0.005837698 0.905467987
14.247880 -8.375314713 0.083333209 0.237761497 -0.012828016 -0.399284422 0.006374266 0.916715205
14.352150 -8.406832695 0.083971322 0.275641918 -0.006682233 -0.372916639 0.007051353 0.927814007
14.456380 -8.439423561 0.084538341 0.318505764 -0.001968522 -0.345497131 0.006581946 0.938394666
14.560630 -8.468854904 0.084233955 0.364023924 -0.000232527 -0.317491621 0.006408254 0.948239386
14.664880 -8.498939514 0.084414974 0.415001392 0.000759908 -0.289203286 0.006919650 0.957242370
14.769010 -8.525424957 0.083575770 0.467021465 0.002377577 -0.261245817 0.005433650 0.965254068
14.873160 -8.552409172 0.082091205 0.524100065 0.001803232 -0.234647915 0.004611787 0.972067833
14.977150 -8.576798439 0.080891378 0.583629847 0.002002919 -0.210718155 0.001252762 0.977544010
15.081160 -8.602078438 0.080216303 0.646610022 0.003346715 -0.188379765 -0.001264725 0.982089758
15.185010 -8.624491692 0.079540871 0.712463856 0.003039707 -0.169239655 -0.003920430 0.985562444
15.288760 -8.644757271 0.078102872 0.781112909 0.001932393 -0.153534174 -0.003968673 0.988133490
15.392480 -8.664636612 0.077181354 0.851926565 0.001123158 -0.140786216 -0.003648414 0.990032673
15.496190 -8.683148384 0.076680318 0.927729845 0.000010732 -0.130106226 -0.003326825 0.991494477
15.599910 -8.702451706 0.076390393 1.003961325 -0.001139162 -0.120628394 -0.004454250 0.992687106
15.703610 -8.719043732 0.075868994 1.081615210 -0.001616621 -0.113040633 -0.006743709 0.993566155
15.807320 -8.737287521 0.074736767 1.161284208 -0.002210390 -0.106223628 -0.008747667 0.994301319
15.911010 -8.753154755 0.074020907 1.242326260 -0.002132216 -0.099610880 -0.008351494 0.994989157
16.014760 -8.767726898 0.073282711 1.328418970 -0.002046884 -0.092846423 -0.008193783 0.995644629
16.118550 -8.782621384 0.073125698 1.414704323 -0.002344643 -0.085434854 -0.008543791 0.996304393
16.222360 -8.795473099 0.072521538 1.502145529 -0.002635773 -0.078450292 -0.009102311 0.996872962
16.326140 -8.808056831 0.071563676 1.592306733 -0.001265914 -0.072179541 -0.009235951 0.997348070
16.429890 -8.820492744 0.070692264 1.684007525 0.001370878 -0.066660807 -0.009623311 0.997728348
16.533760 -8.831724167 0.069946982 1.776787281 0.004345086 -0.061893802 -0.008597376 0.998036265
16.637520 -8.843396187 0.068827257 1.872771025 0.004424111 -0.057794422 -0.008666174 0.998281062
16.741260 -8.854891777 0.067561798 1.969634056 0.001409593 -0.054418545 -0.009388894 0.998473108
16.845140 -8.863950729 0.066300854 2.067368507 -0.001363775 -0.053307761 -0.012626162 0.998497367
16.948890 -8.876380920 0.064371526 2.163470030 -0.004530186 -0.049938492 -0.011769881 0.998672664
17.052630 -8.885125160 0.063236400 2.258967876 -0.004058721 -0.048324931 -0.011217532 0.998760462
17.156420 -8.896510124 0.063082427 2.357140779 -0.003585671 -0.046541188 -0.010793253 0.998851597
17.260280 -8.906344414 0.062236421 2.453613281 -0.004707061 -0.044990122 -0.010315974 0.998923063
17.364000 -8.913873672 0.061897848 2.549437523 -0.005926164 -0.043927766 -0.009151148 0.998975217
17.467890 -8.923210144 0.060444620 2.646193504 -0.006947606 -0.042353246 -0.008306614 0.999044001
17.571660 -8.931200027 0.059798375 2.740766764 -0.005149367 -0.041030880 -0.007744798 0.999114573
17.675510 -8.939700127 0.059085820 2.834734440 -0.001446769 -0.040264338 -0.009107776 0.999146521
17.779390 -8.947315216 0.057223137 2.927267551 0.002198019 -0.039375722 -0.009497478 0.999176919
17.883140 -8.955808640 0.054929301 3.021404028 0.004198468 -0.038553260 -0.010087583 0.999196768
17.987010 -8.963687897 0.053609535 3.115123749 0.003379095 -0.037526753 -0.010733036 0.999232233
18.090880 -8.971567154 0.051022876 3.209542036 0.001256451 -0.036373593 -0.012056540 0.999264717
18.194760 -8.979939461 0.048682671 3.304427147 -0.001267485 -0.035157934 -0.013914915 0.999284089
18.298510 -8.987155914 0.047498256 3.398272991 -0.002255987 -0.033883676 -0.012945903 0.999339342
18.402390 -8.993075371 0.045568120 3.491118431 -0.002463504 -0.033307385 -0.011103188 0.999380469
18.506260 -8.999423981 0.044313245 3.583014965 -0.002445387 -0.032698613 -0.010484494 0.999407291
18.610130 -9.005758286 0.043248922 3.679087162 -0.001452171 -0.032310624 -0.010131875 0.999425471
18.713910 -9.012985229 0.042410620 3.775048971 -0.000731784 -0.031943161 -0.009325169 0.999445915
18.817760 -9.019294739 0.040206280 3.869544506 -0.000917332 -0.031387303 -0.009515536 0.999461591
18.921640 -9.027017593 0.039431289 3.967501163 -0.001365583 -0.030931581 -0.010290804 0.999467611
19.025510 -9.033607483 0.038274441 4.063967705 -0.000890276 -0.030975357 -0.010239963 0.999467313
19.129390 -9.039954185 0.037004109 4.162518978 -0.000888141 -0.031996995 -0.009508810 0.999442339
19.233260 -9.047141075 0.035955448 4.263914108 -0.001126379 -0.032914262 -0.008930741 0.999417603
19.337010 -9.055814743 0.034725126 4.363034725 -0.001041487 -0.034333974 -0.009971761 0.999360144
19.440890 -9.065980911 0.033518396 4.460268974 -0.000841350 -0.035495780 -0.011618483 0.999301910
19.544760 -9.078044891 0.032929756 4.555834293 0.001708867 -0.036396600 -0.011888615 0.999265254
19.648510 -9.084799767 0.030951969 4.662484646 0.003347733 -0.037884530 -0.012585756 0.999197245
19.752390 -9.092264175 0.030078948 4.773689270 0.004289320 -0.039075486 -0.011653722 0.999159098
19.856260 -9.102723122 0.027222939 4.875885010 0.003409199 -0.040133439 -0.011896362 0.999117732
19.960140 -9.113667488 0.025497012 4.977994919 0.003105573 -0.040972549 -0.011829418 0.999085426
20.064010 -9.120901108 0.023642434 5.090937138 0.002197101 -0.042215578 -0.010769765 0.999048054
20.167930 -9.132465363 0.021909568 5.197001457 0.000226267 -0.042563405 -0.010520403 0.999038339
20.271890 -9.141979218 0.021043960 5.300248146 -0.002095680 -0.043112915 -0.009894739 0.999019027
20.375760 -9.153239250 0.020821791 5.407397747 -0.003135458 -0.042728581 -0.009849037 0.999033272
20.479750 -9.160636902 0.017360378 5.526421547 -0.003161400 -0.041984022 -0.011810910 0.999043465
20.583640 -9.171646118 0.015819557 5.633656502 -0.002491019 -0.040829528 -0.012739128 0.999081790
20.687510 -9.182269096 0.015215036 5.743576527 -0.001455521 -0.039934263 -0.010687646 0.999144077
20.791530 -9.192398071 0.015346819 5.851795197 -0.000492052 -0.039076433 -0.009189837 0.999193847
20.895390 -9.197048187 0.012389532 5.967311382 -0.000706105 -0.038488418 -0.007578284 0.999230087
20.999260 -9.207046509 0.011453770 6.076692581 -0.001998246 -0.037935570 -0.006500203 0.999257028
21.103270 -9.217432022 0.010328598 6.188730240 -0.003189088 -0.037346147 -0.004856761 0.999285519
21.207140 -9.228137016 0.007959072 6.296576023 -0.003507892 -0.036769539 -0.004578279 0.999307156
21.311120 -9.234205246 0.005861923 6.414848804 -0.001875186 -0.036322933 -0.006275306 0.999318659
21.415040 -9.241830826 0.003943718 6.523595333 0.001089066 -0.036222130 -0.007619196 0.999314129
21.519010 -9.250472069 0.002304383 6.631140709 0.003790468 -0.035722684 -0.008141756 0.999321401
21.622900 -9.260220528 -0.000330582 6.742181778 0.006805991 -0.035393301 -0.010516185 0.999294937
21.726890 -9.268325806 -0.003810786 6.846364498 0.006973655 -0.034742519 -0.010243672 0.999319434
21.830760 -9.277585030 -0.006516114 6.960922241 0.004080048 -0.034486439 -0.008904133 0.999357164
21.934640 -9.286190033 -0.009445924 7.071840286 -0.000477367 -0.034682024 -0.008712662 0.999360323
22.038660 -9.294127464 -0.011162139 7.182312965 -0.004285936 -0.035357177 -0.008425002 0.999330044
22.142620 -9.300844193 -0.012062795 7.284931660 -0.003253990 -0.036740854 -0.006681084 0.999297202
22.246540 -9.307782173 -0.013162579 7.390337467 -0.001479477 -0.037879132 -0.004094473 0.999272823
22.350390 -9.316650391 -0.015050170 7.498612404 -0.000745285 -0.039149601 -0.003343955 0.999227464
22.454390 -9.323957443 -0.017732145 7.602824688 0.000268332 -0.040918648 -0.004350599 0.999152958
22.558370 -9.336227417 -0.020074399 7.708909035 0.002028020 -0.042231467 -0.005363748 0.999091387
22.662270 -9.346057892 -0.022553556 7.813177109 0.003656198 -0.044228803 -0.005542751 0.998999357
22.766140 -9.356565475 -0.025611885 7.918367863 0.005687911 -0.045791626 -0.006840616 0.998911381
22.870160 -9.366891861 -0.027972370 8.021544456 0.005742982 -0.047557365 -0.008998863 0.998811483
22.974020 -9.378429413 -0.030821912 8.125574112 0.004892343 -0.049337115 -0.010461917 0.998715401
23.078010 -9.391034126 -0.033418339 8.228355408 0.002085373 -0.051208198 -0.011628088 0.998618126
23.181990 -9.402977943 -0.035131566 8.329322815 -0.000619273 -0.053171933 -0.012195361 0.998510718
23.285910 -9.415031433 -0.036707912 8.430438042 -0.002413091 -0.055659682 -0.011562113 0.998379946
23.389770 -9.427391052 -0.038100563 8.530231476 -0.002926468 -0.058951564 -0.011218872 0.998193502
23.493760 -9.441274643 -0.039558046 8.631466866 -0.004943118 -0.061935496 -0.009815735 0.998019636
23.597640 -9.455227852 -0.040845498 8.729846954 -0.004634554 -0.065125287 -0.010367148 0.997812450
23.701510 -9.471221924 -0.042018481 8.826521873 -0.004122073 -0.068059228 -0.012670551 0.997592270
23.805540 -9.487955093 -0.042547841 8.924305916 -0.002071028 -0.070902877 -0.013828403 0.997385204
23.909390 -9.503365517 -0.043744490 9.023779869 -0.000682000 -0.073925361 -0.013465284 0.997172594
24.013390 -9.519606590 -0.045651089 9.122393608 -0.000017207 -0.076645151 -0.014160506 0.996957898
24.117270 -9.537154198 -0.045749120 9.218034744 -0.002338266 -0.078877941 -0.015063995 0.996767700
24.221270 -9.554825783 -0.046911217 9.314505577 -0.004418364 -0.081982568 -0.015270947 0.996506989
24.325140 -9.570478439 -0.050546438 9.414380074 -0.005947428 -0.085368872 -0.013866918 0.996235132
24.429140 -9.589353561 -0.050292939 9.508724213 -0.003869702 -0.088748462 -0.013419711 0.995956123
24.533020 -9.608489990 -0.050641458 9.604428291 -0.000216927 -0.092968017 -0.012641438 0.995588839
24.636890 -9.629287720 -0.052099377 9.696396828 0.000514193 -0.097416207 -0.011374871 0.995178580
24.740760 -9.648156166 -0.052799057 9.792516708 -0.000933591 -0.103121854 -0.010407407 0.994613826
24.844640 -9.669997215 -0.053779185 9.885534286 -0.003956192 -0.108817846 -0.010185222 0.994001687
24.948510 -9.694927216 -0.054061815 9.981003761 -0.007613011 -0.114611529 -0.010965819 0.993320704
25.052390 -9.717733383 -0.051465973 10.069817543 -0.009096863 -0.120399609 -0.010819791 0.992624879
25.156270 -9.743721962 -0.053888604 10.158357620 -0.006717600 -0.126165628 -0.012508888 0.991907597
25.260140 -9.769539833 -0.055737518 10.250410080 -0.002282751 -0.132359877 -0.012420910 0.991121292
25.364010 -9.796248436 -0.056767553 10.337747574 0.000199375 -0.138595209 -0.011911113 0.990277469
25.467890 -9.825393677 -0.055800952 10.431453705 -0.002164168 -0.144805774 -0.011083245 0.989395678
25.571790 -9.856281281 -0.056771591 10.522151947 -0.006120193 -0.151126504 -0.011353580 0.988430262
25.675640 -9.886922836 -0.056886822 10.612468719 -0.008441140 -0.156603217 -0.010891321 0.987565458
25.779520 -9.919071198 -0.056616724 10.702598572 -0.007497332 -0.163072959 -0.009995992 0.986534894
25.883390 -9.951065063 -0.056586981 10.792308807 -0.005251318 -0.169137239 -0.009071639 0.985536754
25.987390 -9.982427597 -0.058486894 10.880822182 -0.002187542 -0.173939735 -0.007692888 0.984723806
26.091270 -10.014539719 -0.059291296 10.961550713 0.000531960 -0.178078175 -0.006606773 0.983994007
26.195270 -10.050315857 -0.059282012 11.050634384 0.001589648 -0.181892931 -0.006533876 0.983295381
26.299290 -10.086562157 -0.062255960 11.139332771 0.001893165 -0.185955286 -0.009264273 0.982512712
26.403140 -10.128213882 -0.061184131 11.232322693 0.001146457 -0.189776883 -0.009284043 0.981782675
26.507020 -10.160562515 -0.063758664 11.313586235 -0.002395454 -0.194148898 -0.008993451 0.980927944
26.611020 -10.198753357 -0.064256474 11.403949738 -0.006566402 -0.197753742 -0.009188094 0.980186701
26.714890 -10.240468979 -0.065743566 11.491380692 -0.009241570 -0.200673014 -0.013950929 0.979515314
26.818890 -10.283131599 -0.066627949 11.582846642 -0.006931989 -0.203544885 -0.018175654 0.978872359
26.922890 -10.318754196 -0.065700278 11.663913727 -0.003025991 -0.206895202 -0.016730625 0.978215337
27.026890 -10.358595848 -0.065541066 11.751518250 0.000233991 -0.209488243 -0.013427079 0.977718949
27.130890 -10.401115417 -0.065948427 11.839634895 0.000612176 -0.211350426 -0.014150640 0.977307737
27.234770 -10.444040298 -0.067408875 11.929002762 -0.001537481 -0.213774070 -0.016762240 0.976738095
27.338640 -10.485968590 -0.068002418 12.015770912 -0.003495409 -0.216581628 -0.017448274 0.976102293
27.442660 -10.528641701 -0.068836808 12.104274750 -0.002783300 -0.219283596 -0.015849514 0.975528419
27.546520 -10.571721077 -0.069605932 12.191861153 0.000318605 -0.221932188 -0.015510398 0.974938631
27.650520 -10.614080429 -0.070089951 12.276514053 0.003704060 -0.224427447 -0.014907653 0.974369705
27.754390 -10.659821510 -0.071605191 12.364160538 0.004435531 -0.226872742 -0.015331849 0.973793626
27.858410 -10.704641342 -0.073558576 12.451526642 0.002448317 -0.229040295 -0.016531669 0.973273456
27.962300 -10.751352310 -0.074001737 12.539864540 0.001683240 -0.231272131 -0.017097175 0.972737372
28.066150 -10.792591095 -0.076029509 12.623062134 0.001426084 -0.233899713 -0.017669564 0.972099125
28.170020 -10.838621140 -0.077160366 12.708809853 0.001642864 -0.236232340 -0.016717952 0.971551418
28.274040 -10.885306358 -0.078344271 12.795667648 0.001795384 -0.238518178 -0.015790749 0.971008003
28.377890 -10.935601234 -0.080372453 12.880475998 0.001418500 -0.240318373 -0.015740367 0.970565438
28.481890 -10.976961136 -0.081261471 12.963693619 0.001404427 -0.242955983 -0.016413093 0.969897449
28.585770 -11.024145126 -0.081846960 13.047693253 0.001551464 -0.245316789 -0.016424011 0.969302595
28.689660 -11.072643280 -0.080976352 13.129117966 0.003640679 -0.247498244 -0.015280467 0.968761027
28.793670 -11.120921135 -0.081962734 13.211745262 0.005718844 -0.249725267 -0.013709364 0.968202829
28.897520 -11.174225807 -0.083501607 13.297044754 0.007059259 -0.251331568 -0.013275515 0.967784286
29.001520 -11.228277206 -0.082101822 13.381309509 0.005646226 -0.252577215 -0.013415014 0.967467248
29.105390 -11.258943558 -0.087580562 13.454083443 0.000839638 -0.255440950 -0.014703742 0.966712475
29.209390 -11.309503555 -0.087938696 13.532782555 -0.003813228 -0.256171972 -0.014772412 0.966510832
29.313270 -11.361264229 -0.086870462 13.608452797 -0.006204173 -0.256817520 -0.013827080 0.966341078
29.417270 -11.409134865 -0.088847429 13.691853523 -0.006522560 -0.258555561 -0.011716931 0.965903342
29.521140 -11.454508781 -0.092728138 13.766776085 -0.005365639 -0.260186315 -0.011213672 0.965478361
29.625020 -11.500152588 -0.095502868 13.838258743 -0.004290586 -0.261292040 -0.010616210 0.965191901
29.729040 -11.526510239 -0.090943754 13.903266907 -0.003212852 -0.264252633 -0.009987985 0.964396417
29.832900 -11.568129539 -0.090714186 13.970476151 -0.003042904 -0.265289932 -0.009242441 0.964119613
29.936770 -11.608240128 -0.092578441 14.035733223 -0.003667710 -0.266471386 -0.009596325 0.963788092
30.040770 -11.648602486 -0.092835769 14.099678040 -0.004425010 -0.267459631 -0.009157330 0.963515401
30.144650 -11.683444977 -0.098487705 14.157629013 -0.005794359 -0.268880516 -0.008620786 0.963117540
30.248520 -11.710113525 -0.093881577 14.217514992 -0.005411562 -0.271517545 -0.007264528 0.962390900
30.352400 -11.751050949 -0.100553334 14.269800186 -0.005779669 -0.271325052 -0.007916628 0.962437868
30.456270 -11.783645630 -0.099780262 14.321426392 -0.003621879 -0.272538453 -0.008213003 0.962103009
30.560270 -11.829502106 -0.095625974 14.377312660 -0.000715600 -0.272198886 -0.006478644 0.962218940
30.664040 -11.859075546 -0.095011413 14.426358223 0.000179390 -0.274452657 -0.004524553 0.961589932
30.767900 -11.886230469 -0.095865414 14.473471642 -0.000668083 -0.277172893 -0.002353008 0.960816920
30.871790 -11.914916992 -0.096950844 14.517304420 -0.001361116 -0.280093133 -0.002751210 0.959967911
30.975650 -11.941229820 -0.097920462 14.557921410 -0.001919916 -0.283651561 -0.004361830 0.958915591
31.079540 -11.971730232 -0.101877257 14.596857071 -0.004118413 -0.286184579 -0.007496877 0.958136320
31.183270 -11.997984886 -0.101511478 14.634394646 -0.006930349 -0.289494812 -0.009396235 0.957108378
31.287140 -12.022469521 -0.103404343 14.667664528 -0.009315797 -0.293263525 -0.009787072 0.955936134
31.390900 -12.044127464 -0.100601822 14.700348854 -0.009844629 -0.298086137 -0.007788378 0.954456389
31.494660 -12.067688942 -0.099642992 14.731560707 -0.010424529 -0.303474963 -0.006021496 0.952763379
31.598390 -12.095997810 -0.104164064 14.758708000 -0.012232219 -0.308716834 -0.005632890 0.951058626
31.702150 -12.117656708 -0.104733348 14.784481049 -0.012775918 -0.316662163 -0.005604362 0.948435783
31.805770 -12.138997078 -0.104568958 14.808331490 -0.012281540 -0.325956017 -0.006321977 0.945284009
31.909520 -12.157672882 -0.107585728 14.830884933 -0.011637963 -0.336643130 -0.006430591 0.941538393
32.013150 -12.174569130 -0.108169168 14.851394653 -0.009114391 -0.347917557 -0.006117312 0.937460840
32.116900 -12.194180489 -0.108525157 14.869747162 -0.006766273 -0.358416468 -0.005009828 0.933523834
32.220650 -12.211395264 -0.109395847 14.888733864 -0.004446730 -0.369543314 -0.006416334 0.929180741
32.324400 -12.231747627 -0.110503897 14.904790878 -0.002378846 -0.379942447 -0.009541687 0.924957812
32.428170 -12.250358582 -0.111476198 14.923420906 -0.002247983 -0.391734749 -0.011047344 0.920009136
32.531770 -12.275785446 -0.105791315 14.938348770 -0.001986634 -0.402076840 -0.009349541 0.915556073
32.635530 -12.297291756 -0.104998171 14.955161095 -0.003077780 -0.414334178 -0.008185327 0.910082817
32.739270 -12.319108009 -0.104788393 14.970807076 -0.004138558 -0.427582294 -0.008700434 0.903925061
32.842900 -12.342378616 -0.104793340 14.984596252 -0.004820050 -0.441333205 -0.011058126 0.897262216
32.946650 -12.365983963 -0.105361611 14.998499870 -0.006102778 -0.455037415 -0.012987703 0.890356660
33.050400 -12.390513420 -0.103850216 15.009109497 -0.006311765 -0.468175590 -0.014442127 0.883494854
33.154020 -12.415137291 -0.103918970 15.020061493 -0.006429230 -0.481555313 -0.016317379 0.876240194
33.257770 -12.439447403 -0.104018867 15.029956818 -0.006640085 -0.495008260 -0.018892879 0.868657470
33.361650 -12.464611053 -0.104416966 15.039103508 -0.007085235 -0.508596599 -0.020620510 0.860728800
33.465270 -12.490780830 -0.104325354 15.048887253 -0.007347152 -0.522970080 -0.020136839 0.852081478
33.569020 -12.517951965 -0.105182648 15.057465553 -0.006422457 -0.538024485 -0.019356828 0.842682421
33.672790 -12.541436195 -0.106061995 15.062146187 -0.004871039 -0.553215384 -0.018717185 0.832813680
33.776420 -12.572607040 -0.106367379 15.069547653 -0.004601751 -0.570437312 -0.018146016 0.821127772
33.880040 -12.607936859 -0.105742514 15.076325417 -0.004589111 -0.588091373 -0.017942254 0.808582425
33.983650 -12.645270348 -0.104424715 15.081574440 -0.004231493 -0.606113732 -0.017334143 0.795177817
34.087400 -12.685131073 -0.102735013 15.085948944 -0.003887228 -0.625144660 -0.016049135 0.780334234
34.191020 -12.727697372 -0.101205677 15.085996628 -0.003165834 -0.643718481 -0.015650734 0.765095830
34.294770 -12.773283958 -0.099796802 15.085796356 -0.003381218 -0.662644029 -0.015561187 0.748765230
34.398420 -12.813787460 -0.100261569 15.086682320 -0.004975270 -0.682816505 -0.015875090 0.730400503
34.502140 -12.860446930 -0.099805057 15.083380699 -0.007395489 -0.702068210 -0.015819391 0.711895525
34.605900 -12.911153793 -0.099266052 15.075486183 -0.009650141 -0.720570028 -0.015596814 0.693139493
34.709660 -12.962770462 -0.096970677 15.064158440 -0.011268434 -0.738489687 -0.014760804 0.674008906
34.813400 -13.016373634 -0.093272686 15.057369232 -0.012065833 -0.757443964 -0.014170306 0.652634799
34.917150 -13.070551872 -0.089740694 15.043761253 -0.012401015 -0.774687767 -0.014147721 0.632064044
35.021020 -13.126731873 -0.089164466 15.025316238 -0.014186385 -0.790617526 -0.013784366 0.611990690
35.124770 -13.185986519 -0.087339163 15.001356125 -0.016368307 -0.805377960 -0.012219156 0.592409611
35.228670 -13.245775223 -0.085287809 14.975795746 -0.018224459 -0.819823682 -0.010841890 0.572223186
35.332520 -13.306190491 -0.083004907 14.946034431 -0.019847434 -0.833182633 -0.009802666 0.552554727
35.436400 -13.368471146 -0.081886321 14.912925720 -0.021731330 -0.845780015 -0.008840292 0.533015728
35.540420 -13.431485176 -0.079746515 14.875486374 -0.022509124 -0.857112050 -0.008293694 0.514571130
35.644400 -13.496587753 -0.077934921 14.833698273 0.022980956 0.866899788 0.008151917 -0.497885674
35.748650 -13.562840462 -0.075853199 14.788224220 0.022830550 0.875060618 0.008098115 -0.483406752
35.852770 -13.631244659 -0.073511988 14.739854813 0.022139741 0.881544113 0.008161156 -0.471511543
35.957050 -13.701477051 -0.071413539 14.686938286 0.021071054 0.886531472 0.008186988 -0.462115765
36.061290 -13.773183823 -0.068984151 14.633454323 0.020649565 0.890417218 0.008601373 -0.454595119
36.165670 -13.848334312 -0.065676130 14.575685501 0.021189725 0.893516302 0.008463768 -0.448450565
36.269900 -13.924698830 -0.063816026 14.517427444 0.021846652 0.896266341 0.008613068 -0.442894012
36.374170 -14.002844810 -0.061035708 14.450343132 0.023594303 0.898240924 0.009738320 -0.438761592
36.478420 -14.081633568 -0.059052743 14.392300606 0.022351975 0.900182724 0.009245368 -0.434840143
36.582670 -14.163829803 -0.055453442 14.323644638 0.021898432 0.901689470 0.009490582 -0.431725055
36.686900 -14.246734619 -0.053098440 14.254890442 0.022290858 0.902858675 0.009565696 -0.429252565
36.791110 -14.331442833 -0.050125279 14.184719086 0.022504333 0.903737128 0.009669065 -0.427386463
36.895150 -14.417028427 -0.047960632 14.111157417 0.023159208 0.904247224 0.009724297 -0.426269799
36.999490 -14.504938126 -0.046033271 14.037187576 0.023236493 0.904456258 0.009963189 -0.425816417
37.103550 -14.595193863 -0.042968825 13.962184906 0.022924894 0.904642105 0.009754276 -0.425443262
37.207650 -14.687975883 -0.040350743 13.886321068 0.023248900 0.904907763 0.009135910 -0.424874067
37.311780 -14.779939651 -0.037449785 13.808945656 0.023182681 0.905031204 0.008739019 -0.424622953
37.415890 -14.874430656 -0.033666626 13.728618622 0.023175573 0.905127168 0.009138849 -0.424410343
37.520030 -14.971141815 -0.030892856 13.648090363 0.023366088 0.905315340 0.010485079 -0.423967302
37.624150 -15.069323540 -0.028382070 13.565211296 0.023680571 0.905493498 0.011732466 -0.423536539
37.728150 -15.167728424 -0.025356300 13.481227875 0.023462730 0.905595720 0.011637151 -0.423332602
37.832280 -15.268887520 -0.021798097 13.396394730 0.023230145 0.905796945 0.010602148 -0.422941864
37.936280 -15.369343758 -0.017951220 13.311370850 0.023374280 0.905908525 0.009784914 -0.422714621
38.040280 -15.472856522 -0.014487803 13.224662781 0.024579493 0.906090081 0.009139561 -0.422271341
38.144280 -15.578363419 -0.011966020 13.136133194 0.025560062 0.906250715 0.008420432 -0.421883196
38.248280 -15.682649612 -0.008615382 13.046784401 0.024617709 0.906486034 0.007407182 -0.421452492
38.352280 -15.784311295 -0.005997308 12.956263542 0.023626007 0.906563044 0.005532005 -0.421372265
38.456150 -15.891519547 -0.004587986 12.865551949 0.022583248 0.906798422 0.004359848 -0.420936555
38.560150 -15.995658875 -0.001363397 12.772791862 0.020989997 0.906562984 0.004533307 -0.421523929
38.664150 -16.103633881 -0.000120252 12.679851532 0.021025918 0.906417727 0.005702657 -0.421820164
38.768150 -16.212677002 0.001989737 12.585983276 0.021181919 0.906267107 0.007148046 -0.422113955
38.872030 -16.324136734 0.004550561 12.491600037 0.022114463 0.906218410 0.008036769 -0.422154695
38.976020 -16.434368134 0.008324280 12.396926880 0.022627944 0.906118929 0.008501380 -0.422331721
39.079900 -16.545551300 0.010685533 12.303328514 0.023162007 0.906127512 0.008841295 -0.422277510
39.183930 -16.659542084 0.015063703 12.209001541 0.023338728 0.906199753 0.008715346 -0.422115266
39.287780 -16.771289825 0.018538058 12.114126205 0.022417424 0.906256139 0.009115362 -0.422035694
39.391750 -16.884136200 0.020748883 12.018783569 0.023021700 0.906231225 0.009579412 -0.422046483
39.495830 -16.996158600 0.021919981 11.921950340 0.022661261 0.906167507 0.010649803 -0.422177017
39.599580 -17.109060287 0.023694128 11.823619843 0.023027876 0.906071305 0.011306322 -0.422346652
39.703630 -17.222602844 0.025603160 11.727642059 0.023061816 0.906169236 0.011260276 -0.422135919
39.807870 -17.335197449 0.028032467 11.632847786 0.023047790 0.906245053 0.010831297 -0.421985090
39.911280 -17.447834015 0.029746309 11.536422729 0.022920061 0.906391203 0.010656096 -0.421682507
40.015280 -17.560756683 0.033222944 11.439197540 0.023264520 0.906481504 0.010796125 -0.421465874
40.119140 -17.673500061 0.035213470 11.342276573 0.022495106 0.906608462 0.010921291 -0.421231300
40.223030 -17.786186218 0.035037890 11.247402191 0.021762388 0.906769097 0.011116276 -0.420918822
40.326930 -17.899442673 0.037569061 11.152294159 0.021120854 0.906937242 0.010893565 -0.420594841
40.430770 -18.012161255 0.039207801 11.055505753 0.020512071 0.906842470 0.011337560 -0.420817643
40.534990 -18.125188828 0.041157395 10.959822655 0.019006858 0.906841397 0.012386492 -0.420861065
40.638670 -18.240055084 0.043666810 10.864650726 0.018669052 0.906685114 0.012491446 -0.421209633
40.742540 -18.374353409 0.043157339 10.760000229 0.021741796 0.906672060 0.013019594 -0.421074331
40.846410 -18.469676971 0.047380149 10.675459862 0.016963365 0.906113982 0.012077917 -0.422520846
40.950400 -18.590744019 0.048526794 10.583950996 0.021159278 0.906087756 0.010994847 -0.422417283
41.054600 -18.707340240 0.049227744 10.489795685 0.022738116 0.905840516 0.011832368 -0.422842711
41.158230 -18.820184708 0.053500324 10.391861916 0.021690583 0.905134678 0.014741500 -0.424315244
41.262460 -18.939174652 0.056300193 10.297574997 0.024476251 0.904953778 0.017428491 -0.424447626
41.365930 -19.064964294 0.059512973 10.204532623 0.027409397 0.905354559 0.018800659 -0.423353672
41.469820 -19.184392929 0.063645363 10.092798233 0.023198685 0.904720187 0.016652565 -0.425048053
41.573580 -19.306360245 0.069711149 9.991679192 0.022056522 0.904764056 0.014314668 -0.425100774
41.677410 -19.428499222 0.075042874 9.885335922 0.021150934 0.904567838 0.014409531 -0.425560743
41.781210 -19.545873642 0.076817811 9.779922485 0.022244837 0.904234707 0.016282031 -0.426145107
41.885060 -19.672891617 0.086224347 9.678041458 0.022020670 0.904378712 0.016206751 -0.425853908
41.988800 -19.793670654 0.089889020 9.575895309 0.022105549 0.904492676 0.015407697 -0.425637156
42.092740 -19.921579361 0.093343318 9.473176956 0.021864247 0.904908240 0.014736315 -0.424789160
42.196450 -20.042667389 0.098566324 9.370007515 0.022105161 0.904981136 0.015229895 -0.424603939
42.300170 -20.167690277 0.102258354 9.264654160 0.023024911 0.905072868 0.017140582 -0.424286634
42.404080 -20.290634155 0.107346475 9.162008286 0.024045289 0.905189872 0.018310897 -0.423931450
42.507790 -20.413467407 0.112237453 9.058305740 0.024891423 0.905301332 0.018347785 -0.423642814
42.611550 -20.534244537 0.117122531 8.957267761 0.025139250 0.905481279 0.017525192 -0.423278302
42.715290 -20.655181885 0.123238325 8.853647232 0.024742758 0.905625701 0.016417755 -0.423037052
42.819190 -20.775432587 0.127779722 8.751445770 0.023592947 0.905549347 0.016513828 -0.423262447
42.922920 -20.896978378 0.132862687 8.648705482 0.022234710 0.905484021 0.016538205 -0.423474640
43.026850 -21.014976501 0.138649851 8.546363831 0.021147339 0.905079246 0.016532738 -0.424394876
43.130550 -21.137008667 0.142301530 8.445709229 0.020460697 0.905144453 0.017166892 -0.424264252
43.234430 -21.257286072 0.145957738 8.344596863 0.020075524 0.904993832 0.017867617 -0.424574941
43.338330 -21.376682281 0.150657982 8.244585037 0.020521674 0.904679835 0.017659396 -0.425230980
43.442050 -21.497388840 0.154989332 8.144245148 0.019663591 0.904771566 0.017312299 -0.425090551
43.545910 -21.616365433 0.158913314 8.043491364 0.019274101 0.904562593 0.016855516 -0.425571322
43.649770 -21.735996246 0.163430601 7.944341660 0.019567836 0.904521942 0.016667683 -0.425651580
43.753650 -21.855199814 0.167857260 7.845695972 0.021261357 0.904282033 0.016728884 -0.426077485
43.857500 -21.974534988 0.172202826 7.747363091 0.021697924 0.904271901 0.016569722 -0.426083267
43.961280 -22.091903687 0.176445395 7.649866581 0.021071667 0.904175341 0.015513281 -0.426359236
44.065190 -22.209661484 0.180582106 7.552094460 0.020636953 0.904092729 0.013536984 -0.426622957
44.169050 -22.325584412 0.184331357 7.457518101 0.020733897 0.903916359 0.012366962 -0.427027375
44.272790 -22.442308426 0.187615752 7.359069824 0.019537440 0.903692901 0.013481746 -0.427522689
44.376660 -22.556446075 0.190121144 7.264049530 0.019391645 0.903582275 0.014302202 -0.427736461
44.480540 -22.670598984 0.206217140 7.173666954 0.018228700 0.904024184 0.013275721 -0.426886111
44.584310 -22.783077240 0.196532339 7.078820229 0.019423187 0.903702974 0.013692592 -0.427499980
44.688220 -22.893569946 0.198809475 6.988726616 0.019540297 0.903701782 0.013699615 -0.427496940
44.792180 -22.999019623 0.202580869 6.900568008 0.019241704 0.903732181 0.013681212 -0.427446753
44.895870 -23.104240417 0.205678105 6.814642906 0.018747535 0.903769791 0.014047446 -0.427377254
44.999710 -23.209957123 0.206825048 6.725570679 0.018655220 0.903769135 0.014093385 -0.427381217
45.103550 -23.313552856 0.209944397 6.640818596 0.019104382 0.903854072 0.014383282 -0.427172095
45.207330 -23.419059753 0.214010775 6.557098389 0.019288929 0.903952658 0.015171030 -0.426927865
45.311220 -23.517570496 0.216244936 6.475120544 0.020062266 0.903990328 0.016288588 -0.426771224
45.415240 -23.619461060 0.219697326 6.389794350 0.020918010 0.903955817 0.016654957 -0.426789105
45.518940 -23.717712402 0.222131133 6.309814453 0.022138393 0.904085934 0.016830608 -0.426444918
45.622980 -23.814785004 0.225866675 6.229496956 0.023229135 0.904177725 0.016741233 -0.426195621
45.726540 -23.907875061 0.229193568 6.152449608 0.023658957 0.904334486 0.016553229 -0.425846636
45.831090 -24.000228882 0.231739581 6.076136589 0.023739045 0.904609919 0.016818993 -0.425246388
45.934310 -24.090358734 0.235493004 6.000667572 0.024363164 0.904863536 0.016319690 -0.424690545
46.038180 -24.176183701 0.238629699 5.927158356 0.024924887 0.905365825 0.015253983 -0.423625767
46.142050 -24.262832642 0.241570711 5.854948997 0.026098179 0.906410456 0.014016842 -0.421357870
46.245920 -24.346837997 0.244640589 5.784821510 0.027357426 0.907975614 0.013119002 -0.417923123
46.349680 -24.426755905 0.247351408 5.713295937 0.028487476 0.910063624 0.012487179 -0.413299799
46.453430 -24.505970001 0.250242293 5.640276909 0.029699946 0.912451327 0.012176218 -0.407924235
46.557220 -24.581239700 0.252585828 5.568162918 0.030614050 0.915194452 0.011943825 -0.401670605
46.660970 -24.654178619 0.254430234 5.498499870 0.032098711 0.918555439 0.011630449 -0.393815100
46.764550 -24.725231171 0.257142484 5.425947189 0.033969052 0.922325909 0.010744121 -0.384766936
46.868310 -24.792102814 0.259585679 5.353369713 0.035701111 0.926601768 0.009905218 -0.374214441
46.971930 -24.853172302 0.262196541 5.280668259 0.036379829 0.931371450 0.009928958 -0.362112015
47.075560 -24.913932800 0.264753461 5.206357956 0.035523392 0.936643004 0.010855334 -0.348310292
47.179170 -24.967220306 0.266318858 5.131229401 0.034296516 0.941943347 0.012165480 -0.333794028
47.282920 -25.017158508 0.268171370 5.056010246 0.032932825 0.947544217 0.013129409 -0.317652285
47.386540 -25.064628601 0.270147264 4.982280731 0.032141414 0.953425765 0.013909094 -0.299587578
47.490160 -25.106218338 0.271646798 4.907559395 0.032746781 0.959344923 0.014679411 -0.279945344
47.593870 -25.142890930 0.272171646 4.836918354 0.030677915 0.965544879 0.015712241 -0.257943749
47.697410 -25.174814224 0.274088740 4.755840778 0.026977833 0.971386731 0.015743999 -0.235440388
47.801160 -25.200830460 0.274874359 4.680947781 0.021162923 0.976723015 0.015960921 -0.212860286
47.904910 -25.222444534 0.275936902 4.605489254 0.016897708 0.981479764 0.015525282 -0.190186501
48.008600 -25.242410660 0.275524288 4.527856827 0.013443445 0.985854328 0.014365506 -0.166445836
48.112290 -25.262424469 0.277535409 4.444816589 0.013002426 0.989762306 0.013438887 -0.141495004
48.216060 -25.276216507 0.279309064 4.366088390 0.012746624 0.993024290 0.013485814 -0.116440594
48.319780 -25.285713196 0.279808134 4.288822174 0.012901620 0.995621860 0.014508420 -0.091433801
48.423630 -25.289499283 0.281113356 4.204586983 0.009489791 0.997617066 0.016474755 -0.066322699
48.527420 -25.289316177 0.282070279 4.123611450 0.004987927 0.998968005 0.019396748 -0.040765431
48.631190 -25.283996582 0.284078121 4.043952465 0.003743364 0.999652386 0.021038786 -0.015441779
48.734910 -25.278163910 0.285791159 3.964815617 0.006102951 0.999710262 0.020682104 0.010698758
48.838780 -25.268674850 0.286680430 3.887454510 0.010338493 0.999077797 0.020053608 0.036531638
48.942530 -25.253597260 0.287752658 3.811165810 0.012275853 0.997831166 0.018788677 0.061880566
49.046410 -25.234039307 0.287851334 3.736643314 0.013210546 0.995967090 0.018092021 0.086877570
49.150280 -25.211238861 0.289528996 3.662189007 0.013060592 0.993492484 0.016733132 0.111902155
49.254030 -25.184917450 0.291097969 3.589512825 0.014223983 0.990317643 0.016056772 0.137152717
49.357910 -25.156066895 0.293077677 3.517754078 0.017005373 0.986447930 0.016062396 0.162398636
49.461780 -25.122817993 0.294113994 3.445116043 0.018560208 0.982313871 0.015764916 0.185651496
49.565780 -25.083423615 0.294353396 3.373435974 0.016674925 0.977944493 0.016423244 0.207549542
49.669780 -25.041242599 0.294993550 3.301987648 0.015241350 0.973338842 0.018410195 0.228123352
49.773780 -24.998254776 0.295947939 3.229551315 0.016426744 0.968748510 0.020591153 0.246642590
49.878030 -24.952972412 0.296824038 3.158760071 0.018271923 0.964422345 0.022249550 0.262793928
49.982180 -24.904403687 0.297529578 3.088493347 0.018276047 0.960374057 0.022745745 0.277182728
50.086410 -24.852819443 0.298914254 3.018458366 0.017661683 0.956751525 0.023080518 0.289450943
50.190690 -24.799989700 0.300427675 2.949102402 0.016949676 0.953632653 0.022525581 0.299649835
50.295050 -24.745738983 0.301905334 2.877969742 0.016781807 0.951028705 0.022196593 0.307847381
50.399300 -24.689666748 0.302924335 2.806598663 0.016279841 0.948924422 0.021611905 0.314341128
50.503680 -24.631919861 0.303988576 2.735263824 0.015335117 0.947260141 0.020904455 0.319415152
50.608030 -24.572595596 0.305399507 2.662418365 0.014627292 0.945899785 0.019448545 0.323545098
50.712390 -24.512302399 0.306980878 2.587918282 0.015157846 0.944757402 0.018801508 0.326879531
50.816730 -24.451427460 0.308539003 2.512130737 0.016114531 0.943830729 0.018841222 0.329497874
50.920920 -24.389022827 0.309222758 2.433737755 0.017903021 0.943090618 0.019291699 0.331492603
51.025280 -24.323951721 0.309394866 2.355982780 0.016939949 0.942580819 0.018336711 0.333043873
51.129530 -24.256813049 0.310381621 2.276324272 0.014899586 0.942194402 0.016843652 0.334311157
51.233800 -24.188884735 0.311826795 2.194888115 0.013412892 0.941893578 0.016436612 0.335240811
51.338030 -24.119693756 0.313353777 2.109853745 0.014614318 0.941722810 0.017498236 0.335616559
51.442160 -24.049957275 0.314626187 2.021675110 0.016831405 0.941723228 0.018349264 0.335465819
51.546400 -23.975570679 0.315812916 1.935322762 0.017749639 0.941896975 0.017748589 0.334962726
51.650530 -23.900815964 0.316319376 1.844488144 0.016417418 0.941976964 0.015149018 0.334933430
51.754650 -23.828382492 0.316897750 1.756867409 0.016141182 0.942165852 0.011982639 0.334543616
51.858780 -23.751773834 0.318038672 1.665356636 0.016674642 0.942322791 0.009899607 0.334143221
51.962780 -23.673294067 0.318333268 1.564779282 0.017793166 0.942334592 0.010219997 0.334042668
52.066910 -23.592063904 0.318555355 1.467054367 0.016323175 0.942478776 0.010964789 0.333687156
52.171030 -23.494115829 0.314612150 1.369875908 0.013433185 0.936271429 0.005984582 0.350969523
52.275030 -23.405628204 0.312373817 1.268424988 0.011905229 0.936210930 0.006252548 0.351181269
52.379030 -23.368267059 0.322445750 1.166872025 0.010763793 0.942220628 0.011948265 0.334606707
52.483160 -23.286520004 0.326677948 1.063470840 0.009527317 0.942209542 0.013155494 0.334630162
52.587160 -23.203351974 0.334875107 0.936569214 0.008031332 0.942149401 0.014657448 0.334776312
52.691180 -23.110284805 0.344765872 0.793354034 0.006882418 0.941840470 0.014839232 0.335661918
52.795150 -22.916501999 0.329652399 0.651128769 0.005345331 0.942515194 0.013220496 0.333858937
52.899160 -22.794738770 0.337157309 0.518655777 0.005740773 0.942638218 0.011204339 0.333578527
53.003160 -22.713436127 0.343777776 0.410225868 0.006593497 0.942464113 0.011983758 0.334027469
53.107160 -22.609354019 0.340375960 0.294378281 0.006086064 0.942623854 0.015032101 0.333462596
53.211180 -22.538284302 0.341479540 0.139231682 0.009345104 0.941901088 0.017451447 0.335306585
53.315160 -22.430742264 0.348005742 0.008639336 0.010534701 0.941845179 0.017363759 0.335432976
53.419160 -22.318607330 0.350522548 -0.130413055 0.011943359 0.941851735 0.015925327 0.335438579
53.523150 -22.208887100 0.351243854 -0.251491547 0.014172191 0.941962540 0.014472932 0.335106313
53.627040 -22.089817047 0.351580977 -0.387604713 0.014962575 0.942080855 0.013619129 0.334775060
53.731040 -21.965248108 0.354464054 -0.544028282 0.014529787 0.942190647 0.012657480 0.334522843
53.835050 -21.876735687 0.350522041 -0.652294159 0.013622142 0.942342222 0.014146799 0.334073991
53.938910 -21.757484436 0.349718124 -0.790477753 0.012675972 0.942468286 0.015742501 0.333684057
54.042910 -21.639446259 0.354988545 -0.929008484 0.012553828 0.942632973 0.016868066 0.333168149
54.146780 -21.514253616 0.351467013 -1.071458817 0.013873948 0.942840576 0.018159276 0.332459688
54.250800 -21.419313431 0.347696990 -1.205828667 0.017960673 0.942593038 0.020649631 0.332820356
54.354660 -21.293846130 0.351338565 -1.349728584 0.019003158 0.942698717 0.022594510 0.332336485
54.458660 -21.185810089 0.353891551 -1.498599052 0.020042675 0.942484736 0.026044730 0.332629532
54.562530 -21.063083649 0.358779639 -1.647936821 0.019686906 0.942410707 0.028633185 0.332647920
54.666410 -20.940471649 0.360342622 -1.797382355 0.021183303 0.942455292 0.028307056 0.332457513
54.770420 -20.817573547 0.363294095 -1.939581871 0.021920396 0.942743897 0.024425244 0.331898779
54.874290 -20.697305679 0.364491701 -2.081123352 0.023685487 0.943022132 0.020332746 0.331262439
54.978530 -20.615251541 0.367103994 -2.196168900 0.023903513 0.943094790 0.019001955 0.331118941
55.082040 -20.489711761 0.367868632 -2.338982582 0.023975918 0.943345845 0.020356236 0.330317169
55.185920 -20.363018036 0.365387797 -2.488354683 0.023470636 0.943578660 0.021609135 0.329608142
55.290780 -20.239465714 0.369227409 -2.632032394 0.023778586 0.943799853 0.022288403 0.328906715
55.393730 -20.164718628 0.368476599 -2.749403000 0.021063600 0.944182575 0.021860484 0.328020781
55.497680 -20.045307159 0.371368676 -2.894399643 0.019904172 0.945327401 0.021490350 0.324804693
55.601700 -19.947828293 0.373336941 -3.023457527 0.018410189 0.946814120 0.021210266 0.320552945
55.705670 -19.840473175 0.377374738 -3.166635990 0.019328197 0.948630393 0.020889286 0.315103829
55.809690 -19.734830856 0.381853968 -3.306849957 0.020132894 0.950929046 0.021415427 0.308009714
55.913810 -19.641456604 0.379172057 -3.447227478 0.020962503 0.953511298 0.023662135 0.299694717
56.017930 -19.544015884 0.378985584 -3.589922428 0.021413900 0.956566453 0.025574785 0.289599806
56.122050 -19.450653076 0.376321167 -3.734520435 0.021889850 0.960088968 0.026734576 0.277552217
56.226190 -19.361356735 0.388548225 -3.882693768 0.024019271 0.963953376 0.026699556 0.263636172
56.330510 -19.286109924 0.391805887 -4.037599564 0.025297755 0.967821717 0.027665157 0.248828650
56.434670 -19.214591980 0.398207992 -4.194063663 0.026610026 0.971677899 0.027854802 0.233148187
56.538940 -19.143770218 0.404467165 -4.352109909 0.027715450 0.975320041 0.027447620 0.217323005
56.643030 -19.083972931 0.409439147 -4.503344536 0.030292295 0.978728473 0.023274818 0.201571822
56.747290 -19.025630951 0.411757737 -4.666165352 0.031387232 0.981943309 0.018715432 0.185612187
56.851430 -18.961088181 0.412983328 -4.821871281 0.029866731 0.985140622 0.015172135 0.168451026
56.955550 -18.908050537 0.414123446 -4.984527111 0.027483841 0.987793505 0.014509988 0.152636960
57.059650 -18.858758926 0.416277111 -5.147188187 0.025712317 0.989997804 0.013952455 0.138016418
57.163560 -18.829683304 0.410684854 -5.307502747 0.027213356 0.991543651 0.014045916 0.126108661
57.267470 -18.791196823 0.407998145 -5.472939491 0.028557753 0.992852807 0.013455935 0.115094006
57.371290 -18.754907608 0.414378405 -5.648181915 0.028152885 0.993905425 0.013722998 0.105693527
57.475150 -18.721233368 0.414347380 -5.818449020 0.026275093 0.994885504 0.016515778 0.096123353
57.579070 -18.691604614 0.418881863 -5.993533134 0.026401559 0.995709658 0.017438881 0.086954750
57.682930 -18.666152954 0.422849715 -6.170475006 0.026250964 0.996438920 0.017207662 0.078257941
57.786690 -18.642204285 0.423611581 -6.350818634 0.025720691 0.997072518 0.015209623 0.070380703
57.890570 -18.616210938 0.427237213 -6.527447224 0.027390478 0.997550488 0.013529828 0.062927015
57.994890 -18.595493317 0.430641830 -6.711383343 0.030114487 0.997754276 0.015325817 0.057833493
58.098070 -18.575126648 0.437002003 -6.900353432 0.032751642 0.997789323 0.019854225 0.054310031
58.201850 -18.557497025 0.438680649 -7.084368706 0.034352969 0.997721016 0.024729829 0.052546605
58.305440 -18.535724640 0.443663836 -7.272830963 0.033629525 0.997779191 0.024984581 0.051783055
58.409230 -18.514142990 0.450746596 -7.463624954 0.032100648 0.997889459 0.023382485 0.051375635
58.512810 -18.495639801 0.454289943 -7.651798725 0.029014392 0.998041987 0.021208208 0.051191494
58.616560 -18.470920563 0.460880220 -7.844764233 0.025163416 0.998190999 0.019679399 0.050933626
58.720450 -18.448896408 0.461665332 -8.038978577 0.022279469 0.998249054 0.020114232 0.050969739
58.824030 -18.428953171 0.468571126 -8.236003876 0.021201136 0.998226941 0.020958286 0.051519055
58.927820 -18.407007217 0.474638492 -8.435585976 0.020345967 0.998201013 0.021670166 0.052069090
59.031700 -18.383800507 0.480080277 -8.637303352 0.020312805 0.998165071 0.021940846 0.052654456
59.135420 -18.359510422 0.484681994 -8.838619232 0.019272076 0.998190582 0.021669609 0.052674666
59.239170 -18.333839417 0.488826841 -9.042448044 0.018206660 0.998202026 0.020474389 0.053310353
59.343070 -18.310869217 0.493262887 -9.248592377 0.017179336 0.998214722 0.019495644 0.053779162
59.446780 -18.286211014 0.499143660 -9.454360008 0.015797678 0.998249948 0.018875180 0.053770564
59.550680 -18.256935120 0.503076911 -9.664031982 0.014255293 0.998334348 0.018967986 0.052587934
59.654550 -18.231327057 0.506802678 -9.873415947 0.013862496 0.998377383 0.019382972 0.051718153
59.758420 -18.205970764 0.505405724 -10.078079224 0.016325410 0.998357534 0.019541336 0.051319964
59.862460 -18.178054810 0.507944822 -10.288779259 0.015849171 0.998418808 0.019625317 0.050234731
59.965990 -18.149894714 0.510135353 -10.498679161 0.017415725 0.998398542 0.020398652 0.049809381
60.069690 -18.123481750 0.513875723 -10.717279434 0.017797045 0.998402536 0.021386312 0.049175952
60.173450 -18.101921082 0.519248843 -10.927924156 0.016991053 0.998404622 0.022281440 0.049020477
60.277190 -18.072330475 0.528250992 -11.145728111 0.016694270 0.998483062 0.021006472 0.048080124
60.381050 -18.048849106 0.530940294 -11.360685349 0.016711876 0.998520553 0.019819936 0.047796872
60.484800 -18.021045685 0.533683181 -11.572507858 0.016740115 0.998565733 0.019309323 0.047047064
60.588540 -17.993711472 0.536697030 -11.782296181 0.017363694 0.998589635 0.019429937 0.046256121
60.692600 -17.964691162 0.541036785 -11.998951912 0.016661501 0.998675346 0.019765159 0.044489618
60.797000 -17.939649582 0.545935273 -12.217719078 0.017417645 0.998690009 0.020022634 0.043749452
60.900200 -17.914937973 0.549841642 -12.438986778 0.017772550 0.998740017 0.020193791 0.042363402
61.003920 -17.890359879 0.553834438 -12.664189339 0.017058242 0.998843789 0.019728079 0.040384356
61.107700 -17.852651596 0.559033394 -12.880649567 0.017240301 0.998958349 0.019026104 0.037722912
61.211580 -17.834617615 0.564427018 -13.101202965 0.018647969 0.998954177 0.019776050 0.036765482
61.315290 -17.819183350 0.570062339 -13.303310394 0.019051043 0.998977184 0.020340391 0.035608150
61.419200 -17.794128418 0.576150775 -13.508123398 0.020523049 0.998993695 0.020812027 0.034018736
61.522950 -17.787506104 0.578811288 -13.709323883 0.020199576 0.999020815 0.021057397 0.033255287
61.626790 -17.771202087 0.583638608 -13.902526855 0.020507136 0.999059260 0.020490263 0.032251786
61.730990 -17.756597519 0.584527493 -14.114893913 0.021271642 0.999080360 0.020352518 0.031171843
61.834510 -17.741983414 0.588609934 -14.308105469 0.020573517 0.999114454 0.020343695 0.030548630
61.938390 -17.724319458 0.589546561 -14.516258240 0.020575589 0.999126375 0.020940594 0.029743206
62.042070 -17.710403442 0.593624115 -14.714620590 0.020413833 0.999151886 0.020181419 0.029521875
62.145930 -17.690040588 0.594196320 -14.905185699 0.020824986 0.999198854 0.018124523 0.028974241
62.249910 -17.677450180 0.597928703 -15.110505104 0.020298146 0.999235988 0.016701851 0.028922126
62.353660 -17.662120819 0.598108768 -15.310219765 0.021060994 0.999221742 0.016382078 0.029050751
62.457420 -17.645895004 0.599498630 -15.509812355 0.022015734 0.999184191 0.016903700 0.029334471
62.561290 -17.628702164 0.599443972 -15.708472252 0.023153339 0.999140680 0.017580993 0.029542873
62.665290 -17.610704422 0.600777686 -15.907548904 0.024011325 0.999100626 0.018262466 0.029797537
62.769050 -17.595209122 0.600746632 -16.108890533 0.025399698 0.999039710 0.018787654 0.030358426
62.872800 -17.577604294 0.600697696 -16.309316635 0.026280567 0.998996556 0.019308874 0.030698372
62.976670 -17.560855865 0.598214686 -16.507873535 0.027973045 0.998928130 0.019488674 0.031309951
63.080660 -17.543222427 0.599222422 -16.708633423 0.028765390 0.998902142 0.018964430 0.031739354
63.184460 -17.528305054 0.598155618 -16.912569046 0.032166824 0.998778820 0.018131379 0.032824196
63.288240 -17.511384964 0.600190520 -17.118055344 0.033028048 0.998715341 0.017473392 0.034226906
63.392070 -17.490961075 0.599380255 -17.319023132 0.033078328 0.998669267 0.017390387 0.035540033
63.495820 -17.472526550 0.601789594 -17.524866104 0.033002481 0.998650253 0.016520688 0.036546912
63.599720 -17.453765869 0.604150116 -17.725833893 0.032793645 0.998627484 0.016242459 0.037469171
63.703640 -17.434339523 0.606196582 -17.925930023 0.032665111 0.998610020 0.016409108 0.037970144
63.807440 -17.414695740 0.607125342 -18.126060486 0.031826664 0.998610795 0.017546408 0.038154263
63.911420 -17.397058487 0.606154859 -18.325799942 0.031980444 0.998589396 0.018774383 0.037999526
64.015770 -17.375476837 0.606281459 -18.518697739 0.031998351 0.998603702 0.019381670 0.037296694
64.119460 -17.352508545 0.606000543 -18.708549500 0.030866332 0.998670638 0.019773662 0.036238573
64.223410 -17.325059891 0.604044318 -18.889194489 0.029992932 0.998752713 0.020054147 0.034514815
64.327430 -17.303140640 0.603593290 -19.079252243 0.029674519 0.998831987 0.020458451 0.032180335
64.431450 -17.296863556 0.611514628 -19.255867004 0.030175168 0.998893142 0.020151570 0.029930526
64.535560 -17.275358200 0.605317652 -19.431655884 0.030510152 0.998985589 0.020917140 0.025678519
64.639590 -17.261188507 0.617850482 -19.601123810 0.031678285 0.999057651 0.020523340 0.021427376
64.743580 -17.257024765 0.629320800 -19.763469696 0.033032790 0.999081314 0.020700891 0.017800305
64.847590 -17.245861053 0.628027678 -19.924470901 0.034501705 0.999088109 0.021252792 0.013450317
64.951550 -17.236209869 0.622156084 -20.077934265 0.035173666 0.999090850 0.022229224 0.009282157
65.055500 -17.224927902 0.624431372 -20.229646683 0.035774734 0.999087751 0.022777788 0.005003263
65.159520 -17.214618683 0.623695016 -20.373960495 0.036163311 0.999079466 0.023056705 0.000927690
65.263460 -17.220108032 0.630313337 -20.506713867 0.036910519 0.999064088 0.022488553 -0.001689464
65.367480 -17.136184692 0.636359096 -20.354461670 -0.041602135 0.457326174 -0.033118613 0.887707829
65.471470 -17.033193588 0.635558605 -20.280811310 -0.041080870 0.459694147 -0.032478586 0.886531889
65.575320 -17.206460953 0.615109265 -20.886020660 0.043498013 0.998752654 0.022236129 -0.010325433
65.679310 -17.210138321 0.618058681 -21.007974625 0.044188842 0.998677969 0.022971844 -0.012726620
65.783300 -17.217329025 0.635499954 -21.122907639 0.040583704 0.998772621 0.024032928 -0.015120387
65.887300 -17.217266083 0.638355970 -21.227888107 0.040923353 0.998711944 0.024500629 -0.017307470
65.991170 -17.222526550 0.639870882 -21.326993942 0.041307785 0.998664260 0.024774769 -0.018697666
66.095340 -17.224622726 0.638432026 -21.418249130 0.042270102 0.998528898 0.025946742 -0.021910999
66.199080 -17.227691650 0.641865611 -21.502096176 0.042878941 0.998527646 0.025751775 -0.020994315
66.303070 -17.233861923 0.644479871 -21.584081650 0.043086186 0.998489738 0.026371343 -0.021596394
66.407050 -17.228322983 0.644150615 -21.655450821 0.042741247 0.998460174 0.027316779 -0.022455189
66.512930 -17.224214554 0.643223524 -21.710153580 0.043982610 0.998350084 0.028678367 -0.023242164
66.614800 -17.229366302 0.652448535 -21.776126862 0.042933803 0.998463929 0.027316151 -0.021915099
66.718800 -17.229219437 0.656405568 -21.812946320 0.041116856 0.998570740 0.026180409 -0.021919686
66.824140 -17.229171753 0.657736063 -21.863939285 0.041116983 0.998597145 0.026314812 -0.020510219
66.926760 -17.230739594 0.660084486 -21.912160873 0.039724886 0.998721898 0.024954895 -0.018808013
67.031610 -17.232604980 0.656984448 -21.955410004 0.039080709 0.998800755 0.023978239 -0.017170472
67.134650 -17.241636276 0.660653234 -21.995393753 0.039535731 0.998849988 0.022654224 -0.014910739
67.238470 -17.250387192 0.664547324 -22.034118652 0.039972931 0.998870969 0.022183087 -0.012916478
67.342520 -17.253807068 0.665031672 -22.070302963 0.039596837 0.998892426 0.022788540 -0.011252253
67.446480 -17.248144150 0.663408279 -22.106128693 0.038609687 0.998930633 0.023263849 -0.010282328
67.550330 -17.232440948 0.661404490 -22.141904831 0.037755184 0.998966157 0.023187950 -0.010169693
67.654290 -17.230659485 0.663129449 -22.171894073 0.038113762 0.998983085 0.022565903 -0.008420292
67.758210 -17.259510040 0.663745701 -22.225324631 0.039769661 0.998954475 0.022030940 -0.004790491
67.862190 -17.254159927 0.661642611 -22.254152298 0.039920501 0.998955905 0.022081014 -0.002423219
67.966080 -17.253120422 0.666254163 -22.279090881 0.039437801 0.998990774 0.021470917 0.001051174
68.070190 -17.256046295 0.669656634 -22.303007126 0.038432278 0.999027014 0.020887921 0.005634538
68.173980 -17.232833862 0.670643091 -22.299343109 0.036441337 0.999071002 0.021106875 0.009149450
68.277930 -17.225923538 0.667900145 -22.319768906 0.035821553 0.999044061 0.021851681 0.012261140
68.381800 -17.232830048 0.670527935 -22.335981369 0.035149999 0.999009371 0.021780385 0.016444314
68.485930 -17.231210709 0.670746744 -22.348674774 0.034919217 0.998974621 0.021759972 0.018890224
68.589980 -17.229578018 0.671441436 -22.357969284 0.034969471 0.998942077 0.021276673 0.020955492
68.693970 -17.229448318 0.671313107 -22.366121292 0.034916840 0.998906970 0.021179274 0.022739295
68.797970 -17.226924896 0.670809329 -22.371704102 0.035089545 0.998879671 0.021198610 0.023639275
68.902060 -17.228023529 0.671014011 -22.375057220 0.034862496 0.998866618 0.020879138 0.024782151
69.006040 -17.221458435 0.669080496 -22.376544952 0.034758110 0.998869717 0.021235870 0.024497898
69.110830 -17.221490860 0.669397831 -22.376552582 0.034772813 0.998872519 0.021179413 0.024411885
69.214230 -17.221168518 0.669443369 -22.374460220 0.035216022 0.998867095 0.020811802 0.024315286
69.318190 -17.221166611 0.668822050 -22.373922348 0.035367358 0.998872936 0.020210508 0.024361234
69.422330 -17.223907471 0.669782937 -22.374563217 0.035229903 0.998880267 0.019889530 0.024525126
69.526320 -17.224948883 0.670005202 -22.375062943 0.035021007 0.998877525 0.020052889 0.024801569
69.630320 -17.222349167 0.668730259 -22.375425339 0.035041217 0.998884380 0.020016996 0.024522990
69.734330 -17.223867416 0.669759631 -22.375200272 0.035116501 0.998881638 0.019896548 0.024626136
69.838430 -17.221725464 0.670398891 -22.375595093 0.035106808 0.998884380 0.019934004 0.024497971
69.943310 -17.223739624 0.671038747 -22.375682831 0.035093978 0.998885095 0.019673768 0.024696061
70.047250 -17.221769333 0.670540631 -22.375680923 0.035124913 0.998886466 0.019769194 0.024520883
70.150510 -17.222148895 0.670430243 -22.376161575 0.035156775 0.998881578 0.019844778 0.024613285
70.254450 -17.224231720 0.670545280 -22.376327515 0.035124864 0.998878300 0.019809863 0.024817143
70.358440 -17.224872589 0.671260238 -22.376276016 0.035134107 0.998875558 0.019729037 0.024980081
70.462450 -17.224714279 0.670846224 -22.375720978 0.035197172 0.998871267 0.019742254 0.025051275
70.566450 -17.224319458 0.670593202 -22.375541687 0.035226025 0.998868108 0.019800065 0.025091356
70.670640 -17.224328995 0.670289457 -22.375402451 0.035247575 0.998865187 0.019869614 0.025122700
70.774540 -17.224498749 0.669968545 -22.375232697 0.035273355 0.998862624 0.019882392 0.025178850
70.878550 -17.224348068 0.670128226 -22.375343323 0.035343170 0.998858213 0.019875869 0.025260255
70.982540 -17.224807739 0.670235395 -22.375406265 0.035394315 0.998852313 0.019879093 0.025418980
71.086680 -17.224092484 0.670068562 -22.375125885 0.035456583 0.998848438 0.019860841 0.025497995
71.190680 -17.223983765 0.670185089 -22.375551224 0.035485335 0.998842597 0.019832559 0.025709154
71.294670 -17.223646164 0.670451105 -22.375473022 0.035594519 0.998835444 0.019789353 0.025867784
71.398790 -17.224470139 0.670633197 -22.375291824 0.035666231 0.998825610 0.019746374 0.026180238
71.503010 -17.224918365 0.670195401 -22.375194550 0.035742685 0.998815894 0.019844804 0.026370464
71.606920 -17.225069046 0.670270681 -22.375234604 0.035781391 0.998814583 0.019814730 0.026391987
71.710990 -17.224988937 0.670359075 -22.375406265 0.035832744 0.998812556 0.019824356 0.026390549
71.817720 -17.224937439 0.670431197 -22.375375748 0.035837520 0.998809516 0.019791177 0.026523242
71.918960 -17.224725723 0.670365810 -22.375530243 0.035888683 0.998806655 0.019817611 0.026541736
72.023080 -17.224502563 0.670328319 -22.375720978 0.035969600 0.998802125 0.019793510 0.026622709
72.127050 -17.222608566 0.670424044 -22.375659943 0.035984118 0.998804986 0.019779712 0.026505182
72.231970 -17.224401474 0.670353651 -22.375879288 0.036020670 0.998796165 0.019827472 0.026750317
72.335120 -17.224393845 0.670828283 -22.375413895 0.035991378 0.998797297 0.019746576 0.026806448
72.439200 -17.225481033 0.670463741 -22.375125885 0.036049917 0.998790503 0.019805657 0.026938282
72.543190 -17.224443436 0.670859635 -22.375473022 0.036054622 0.998792529 0.019764479 0.026886072
72.647200 -17.224388123 0.671119571 -22.375232697 0.036092628 0.998791099 0.019706268 0.026931087
72.751200 -17.223733902 0.671062171 -22.375036240 0.036154732 0.998788238 0.019737881 0.026931664
72.855180 -17.224069595 0.671079934 -22.375020981 0.036148343 0.998784482 0.019741410 0.027074613
72.959210 -17.224100113 0.670806170 -22.374971390 0.036159772 0.998781025 0.019794490 0.027148010
73.063300 -17.223985672 0.670530081 -22.375150681 0.036194574 0.998778224 0.019841786 0.027172195
73.167460 -17.223783493 0.669627130 -22.375305176 0.036191337 0.998774111 0.019953074 0.027246069
73.271730 -17.222707748 0.669670582 -22.375019073 0.036180176 0.998779118 0.019962966 0.027070552
73.375310 -17.223449707 0.669993103 -22.375270844 0.036143154 0.998778343 0.019907095 0.027188053
73.479440 -17.223167419 0.669604897 -22.375230789 0.036216363 0.998775661 0.019945281 0.027161557
73.583460 -17.223587036 0.670221686 -22.375526428 0.036177542 0.998777270 0.019873444 0.027206130
73.687600 -17.223241806 0.670410693 -22.375211716 0.036174294 0.998778403 0.019841660 0.027191767
73.791560 -17.223337173 0.670190990 -22.375400543 0.036196098 0.998777628 0.019859478 0.027177870
73.895660 -17.223194122 0.670549273 -22.375528336 0.036158253 0.998779535 0.019808171 0.027196972
73.999560 -17.224086761 0.670211792 -22.375373840 0.036175575 0.998775840 0.019860212 0.027269907
74.103680 -17.223917007 0.670091689 -22.375469208 0.036184851 0.998775005 0.019873748 0.027278051
74.207700 -17.223802567 0.670779526 -22.375617981 0.036178913 0.998777807 0.019780660 0.027252484
74.311710 -17.223707199 0.670406997 -22.375345230 0.036202643 0.998776853 0.019799460 0.027242664
74.415680 -17.223745346 0.670117557 -22.375408173 0.036174435 0.998775840 0.019876827 0.027261091
74.519800 -17.223663330 0.670533478 -22.375659943 0.036202881 0.998767376 0.019719580 0.027642643
74.623890 -17.223579407 0.670554340 -22.376161575 0.036067691 0.998742700 0.019469082 0.028862119
74.727840 -17.220891953 0.668865323 -22.377529144 0.035855636 0.998728693 0.019510530 0.029575396
74.831850 -17.220876694 0.668734670 -22.380535126 0.035569005 0.998687685 0.019413896 0.031318840
74.935850 -17.220064163 0.668951273 -22.383863449 0.035829507 0.998596132 0.019395258 0.033850685
75.039850 -17.219207764 0.669056416 -22.388444901 0.035756409 0.998498499 0.019284852 0.036746155
75.143810 -17.218376160 0.668996930 -22.394138336 0.035440769 0.998380780 0.019222273 0.040128827
75.247810 -17.213352203 0.670802593 -22.399864197 0.035387203 0.998234570 0.018917713 0.043791041
75.351710 -17.211141586 0.669707656 -22.406927109 0.035339013 0.998023987 0.018879788 0.048402697
75.455730 -17.208463669 0.670392036 -22.414903641 0.035256565 0.997779727 0.018694397 0.053320728
75.559590 -17.205381393 0.670176685 -22.422988892 0.035106916 0.997481465 0.018704852 0.058722503
75.663570 -17.199924469 0.670428038 -22.431932449 0.035126667 0.997123837 0.018490383 0.064562880
75.767480 -17.196636200 0.670842171 -22.441680908 0.035157084 0.996671796 0.018200334 0.071260333
75.871360 -17.192947388 0.670572102 -22.453359604 0.035129916 0.996127367 0.017623043 0.078648873
75.975180 -17.185112000 0.671322703 -22.466306686 0.034875728 0.995502532 0.016315922 0.086557359
76.079100 -17.182428360 0.671532810 -22.483062744 0.034296762 0.994695365 0.015087817 0.095798060
76.182950 -17.179079056 0.670396090 -22.503622055 0.033640556 0.993735075 0.014631161 0.105568983
76.286810 -17.175468445 0.671861768 -22.526908875 0.033445597 0.992632627 0.014645313 0.115530744
76.390670 -17.166307449 0.672062755 -22.554847717 0.034135260 0.991393983 0.015200436 0.125465959
76.495070 -17.157632828 0.673232913 -22.584167480 0.034922894 0.989896655 0.015582765 0.136536390
76.598340 -17.144073486 0.675081968 -22.616855621 0.034474183 0.988202155 0.015749674 0.148391411
76.702070 -17.132455826 0.675061822 -22.649988174 0.033762850 0.986211658 0.016845979 0.161129773
76.805830 -17.131687164 0.676173806 -22.670227051 0.034187265 0.983915091 0.017759614 0.174433112
76.909690 -17.091203690 0.672852397 -22.658412933 0.034454450 0.982664347 0.018286778 0.181243777
77.013440 -17.074626923 0.671334386 -22.690757751 0.034813523 0.979940891 0.019469248 0.195255786
77.117090 -17.055393219 0.671314716 -22.722019196 0.035212580 0.976754665 0.020723030 0.210430339
77.220840 -17.030437469 0.670281172 -22.759572983 0.035436172 0.973015904 0.021209616 0.227011889
77.324460 -17.002729416 0.671930552 -22.799823761 0.035810210 0.968506336 0.020190280 0.245571613
77.428190 -16.969795227 0.672288775 -22.841293335 0.035103768 0.963249564 0.018445658 0.265664607
77.531820 -16.932632446 0.669718385 -22.881843567 0.033820417 0.957182527 0.016962660 0.287001699
77.635430 -16.887538910 0.668682277 -22.928462982 0.033928476 0.949996889 0.015610613 0.310017884
77.739080 -16.840776443 0.668422818 -22.979356766 0.035897389 0.941391051 0.014276686 0.335097700
77.842690 -16.784259796 0.667764723 -23.028820038 0.037760142 0.932200491 0.012468855 0.359751195
77.946530 -16.719814301 0.667476296 -23.081939697 0.038585290 0.922441483 0.010456483 0.384061962
78.050250 -16.649360657 0.664538205 -23.137790680 0.038795799 0.911890745 0.009724174 0.408479601
78.153970 -16.570154190 0.661727965 -23.195371628 0.039404515 0.900582552 0.009520864 0.432790607
78.257840 -16.483583450 0.656376660 -23.250955582 0.039585363 0.888604164 0.010495475 0.456842989
78.361560 -16.389852524 0.654667020 -23.305606842 0.038525444 0.875791073 0.010925917 0.481026441
78.465430 -16.287748337 0.647955418 -23.356740952 0.038261775 0.862365186 0.013426615 0.504660308
78.569310 -16.177757263 0.645766735 -23.405448914 0.038850386 0.848080754 0.015798191 0.528204560
78.673060 -16.060070038 0.642529905 -23.447551727 0.038920842 0.833203733 0.017415931 0.551319718
78.776930 -15.936046600 0.637720525 -23.486137390 0.038426388 0.817968130 0.018665675 0.573675156
78.880800 -15.794429779 0.634241581 -23.523265839 0.037800465 0.802626669 0.019648001 0.594958425
78.984860 -15.642016411 0.633831561 -23.556106567 0.037678234 0.787398398 0.019549789 0.614981234
79.088830 -15.496849060 0.626363993 -23.580850601 0.039178640 0.772784173 0.019986257 0.633143067
79.192960 -15.337231636 0.622145176 -23.602718353 0.040165875 0.759795427 0.018716564 0.648650289
79.297060 -15.174316406 0.616803527 -23.617879868 0.039705303 0.748658836 0.017076358 0.661545038
79.401310 -15.004611015 0.610828876 -23.630582809 0.039949823 0.739512265 0.015057897 0.671787798
79.505690 -14.831380844 0.602273226 -23.640890121 0.040695097 0.732194185 0.014165903 0.679731429
79.610070 -14.648942947 0.594245195 -23.648366928 0.041721880 0.726444364 0.014151159 0.685811579
79.714470 -14.461124420 0.585481286 -23.654939651 0.042151224 0.721484542 0.013745753 0.691009700
79.818800 -14.271646500 0.576870084 -23.656045914 0.043829698 0.716727853 0.013251141 0.695848048
79.923050 -14.077051163 0.565613151 -23.659093857 0.045287162 0.711605966 0.012163975 0.701012135
80.027420 -13.878117561 0.553917468 -23.656076431 0.046388842 0.706734300 0.010752164 0.705874681
80.131680 -13.666949272 0.544105768 -23.651914597 0.046427619 0.702178776 0.009307487 0.710424364
80.235930 -13.451625824 0.532294929 -23.646377563 0.043277502 0.699495494 0.006907000 0.713291943
80.340300 -13.240801811 0.517574370 -23.635501862 0.041418646 0.697899997 0.005120164 0.714978218
80.444550 -13.025579453 0.508178353 -23.626964569 0.040744431 0.697215557 0.003645368 0.715693414
80.548940 -12.814739227 0.494052589 -23.620098114 0.039327625 0.697031975 0.003465377 0.715952337
80.653190 -12.595314980 0.481501162 -23.609334946 0.038877752 0.696865916 0.004072069 0.716135383
80.757320 -12.370727539 0.481242895 -23.598995209 0.031909920 0.696607888 0.016941046 0.716541827
80.861430 -12.275709152 0.476062536 -23.645561218 0.039873965 0.693369865 0.003144606 0.719470918
80.965550 -12.083681107 0.457100511 -23.671426773 0.038061231 0.690040827 0.002887198 0.722763240
81.069680 -11.893007278 0.441936612 -23.680501938 0.037025359 0.688664854 0.002576737 0.724129260
81.589930 -11.881519318 0.458278716 -23.675704956 0.035277259 0.689942956 0.000063715 0.723003566
81.798060 -11.875882149 0.452862561 -23.682550430 0.037564814 0.688342869 0.003633880 0.724403024
109.444700 -0.022592047 0.005495304 -0.240263686 0.000677089 -0.023424303 -0.004950748 0.999713123
109.548600 -0.023209400 0.005068942 -0.208557859 0.000465894 -0.021283960 -0.005316012 0.999759257
109.652600 -0.022497997 0.003988621 -0.176389024 -0.000124966 -0.019619785 -0.005087368 0.999794543
109.756500 -0.023427123 0.003485531 -0.143510729 -0.000628646 -0.017430559 -0.004768804 0.999836504
109.860500 -0.023580113 0.002896030 -0.110214770 -0.000699783 -0.015753699 -0.003903479 0.999868035
109.964400 -0.022849331 0.001825130 -0.077479571 0.000067022 -0.014738951 -0.002706954 0.999887705
110.068200 -0.023291735 0.000886145 -0.042798758 0.001145839 -0.013896890 -0.002034774 0.999900699
110.172100 -0.023601176 0.000483303 -0.007477414 0.002336190 -0.013355369 -0.002861907 0.999903977
110.276000 -0.024216440 -0.000090449 0.029215122 0.002232460 -0.011972542 -0.004630290 0.999915123
110.380000 -0.025340321 -0.000510601 0.066648021 0.001638871 -0.009012015 -0.007090726 0.999932885
110.484000 -0.023641931 -0.001309105 0.104795739 0.001155097 -0.005268873 -0.005530025 0.999970138
110.587800 -0.021332501 -0.002130722 0.142334297 0.001173817 -0.001577326 -0.001277369 0.999997258
110.691700 -0.019903809 -0.003521638 0.179167122 0.002653115 0.000329497 0.002995097 0.999991953
110.795600 -0.018494131 -0.005262798 0.216307521 0.004275567 -0.001982668 0.004368137 0.999979377
110.899200 -0.019932222 -0.006721836 0.252298832 0.005368612 -0.007906534 0.002244829 0.999951780
111.002900 -0.022261169 -0.007524575 0.286929965 0.007160690 -0.016507147 -0.000481983 0.999837995
111.106600 -0.025590651 -0.008675227 0.321799695 0.008736399 -0.025468750 -0.004409722 0.999627709
111.210200 -0.028665276 -0.009219669 0.356092006 0.009664022 -0.035251476 -0.004433782 0.999321938
111.314000 -0.032273557 -0.010590614 0.390809238 0.009226513 -0.046963032 -0.002828578 0.998849988
111.417700 -0.037909888 -0.012050186 0.425416321 0.006130697 -0.059111740 -0.003394422 0.998226762
111.521300 -0.045793571 -0.012998751 0.459842384 0.003130087 -0.071843587 -0.005987236 0.997393012
111.625100 -0.055071048 -0.013310265 0.492487639 0.000745597 -0.086410001 -0.008813997 0.996220410
111.728700 -0.063652061 -0.014217341 0.524913788 -0.000297585 -0.099378318 -0.010397795 0.994995356
111.832500 -0.072669119 -0.015163749 0.558650315 -0.001517106 -0.110174887 -0.010408458 0.993856549
111.936400 -0.081292741 -0.016040470 0.590483308 -0.003000415 -0.120440133 -0.010515326 0.992660344
112.040200 -0.091342777 -0.016976584 0.621860147 -0.004523374 -0.127292469 -0.012881517 0.991771221
112.144200 -0.102284007 -0.016879119 0.654626846 -0.006075277 -0.131112382 -0.015979836 0.991220117
112.248300 -0.112711400 -0.016925473 0.687907159 -0.007028695 -0.131903395 -0.018197373 0.991070628
112.352500 -0.122149885 -0.016954489 0.720815897 -0.007194958 -0.129243016 -0.018758563 0.991409421
112.456700 -0.130525947 -0.016897451 0.754610181 -0.007236412 -0.125309452 -0.017239623 0.991941512
112.561000 -0.135968342 -0.016958989 0.784487426 -0.009000630 -0.121249482 -0.014211638 0.992479503
112.665100 -0.142974108 -0.014411470 0.809013784 -0.009955660 -0.113999143 -0.014664117 0.993322730
112.769200 -0.147936970 -0.014150675 0.832545459 -0.010579891 -0.108773224 -0.015099527 0.993895590
112.873300 -0.150735497 -0.015674075 0.853832245 -0.010255814 -0.106078565 -0.014012488 0.994206131
112.977500 -0.152924925 -0.016535966 0.869363964 -0.009847149 -0.101210639 -0.013874473 0.994719505
113.081600 -0.154683217 -0.016473409 0.882582366 -0.009264555 -0.097417302 -0.012381477 0.995123506
113.185700 -0.155765176 -0.016379738 0.892027199 -0.008724871 -0.094885744 -0.011564774 0.995382726
113.289700 -0.157001734 -0.016274069 0.897691965 -0.008272337 -0.092893630 -0.011779933 0.995571971
113.393700 -0.157410324 -0.015771635 0.900904953 -0.007392938 -0.092163645 -0.011962714 0.995644569
113.497700 -0.157419577 -0.015746064 0.900976956 -0.007367447 -0.092443235 -0.011867344 0.995619953
113.601700 -0.157302186 -0.016052788 0.898847222 -0.006371955 -0.092469603 -0.012207067 0.995620310
113.705700 -0.156850711 -0.016547780 0.897933602 -0.003701344 -0.092400663 -0.012192700 0.995640337
113.809700 -0.157279104 -0.016887389 0.898468673 -0.002211177 -0.092512920 -0.012077614 0.995635748
113.913600 -0.157420620 -0.017080372 0.898059607 -0.002756819 -0.092430227 -0.011966044 0.995643437
114.017600 -0.156516373 -0.016222883 0.898274004 -0.003034871 -0.092543818 -0.011819099 0.995633841
114.121600 -0.157093763 -0.016397808 0.898823977 -0.003265950 -0.092536464 -0.011811668 0.995633900
114.225600 -0.157187507 -0.016356621 0.898877680 -0.003574192 -0.092457093 -0.011976953 0.995638192
114.329600 -0.157067344 -0.016251527 0.898431897 -0.003578634 -0.092460461 -0.011924351 0.995638490
