1403636579.763556 0.0000000 0.0000000 0.0000000 0.0000000 0.0000000 0.0000000 1.0000000
1403636587.963556 0.0530223 0.0151087 0.0021889 -0.1897110 0.0557438 0.0276400 0.9798665
1403636589.413555 0.0038744 0.0171501 -0.0058546 -0.1967420 0.0258311 0.0165319 0.9799755
1403636589.813555 -0.0326350 0.0200223 -0.0088725 -0.1945053 0.0098138 0.0093171 0.9808081
1403636590.063555 -0.0486356 0.0226702 -0.0100199 -0.1995593 -0.0108630 0.0075232 0.9797966
1403636591.213556 0.0145785 0.0194944 -0.0090440 -0.1973299 0.0154427 0.0137690 0.9801188
1403636592.163556 0.0454381 0.0200971 0.0092628 -0.1501915 0.0984643 0.0384162 0.9829911
1403636592.913555 0.0248084 0.0096010 0.0452485 -0.1566038 -0.0031936 0.0107481 0.9875978
1403636593.113555 0.0018348 0.0116226 0.0413058 -0.1669401 -0.0591321 -0.0055938 0.9841763
1403636593.813555 -0.0233877 0.0329020 -0.0126852 -0.1980081 -0.0491971 0.0209823 0.9787401
1403636593.913555 -0.0151312 0.0349653 -0.0180112 -0.1916532 -0.0113858 0.0365461 0.9807159
1403636594.013556 -0.0052216 0.0360079 -0.0217040 -0.1805076 0.0293031 0.0492280 0.9819037
1403636594.213556 0.0173319 0.0356322 -0.0220385 -0.1733952 0.0981543 0.0709824 0.9773747
1403636594.563555 0.0533643 0.0280904 0.0019815 -0.1565876 0.1415165 0.0635362 0.9754058
1403636594.763556 0.0571561 0.0224269 0.0197674 -0.1437773 0.1294009 0.0623659 0.9791292
1403636595.863556 0.0039856 0.0368193 0.0007489 -0.1645714 -0.0287450 -0.0076122 0.9859169
1403636596.113555 0.0266030 0.0429687 -0.0116784 -0.1723106 0.0468820 0.0139626 0.9838273
1403636596.313555 0.0245965 0.0452832 -0.0246887 -0.1705389 0.0660259 0.0294894 0.9826940
1403636596.513556 0.0099743 0.0458032 -0.0401898 -0.1601431 0.0657939 0.0244138 0.9845960
1403636596.663556 0.0002412 0.0463820 -0.0483426 -0.1591555 0.0637053 0.0184279 0.9850236
1403636598.463556 -0.0020233 0.0436918 -0.0036628 -0.1886152 -0.0559029 -0.0588927 0.9786883
1403636598.713556 0.0033486 0.0458533 0.0105720 -0.1557016 -0.0722685 -0.0577254 0.9834643
1403636598.813555 0.0049693 0.0471213 0.0180751 -0.1330223 -0.0854116 -0.0550558 0.9858899
1403636624.663556 0.0160435 0.0618769 0.0479567 -0.0038298 -0.0707080 -0.0236280 0.9972098
1403636624.813555 0.0200489 0.0630500 0.0458742 -0.0034725 -0.0659416 -0.0379846 0.9970942
1403636624.963556 0.0249427 0.0625634 0.0416063 -0.0194551 -0.0590115 -0.0611223 0.9961944
1403636625.113555 0.0283348 0.0583762 0.0360701 -0.0365673 -0.0567266 -0.0709381 0.9951948
1403636629.513556 0.1111661 -0.0475484 0.0510333 -0.0115664 0.0358987 0.0031456 0.9992836
1403636629.813555 0.1336530 -0.0425757 0.0664528 -0.0324148 0.0918359 0.0183145 0.9950779
1403636633.413555 0.3554261 -0.1109594 0.3494828 -0.0244507 0.0254837 -0.0174084 0.9992245
1403636633.813555 0.3700667 -0.1156119 0.3967124 -0.0323038 0.0305788 -0.0086463 0.9989728
1403636634.063555 0.3806055 -0.1267490 0.4285549 -0.0261103 0.0328453 0.0079403 0.9990878
1403636634.613555 0.4137294 -0.1570773 0.5030262 -0.0070791 0.0316775 -0.0178264 0.9993141
1403636635.263556 0.4455316 -0.1856665 0.5857562 -0.0232481 -0.0032804 -0.0329036 0.9991827
1403636635.763556 0.4655017 -0.2132197 0.6524326 -0.0220968 -0.0096842 -0.0156116 0.9995871
1403636635.913555 0.4731488 -0.2283342 0.6715577 -0.0169376 -0.0118608 -0.0037373 0.9997792
1403636636.113555 0.4861280 -0.2483041 0.6973347 -0.0322514 -0.0065249 -0.0141761 0.9993579
1403636636.263556 0.4970450 -0.2648187 0.7176493 -0.0193571 -0.0026538 -0.0263990 0.9994605
1403636637.913555 0.5440019 -0.3524746 0.8794631 -0.0157669 -0.0134773 -0.0344539 0.9991910
1403636638.313555 0.5441444 -0.3662952 0.9138452 -0.0071380 -0.0166371 -0.0325685 0.9993055
1403636638.613555 0.5460618 -0.3639777 0.9421268 -0.0495138 -0.0225183 -0.0158140 0.9983943
1403636638.913555 0.5522024 -0.3764715 0.9767497 -0.0268007 -0.0203619 -0.0273232 0.9990599
1403636639.113555 0.5571514 -0.3907727 1.0002952 -0.0231034 -0.0273080 -0.0088626 0.9993207
1403636639.363556 0.5685264 -0.3969375 1.0353171 -0.0251757 -0.0263278 -0.0108817 0.9992771
1403636639.563555 0.5822326 -0.3963774 1.0657871 -0.0215803 -0.0178477 -0.0375315 0.9989030
1403636639.763556 0.5950054 -0.3962871 1.0963852 -0.0082061 -0.0184496 -0.0404523 0.9989774
1403636640.113555 0.6127282 -0.4065789 1.1427984 -0.0026416 -0.0275858 -0.0383956 0.9988783
1403636640.413555 0.6261315 -0.4211683 1.1740017 -0.0036040 -0.0481036 -0.0476780 0.9976973
1403636640.713556 0.6390731 -0.4278372 1.2026873 -0.0048513 -0.0561290 -0.0511736 0.9970994
1403636641.113555 0.6539537 -0.4357342 1.2352251 -0.0075458 -0.0571879 -0.0527114 0.9969424
1403636641.613555 0.6683106 -0.4354220 1.2733135 -0.0067378 -0.0561209 -0.0436929 0.9974447
1403636642.363556 0.6906638 -0.4599053 1.3058294 0.0010719 -0.0179889 -0.0341798 0.9992532
1403636643.463556 0.7215626 -0.4603859 1.3421005 -0.0193878 0.0005003 -0.0206329 0.9995990
1403636644.113555 0.7447481 -0.4879549 1.3758073 -0.0497238 -0.0014128 -0.0290170 0.9983404
1403636644.513556 0.7608595 -0.4972565 1.4215468 -0.0046374 -0.0115805 0.0031919 0.9999171
1403636644.813555 0.7828069 -0.4898083 1.4583993 0.0012593 -0.0025725 -0.0201840 0.9997922
1403636645.113555 0.8082496 -0.4773873 1.4907595 -0.0367755 0.0030811 -0.0246911 0.9990137
1403636645.563555 0.8425387 -0.4850717 1.5486579 -0.0420234 0.0063800 -0.0258562 0.9987617
1403636645.913555 0.8664336 -0.4991700 1.6078087 -0.0373956 0.0058500 -0.0238098 0.9989997
1403636646.213556 0.8881581 -0.5276515 1.6600070 -0.0146010 0.0360279 0.0037925 0.9992369
1403636646.413555 0.9062925 -0.5443494 1.6951956 0.0011246 0.0861724 0.0288852 0.9958608
1403636646.563555 0.9219274 -0.5546156 1.7192369 0.0137612 0.1222507 0.0288759 0.9919837
1403636646.813555 0.9476849 -0.5755376 1.7513959 0.0083384 0.1517152 0.0303752 0.9879223
1403636647.063555 0.9717331 -0.5996088 1.7763004 0.0014825 0.1589185 0.0314601 0.9867892
1403636647.613555 1.0232024 -0.6277390 1.8265252 0.0123908 0.1473757 0.0396187 0.9882091
1403636648.063555 1.0697387 -0.6399775 1.8508936 0.0056606 0.1835134 0.0443044 0.9820020
1403636648.363556 1.1043590 -0.6348347 1.8637947 0.0065991 0.2567874 0.0696789 0.9639302
1403636648.613555 1.1326027 -0.6251850 1.8697294 0.0066011 0.3174284 0.0910532 0.9438776
1403636648.863556 1.1576809 -0.6199167 1.8712322 -0.0149505 0.3451945 0.1034715 0.9326901
1403636649.213556 1.1928083 -0.6319475 1.8684549 -0.0037763 0.3520621 0.0952689 0.9311079
1403636649.713556 1.2393298 -0.6741798 1.8536764 0.0082864 0.3436108 0.0946821 0.9342902
1403636650.463556 1.2911823 -0.6877664 1.8241906 0.0064367 0.4388920 0.1234722 0.8899927
1403636651.663556 1.3222743 -0.6710851 1.7531528 0.0079643 0.4872210 0.1373898 0.8623667
1403636652.213556 1.3191923 -0.6441493 1.7114571 0.0132515 0.5629252 0.1717312 0.8083613
1403636652.363556 1.3164488 -0.6309482 1.6966743 -0.0015173 0.6030913 0.1935869 0.7738234
1403636652.563555 1.3136854 -0.6149611 1.6773280 -0.0116521 0.6368032 0.2170852 0.7397432
1403636652.763556 1.3128633 -0.6050338 1.6566131 -0.0238086 0.6501753 0.2285727 0.7241959
1403636653.313555 1.3316985 -0.5917335 1.6014925 -0.0023734 0.6551321 0.1982256 0.7290425
1403636654.213556 1.3500036 -0.5752210 1.5295986 0.0125120 0.6482234 0.1929267 0.7364979
1403636654.463556 1.3463632 -0.5699419 1.5106872 0.0043200 0.6747568 0.2038272 0.7093229
1403636654.613555 1.3423257 -0.5703921 1.4973221 0.0004956 0.6947195 0.2133324 0.6869162
1403636654.813555 1.3366976 -0.5698449 1.4815569 -0.0026063 0.7099695 0.2276859 0.6664051
1403636655.113555 1.3287807 -0.5610851 1.4616529 0.0085701 0.7249577 0.2182879 0.6532329
1403636655.463556 1.3127965 -0.5471963 1.4429044 0.0226209 0.7381916 0.2181461 0.6379449
1403636655.863556 1.2820122 -0.5284708 1.4208927 0.0089243 0.7627018 0.2600105 0.5921156
1403636656.013556 1.2704086 -0.5155778 1.4118860 0.0119326 0.7777800 0.2689305 0.5679721
1403636656.213556 1.2552258 -0.5033526 1.3972827 0.0056871 0.7921761 0.2717068 0.5464430
1403636656.563555 1.2310755 -0.4984713 1.3625374 -0.0007158 0.7964141 0.2736071 0.5393173
1403636656.863556 1.2142431 -0.4946787 1.3306363 0.0132554 0.8018312 0.2452048 0.5447619
1403636657.213556 1.1892064 -0.4779143 1.3006518 0.0266695 0.7978022 0.2430071 0.5511333
1403636657.563555 1.1533747 -0.4623759 1.2713832 0.0178374 0.7887319 0.2706652 0.5516558
1403636657.863556 1.1211224 -0.4417995 1.2440903 0.0214625 0.7897642 0.2777834 0.5464872
1403636658.013556 1.1048424 -0.4306855 1.2283063 0.0225372 0.7890631 0.2866769 0.5428516
1403636658.113555 1.0939969 -0.4250649 1.2164018 0.0146922 0.7921496 0.2830501 0.5405236
1403636658.313555 1.0735908 -0.4143551 1.1869123 -0.0009413 0.7974359 0.2744698 0.5373652
1403636658.413555 1.0641642 -0.4076435 1.1729800 -0.0053615 0.7987376 0.2732103 0.5360463
1403636658.613555 1.0470552 -0.3923053 1.1454148 -0.0180812 0.8021678 0.2653710 0.5345822
1403636658.713556 1.0398715 -0.3845762 1.1323028 -0.0203745 0.8034426 0.2621980 0.5341507
1403636658.913555 1.0278182 -0.3689587 1.1090914 -0.0187834 0.8082617 0.2489414 0.5332807
1403636658.963556 1.0254877 -0.3647875 1.1040630 -0.0134199 0.8084791 0.2484153 0.5333585
1403636659.063555 1.0206840 -0.3564212 1.0945739 -0.0038333 0.8091421 0.2465117 0.5333914
1403636659.213556 1.0132496 -0.3427875 1.0825895 0.0032510 0.8098108 0.2437180 0.5336642
1403636659.313555 1.0075090 -0.3340439 1.0753176 0.0024443 0.8088680 0.2459643 0.5340676
1403636659.413555 1.0013080 -0.3264263 1.0685656 -0.0029157 0.8067912 0.2517639 0.5345038
1403636659.513556 0.9952818 -0.3203444 1.0620489 -0.0083637 0.8055933 0.2555521 0.5344555
1403636659.613555 0.9894286 -0.3154871 1.0557671 -0.0074610 0.8060415 0.2551329 0.5339931
1403636659.763556 0.9818614 -0.3068441 1.0475353 -0.0049753 0.8086662 0.2506257 0.5321851
1403636659.913555 0.9738306 -0.2962097 1.0419208 -0.0051363 0.8094510 0.2519117 0.5303801
1403636660.013556 0.9687912 -0.2881229 1.0393699 -0.0105113 0.8081909 0.2584775 0.5290618
1403636660.113555 0.9639190 -0.2796693 1.0374382 -0.0155080 0.8066129 0.2654929 0.5278718
1403636660.213556 0.9598593 -0.2703547 1.0362052 -0.0176248 0.8057941 0.2688001 0.5273820
1403636660.313555 0.9570390 -0.2618364 1.0349263 -0.0226884 0.8041255 0.2744743 0.5268123
1403636660.463556 0.9546432 -0.2514037 1.0329418 -0.0327611 0.7995470 0.2878803 0.5260952
1403636660.913555 0.9672558 -0.2211933 1.0291468 -0.0241182 0.8157952 0.2367236 0.5271227
1403636661.213556 0.9795717 -0.1970931 1.0403376 -0.0048124 0.8141219 0.2407677 0.5284063
1403636661.463556 0.9881086 -0.1829695 1.0548338 -0.0004508 0.8133234 0.2427939 0.5287305
1403636661.663556 0.9927541 -0.1795610 1.0670818 0.0023231 0.8106643 0.2489560 0.5299423
1403636661.913555 0.9952788 -0.1833223 1.0818908 0.0186970 0.8085542 0.2517971 0.5314967
1403636662.563555 0.9824276 -0.2012453 1.1177344 -0.0131470 0.8080177 0.2592493 0.5288898
1403636662.813555 0.9780953 -0.2012820 1.1363844 0.0164891 0.8030055 0.2770001 0.5274289
1403636663.063555 0.9738740 -0.1945881 1.1517100 0.0146656 0.7978991 0.2937230 0.5261831
1403636663.413555 0.9710796 -0.1842863 1.1584588 -0.0242718 0.8021770 0.2849439 0.5241469
1403636663.613555 0.9755367 -0.1730081 1.1610910 -0.0410459 0.8010601 0.2871498 0.5236058
1403636663.813555 0.9878076 -0.1615779 1.1640668 -0.0532583 0.8043717 0.2738695 0.5245429
1403636664.063555 1.0149301 -0.1571324 1.1692843 -0.0534188 0.8122246 0.2408961 0.5285892
1403636664.313555 1.0490524 -0.1626646 1.1830195 -0.0217546 0.8101285 0.2360537 0.5361878
1403636664.463556 1.0700502 -0.1609726 1.1964740 -0.0124739 0.8072559 0.2355401 0.5410205
1403636664.663556 1.0972888 -0.1569350 1.2186368 0.0027218 0.8014864 0.2379236 0.5486388
1403636664.863556 1.1213080 -0.1576426 1.2413291 -0.0032798 0.7965576 0.2397161 0.5549968
1403636665.113555 1.1488488 -0.1664399 1.2694110 -0.0092390 0.7878923 0.2544913 0.5606910
1403636665.513556 1.1928983 -0.1909252 1.3085042 -0.0048895 0.7874710 0.2524574 0.5622551
1403636665.913555 1.2357907 -0.2189312 1.3480439 0.0029154 0.7934577 0.2456274 0.5568515
1403636666.213556 1.2646432 -0.2368988 1.3812326 0.0121661 0.7942925 0.2479707 0.5544925
1403636666.563555 1.2906080 -0.2478475 1.4193776 0.0169551 0.7897797 0.2545422 0.5578251
1403636666.963556 1.3123001 -0.2689857 1.4554031 0.0009777 0.7747619 0.2872065 0.5632544
1403636667.263556 1.3331302 -0.2758256 1.4756246 0.0018964 0.7868968 0.2491146 0.5645633
1403636667.613555 1.3555981 -0.2764801 1.5022757 -0.0069420 0.7822891 0.2590497 0.5664529
1403636667.963556 1.3783212 -0.2866923 1.5249416 0.0013314 0.7791501 0.2701528 0.5656332
1403636668.263556 1.4010863 -0.2862082 1.5417671 -0.0113301 0.7852826 0.2634268 0.5601868
1403636668.563555 1.4275486 -0.2791159 1.5605440 -0.0125367 0.7912235 0.2595351 0.5535790
1403636668.863556 1.4570712 -0.2709422 1.5822815 -0.0246621 0.8001245 0.2412721 0.5486168
1403636669.163556 1.4885794 -0.2779118 1.6086806 -0.0031398 0.8015637 0.2393342 0.5479096
1403636669.413555 1.5120978 -0.2843507 1.6363301 0.0003632 0.8024199 0.2391430 0.5467475
1403636669.663556 1.5320692 -0.2866627 1.6683692 0.0120211 0.8063117 0.2226185 0.5478668
1403636669.963556 1.5443258 -0.2986962 1.7110560 0.0527487 0.7923766 0.2525499 0.5527888
1403636670.313555 1.5372028 -0.3191223 1.7458692 0.0889422 0.7741155 0.2717900 0.5647696
1403636671.263556 1.3924347 -0.3277441 1.6568465 0.0864970 0.6269843 0.2358815 0.7374068
1403636671.663556 1.2981524 -0.3112889 1.5330958 -0.0309958 0.5843098 0.2011602 0.7855927
1403636672.063555 1.2303839 -0.2926299 1.4189187 -0.0825777 0.5720187 0.2102599 0.7885215
1403636672.513556 1.2088097 -0.2992036 1.3268471 -0.0713491 0.5970534 0.1538728 0.7840661
1403636673.413555 1.2062434 -0.2680912 1.2811916 -0.0652864 0.5285208 0.1684526 0.8294740
1403636675.363556 1.3312221 -0.2685605 1.4471607 -0.0525219 0.4786564 0.1416959 0.8648999
1403636675.813555 1.3845336 -0.2877363 1.5089372 -0.0069510 0.4449976 0.1025084 0.8896184
1403636677.363556 1.4859735 -0.3149203 1.7613050 -0.0031720 0.2379521 0.0349130 0.9706441
1403636677.663556 1.4905498 -0.3250409 1.8065202 0.0199195 0.1937744 0.0277531 0.9804512
1403636677.963556 1.4883931 -0.3400474 1.8364351 -0.0046947 0.1136887 0.0396048 0.9927156
1403636678.313555 1.4936247 -0.3514971 1.8658082 -0.0104665 0.0566867 -0.0063457 0.9983170
1403636678.613555 1.5001086 -0.3657233 1.8863430 -0.0134568 0.0018605 -0.0243216 0.9996119
1403636678.963556 1.5053126 -0.3785912 1.9079736 -0.0123727 -0.0643127 -0.0966411 0.9931623
1403636679.363556 1.4920125 -0.3801537 1.9301604 0.0009663 -0.1691902 -0.0858727 0.9818348
1403636679.613555 1.4823233 -0.3849302 1.9361506 -0.0034434 -0.2254367 -0.0979453 0.9693158
1403636679.863556 1.4760213 -0.3971199 1.9374237 0.0000567 -0.2468531 -0.1105457 0.9627270
1403636680.063555 1.4723269 -0.4115653 1.9342566 0.0136512 -0.2421068 -0.1325633 0.9610541
1403636680.363556 1.4637957 -0.4281706 1.9204700 0.0220412 -0.2302629 -0.1513791 0.9610294
1403636680.863556 1.4263771 -0.4240582 1.8750809 -0.0055009 -0.2280784 -0.1210546 0.9660723
1403636681.113555 1.4012852 -0.4114469 1.8497547 -0.0439838 -0.2300234 -0.1083145 0.9661380
1403636681.413555 1.3696997 -0.3976630 1.8263353 -0.0088079 -0.2298817 -0.1157792 0.9662670
1403636681.713556 1.3362539 -0.3907520 1.8002855 -0.0026185 -0.2339988 -0.1175365 0.9651025
1403636682.113555 1.2910278 -0.3800701 1.7610565 -0.0013923 -0.2416759 -0.1138414 0.9636550
1403636682.363556 1.2631726 -0.3763894 1.7318815 -0.0215677 -0.2424049 -0.1127055 0.9633650
1403636682.813555 1.2141161 -0.3598995 1.6873496 0.0009820 -0.2361910 -0.1091079 0.9655612
1403636683.163556 1.1771182 -0.3518371 1.6463122 0.0037174 -0.2313145 -0.1162769 0.9658983
1403636683.613555 1.1296308 -0.3255519 1.5900235 -0.0049051 -0.2398515 -0.1105581 0.9644812
1403636683.913555 1.0999119 -0.3045975 1.5526903 -0.0190879 -0.2435216 -0.1117775 0.9632438
1403636684.413555 1.0522773 -0.2959664 1.4874871 -0.0044223 -0.2535622 -0.1096604 0.9610730
1403636684.813555 1.0215597 -0.2795872 1.4387040 -0.0011991 -0.2593991 -0.1007261 0.9605024
1403636685.313555 0.9956826 -0.2507700 1.3768280 -0.0078880 -0.2444724 -0.1246051 0.9615844
1403636685.613555 0.9785531 -0.2397968 1.3350165 -0.0106799 -0.2411306 -0.1169197 0.9633648
1403636685.963556 0.9558369 -0.2150714 1.2893145 -0.0062396 -0.2392747 -0.1189278 0.9636207
1403636686.263556 0.9353845 -0.1965758 1.2491052 -0.0169123 -0.2424493 -0.1090116 0.9638718
1403636686.563555 0.9158084 -0.1857755 1.2102656 -0.0232537 -0.2424632 -0.1082668 0.9638201
1403636686.863556 0.8964770 -0.1705008 1.1778307 -0.0182177 -0.2445350 -0.1082474 0.9634071
1403636687.213556 0.8749169 -0.1641226 1.1416101 -0.0133053 -0.2475943 -0.1047270 0.9630951
1403636687.613555 0.8547012 -0.1502264 1.1058139 -0.0067173 -0.2501186 -0.1043275 0.9625546
1403636687.913555 0.8432083 -0.1270104 1.0835766 -0.0065897 -0.2519878 -0.1041374 0.9620884
1403636688.213556 0.8346364 -0.0990129 1.0625714 -0.0046543 -0.2484272 -0.1160906 0.9616576
1403636688.563555 0.8240356 -0.0729348 1.0344329 -0.0069614 -0.2479935 -0.1187194 0.9614346
1403636688.863556 0.8129401 -0.0451917 1.0106999 -0.0076176 -0.2497415 -0.1290367 0.9596461
1403636689.113555 0.7994791 -0.0292837 0.9868524 -0.0184103 -0.2693205 -0.1232804 0.9549500
1403636689.413555 0.7796142 -0.0224456 0.9582579 -0.0254537 -0.2843000 -0.1240811 0.9503313
1403636689.763556 0.7546112 -0.0295750 0.9289902 -0.0450795 -0.2909859 -0.1148265 0.9487413
1403636690.163556 0.7279637 -0.0365859 0.9169283 -0.0446126 -0.2874689 -0.1075985 0.9506807
1403636690.563555 0.7045831 -0.0528202 0.9249043 -0.0377964 -0.2842776 -0.1098285 0.9516803
1403636690.813555 0.6905310 -0.0599700 0.9390217 -0.0372863 -0.2966935 -0.0700016 0.9516735
1403636691.063555 0.6869450 -0.0604259 0.9630898 -0.0027173 -0.3062849 -0.0440131 0.9509180
1403636691.313555 0.7024079 -0.0686067 0.9870422 0.0307485 -0.2990908 -0.0765392 0.9506529
1403636691.813555 0.7667208 -0.1041045 1.0105962 -0.0045236 -0.2927862 -0.1266604 0.9477410
1403636692.363556 0.8403565 -0.1396814 1.0246732 -0.0034566 -0.2919204 -0.1225035 0.9485586
1403636692.713556 0.8847018 -0.1760717 1.0219915 -0.0072620 -0.2843079 -0.1309840 0.9497155
1403636693.113555 0.9248559 -0.2109122 1.0145097 -0.0141920 -0.2761560 -0.1497614 0.9492671
1403636693.563555 0.9488845 -0.2305517 1.0089322 -0.0536653 -0.2845412 -0.1350958 0.9475788
1403636694.063555 0.9536415 -0.2447264 1.0293657 -0.0114473 -0.2920467 -0.1242703 0.9482270
1403636695.013556 0.9555064 -0.2618600 1.0744239 -0.0195950 -0.2945732 -0.1069650 0.9494215
1403636695.813555 0.9670298 -0.2777195 1.1111674 -0.0082119 -0.2763283 -0.1267445 0.9526337
1403636699.163556 0.8486595 -0.2192287 1.0382568 -0.0178714 0.0378178 -0.0035707 0.9991184
1403636700.613555 0.8286439 -0.1674434 1.0083441 -0.0021244 0.2596247 0.0833118 0.9621069
1403636702.413555 0.9241472 -0.1153962 0.9704133 -0.0143693 0.3787609 0.1119441 0.9185871
1403636703.263556 0.9831820 -0.0588356 0.9955228 -0.0021617 0.3871442 0.1277641 0.9131216
1403636704.063555 1.0480425 -0.0585103 1.0075285 -0.0000485 0.3825954 0.1169009 0.9164906
1403636704.813555 1.1121345 -0.0515222 1.0227597 -0.0433752 0.3775630 0.1120830 0.9181515
1403636705.463556 1.1879194 -0.0529468 1.0799596 -0.0246419 0.3770061 0.0977638 0.9207070
1403636706.463556 1.3106005 -0.0732872 1.2052116 -0.0141617 0.3726500 0.0930880 0.9231825
1403636707.813555 1.4560342 -0.1651872 1.3815111 -0.0242490 0.3818940 0.1191839 0.9161682
1403636708.413555 1.5256510 -0.1812715 1.4876291 0.0037019 0.3678067 0.1245757 0.9215125
1403636708.963556 1.5943640 -0.1899671 1.5639125 0.0017731 0.3884357 0.0867530 0.9173813
1403636709.613555 1.6392804 -0.2121294 1.6375079 -0.0149875 0.3982683 0.0903348 0.9126869
1403636710.113555 1.6503875 -0.2273990 1.7044883 -0.0134375 0.3909318 0.0870948 0.9161912
1403636710.613555 1.6465579 -0.2346573 1.7799238 0.0040464 0.3461201 0.1121108 0.9314589
1403636711.113555 1.6415107 -0.2313056 1.8434039 -0.0064765 0.2820427 0.0510658 0.9580200
1403636711.563555 1.6262016 -0.2454421 1.8884631 0.0234916 0.2707693 0.0451900 0.9612960
1403636713.113555 1.4607359 -0.3115410 1.8930677 0.0155762 0.2095834 0.0347847 0.9770477
1403636713.613555 1.3909508 -0.3326690 1.8485363 0.0048637 0.2050003 0.0520169 0.9773666
1403636714.063555 1.3366657 -0.3410837 1.8010895 -0.0021875 0.2132038 0.0558769 0.9754061
1403636714.563555 1.2900877 -0.3277031 1.7491570 -0.0169390 0.2113997 0.0622443 0.9752686
1403636715.163556 1.2501302 -0.3216879 1.6940800 -0.0331343 0.1028884 0.0045847 0.9941303
1403636716.863556 1.2047453 -0.3025997 1.5833039 -0.0044458 0.0734942 0.0006046 0.9972855
1403636717.613555 1.1871859 -0.2812499 1.5114950 -0.0069847 -0.0152877 -0.0544187 0.9983767
1403636718.413555 1.1262209 -0.2485344 1.4318656 -0.0135293 -0.1097482 -0.0683633 0.9915134
1403636719.063555 1.0697170 -0.2008178 1.3813500 -0.0107512 -0.1662102 -0.0866028 0.9822212
1403636719.663556 1.0285457 -0.1706951 1.3331230 -0.0010759 -0.1631828 -0.0746879 0.9837642
1403636720.263556 1.0006741 -0.1466068 1.2782133 -0.0148791 -0.1517797 -0.0701416 0.9858102
1403636720.863556 0.9846891 -0.1234357 1.2353083 -0.0165757 -0.1471544 -0.0674757 0.9866701
1403636721.963556 0.9918326 -0.0949978 1.1760834 -0.0049363 -0.0357849 -0.0392192 0.9985775
1403636724.213556 0.9738268 -0.0457280 1.0144496 -0.0233823 0.0507189 -0.0068139 0.9984159
1403636727.763556 0.9262826 -0.1118350 0.8200640 -0.0026789 0.0974290 -0.0019419 0.9952370
1403636728.763556 0.8785146 -0.1287600 0.7490481 -0.0018291 0.0796473 0.0039992 0.9968134
1403636729.763556 0.8222638 -0.1112232 0.6635571 -0.0026043 0.0294431 -0.0216692 0.9993281
1403636730.713556 0.7626284 -0.0836218 0.5836594 -0.0335307 0.0260864 -0.0168783 0.9989546
1403636732.513556 0.7338507 -0.0466264 0.5373396 0.0049202 0.0324850 -0.0354916 0.9988297
1403636733.863556 0.6771575 -0.0419967 0.4190459 -0.0166131 0.0204238 -0.0240036 0.9993652
1403636734.663556 0.6246272 -0.0333043 0.3428463 -0.0175120 0.0158013 -0.0212708 0.9994954
1403636735.313555 0.5841115 -0.0155082 0.2957884 -0.0225451 0.0118874 -0.0165777 0.9995377
1403636737.213556 0.4866162 -0.0376045 0.2162146 -0.0047152 -0.0370791 -0.0415736 0.9984360
1403636737.963556 0.4408496 -0.0368459 0.1844852 -0.0234348 -0.0516471 -0.0245256 0.9980891
1403636739.713556 0.4580631 -0.0359178 0.1922545 -0.0071602 0.2322266 0.0589422 0.9708478
1403636740.263556 0.4811855 -0.0188095 0.1981903 -0.0092949 0.2445180 0.0495851 0.9683315
1403636741.113555 0.5094167 0.0308306 0.2085115 -0.0025315 0.2369203 0.0359082 0.9708620
1403636741.713556 0.5189060 0.0809036 0.2134913 -0.0241226 0.2536753 0.0740978 0.9641455
1403636743.163556 0.5487317 0.1326193 0.2465647 -0.0264532 0.2415636 0.0710717 0.9674172
1403636744.063555 0.5977137 0.1634660 0.3095070 -0.0036461 0.2756935 0.0682290 0.9588141
1403636744.713556 0.6332228 0.2283809 0.3716778 0.0163613 0.2878388 0.0958171 0.9527330
1403636745.313555 0.6654903 0.2890531 0.4053088 -0.0119908 0.2795416 0.0780932 0.9568773
1403636746.263556 0.6962128 0.2811230 0.4228475 0.0044353 0.3197615 0.0588130 0.9456606
1403636747.513556 0.6606593 0.2413461 0.4438359 -0.0081961 0.3056411 0.0736270 0.9492605
1403636748.813555 0.6446448 0.1558910 0.4831806 0.0014664 0.3152096 0.1006025 0.9436736
1403636754.963556 0.5021676 -0.0922988 0.3441152 0.0030095 -0.0398381 -0.0543980 0.9977198
1403636756.563555 0.3282101 -0.0661834 0.2271111 -0.0008761 -0.0584249 -0.0543402 0.9968114
1403636757.063555 0.2681206 -0.0568682 0.1836778 0.0010369 -0.0644616 -0.0516380 0.9965827
1403636757.563555 0.2102068 -0.0392685 0.1336843 -0.0115111 -0.0668653 -0.0635534 0.9956694
1403636758.013556 0.1527578 -0.0375992 0.0889262 -0.0305908 -0.0950547 -0.0675948 0.9927033
1403636758.513556 0.0877454 -0.0368242 0.0536129 -0.0325729 -0.1073145 -0.0488874 0.9924881
1403636759.263556 0.0207767 -0.0151841 0.0416255 -0.0085311 -0.1182637 -0.0121673 0.9928710
1403636759.813555 0.0118329 0.0112586 0.0401518 0.0002698 -0.1066745 -0.0588337 0.9925518
1403636760.163556 0.0112950 0.0197029 0.0321142 -0.0286897 -0.1051159 -0.0598659 0.9922417
1403636760.513556 0.0114184 0.0302694 0.0287520 -0.0021418 -0.1046280 -0.0610647 0.9926326
1403636760.863556 0.0111799 0.0431192 0.0240358 -0.0126089 -0.1023508 -0.0730365 0.9919834
1403636761.213556 0.0055472 0.0547310 0.0190430 -0.0398719 -0.1045664 -0.0707530 0.9911963
1403636761.563555 -0.0052747 0.0581171 0.0210094 -0.0143381 -0.1057970 -0.0665164 0.9920570
1403636761.863556 -0.0150948 0.0552047 0.0225998 -0.0082065 -0.1128746 -0.0397933 0.9927782
1403636762.163556 -0.0185445 0.0515512 0.0225054 -0.0042994 -0.0959863 -0.0827080 0.9919312
1403636762.513556 -0.0293011 0.0521841 0.0224854 -0.0362643 -0.1034507 -0.0541105 0.9924993
1403636762.863556 -0.0367304 0.0646837 0.0330637 0.0202381 -0.1140583 -0.0279985 0.9928732
1403636763.213556 -0.0296748 0.0674622 0.0296353 0.0101281 -0.0682284 -0.0109415 0.9975583
