1439804062.078224 -0.000007544 -0.001979107 0.037261572 -0.000085182 -0.000336042 0.000369652 0.999999881
1439804062.140726 -0.000091718 -0.004098604 0.074075751 0.000168547 -0.000633397 0.001323976 0.999998927
1439804062.203228 -0.000266158 -0.006187147 0.110628784 0.000709002 -0.000781627 0.002202520 0.999997020
1439804062.265729 -0.000551963 -0.008117122 0.147439048 0.001183027 -0.000893750 0.002850216 0.999994814
1439804062.328228 -0.000792938 -0.010199600 0.184611186 0.001444265 -0.001527184 0.003037121 0.999993145
1439804062.390730 -0.001195002 -0.012461152 0.221606478 0.001492518 -0.002218819 0.003578626 0.999990046
1439804062.453231 -0.001736269 -0.014742441 0.258139193 0.001231457 -0.003451643 0.004640285 0.999982536
1439804062.515733 -0.002335820 -0.016553760 0.294996440 0.000811945 -0.004550115 0.005170803 0.999975920
1439804062.578234 -0.002995867 -0.018659927 0.331744999 0.000092967 -0.005425107 0.005082574 0.999972343
1439804062.640736 -0.003621951 -0.020577263 0.368608534 -0.000628656 -0.005962939 0.005458951 0.999967098
1439804062.703240 -0.004235368 -0.022584699 0.405393898 -0.001414966 -0.005981200 0.005665822 0.999965072
1439804062.765739 -0.004739497 -0.024468662 0.441930771 -0.002085126 -0.005423927 0.005404241 0.999968529
1439804062.828240 -0.005103383 -0.026256386 0.478729635 -0.002748336 -0.004585214 0.005581192 0.999970138
1439804062.890746 -0.005517785 -0.028237227 0.515093863 -0.002916638 -0.003661012 0.005278795 0.999975085
1439804062.953243 -0.005779112 -0.029929059 0.551707506 -0.003525598 -0.003058565 0.006430433 0.999968410
1439804063.015745 -0.005654016 -0.031618141 0.588095844 -0.004793892 -0.002650725 0.009360435 0.999941170
1439804063.078246 -0.005898202 -0.033191942 0.624677539 -0.004777327 -0.002266444 0.010319199 0.999932766
1439804063.140747 -0.005769325 -0.035140157 0.660962641 -0.003908364 -0.002117402 0.011604004 0.999922752
1439804063.203249 -0.005991600 -0.037317827 0.697272122 -0.002174148 -0.001607771 0.010983194 0.999936044
1439804063.265750 -0.006204377 -0.039530184 0.733452499 0.000881542 -0.001269071 0.011257647 0.999935389
1439804063.328252 -0.006081561 -0.041608974 0.769624650 0.003408106 -0.001163140 0.011971707 0.999921858
1439804063.390754 -0.006282476 -0.043733634 0.806192458 0.003937635 -0.001019693 0.011685135 0.999923468
1439804063.453255 -0.006540001 -0.045690633 0.843271196 0.002751325 -0.000954272 0.011492256 0.999929726
1439804063.515756 -0.006679023 -0.047782484 0.880544305 0.000493745 -0.000745869 0.010983468 0.999939263
1439804063.578258 -0.006925154 -0.049869023 0.918102086 -0.001822611 -0.000549566 0.011315977 0.999934137
1439804063.640759 -0.006903071 -0.051894117 0.955105305 -0.003014221 -0.000568760 0.012396794 0.999918461
1439804063.703260 -0.007016892 -0.053926706 0.992256820 -0.003115229 -0.000452016 0.013023281 0.999910235
1439804063.765762 -0.006839999 -0.055909500 1.029484868 -0.002541513 -0.000473808 0.013349683 0.999907553
1439804063.828262 -0.007111711 -0.057685554 1.065935016 -0.001755802 -0.000338225 0.013761824 0.999903738
1439804063.890765 -0.007427615 -0.059681728 1.102651834 -0.001262163 -0.000434295 0.014199818 0.999898314
1439804063.953266 -0.007402983 -0.061650988 1.140167475 -0.001055267 -0.000853319 0.015039477 0.999885976
1439804064.015766 -0.007711041 -0.063675970 1.177361250 -0.001163115 -0.001391873 0.015546887 0.999877512
1439804064.078266 -0.008174848 -0.065422684 1.215568662 -0.001191324 -0.002134374 0.015650582 0.999874532
1439804064.140767 -0.008364646 -0.067356586 1.251932502 -0.001302671 -0.002617434 0.016165724 0.999865055
1439804064.203267 -0.008624093 -0.069241121 1.289062500 -0.001104006 -0.003365510 0.016506407 0.999857485
1439804064.265768 -0.009321550 -0.071168259 1.326901913 -0.001010591 -0.003793608 0.016734099 0.999852240
1439804064.328270 -0.009695065 -0.073050596 1.364452243 -0.001060115 -0.004564176 0.016350560 0.999855340
1439804064.390769 -0.010295939 -0.074854560 1.402005553 -0.001106144 -0.005137011 0.016132064 0.999856055
1439804064.453270 -0.010754250 -0.076762117 1.439471006 -0.001202525 -0.005970391 0.016444266 0.999846220
1439804064.515771 -0.011779028 -0.078375153 1.477252722 -0.001487867 -0.006720154 0.016825115 0.999834716
1439804064.578271 -0.012319326 -0.080702305 1.515252113 -0.001827232 -0.007517032 0.017204439 0.999822080
1439804064.640772 -0.013210680 -0.082414553 1.552368999 -0.001658548 -0.008278309 0.017382517 0.999813259
1439804064.703274 -0.013965027 -0.084701136 1.590588808 -0.002029697 -0.009120852 0.017789796 0.999798059
1439804064.765776 -0.015167834 -0.086503685 1.628278613 -0.002041565 -0.009892580 0.017612103 0.999793887
1439804064.828276 -0.015793173 -0.088763103 1.665557027 -0.002265369 -0.011195340 0.017928021 0.999774039
1439804064.890778 -0.017038669 -0.090746872 1.703154206 -0.002270485 -0.012203311 0.017931486 0.999762177
1439804064.953283 -0.017692279 -0.092718378 1.741090417 -0.001926695 -0.013751066 0.017843481 0.999744356
1439804065.015780 -0.019643145 -0.094821408 1.778517008 -0.001489970 -0.014185979 0.017849278 0.999738932
1439804065.078285 -0.021061234 -0.096781954 1.816430569 -0.000739415 -0.014594019 0.017302847 0.999743521
1439804065.140787 -0.022434261 -0.098820351 1.853753567 -0.000057991 -0.014675668 0.016150281 0.999761879
1439804065.203286 -0.023598686 -0.100958116 1.891252041 0.000766307 -0.014623729 0.015543463 0.999771953
1439804065.265786 -0.025234072 -0.103140779 1.929536223 0.001160465 -0.014455813 0.015432074 0.999775708
1439804065.328288 -0.026246879 -0.105291411 1.967298627 0.001242686 -0.014751854 0.015277931 0.999773681
1439804065.390790 -0.027879590 -0.107331239 2.005409718 0.000797544 -0.014724137 0.015947219 0.999764085
1439804065.453292 -0.028651573 -0.109099530 2.043370485 -0.000018162 -0.015163898 0.017341582 0.999734640
1439804065.515795 -0.029538441 -0.111197442 2.081523180 -0.001068762 -0.015578079 0.018835576 0.999700665
1439804065.578293 -0.031053659 -0.113727354 2.119875193 -0.001787812 -0.015643908 0.018887231 0.999697626
1439804065.640795 -0.032573134 -0.115643017 2.157995939 -0.001468434 -0.015769336 0.017417964 0.999722838
1439804065.703300 -0.034338139 -0.117674775 2.196210623 -0.000745156 -0.015846057 0.016848896 0.999732196
1439804065.765804 -0.035534084 -0.119852103 2.234417439 -0.000362677 -0.016351404 0.016940102 0.999722719
1439804065.828298 -0.037180550 -0.121840231 2.272446871 -0.000274536 -0.016620921 0.016398514 0.999727368
1439804065.890797 -0.038627457 -0.123802833 2.310904741 -0.001204721 -0.016721832 0.015660148 0.999736786
1439804065.953305 -0.040135279 -0.125500575 2.349630594 -0.001990881 -0.016837658 0.015296455 0.999739230
1439804066.015799 -0.041385978 -0.127528667 2.388015747 -0.002650991 -0.016874187 0.015466565 0.999734461
1439804066.078300 -0.043081068 -0.129437611 2.426902533 -0.002588068 -0.016938567 0.016022362 0.999724805
1439804066.140806 -0.044181988 -0.131413579 2.465335846 -0.002395265 -0.017263710 0.016342198 0.999714494
1439804066.203304 -0.045963101 -0.133289352 2.504065990 -0.002077188 -0.017319204 0.016077882 0.999718547
1439804066.265804 -0.047358051 -0.135354698 2.542870998 -0.001711605 -0.017514477 0.016205879 0.999713778
1439804066.328306 -0.048793051 -0.137323380 2.581475973 -0.001653965 -0.017811900 0.015982870 0.999712229
1439804066.390807 -0.050487697 -0.139198855 2.620664358 -0.001622123 -0.017981730 0.015334811 0.999719381
1439804066.453308 -0.051982339 -0.141155705 2.659986258 -0.001340689 -0.018164009 0.015507319 0.999713838
1439804066.515811 -0.053524248 -0.143338978 2.698990345 -0.001072881 -0.018256586 0.015078851 0.999719024
1439804066.578311 -0.055082314 -0.145390332 2.738128901 -0.000744640 -0.018261494 0.014480741 0.999728143
1439804066.640813 -0.056612197 -0.147570968 2.776988506 -0.000571179 -0.018099878 0.013872799 0.999739766
1439804066.703315 -0.057858955 -0.149629340 2.816255569 -0.000291785 -0.018222049 0.014909640 0.999722719
1439804066.765814 -0.059196971 -0.151663467 2.855520725 -0.000073883 -0.018518431 0.015625415 0.999706388
1439804066.828316 -0.060837999 -0.154071137 2.894409895 -0.000061938 -0.018811457 0.016435053 0.999687970
1439804066.890822 -0.062624618 -0.156258300 2.933961868 0.000187505 -0.019008044 0.017042562 0.999674082
1439804066.953317 -0.063888997 -0.158553377 2.973566055 0.000209855 -0.019355055 0.017626397 0.999657273
1439804067.015820 -0.066090196 -0.160940036 3.012169123 -0.000291408 -0.019642532 0.017913472 0.999646544
1439804067.078321 -0.068116903 -0.162945554 3.051589489 -0.000510659 -0.019788446 0.017651020 0.999648213
1439804067.140821 -0.070046552 -0.164994493 3.090934753 -0.000950611 -0.020002335 0.016952630 0.999655724
1439804067.203321 -0.071358547 -0.167078853 3.131049395 -0.001001853 -0.020288065 0.017028017 0.999648690
1439804067.265824 -0.072470680 -0.169567749 3.170364141 -0.000702503 -0.020797968 0.017363243 0.999632657
1439804067.328326 -0.074737877 -0.171667576 3.209333897 -0.000329756 -0.020782882 0.017530151 0.999630272
1439804067.390825 -0.076272398 -0.173866332 3.248961687 0.000017707 -0.021045379 0.017324891 0.999628365
1439804067.453328 -0.077949673 -0.175622165 3.288904428 0.000276662 -0.021382833 0.017000040 0.999626815
1439804067.515828 -0.079642750 -0.177764505 3.328027248 0.000062733 -0.021645486 0.017580656 0.999611080
1439804067.578330 -0.081633538 -0.180388004 3.367492914 -0.000256645 -0.021799622 0.017753186 0.999604702
1439804067.640830 -0.083260022 -0.182554051 3.406804085 -0.000373181 -0.022241354 0.017925603 0.999591827
1439804067.703331 -0.085286789 -0.184735849 3.446403027 -0.000060306 -0.022297941 0.017700301 0.999594688
1439804067.765833 -0.087202147 -0.186981559 3.485198259 -0.000034119 -0.022362033 0.017447285 0.999597669
1439804067.828334 -0.089292847 -0.188973054 3.524796963 -0.000260163 -0.022580422 0.017484782 0.999592066
1439804067.890834 -0.091428399 -0.190990880 3.564239502 -0.000176731 -0.022846533 0.016764622 0.999598384
1439804067.953337 -0.093507469 -0.193463519 3.603562593 -0.000573648 -0.023456667 0.015553359 0.999603689
1439804068.015838 -0.095830120 -0.195755288 3.643014431 -0.000306734 -0.024216464 0.013983794 0.999608874
1439804068.078339 -0.098153494 -0.197879106 3.682225704 0.000265339 -0.024782460 0.013246872 0.999605060
1439804068.140839 -0.100504830 -0.200085938 3.721788168 0.000852661 -0.025506297 0.012698626 0.999593616
1439804068.203344 -0.102726877 -0.202523232 3.761075735 0.001170324 -0.026174244 0.011594716 0.999589443
1439804068.265844 -0.105134524 -0.204752222 3.800561666 0.001102388 -0.026485538 0.010346112 0.999595046
1439804068.328343 -0.107516244 -0.206999958 3.840394497 0.000415277 -0.026779452 0.010258898 0.999588668
1439804068.390849 -0.110217378 -0.208920926 3.880227804 0.000124967 -0.026778121 0.010413004 0.999587178
1439804068.453346 -0.112449609 -0.211574495 3.919883013 -0.000297532 -0.027054811 0.010586424 0.999577820
1439804068.515847 -0.114760466 -0.213932425 3.959327221 -0.000481748 -0.027311262 0.011265056 0.999563396
1439804068.578348 -0.117217474 -0.216240749 3.998957872 -0.000232358 -0.027802574 0.012016452 0.999541163
1439804068.640851 -0.119335592 -0.218333617 4.038461685 0.000227601 -0.028825777 0.013696343 0.999490559
1439804068.703350 -0.121702574 -0.220550671 4.078098774 0.000160012 -0.029742753 0.014420129 0.999453545
1439804068.765852 -0.124699034 -0.223018169 4.117311001 -0.000101980 -0.030308126 0.013801312 0.999445319
1439804068.828353 -0.127429381 -0.225494429 4.156896114 -0.000220282 -0.030833283 0.012833740 0.999442101
1439804068.890854 -0.130212978 -0.227929413 4.196342945 -0.000111349 -0.031426247 0.012288838 0.999430537
1439804068.953355 -0.133335471 -0.229895800 4.235936165 0.000443886 -0.032068763 0.011181912 0.999423027
1439804069.015856 -0.136107415 -0.232063726 4.275465012 0.000677500 -0.032772861 0.009789653 0.999414682
1439804069.078362 -0.139147013 -0.234177917 4.315080643 0.000268689 -0.033174232 0.008578666 0.999412715
1439804069.140862 -0.141851231 -0.236403421 4.354679108 -0.000074608 -0.033791125 0.008061974 0.999396384
1439804069.203362 -0.144360811 -0.238546759 4.393471718 -0.000023884 -0.034165006 0.007690415 0.999386609
1439804069.265865 -0.147560000 -0.240885973 4.432608128 0.000689686 -0.034301404 0.007292408 0.999384701
1439804069.328363 -0.150473475 -0.243227929 4.471779346 0.001744734 -0.034569111 0.006859072 0.999377251
1439804069.390865 -0.153050125 -0.245982707 4.510641575 0.002464542 -0.034827128 0.006394475 0.999369860
1439804069.453367 -0.156132907 -0.248130709 4.549968719 0.003252033 -0.034622878 0.006425591 0.999374509
1439804069.515870 -0.158759773 -0.250491798 4.589071751 0.003257352 -0.034627538 0.006562604 0.999373436
1439804069.578370 -0.161748797 -0.252865791 4.628268719 0.002870871 -0.034419943 0.005692458 0.999387085
1439804069.640875 -0.164737016 -0.255081117 4.667376995 0.002102479 -0.034109358 0.004722111 0.999404728
1439804069.703373 -0.167699054 -0.257252783 4.706418514 0.001073278 -0.033704042 0.004220549 0.999422371
1439804069.765878 -0.170589387 -0.259372652 4.745424271 0.000047788 -0.033504490 0.003416051 0.999432743
1439804069.828375 -0.173402265 -0.261490047 4.784276962 -0.000455209 -0.033279713 0.003141455 0.999441028
1439804069.890882 -0.176219732 -0.263936698 4.823105335 -0.000416893 -0.033076797 0.002741530 0.999448955
1439804069.953380 -0.179049015 -0.266249090 4.861621380 -0.000027007 -0.032817136 0.001795130 0.999459743
1439804070.015881 -0.181986839 -0.268731087 4.900051594 0.000338213 -0.032625210 0.001180162 0.999466896
1439804070.078385 -0.185024589 -0.270694226 4.938620090 0.000956055 -0.032261353 0.000662035 0.999478757
1439804070.140884 -0.187763155 -0.272691071 4.977092266 0.001080994 -0.031952254 0.000498595 0.999488711
1439804070.203386 -0.190452516 -0.274761647 5.015912533 0.000717707 -0.031641725 0.000587445 0.999498844
1439804070.265885 -0.193242133 -0.276957005 5.054582596 0.000440588 -0.031169942 0.000849567 0.999513626
1439804070.328384 -0.195703715 -0.279339343 5.093022823 0.000010517 -0.030823579 0.000941587 0.999524415
1439804070.390887 -0.198342741 -0.281373322 5.131743431 -0.000008937 -0.030593568 0.000455730 0.999531806
1439804070.453386 -0.200803071 -0.283679456 5.170063019 -0.000035816 -0.030371433 0.000384342 0.999538600
1439804070.515888 -0.203352749 -0.285718650 5.208686829 -0.000042086 -0.030361732 0.000783265 0.999538660
1439804070.578389 -0.205951065 -0.287711889 5.247232437 0.000126944 -0.030238338 0.000633163 0.999542475
1439804070.640887 -0.208344564 -0.290048331 5.285212040 0.000108846 -0.029968048 0.001046630 0.999550283
1439804070.703388 -0.210342407 -0.292047709 5.322585583 0.000178097 -0.029903686 0.002065071 0.999550641
1439804070.765892 -0.212850094 -0.294089973 5.360871315 0.000527570 -0.029526405 0.001839050 0.999562144
