1439803654.758235 0.000039503 -0.001765754 0.030691016 0.000223274 0.000642060 0.000790385 0.999999464
1439803654.820738 0.000089500 -0.003523610 0.061060935 0.000620585 0.001045585 0.000540433 0.999999106
1439803654.883238 0.000201753 -0.005181940 0.091697358 0.001084382 0.001176690 0.001141159 0.999998033
1439803654.945742 0.000421475 -0.006920606 0.122447364 0.001337431 0.001304818 0.002846308 0.999994218
1439803655.008245 0.000757811 -0.008587331 0.153273314 0.001367325 0.001512722 0.004028448 0.999989808
1439803655.070740 0.000636838 -0.010330398 0.184866220 0.001265626 0.002007569 0.004347500 0.999987721
1439803655.133243 0.001023812 -0.012305335 0.215169653 0.001141459 0.002234471 0.004854741 0.999985039
1439803655.195743 0.001279041 -0.014000001 0.246853873 0.001578112 0.002263110 0.006280411 0.999976456
1439803655.258243 0.001229281 -0.016128652 0.278286189 0.001567375 0.002429830 0.005773534 0.999979138
1439803655.320745 0.001017079 -0.017816119 0.308808029 0.000923142 0.002648161 0.004393084 0.999986410
1439803655.383245 0.000831480 -0.019423302 0.340329379 0.000183547 0.002754774 0.004268716 0.999987066
1439803655.445747 0.000755241 -0.020886889 0.372262299 -0.000161332 0.002668413 0.004768812 0.999985039
1439803655.508249 0.000787533 -0.022685057 0.403301030 -0.000664026 0.002408320 0.004969882 0.999984503
1439803655.570750 0.000915293 -0.024269322 0.434899181 -0.001252413 0.001887416 0.005344601 0.999983132
1439803655.633252 0.001029644 -0.026005646 0.466155857 -0.001858206 0.001427358 0.006414783 0.999976695
1439803655.695752 0.001080310 -0.027894951 0.498060793 -0.002132173 0.001213966 0.006665794 0.999974728
1439803655.758254 0.000989640 -0.029698584 0.529370964 -0.001232426 0.001270842 0.006527707 0.999977112
1439803655.820755 0.000761600 -0.031637557 0.560270011 -0.000148922 0.001426000 0.006608117 0.999977112
1439803655.883257 0.000573822 -0.033405904 0.591567934 0.000200695 0.001276533 0.006332511 0.999979079
1439803655.945758 0.000294499 -0.035018731 0.622685611 0.000003957 0.001011433 0.005381358 0.999984980
1439803656.008259 -0.000261426 -0.036474925 0.654180646 -0.000264787 0.000915366 0.004151919 0.999990940
1439803656.070763 -0.000307854 -0.038167216 0.685047746 -0.000511926 0.000869032 0.003942217 0.999991715
1439803656.133264 -0.000418814 -0.039914086 0.716005623 -0.000755442 0.001137574 0.003722380 0.999992132
1439803656.195764 -0.000393714 -0.041550603 0.747659326 -0.001354226 0.001398689 0.004319333 0.999988794
1439803656.258266 -0.000103907 -0.043506060 0.778237224 -0.002308183 0.001649331 0.005641441 0.999980032
1439803656.320766 0.000106455 -0.045180850 0.809278607 -0.003008892 0.002007998 0.005759283 0.999976873
1439803656.383267 0.000251670 -0.046665706 0.840483606 -0.003510509 0.002627198 0.005257570 0.999976575
1439803656.445773 0.000317609 -0.048249695 0.871015549 -0.004033763 0.003732352 0.004356667 0.999975383
1439803656.508269 0.000416597 -0.049371582 0.902016044 -0.004931910 0.004722445 0.004392744 0.999967039
1439803656.570769 0.000580498 -0.050790381 0.932993948 -0.005462702 0.005514666 0.004420533 0.999960065
1439803656.633274 0.001223236 -0.052441768 0.963038146 -0.004691731 0.006103289 0.004264550 0.999961257
1439803656.695771 0.001833087 -0.054207116 0.993124485 -0.003704917 0.007047558 0.004849464 0.999956548
1439803656.758270 0.002758717 -0.055924382 1.023618221 -0.003112095 0.008433450 0.006173705 0.999940515
1439803656.820772 0.003701633 -0.057816304 1.053318620 -0.002285408 0.010007648 0.007062010 0.999922335
1439803656.883272 0.004618745 -0.059363924 1.083471179 -0.001388168 0.011655511 0.007965277 0.999899387
1439803656.945774 0.005733231 -0.060892347 1.113270402 0.000230414 0.013078536 0.007939733 0.999882936
1439803657.008275 0.006676914 -0.062344510 1.143454313 0.000824414 0.014797941 0.007600575 0.999861300
1439803657.070777 0.007807821 -0.064096123 1.173067093 0.000651146 0.016827727 0.007235921 0.999831975
1439803657.133277 0.008751810 -0.065738395 1.203087449 -0.000083614 0.018949194 0.005662580 0.999804437
1439803657.195778 0.010162398 -0.067343719 1.232766509 -0.001153591 0.020399055 0.005003746 0.999778748
1439803657.258278 0.011901334 -0.068955928 1.262507915 -0.001953399 0.021724591 0.005572733 0.999746561
1439803657.320781 0.013804965 -0.070617601 1.291738272 -0.002219005 0.022983631 0.007564232 0.999704778
1439803657.383281 0.015810020 -0.072364032 1.320834041 -0.002179304 0.024611760 0.009490041 0.999649644
1439803657.445782 0.018194608 -0.073854767 1.350371480 -0.002233295 0.026239146 0.011252477 0.999589860
1439803657.508282 0.020652220 -0.075450405 1.379564404 -0.002850948 0.027711317 0.012814081 0.999529779
1439803657.570784 0.022366833 -0.076705627 1.409060478 -0.003981845 0.029479301 0.012655950 0.999477327
1439803657.633285 0.024038754 -0.078257576 1.438259959 -0.005046966 0.031474281 0.011182077 0.999429286
1439803657.695786 0.025760241 -0.078924589 1.467653394 -0.006025354 0.033061355 0.009567041 0.999389350
1439803657.758287 0.027648635 -0.079872176 1.496762276 -0.007250639 0.034621701 0.008579805 0.999337375
1439803657.820788 0.029696859 -0.081251994 1.526099682 -0.008543171 0.036004297 0.008095714 0.999282300
1439803657.883290 0.031941175 -0.082176432 1.555257559 -0.009614954 0.037005316 0.009142109 0.999226987
1439803657.945791 0.035410903 -0.083618864 1.584451914 -0.009788979 0.037785389 0.012848258 0.999155343
1439803658.008292 0.038589567 -0.085293256 1.613190889 -0.009322274 0.038699485 0.016658856 0.999068558
1439803658.070794 0.041712746 -0.086545281 1.642051458 -0.008179481 0.039512046 0.018756548 0.999009550
1439803658.133294 0.044159427 -0.088106498 1.670698047 -0.006942215 0.040417165 0.018706271 0.998983681
1439803658.195794 0.046337120 -0.089188859 1.699998140 -0.005488711 0.041308586 0.017413927 0.998979628
1439803658.258296 0.048118874 -0.090417758 1.728837848 -0.004571690 0.042265605 0.015097494 0.998981893
1439803658.320800 0.050074860 -0.091413289 1.758386850 -0.003224172 0.043473218 0.012677901 0.998968959
1439803658.383299 0.052335434 -0.092857167 1.787844777 -0.002273323 0.044186432 0.011951393 0.998949230
1439803658.445803 0.054926075 -0.094346240 1.816967010 -0.001797125 0.044083741 0.012834920 0.998943746
1439803658.508300 0.057912812 -0.095915027 1.846119165 -0.001524064 0.043470349 0.014820535 0.998943627
1439803658.570801 0.060919702 -0.097721502 1.875657439 -0.001621973 0.042817313 0.017415626 0.998929799
1439803658.633304 0.063735746 -0.099109031 1.905311346 -0.001831550 0.041966155 0.019710658 0.998922884
1439803658.695804 0.066014096 -0.100829393 1.934841394 -0.002276393 0.040960390 0.020316575 0.998951614
1439803658.758305 0.067816660 -0.102054633 1.964545846 -0.002610072 0.039581619 0.019551266 0.999021649
1439803658.820807 0.069189526 -0.103454880 1.994334340 -0.002951134 0.037906777 0.017920041 0.999116242
1439803658.883306 0.070452176 -0.104917377 2.023858547 -0.003486315 0.036101341 0.016443733 0.999206781
1439803658.945807 0.071490511 -0.106263600 2.053989887 -0.004268065 0.034293588 0.014868272 0.999292076
1439803659.008309 0.072656490 -0.107809477 2.083655596 -0.005328226 0.032233410 0.014560829 0.999360085
1439803659.070811 0.074159175 -0.108955249 2.114051104 -0.006090638 0.029790767 0.015676687 0.999414682
1439803659.133312 0.075542964 -0.110105038 2.144237757 -0.006417978 0.027150435 0.017227460 0.999462306
1439803659.195813 0.076822668 -0.111538917 2.174300432 -0.006623095 0.024223223 0.019385699 0.999496698
1439803659.258315 0.077641062 -0.112954646 2.204354763 -0.006925558 0.021170005 0.020374652 0.999544263
1439803659.320819 0.077776492 -0.114276111 2.234570026 -0.007292217 0.018028356 0.019873252 0.999613345
1439803659.383319 0.077677958 -0.115501724 2.264649391 -0.007637283 0.014677039 0.018612294 0.999689877
1439803659.445818 0.077234425 -0.116947144 2.294966936 -0.007173247 0.011147934 0.017943053 0.999751091
1439803659.508320 0.076662943 -0.118376777 2.324671507 -0.006178387 0.007329954 0.018056635 0.999790967
1439803659.570821 0.076169603 -0.119977407 2.355092764 -0.005141215 0.003406771 0.018657805 0.999806881
1439803659.633322 0.075480111 -0.121409081 2.385214329 -0.004042355 -0.000463296 0.019207302 0.999807239
1439803659.695824 0.074559867 -0.123115480 2.415962458 -0.003503175 -0.004228939 0.020201711 0.999780834
1439803659.758325 0.073272988 -0.124634460 2.446380138 -0.003268034 -0.007974767 0.020842401 0.999745607
1439803659.820829 0.071528763 -0.126046911 2.476794720 -0.002982802 -0.011751303 0.020989329 0.999706209
1439803659.883329 0.070043564 -0.127409220 2.507520914 -0.003315874 -0.015981475 0.021509230 0.999635398
1439803659.945828 0.067498900 -0.128945231 2.537684441 -0.003644780 -0.020141479 0.021678852 0.999555409
1439803660.008335 0.064883187 -0.130687416 2.568019390 -0.003654524 -0.024393823 0.021247858 0.999469936
1439803660.070831 0.062370077 -0.132369846 2.598544121 -0.003626044 -0.028791521 0.020149728 0.999375761
1439803660.133333 0.059353188 -0.133984640 2.628779888 -0.003593677 -0.032693725 0.019894809 0.999260962
1439803660.195834 0.055947587 -0.135648221 2.659233093 -0.003382755 -0.036261532 0.019028503 0.999155462
1439803660.258335 0.052666873 -0.137210995 2.689592600 -0.002859290 -0.039688513 0.018084876 0.999044359
1439803660.320838 0.049215883 -0.138668552 2.720055103 -0.002293496 -0.042665429 0.017704749 0.998929858
1439803660.383338 0.045594752 -0.140138507 2.750517845 -0.002003849 -0.045224696 0.016910842 0.998831689
1439803660.445839 0.041930228 -0.141539350 2.781106710 -0.002277550 -0.047474105 0.016227828 0.998738050
1439803660.508342 0.038362533 -0.143203050 2.811601877 -0.003123548 -0.049355574 0.015571252 0.998655021
1439803660.570842 0.034634829 -0.144879565 2.842132568 -0.003243391 -0.050891172 0.015865387 0.998572886
1439803660.633343 0.031399637 -0.146587297 2.872931242 -0.003428912 -0.052434281 0.016426379 0.998483360
1439803660.695844 0.027766824 -0.148206487 2.903395414 -0.003464989 -0.053827967 0.016519755 0.998407543
1439803660.758346 0.024106234 -0.149867252 2.934386969 -0.003487193 -0.055118147 0.016758628 0.998333097
1439803660.820846 0.020320207 -0.151291057 2.965326548 -0.003544499 -0.056198727 0.016727140 0.998273134
1439803660.883348 0.016142875 -0.152897075 2.996333361 -0.003630199 -0.056886807 0.015194237 0.998258412
1439803660.945850 0.012072444 -0.154509991 3.027063608 -0.003141861 -0.057338338 0.013065626 0.998264372
1439803661.008352 0.007496953 -0.156238601 3.058268785 -0.003183472 -0.057476394 0.010888564 0.998282373
1439803661.070853 0.003460556 -0.157620728 3.089392662 -0.003498174 -0.057452589 0.009313854 0.998298645
1439803661.133354 -0.000445724 -0.159062549 3.121011019 -0.004188240 -0.057086203 0.007803700 0.998329937
1439803661.195854 -0.004238814 -0.160474628 3.152606487 -0.004914414 -0.056386597 0.007295206 0.998370230
1439803661.258356 -0.007603198 -0.162108675 3.184377909 -0.005473816 -0.055855595 0.008003407 0.998391807
1439803661.320857 -0.011231601 -0.163781285 3.215754032 -0.005113760 -0.055168081 0.008455378 0.998428166
1439803661.383360 -0.014285922 -0.165417999 3.247660160 -0.004472939 -0.054568533 0.008653908 0.998462498
1439803661.445862 -0.017977208 -0.167033032 3.279556990 -0.004343305 -0.053625617 0.007851983 0.998520792
1439803661.508361 -0.021701515 -0.168412000 3.311702013 -0.004102807 -0.052489441 0.005894963 0.998595655
1439803661.570863 -0.025074840 -0.169825882 3.343701124 -0.003512155 -0.051203657 0.004531523 0.998671770
1439803661.633364 -0.028652459 -0.171285018 3.375832081 -0.003079093 -0.049430989 0.003032173 0.998768210
1439803661.695865 -0.031769007 -0.172932431 3.408210516 -0.002945309 -0.047631919 0.001991587 0.998858631
1439803661.758367 -0.034694552 -0.174887627 3.440492392 -0.002829933 -0.045721568 0.002532203 0.998947024
1439803661.820868 -0.037145942 -0.176537037 3.472898483 -0.002170395 -0.043774229 0.003830273 0.999031723
1439803661.883369 -0.039219528 -0.178138912 3.505585432 -0.001289632 -0.041774705 0.004715621 0.999115109
1439803661.945870 -0.041342258 -0.180319324 3.538332462 -0.001052348 -0.039552059 0.005682819 0.999200761
1439803662.008372 -0.043449968 -0.181997404 3.571341276 -0.000666353 -0.037352096 0.006555625 0.999280453
1439803662.070873 -0.045442551 -0.183756545 3.604372501 -0.000170580 -0.035322241 0.006262936 0.999356389
1439803662.133374 -0.047385588 -0.185604170 3.637207985 0.000065799 -0.033160198 0.006067549 0.999431610
1439803662.195875 -0.049196899 -0.187271401 3.670738220 -0.000103592 -0.031124450 0.005960381 0.999497771
1439803662.258377 -0.050926790 -0.189203382 3.703840017 -0.000616345 -0.029081238 0.005581469 0.999561310
1439803662.320878 -0.052550778 -0.191102400 3.737420082 -0.000991069 -0.026908586 0.005396313 0.999622822
1439803662.383380 -0.053853780 -0.192726597 3.770656586 -0.001078270 -0.024727004 0.005346064 0.999679387
1439803662.445881 -0.055034257 -0.194588780 3.804391146 -0.001323997 -0.022578573 0.005690875 0.999727964
1439803662.508382 -0.056397378 -0.196312860 3.838237286 -0.001895311 -0.020413386 0.005632892 0.999773979
1439803662.570886 -0.057043053 -0.197953194 3.872019053 -0.002395479 -0.018441023 0.005869550 0.999809861
1439803662.633385 -0.057611994 -0.199548990 3.905854940 -0.002868429 -0.016443649 0.005555891 0.999845266
1439803662.695885 -0.058742937 -0.201239631 3.939938068 -0.003617487 -0.014067810 0.005157026 0.999881208
1439803662.758385 -0.059398271 -0.202640504 3.973961353 -0.004836707 -0.011799640 0.004817623 0.999907076
1439803662.820886 -0.059977628 -0.204173908 4.008572102 -0.005951273 -0.009724514 0.004361412 0.999925494
1439803662.883386 -0.060471773 -0.205612555 4.042869091 -0.006312568 -0.007700141 0.003874366 0.999942899
1439803662.945887 -0.060718499 -0.207225963 4.077322006 -0.006177718 -0.005847189 0.003038059 0.999959171
1439803663.008388 -0.060906269 -0.208882987 4.111728191 -0.005669786 -0.004023108 0.002581256 0.999972522
1439803663.070888 -0.061069623 -0.210349098 4.146303177 -0.005122775 -0.002282102 0.002300298 0.999981642
1439803663.133389 -0.060743310 -0.211923763 4.180625439 -0.004290639 -0.000718189 0.002597860 0.999987185
1439803663.195889 -0.060577057 -0.213512480 4.215562820 -0.004048662 0.000670071 0.002378745 0.999988735
1439803663.258390 -0.060403723 -0.214825422 4.250155926 -0.004226185 0.001942716 0.002399568 0.999986291
1439803663.320890 -0.060338393 -0.216740012 4.285255909 -0.004095882 0.002950029 0.002262101 0.999984682
1439803663.383391 -0.060052648 -0.218077838 4.320120811 -0.003598193 0.003636243 0.002408639 0.999984026
1439803663.445891 -0.059888203 -0.220187813 4.355430126 -0.003380308 0.004158788 0.002521668 0.999982417
1439803663.508391 -0.059654079 -0.222086295 4.390667915 -0.003203971 0.004540374 0.002756284 0.999980748
1439803663.570893 -0.059412003 -0.223967791 4.425904274 -0.002760970 0.005186616 0.002418880 0.999979794
1439803663.633393 -0.059053145 -0.225692481 4.460989475 -0.002035825 0.005753046 0.001686074 0.999979973
1439803663.695893 -0.059316497 -0.227401406 4.496771812 -0.002391625 0.006357354 0.000871698 0.999976516
1439803663.758394 -0.059153065 -0.228966758 4.532724857 -0.003339936 0.006620325 0.000170815 0.999972463
1439803663.820895 -0.058848556 -0.230733842 4.568196297 -0.004126098 0.006726369 0.000554433 0.999968708
1439803663.883395 -0.058487087 -0.232175887 4.603882313 -0.004404914 0.006723759 0.000643528 0.999967456
1439803663.945896 -0.058243155 -0.234476656 4.640088081 -0.004327164 0.006773511 0.000694960 0.999967456
1439803664.008397 -0.057751223 -0.236292511 4.675436497 -0.003983962 0.006907018 0.000971201 0.999967754
1439803664.070912 -0.057496503 -0.238419190 4.711459637 -0.003154262 0.007143585 0.000179828 0.999969482
1439803664.133399 -0.057497546 -0.240264222 4.747435570 -0.001774862 0.007546983 -0.000779335 0.999969602
1439803664.195901 -0.057247959 -0.242351174 4.783191681 -0.000936980 0.007682513 -0.001331324 0.999969125
1439803664.258402 -0.056905292 -0.243975773 4.819272995 -0.000473675 0.007714386 -0.002218138 0.999967635
1439803664.320903 -0.056862496 -0.245738372 4.855794430 -0.000397804 0.007903446 -0.003046058 0.999964058
1439803664.383405 -0.056549400 -0.247855470 4.892190456 -0.000690166 0.008007336 -0.003225551 0.999962509
1439803664.445906 -0.056136630 -0.249594182 4.928617001 -0.001325974 0.008147932 -0.004038225 0.999957740
1439803664.508408 -0.055897348 -0.251707047 4.965117455 -0.002283412 0.008302880 -0.004622698 0.999952257
1439803664.570909 -0.055518627 -0.253532022 5.001591206 -0.002991457 0.008535704 -0.004103270 0.999950707
1439803664.633410 -0.055021927 -0.255460113 5.038608551 -0.003174246 0.008848378 -0.004102564 0.999947369
1439803664.695911 -0.054500334 -0.257401913 5.074962139 -0.003407901 0.009222818 -0.004739476 0.999940455
1439803664.758413 -0.054235689 -0.259204090 5.112092018 -0.003548709 0.009803797 -0.005066139 0.999932826
1439803664.820914 -0.053787850 -0.260810852 5.149141312 -0.003698105 0.010369301 -0.005264721 0.999925554
1439803664.883415 -0.053109787 -0.262675226 5.185775757 -0.003659208 0.010795462 -0.005757030 0.999918461
1439803664.945916 -0.052559920 -0.264539003 5.222476959 -0.003439768 0.011185052 -0.005600136 0.999915838
1439803665.008418 -0.051726311 -0.266384512 5.259531021 -0.002970267 0.011491941 -0.005564681 0.999914050
1439803665.070919 -0.050908878 -0.268452615 5.296257496 -0.002496215 0.011835485 -0.005850141 0.999909759
1439803665.133421 -0.050356701 -0.270225793 5.333745956 -0.002005748 0.012374412 -0.005991560 0.999903440
1439803665.195922 -0.049798667 -0.272366822 5.370828152 -0.001752225 0.012894577 -0.006601771 0.999893546
1439803665.258424 -0.049022973 -0.274132758 5.408047199 -0.001234334 0.013253937 -0.006926815 0.999887407
1439803665.320925 -0.048074618 -0.275967956 5.445085526 -0.001505563 0.013596742 -0.006642755 0.999884367
1439803665.383425 -0.047341824 -0.277882278 5.482538223 -0.002994671 0.013999594 -0.007193630 0.999871612
1439803665.445927 -0.046955675 -0.279254466 5.520664215 -0.004538263 0.014459255 -0.008209511 0.999851465
1439803665.508428 -0.046090901 -0.281346202 5.557496071 -0.005479776 0.014839275 -0.009025150 0.999834120
1439803665.570945 -0.045408353 -0.283505976 5.594584465 -0.005711643 0.015323285 -0.009983516 0.999816418
1439803665.633431 -0.044553384 -0.285356492 5.631871700 -0.005238101 0.015693186 -0.010403841 0.999809027
1439803665.695932 -0.043658271 -0.287372261 5.668890476 -0.004491708 0.016026836 -0.010800165 0.999803126
1439803665.758433 -0.042895183 -0.289126068 5.705965042 -0.003343523 0.016403170 -0.011291499 0.999796152
1439803665.820935 -0.041698352 -0.290807486 5.742779255 -0.002559212 0.016751718 -0.011404533 0.999791384
1439803665.883441 -0.040764943 -0.292762876 5.779605389 -0.002341742 0.017230896 -0.011453966 0.999783158
1439803665.945937 -0.039744064 -0.294612676 5.816554546 -0.002202061 0.017704943 -0.011503471 0.999774635
1439803666.008440 -0.038643017 -0.296763003 5.853936672 -0.002432270 0.018052943 -0.012090324 0.999760985
1439803666.070942 -0.037478641 -0.298479825 5.891092777 -0.003439469 0.018293062 -0.013429148 0.999736547
1439803666.133443 -0.036571249 -0.300230950 5.928312302 -0.004292134 0.018723255 -0.013239434 0.999727845
1439803666.195943 -0.035281792 -0.301994830 5.965655804 -0.004442496 0.019133549 -0.012887060 0.999724030
1439803666.258444 -0.033798546 -0.303963095 6.002287865 -0.004391721 0.019302297 -0.012517317 0.999725699
1439803666.320945 -0.032722235 -0.305894911 6.039659977 -0.004533324 0.019521540 -0.012015416 0.999726951
1439803666.383446 -0.031479552 -0.307679713 6.076594353 -0.004572991 0.019620541 -0.012039993 0.999724507
1439803666.445948 -0.030259922 -0.309440613 6.113563061 -0.004002506 0.019942688 -0.011827923 0.999723136
1439803666.508449 -0.028772265 -0.311127484 6.150125027 -0.004230957 0.020158468 -0.011329491 0.999723673
1439803666.570950 -0.027778387 -0.312667757 6.188022614 -0.004444838 0.020389747 -0.011587834 0.999715090
1439803666.633451 -0.026276320 -0.314669788 6.224318981 -0.004394233 0.020366466 -0.011865432 0.999712527
1439803666.695955 -0.025086194 -0.316540450 6.261200905 -0.003920093 0.020382883 -0.011944041 0.999713182
1439803666.758454 -0.024026990 -0.318444222 6.298564434 -0.003626946 0.020529797 -0.012501681 0.999704480
1439803666.820957 -0.022890985 -0.320163488 6.335215569 -0.003408531 0.020612726 -0.013427235 0.999691546
1439803666.883458 -0.021911114 -0.322152317 6.372354031 -0.003448027 0.020510634 -0.014198711 0.999682844
1439803666.945958 -0.020710796 -0.323868543 6.409437656 -0.003567120 0.020414203 -0.014114805 0.999685585
1439803667.008459 -0.019237757 -0.325663090 6.446456909 -0.004046042 0.020393029 -0.013862803 0.999687731
1439803667.070961 -0.018074334 -0.327246159 6.483440876 -0.004734663 0.020556081 -0.014194069 0.999676704
1439803667.133462 -0.016855925 -0.329177618 6.520622730 -0.005189390 0.020582289 -0.014651891 0.999667346
1439803667.195964 -0.016015261 -0.330830872 6.558010578 -0.005130370 0.020762542 -0.015271880 0.999654651
1439803667.258465 -0.014722735 -0.332823366 6.594727039 -0.004978684 0.020545077 -0.015934138 0.999649584
1439803667.320966 -0.013867140 -0.334207833 6.631851673 -0.005233453 0.020051075 -0.016536223 0.999648511
1439803667.383467 -0.013010114 -0.336204916 6.668701649 -0.005408091 0.019185198 -0.016698567 0.999661863
1439803667.445969 -0.011855617 -0.338086605 6.705171108 -0.005142821 0.018265193 -0.016730217 0.999679983
1439803667.508472 -0.010955662 -0.339852035 6.742369652 -0.004393264 0.017625557 -0.015405443 0.999716341
1439803667.570971 -0.009999081 -0.341569901 6.779336452 -0.003866267 0.016876210 -0.014560946 0.999744058
1439803667.633472 -0.009118587 -0.343804270 6.815730095 -0.003212550 0.016191939 -0.014594967 0.999757230
1439803667.695976 -0.008561417 -0.346019626 6.852377415 -0.002146939 0.015828887 -0.015259261 0.999755979
1439803667.758476 -0.007954955 -0.347672969 6.889078140 -0.001165134 0.015369123 -0.015551239 0.999760270
1439803667.820976 -0.007237375 -0.349572003 6.925716400 -0.000758499 0.014656112 -0.016017254 0.999764025
1439803667.883478 -0.006797001 -0.351556182 6.962376595 -0.001169947 0.013852109 -0.015831236 0.999778032
1439803667.945980 -0.005963430 -0.353489637 6.999306202 -0.001482608 0.012921234 -0.015248021 0.999799132
1439803668.008485 -0.005319357 -0.355664253 7.035475731 -0.001472736 0.012150671 -0.014532751 0.999819458
1439803668.070982 -0.004907429 -0.357592583 7.072336674 -0.001507237 0.011390696 -0.014071528 0.999834955
1439803668.133486 -0.004507437 -0.359783769 7.108778477 -0.002003635 0.010438500 -0.014391822 0.999839962
1439803668.195986 -0.004296675 -0.361704588 7.145588875 -0.002301814 0.009509524 -0.014509127 0.999846876
1439803668.258486 -0.004332975 -0.363541484 7.182252884 -0.002085744 0.008470516 -0.015301323 0.999844849
1439803668.320988 -0.004437588 -0.365593046 7.218944550 -0.001856464 0.007377213 -0.015904721 0.999844551
1439803668.383491 -0.004358299 -0.367626518 7.255295753 -0.001471135 0.006151006 -0.014776417 0.999870837
1439803668.445994 -0.004108407 -0.369740605 7.291570187 -0.000929885 0.004967836 -0.013392733 0.999897540
1439803668.508492 -0.004378896 -0.371655762 7.328330517 -0.000606203 0.004005324 -0.013361864 0.999902546
1439803668.570996 -0.005108904 -0.373387367 7.364929676 -0.000770089 0.003255325 -0.015440518 0.999875188
1439803668.633497 -0.005772687 -0.375418037 7.401232243 -0.000894891 0.002680428 -0.017263051 0.999846995
1439803668.695998 -0.006403517 -0.377174407 7.438038826 -0.000775345 0.002381414 -0.018151509 0.999832094
1439803668.758512 -0.006731948 -0.379351050 7.474222660 -0.000690326 0.001914247 -0.018416598 0.999828339
1439803668.820999 -0.007173846 -0.381479621 7.510293007 -0.000950337 0.001362087 -0.018877510 0.999820411
1439803668.883501 -0.007549623 -0.383303851 7.547141552 -0.001284158 0.000937801 -0.019581573 0.999807000
1439803668.946000 -0.008136635 -0.385112435 7.583845615 -0.001716153 0.000911991 -0.020989157 0.999777853
1439803669.008501 -0.008319832 -0.386815846 7.621125698 -0.002779069 0.001001435 -0.020888437 0.999777436
1439803669.071000 -0.008589900 -0.388015151 7.657612324 -0.003692165 0.000887772 -0.020478871 0.999783099
1439803669.133500 -0.008868668 -0.390466332 7.694150925 -0.004855496 0.000822279 -0.019460872 0.999798477
1439803669.196003 -0.008950301 -0.392424285 7.730654716 -0.005470587 0.000865289 -0.018754331 0.999808788
1439803669.258502 -0.009313030 -0.394026756 7.767683506 -0.005823256 0.001014720 -0.019472867 0.999792933
1439803669.321002 -0.009771058 -0.395663202 7.804544449 -0.005846391 0.001206507 -0.020646837 0.999769032
1439803669.446005 -0.010780159 -0.398844182 7.878610134 -0.005170326 0.001287602 -0.021966344 0.999744534
1439803669.508502 -0.010597113 -0.400550246 7.914720535 -0.004766614 0.000800576 -0.020544160 0.999777257
1439803669.571007 -0.010469789 -0.402491659 7.951876640 -0.004392231 0.000567713 -0.018862115 0.999812305
1439803669.696003 -0.010863045 -0.405999005 8.025328636 -0.002073315 0.000695989 -0.017681558 0.999841273
1439803669.758504 -0.010841609 -0.408263534 8.062056541 -0.000983823 0.000909362 -0.018716158 0.999823928
1439803669.821005 -0.011656323 -0.410016090 8.099266052 -0.000715163 0.001218171 -0.020193093 0.999795139
1439803669.883508 -0.011845268 -0.411893129 8.135416985 -0.000832958 0.001167502 -0.020641385 0.999785900
1439803669.946010 -0.012159441 -0.413488030 8.173161507 -0.001317994 0.000945490 -0.019939061 0.999799907
1439803670.008513 -0.012074038 -0.415486723 8.210412025 -0.001861681 0.000722152 -0.020046467 0.999797046
1439803670.071011 -0.012085071 -0.417331606 8.247591972 -0.002169973 0.000639054 -0.019372340 0.999809742
1439803670.133517 -0.012428742 -0.419353932 8.284890175 -0.002523800 0.000949224 -0.019543899 0.999805331
1439803670.196012 -0.012515234 -0.421591967 8.321542740 -0.002601799 0.001150309 -0.020064369 0.999794662
1439803670.258512 -0.012727754 -0.423184812 8.359272957 -0.001955847 0.001182184 -0.018818054 0.999820292
1439803670.321015 -0.012825796 -0.424984574 8.396308899 -0.001425886 0.001022767 -0.018081769 0.999834955
1439803670.383513 -0.013009951 -0.426967591 8.433744431 -0.001463331 0.001048115 -0.019125210 0.999815464
1439803670.446014 -0.013753472 -0.428649962 8.471213341 -0.001618723 0.001308101 -0.020755358 0.999782443
1439803670.508517 -0.014404785 -0.430505067 8.508351326 -0.001938831 0.001474345 -0.022748500 0.999738276
1439803670.571015 -0.015226658 -0.431830585 8.546613693 -0.003103591 0.001572050 -0.024094062 0.999703646
1439803670.633515 -0.015403939 -0.433336377 8.584506989 -0.004138633 0.001338994 -0.023130238 0.999723017
1439803670.696020 -0.015529335 -0.435259253 8.622308731 -0.003928986 0.000970363 -0.020957315 0.999772191
1439803670.758517 -0.015136537 -0.437977642 8.658695221 -0.002499512 0.000463745 -0.020014375 0.999796450
1439803670.821017 -0.015834937 -0.440251470 8.696695328 -0.000397738 0.000183691 -0.019690242 0.999806046
1439803670.883518 -0.016184406 -0.442796171 8.732987404 0.001350597 -0.000227159 -0.020321092 0.999792576
1439803670.946018 -0.016675400 -0.445006698 8.770127296 0.003179547 -0.000712698 -0.020867901 0.999776959
1439803671.008519 -0.017713927 -0.446435452 8.807917595 0.004065849 -0.001386158 -0.021046929 0.999769270
1439803671.071022 -0.018557057 -0.448531628 8.846058846 0.002785904 -0.002071553 -0.021976976 0.999752402
1439803671.133524 -0.019283190 -0.451223969 8.883425713 0.001296585 -0.002663143 -0.022347489 0.999745846
1439803671.196025 -0.019792177 -0.453071982 8.921918869 0.000610814 -0.003375826 -0.020798614 0.999777794
1439803671.258528 -0.020383522 -0.455520481 8.959893227 0.000225928 -0.004055670 -0.019515809 0.999801278
1439803671.321028 -0.021020226 -0.457607925 8.997920036 -0.000167161 -0.004635846 -0.019084707 0.999807119
1439803671.383527 -0.021994583 -0.459469914 9.035686493 -0.000283227 -0.005162094 -0.019944837 0.999787688
1439803671.446031 -0.023007438 -0.461612850 9.073727608 -0.000029084 -0.005588536 -0.019043099 0.999803066
1439803671.508529 -0.023350403 -0.463825077 9.111718178 -0.000005645 -0.006251967 -0.017554685 0.999826312
1439803671.571031 -0.024308458 -0.466028333 9.149354935 -0.001300825 -0.006913756 -0.018198896 0.999809623
1439803671.633532 -0.025574140 -0.467761815 9.187465668 -0.002040310 -0.007650684 -0.019098241 0.999786258
1439803671.696034 -0.026987165 -0.469586492 9.226101875 -0.001854205 -0.008049133 -0.019343739 0.999778748
1439803671.758537 -0.027825460 -0.471878856 9.263320923 -0.001184835 -0.008706874 -0.018616039 0.999788105
1439803671.821039 -0.028822020 -0.473918229 9.301820755 -0.000978967 -0.009696207 -0.017279612 0.999803185
1439803671.883539 -0.029779032 -0.475979090 9.339592934 -0.000941494 -0.010535559 -0.016866488 0.999801815
1439803671.946039 -0.030704170 -0.478209376 9.377443314 -0.000296554 -0.010804311 -0.016716378 0.999801815
1439803672.008540 -0.032515466 -0.480235249 9.416301727 0.000239449 -0.010782090 -0.015871203 0.999815881
1439803672.071042 -0.033457041 -0.482529610 9.454360008 0.000697436 -0.011162894 -0.014101170 0.999837995
1439803672.133543 -0.034643948 -0.484931618 9.492488861 0.001286882 -0.011800147 -0.014206365 0.999828637
1439803672.196044 -0.036342159 -0.487364620 9.530473709 0.001943454 -0.012072467 -0.015730556 0.999801517
1439803672.258544 -0.037899956 -0.489853263 9.568397522 0.001783750 -0.012327302 -0.018014137 0.999760151
1439803672.321045 -0.039439619 -0.491728485 9.606893539 0.001502588 -0.012699745 -0.018356435 0.999749720
1439803672.383546 -0.040593728 -0.493651569 9.645480156 0.000906888 -0.013403409 -0.017115090 0.999763250
1439803672.446045 -0.042043433 -0.496040225 9.684203148 0.000466255 -0.014020715 -0.015965389 0.999774158
1439803672.508545 -0.043213516 -0.498149008 9.722437859 -0.000006247 -0.014489307 -0.014933764 0.999783516
1439803672.571047 -0.044942334 -0.500642359 9.761309624 -0.000437998 -0.014579611 -0.015128589 0.999779165
1439803672.633548 -0.046528280 -0.502815187 9.799786568 -0.000602942 -0.014685125 -0.015407460 0.999773264
1439803672.696049 -0.048096895 -0.504787445 9.837973595 -0.000328676 -0.015026288 -0.015515218 0.999766648
1439803672.758551 -0.049518168 -0.507037580 9.876815796 -0.000593268 -0.015630214 -0.015627827 0.999755502
1439803672.821053 -0.051019669 -0.509210169 9.916275978 -0.001337094 -0.016301081 -0.016266398 0.999733925
1439803672.883553 -0.053075343 -0.511269927 9.954182625 -0.001896491 -0.016657097 -0.016471561 0.999723792
1439803672.946053 -0.054852098 -0.513233244 9.993117332 -0.002015741 -0.017087746 -0.017210592 0.999703825
1439803673.008554 -0.056973130 -0.515197933 10.032050133 -0.002054963 -0.017559562 -0.017962117 0.999682367
1439803673.071055 -0.058200121 -0.517208576 10.070158958 -0.002247677 -0.018102741 -0.017950829 0.999672472
1439803673.133557 -0.060322821 -0.519538462 10.108737946 -0.002570645 -0.018556843 -0.018263599 0.999657691
1439803673.196058 -0.061846465 -0.521413922 10.147398949 -0.002564888 -0.019218449 -0.016941596 0.999668479
1439803673.258560 -0.063503563 -0.523730755 10.186677933 -0.003482989 -0.019818420 -0.015799630 0.999672651
1439803673.321060 -0.065630883 -0.525474310 10.226428032 -0.003822733 -0.019953053 -0.015671423 0.999670744
1439803673.383562 -0.067410499 -0.527156174 10.265639305 -0.003626417 -0.020287927 -0.015329657 0.999670029
1439803673.446064 -0.069660902 -0.529518187 10.305270195 -0.003670117 -0.020574635 -0.014967146 0.999669552
1439803673.508564 -0.071496457 -0.531583130 10.344188690 -0.002607723 -0.021624783 -0.015509951 0.999642432
1439803673.571066 -0.073985010 -0.534119189 10.383159637 -0.001366105 -0.022153744 -0.015809171 0.999628603
1439803673.633568 -0.076513261 -0.535953999 10.422632217 0.000412872 -0.022719860 -0.016883751 0.999599218
1439803673.696068 -0.078972161 -0.538275838 10.461627960 0.002025176 -0.023500908 -0.017150454 0.999574661
1439803673.758570 -0.081078231 -0.540585458 10.500791550 0.003365548 -0.024773831 -0.015826270 0.999562144
1439803673.821075 -0.084275931 -0.543148458 10.539727211 0.003102949 -0.025720686 -0.016773382 0.999523640
1439803673.883573 -0.086657614 -0.545058846 10.579683304 0.002912866 -0.027065448 -0.017586140 0.999474704
1439803673.946073 -0.089483798 -0.547395349 10.619921684 0.002427247 -0.028493639 -0.018315960 0.999423206
1439803674.008575 -0.092714489 -0.549777985 10.659478188 0.001502153 -0.029699901 -0.019627640 0.999365032
1439803674.071076 -0.096133590 -0.552249014 10.699645996 0.000554005 -0.030760979 -0.020429848 0.999317825
1439803674.133578 -0.099276483 -0.554145873 10.738594055 0.000234257 -0.032078851 -0.020415802 0.999276757
1439803674.196079 -0.102967680 -0.556289017 10.778766632 0.000479014 -0.033270597 -0.020858470 0.999228597
1439803674.258580 -0.106034398 -0.558595896 10.818264961 0.000773740 -0.034998294 -0.020465542 0.999177516
1439803674.321082 -0.109514773 -0.560649931 10.857223511 0.000820976 -0.036597088 -0.020345537 0.999122620
1439803674.383584 -0.113117278 -0.563197732 10.896658897 0.000849006 -0.038041949 -0.020150337 0.999072611
1439803674.446087 -0.117015839 -0.565292537 10.936080933 0.001851809 -0.039396644 -0.020692764 0.999007642
1439803674.508586 -0.120967805 -0.567500591 10.975555420 0.003114856 -0.040811915 -0.021357279 0.998933733
1439803674.571087 -0.125214517 -0.570193231 11.014623642 0.004244011 -0.042134296 -0.022274746 0.998854578
1439803674.633590 -0.129401088 -0.572835803 11.054222107 0.005521320 -0.043597627 -0.022199465 0.998787224
1439803674.696090 -0.133713007 -0.575491786 11.093253136 0.006466459 -0.044960845 -0.022384379 0.998717010
1439803674.758593 -0.138016999 -0.577986181 11.132965088 0.007023775 -0.046459470 -0.022560351 0.998640656
1439803674.821096 -0.142599881 -0.580698550 11.172188759 0.007419957 -0.047694787 -0.022666421 0.998577178
1439803674.883593 -0.146942973 -0.583453655 11.211610794 0.007502112 -0.048916403 -0.022166915 0.998528719
1439803674.946092 -0.151492894 -0.586245000 11.250923157 0.006680243 -0.050124224 -0.021930460 0.998479843
1439803675.008594 -0.156252503 -0.588638484 11.290695190 0.005859802 -0.051384762 -0.021973860 0.998420000
1439803675.071094 -0.161184430 -0.591204166 11.330199242 0.005422218 -0.052490026 -0.022251097 0.998358786
1439803675.133594 -0.166197419 -0.593538523 11.369892120 0.004625900 -0.053589821 -0.022854175 0.998290718
1439803675.196096 -0.171307206 -0.596177876 11.409626007 0.003610059 -0.054754812 -0.022901159 0.998230636
1439803675.258595 -0.176110148 -0.598345339 11.448657036 0.002860642 -0.056003354 -0.022289842 0.998177648
1439803675.321096 -0.181166291 -0.600570500 11.487905502 0.003005861 -0.057147935 -0.022028228 0.998118162
1439803675.383597 -0.186158538 -0.602762163 11.526823997 0.003031557 -0.058386870 -0.021662347 0.998054385
1439803675.446097 -0.191430330 -0.604988456 11.565698624 0.003157571 -0.059628464 -0.022038003 0.997972369
1439803675.508597 -0.196635604 -0.606997013 11.604567528 0.003151075 -0.060773700 -0.022316663 0.997897089
1439803675.571099 -0.202002287 -0.609319806 11.643709183 0.002770499 -0.061702758 -0.021295952 0.997863472
1439803675.633601 -0.207461834 -0.611442566 11.682675362 0.002578116 -0.062559463 -0.022120507 0.997792721
1439803675.696103 -0.213077307 -0.614020705 11.721180916 0.003048751 -0.063129954 -0.022650581 0.997743547
1439803675.758605 -0.218609691 -0.616763949 11.760814667 0.004066941 -0.063931093 -0.022576539 0.997690618
1439803675.821105 -0.224121094 -0.619026840 11.799558640 0.005501433 -0.064449981 -0.022938000 0.997642100
1439803675.883604 -0.230141282 -0.621775329 11.839022636 0.006434594 -0.065113477 -0.023990607 0.997568667
1439803675.946107 -0.235611200 -0.624039114 11.877885818 0.007043207 -0.065731160 -0.023383489 0.997538447
1439803676.008610 -0.241269946 -0.626718819 11.917275429 0.006794947 -0.066045798 -0.022859393 0.997531593
1439803676.071109 -0.246871829 -0.629390538 11.956604004 0.006121922 -0.066320948 -0.021960413 0.997537851
1439803676.133610 -0.252628207 -0.631573498 11.995599747 0.005096659 -0.066594072 -0.022242516 0.997519195
1439803676.196111 -0.258713603 -0.634267926 12.035362244 0.004379919 -0.066690810 -0.024210239 0.997470319
1439803676.258616 -0.264869094 -0.636719763 12.074275017 0.004354857 -0.066756681 -0.025327230 0.997438252
1439803676.321113 -0.270568609 -0.639138043 12.114161491 0.004186826 -0.067082703 -0.026052713 0.997398436
1439803676.383614 -0.276347637 -0.641407669 12.153381348 0.003253097 -0.067595497 -0.025930591 0.997370481
1439803676.446116 -0.282182097 -0.643785596 12.193329811 0.002473193 -0.067907929 -0.024416409 0.997389734
1439803676.508617 -0.287659883 -0.645894647 12.232869148 0.002125293 -0.068051986 -0.023128472 0.997411370
1439803676.571119 -0.293325186 -0.648350418 12.272310257 0.002197199 -0.068005756 -0.022686770 0.997424543
1439803676.633620 -0.299451351 -0.650851607 12.311881065 0.002450881 -0.067823559 -0.023316361 0.997421801
1439803676.696121 -0.305208206 -0.653249741 12.351194382 0.003353914 -0.067874484 -0.023265172 0.997416914
1439803676.758623 -0.311274529 -0.655668974 12.390615463 0.004084391 -0.067955643 -0.023404744 0.997405410
1439803676.821124 -0.316988707 -0.658056140 12.430168152 0.004552579 -0.068411507 -0.023141684 0.997378349
1439803676.883627 -0.323031425 -0.660347819 12.470091820 0.004287080 -0.068748452 -0.023093514 0.997357488
1439803676.946127 -0.328945398 -0.662590802 12.509203911 0.003959798 -0.068907641 -0.023461066 0.997339249
1439803677.008627 -0.334985137 -0.665233076 12.549118996 0.003696592 -0.068938464 -0.022986572 0.997349203
1439803677.071129 -0.340576530 -0.667607546 12.588139534 0.003545451 -0.069217637 -0.022310544 0.997345746
1439803677.133631 -0.346677542 -0.670201540 12.629084587 0.003689905 -0.069357149 -0.020190110 0.997380733
1439803677.196130 -0.352315187 -0.672662735 12.668837547 0.003938864 -0.069525406 -0.019057624 0.997390330
1439803677.258630 -0.358261108 -0.675223231 12.708546638 0.004407602 -0.069450721 -0.018777298 0.997398913
1439803677.321132 -0.364111185 -0.677878082 12.747308731 0.004784341 -0.069421656 -0.019059144 0.997393847
1439803677.383633 -0.370625138 -0.680316806 12.788005829 0.005523617 -0.069283545 -0.020084299 0.997379541
1439803677.446135 -0.376706600 -0.682665348 12.828109741 0.005179683 -0.069491476 -0.020009618 0.997368395
1439803677.508636 -0.382627964 -0.684876740 12.867692947 0.003736454 -0.069645345 -0.019306369 0.997377992
1439803677.571137 -0.388814807 -0.686899364 12.908517838 0.001622562 -0.069814339 -0.019486303 0.997368336
1439803677.633640 -0.394699812 -0.689151168 12.948382378 -0.000174165 -0.069724098 -0.020426694 0.997357130
1439803677.696140 -0.400735617 -0.691513896 12.988089561 -0.001408090 -0.069207549 -0.021059016 0.997378945
1439803677.758641 -0.406856179 -0.694083095 13.028554916 -0.001489986 -0.068489268 -0.020994864 0.997429788
1439803677.821145 -0.412481546 -0.696705222 13.068281174 -0.000542792 -0.068259761 -0.021371050 0.997438490
1439803677.883644 -0.418792129 -0.698528707 13.108586311 0.001629485 -0.068163753 -0.022226656 0.997425199
1439803677.946145 -0.425077677 -0.700570762 13.148750305 0.004204151 -0.067880437 -0.022985974 0.997419775
1439803678.008647 -0.431023836 -0.703185320 13.188329697 0.005727291 -0.067486450 -0.023832565 0.997419059
1439803678.071148 -0.436775565 -0.705498159 13.228861809 0.005460799 -0.067379430 -0.023440817 0.997437060
1439803678.133649 -0.442431211 -0.707858920 13.269550323 0.004562046 -0.067248240 -0.022605538 0.997469723
1439803678.196151 -0.448268294 -0.710110962 13.310002327 0.003906249 -0.066919081 -0.022358654 0.997500181
1439803678.258651 -0.453876734 -0.712723315 13.350508690 0.002697443 -0.066453315 -0.021757029 0.997548640
1439803678.321153 -0.459690809 -0.715166271 13.391219139 0.001789987 -0.065995179 -0.022264389 0.997569919
1439803678.383654 -0.465468764 -0.717514634 13.431731224 0.001957613 -0.065680325 -0.022231780 0.997591078
1439803678.446155 -0.471116185 -0.720068157 13.471853256 0.002856797 -0.065398447 -0.021176491 0.997630417
1439803678.508657 -0.476727486 -0.722607017 13.512308121 0.003427443 -0.065072544 -0.020975705 0.997654140
1439803678.571159 -0.482160211 -0.724792838 13.552426338 0.003925742 -0.064734481 -0.020171735 0.997690916
1439803678.633659 -0.487710476 -0.727464974 13.593035698 0.004245443 -0.064366765 -0.020160601 0.997713625
1439803678.696161 -0.493057251 -0.729801774 13.634290695 0.004694692 -0.064080358 -0.019548653 0.997742236
1439803678.758662 -0.498560309 -0.732518911 13.674851418 0.004798462 -0.063792981 -0.018676046 0.997776806
1439803678.821163 -0.504106522 -0.734894812 13.715304375 0.004632880 -0.063490309 -0.018538548 0.997799516
1439803678.883665 -0.509624839 -0.737567484 13.756033897 0.004314780 -0.063165784 -0.018545534 0.997821391
1439803678.946166 -0.514983773 -0.740063488 13.796628952 0.004061770 -0.062878981 -0.018831728 0.997835219
1439803679.008668 -0.520573735 -0.742434502 13.837253571 0.003943543 -0.062592559 -0.019422431 0.997842371
1439803679.071169 -0.526079893 -0.745002568 13.877701759 0.003884643 -0.062393475 -0.019938026 0.997844934
1439803679.133670 -0.531604648 -0.747581184 13.918006897 0.004064475 -0.062062860 -0.020159872 0.997860372
1439803679.196172 -0.536999941 -0.750051737 13.958492279 0.004217641 -0.061782070 -0.020444140 0.997871339
1439803679.258672 -0.542346597 -0.752594352 13.998756409 0.004277970 -0.061458260 -0.021050295 0.997878492
1439803679.321177 -0.547713518 -0.754960001 14.039664268 0.004541887 -0.061134137 -0.021445654 0.997888803
1439803679.383677 -0.553165793 -0.757543385 14.080075264 0.004456681 -0.060679119 -0.021992143 0.997905076
1439803679.446178 -0.558539629 -0.759868324 14.120826721 0.004589071 -0.060272463 -0.021995002 0.997929037
1439803679.508678 -0.563707471 -0.762569904 14.160979271 0.004521167 -0.059942111 -0.022092259 0.997947097
1439803679.571180 -0.569223046 -0.764960885 14.201865196 0.004485705 -0.059716899 -0.023028284 0.997939587
1439803679.633681 -0.574764490 -0.767606914 14.242403984 0.004130045 -0.059357267 -0.023898583 0.997942150
1439803679.696182 -0.580064774 -0.769996107 14.283053398 0.003685503 -0.059064165 -0.024321569 0.997951031
1439803679.758683 -0.585462928 -0.772479653 14.323925018 0.003069330 -0.058737122 -0.025287908 0.997948408
1439803679.821185 -0.590711355 -0.774914801 14.364715576 0.002575913 -0.058483463 -0.025134096 0.997968614
1439803679.883686 -0.595839739 -0.777329326 14.405566216 0.002586867 -0.058161668 -0.024514591 0.998002768
1439803679.946187 -0.600882530 -0.779589593 14.446935654 0.002434056 -0.057570882 -0.024511261 0.998037517
1439803680.008698 -0.606061220 -0.781901777 14.487698555 0.002256102 -0.056673601 -0.025574062 0.998062611
1439803680.071189 -0.611424923 -0.784282446 14.528743744 0.002216822 -0.055500735 -0.026607297 0.998101592
1439803680.133691 -0.616124511 -0.786516011 14.569554329 0.002312165 -0.054642390 -0.026540233 0.998150527
1439803680.196193 -0.620925903 -0.788780212 14.610619545 0.001965020 -0.053791292 -0.026251201 0.998205125
1439803680.258694 -0.625344396 -0.791095197 14.651574135 0.001725452 -0.053179171 -0.025819106 0.998249650
1439803680.321195 -0.629921436 -0.793574810 14.692668915 0.001557736 -0.052315161 -0.024954123 0.998317599
1439803680.383697 -0.634312212 -0.795835376 14.734004974 0.001494527 -0.051428009 -0.024653099 0.998371243
1439803680.446197 -0.638647079 -0.798108280 14.774985313 0.001385749 -0.050467215 -0.024519937 0.998423696
1439803680.508699 -0.642980576 -0.800364494 14.816221237 0.001322370 -0.049461130 -0.024310011 0.998479247
1439803680.571201 -0.647465825 -0.802659333 14.857565880 0.001107635 -0.048572667 -0.024980957 0.998506606
1439803680.633700 -0.651797950 -0.804824948 14.898807526 0.000898387 -0.047810361 -0.025200993 0.998538077
1439803680.696200 -0.655876040 -0.806999981 14.940120697 0.000489604 -0.046941642 -0.024701508 0.998592019
1439803680.758702 -0.659815013 -0.809235275 14.981328964 -0.000168422 -0.046145428 -0.024177736 0.998642087
1439803680.821201 -0.663888872 -0.811340868 15.022803307 -0.000738398 -0.045298848 -0.024075625 0.998683035
1439803680.883702 -0.667824507 -0.813452303 15.064569473 -0.001401338 -0.044507477 -0.024630768 0.998704374
1439803680.946203 -0.671951473 -0.815383375 15.106236458 -0.002005776 -0.043508876 -0.024670463 0.998746395
1439803681.008703 -0.675820231 -0.817334592 15.147830963 -0.002698891 -0.042639520 -0.024393907 0.998789012
1439803681.071204 -0.679749310 -0.819122195 15.189608574 -0.003138697 -0.041870639 -0.024661720 0.998813689
1439803681.133705 -0.683402777 -0.821125984 15.230640411 -0.003219532 -0.041201476 -0.024711173 0.998840034
1439803681.196205 -0.687112093 -0.823312104 15.272793770 -0.002738685 -0.040362969 -0.024675827 0.998876572
1439803681.258705 -0.690734625 -0.825234890 15.314276695 -0.001958780 -0.039644308 -0.024551896 0.998910248
1439803681.321221 -0.693825424 -0.827421665 15.355504990 -0.001197765 -0.039065089 -0.024569985 0.998933792
1439803681.383706 -0.697601557 -0.829509258 15.397917747 -0.000957275 -0.038308680 -0.024763662 0.998958588
1439803681.446207 -0.700732648 -0.831949413 15.440032005 -0.000979654 -0.037715741 -0.025173821 0.998970866
1439803681.508708 -0.705074310 -0.833644152 15.482133865 -0.001039009 -0.036968943 -0.025323812 0.998994946
1439803681.571208 -0.708321154 -0.836438000 15.523797035 -0.001696615 -0.036448196 -0.024955900 0.999022484
1439803681.633708 -0.711425781 -0.838783264 15.565386772 -0.002147751 -0.035739567 -0.025216380 0.999040663
1439803681.696209 -0.714150190 -0.841119647 15.606564522 -0.002393730 -0.035113145 -0.025450926 0.999056339
1439803681.758710 -0.717509270 -0.843295157 15.649042130 -0.002873808 -0.034488242 -0.026352920 0.999053478
1439803681.821210 -0.721436024 -0.845291913 15.691287994 -0.003402122 -0.033715338 -0.027185651 0.999055922
1439803681.883711 -0.724247396 -0.847698331 15.733016014 -0.003590554 -0.033289075 -0.027655423 0.999056637
1439803681.946211 -0.727392793 -0.849939466 15.775121689 -0.003442863 -0.032844219 -0.027344741 0.999080420
1439803682.008713 -0.729971588 -0.852473974 15.817848206 -0.002952420 -0.032421563 -0.027104449 0.999102294
1439803682.071215 -0.733733952 -0.854210377 15.859604836 -0.002375542 -0.031818219 -0.027243355 0.999119461
1439803682.133715 -0.736373782 -0.856098294 15.901623726 -0.001745994 -0.031352449 -0.026939183 0.999143779
1439803682.196216 -0.739756823 -0.858129978 15.943813324 -0.002408976 -0.030982159 -0.027727162 0.999132395
1439803682.258716 -0.742680788 -0.859954476 15.986198425 -0.003484095 -0.030775089 -0.027695341 0.999136508
1439803682.321219 -0.744952321 -0.861803055 16.029247284 -0.005731232 -0.030703086 -0.024753226 0.999205589
1439803682.383721 -0.747616172 -0.863586128 16.070703506 -0.008065790 -0.030654747 -0.023318008 0.999225438
1439803682.446236 -0.750434220 -0.865609825 16.113546371 -0.007981095 -0.031055789 -0.023696808 0.999204814
1439803682.508726 -0.753695667 -0.868032217 16.154338837 -0.005197619 -0.031279974 -0.024207462 0.999203980
1439803682.571225 -0.756871343 -0.870762587 16.196077347 -0.001100879 -0.031654324 -0.024932601 0.999187231
1439803682.633727 -0.760177016 -0.873193145 16.236858368 0.003119525 -0.032293662 -0.024428779 0.999174953
1439803682.696226 -0.763371110 -0.875380695 16.278369904 0.006218039 -0.032930709 -0.024590895 0.999135733
1439803682.758726 -0.766422987 -0.877735972 16.320053101 0.006056841 -0.033270027 -0.025095586 0.999112904
1439803682.821230 -0.770059466 -0.879981160 16.362432480 0.004127762 -0.033243712 -0.025416994 0.999115527
1439803682.883730 -0.773092031 -0.882430851 16.404035568 0.001331803 -0.033676721 -0.025961490 0.999094665
1439803682.946233 -0.776770830 -0.884933949 16.446405411 -0.001276144 -0.034005895 -0.027024440 0.999055445
1439803683.008732 -0.780174613 -0.887311161 16.488018036 -0.002408214 -0.034385111 -0.027493257 0.999027491
1439803683.071234 -0.783718109 -0.889693081 16.529846191 -0.002058825 -0.034762580 -0.027441746 0.999016643
1439803683.133736 -0.787200093 -0.891983032 16.571573257 -0.001363684 -0.035154514 -0.027268065 0.999008894
1439803683.196236 -0.790608406 -0.894205749 16.612207413 -0.000399056 -0.035353158 -0.027494488 0.998996496
1439803683.258737 -0.793953776 -0.896304905 16.653030396 0.000633127 -0.035465691 -0.027797047 0.998984039
1439803683.321238 -0.797294438 -0.898552477 16.694299698 0.000984683 -0.035389733 -0.027428472 0.998996675
1439803683.383740 -0.800241411 -0.900972962 16.734502792 0.000654024 -0.035368547 -0.027088996 0.999006927
1439803683.446241 -0.803405821 -0.903262019 16.775573730 0.000354817 -0.035337351 -0.026104350 0.999034345
1439803683.508742 -0.806721568 -0.905487597 16.816749573 -0.000028249 -0.035219837 -0.025392247 0.999056935
1439803683.571244 -0.809950233 -0.907722235 16.857284546 -0.000315044 -0.034985468 -0.025662497 0.999058247
1439803683.633745 -0.813132048 -0.909918249 16.897926331 -0.000640438 -0.034925573 -0.025988815 0.999051750
1439803683.696246 -0.816496611 -0.912160814 16.938722610 -0.000449846 -0.034799319 -0.026366085 0.999046385
1439803683.758747 -0.819756150 -0.914323449 16.979080200 -0.000374962 -0.034730874 -0.026581971 0.999043047
1439803683.821248 -0.822985888 -0.916329205 17.019973755 -0.000898721 -0.034675963 -0.026523566 0.999046206
1439803683.883750 -0.825886250 -0.918438911 17.059482574 -0.001983262 -0.034753345 -0.027008420 0.999028921
1439803683.946251 -0.829395413 -0.920047283 17.100030899 -0.003508257 -0.034442678 -0.027993800 0.999008358
1439803684.008753 -0.832605481 -0.921780765 17.140565872 -0.004843443 -0.034118805 -0.028474033 0.999000371
1439803684.071254 -0.835474253 -0.923798263 17.180130005 -0.005505885 -0.033776011 -0.028739970 0.999000967
1439803684.133757 -0.838466167 -0.926093698 17.219963074 -0.005273810 -0.033503279 -0.028230272 0.999025941
1439803684.196257 -0.841447711 -0.927937746 17.259519577 -0.004607691 -0.033063460 -0.027755367 0.999057174
1439803684.258758 -0.844448686 -0.929884791 17.299354553 -0.003425544 -0.032523118 -0.027169250 0.999095798
1439803684.321259 -0.847365379 -0.931833625 17.338945389 -0.002733309 -0.032132924 -0.026839022 0.999119461
1439803684.383761 -0.850137353 -0.933525145 17.379045486 -0.002769107 -0.031790115 -0.026851404 0.999130011
1439803684.446262 -0.852944493 -0.935561180 17.418159485 -0.003375573 -0.031409416 -0.026762150 0.999142587
1439803684.508764 -0.855629802 -0.937503755 17.457662582 -0.003573047 -0.031119440 -0.026475661 0.999158561
1439803684.571265 -0.858456790 -0.939597368 17.497026443 -0.003626591 -0.030808276 -0.026655175 0.999163210
1439803684.633766 -0.861134112 -0.941742003 17.535940170 -0.003606456 -0.030459398 -0.027737802 0.999144554
1439803684.696267 -0.864144623 -0.943595231 17.575416565 -0.003305082 -0.030074224 -0.028402084 0.999138594
1439803684.758769 -0.866656661 -0.945504129 17.614162445 -0.002878514 -0.029708520 -0.028396659 0.999150991
1439803684.821270 -0.869319737 -0.947441697 17.653238297 -0.002489751 -0.029382613 -0.028484233 0.999159217
1439803684.883771 -0.871731341 -0.949512362 17.691986084 -0.001966096 -0.029134631 -0.028189316 0.999176025
1439803684.946273 -0.874087811 -0.951687634 17.730894089 -0.001327657 -0.028785044 -0.028281538 0.999184549
1439803685.008774 -0.876986742 -0.953721106 17.769794464 -0.000849330 -0.028183322 -0.028295575 0.999201834
1439803685.071275 -0.879352868 -0.955892384 17.808912277 -0.000599988 -0.027786866 -0.028101116 0.999218643
1439803685.133776 -0.881626546 -0.957856297 17.846595764 -0.000269448 -0.027465533 -0.028011812 0.999230206
1439803685.196278 -0.883832455 -0.960145175 17.884893417 -0.000195753 -0.027180487 -0.027503833 0.999252081
1439803685.258779 -0.886277437 -0.962192059 17.923208237 -0.000413797 -0.026870377 -0.026819054 0.999279022
1439803685.321280 -0.888550103 -0.964518428 17.961065292 -0.000909168 -0.026520094 -0.027052699 0.999281764
1439803685.383782 -0.890707135 -0.966565371 17.998155594 -0.001065620 -0.026176261 -0.027167778 0.999287486
1439803685.446282 -0.892992318 -0.968496144 18.036104202 -0.001012383 -0.025892198 -0.027221404 0.999293506
1439803685.508787 -0.895286500 -0.970797241 18.072607040 -0.001262946 -0.025615513 -0.027255520 0.999299467
1439803685.571287 -0.897582471 -0.972526014 18.110002518 -0.001552745 -0.025506312 -0.027095171 0.999306202
1439803685.633787 -0.899820328 -0.974835813 18.146394730 -0.001857029 -0.025484145 -0.026730409 0.999316037
1439803685.696288 -0.901745915 -0.976743817 18.181964874 -0.001876108 -0.025572009 -0.026527332 0.999319196
1439803685.758789 -0.903963447 -0.978801966 18.218093872 -0.001837079 -0.025598926 -0.026988629 0.999306262
1439803685.821291 -0.906202972 -0.980606854 18.253292084 -0.001949615 -0.025631705 -0.027207630 0.999299228
1439803685.883792 -0.908427835 -0.982424200 18.288736343 -0.002160844 -0.025856003 -0.027239367 0.999292135
1439803685.946293 -0.910735786 -0.984432518 18.324394226 -0.002156092 -0.026190193 -0.027212787 0.999284208
1439803686.008795 -0.913137257 -0.986187875 18.359430313 -0.001713641 -0.026932478 -0.027176620 0.999266326
1439803686.071296 -0.915145338 -0.988196611 18.393373489 -0.001888743 -0.027934147 -0.026516367 0.999256194
1439803686.133798 -0.917583346 -0.990246475 18.427263260 -0.002250199 -0.028992398 -0.026054885 0.999237478
1439803686.196299 -0.920033872 -0.991791427 18.461359024 -0.002472279 -0.030224940 -0.025673803 0.999210298
1439803686.258800 -0.922936201 -0.993485034 18.495035172 -0.002660392 -0.031148965 -0.025783869 0.999178588
1439803686.321301 -0.925672174 -0.995162725 18.528083801 -0.003234756 -0.032060951 -0.026471645 0.999130070
1439803686.383803 -0.928423047 -0.997005463 18.560661316 -0.003910648 -0.033022366 -0.026988810 0.999082506
1439803686.446304 -0.931343675 -0.998688102 18.592832565 -0.004087448 -0.034424167 -0.026743736 0.999041080
1439803686.508805 -0.934104979 -1.000413418 18.624443054 -0.004122926 -0.036187038 -0.026496831 0.998985171
1439803686.571306 -0.937177896 -1.001945972 18.655889511 -0.004191469 -0.038147531 -0.026298428 0.998917222
1439803686.633808 -0.939900637 -1.003464103 18.686235428 -0.004397460 -0.040421069 -0.025736453 0.998841524
1439803686.696309 -0.943458915 -1.005002379 18.717224121 -0.004221919 -0.042575855 -0.025719980 0.998753190
1439803686.758811 -0.947070360 -1.006315947 18.746389389 -0.003984810 -0.044875272 -0.025504729 0.998659015
1439803686.821314 -0.950706244 -1.007778764 18.776206970 -0.003956315 -0.047487665 -0.025912058 0.998527825
1439803686.883813 -0.954570532 -1.009310484 18.803739548 -0.003996985 -0.050424792 -0.026601395 0.998365521
1439803686.946314 -0.958819151 -1.010706186 18.832048416 -0.003955652 -0.053693395 -0.027169300 0.998179913
1439803687.008816 -0.962975740 -1.012009621 18.859119415 -0.003923072 -0.057183027 -0.027848663 0.997967482
1439803687.071317 -0.967293739 -1.013467908 18.885454178 -0.003954682 -0.060759399 -0.028605292 0.997734606
1439803687.133818 -0.972057104 -1.014703631 18.911865234 -0.003956994 -0.064392723 -0.028840944 0.997499943
1439803687.196319 -0.976729870 -1.016081452 18.937622070 -0.003928341 -0.068362884 -0.028704422 0.997239769
1439803687.258821 -0.981406927 -1.017273664 18.962629318 -0.003784374 -0.072501481 -0.028426917 0.996955931
1439803687.321322 -0.986142755 -1.018567562 18.986864090 -0.003648255 -0.076502226 -0.028168380 0.996664762
1439803687.383823 -0.991241217 -1.019708633 19.011350632 -0.003292725 -0.080487140 -0.027839176 0.996361375
1439803687.446324 -0.996365786 -1.021252871 19.034439087 -0.002923607 -0.084803969 -0.027476737 0.996014416
1439803687.508828 -1.002008200 -1.022390723 19.057624817 -0.002569506 -0.089478977 -0.026843721 0.995623589
1439803687.571328 -1.007905722 -1.023647070 19.080722809 -0.001990882 -0.094744638 -0.026916726 0.995135665
1439803687.633828 -1.013624907 -1.024923086 19.102081299 -0.001185534 -0.100331455 -0.026965450 0.994587898
1439803687.696330 -1.019919395 -1.026212692 19.123384476 -0.000242963 -0.106508210 -0.026956674 0.993946314
1439803687.758831 -1.026467323 -1.027354002 19.144830704 0.000497032 -0.113341846 -0.026800379 0.993194401
1439803687.821332 -1.033594608 -1.028459311 19.165439606 0.000912820 -0.120354727 -0.027175060 0.992358506
1439803687.883834 -1.040809393 -1.029505253 19.185646057 0.000812601 -0.127675399 -0.027165662 0.991443574
1439803687.946335 -1.048112154 -1.030609012 19.205247879 0.000184104 -0.135210082 -0.026974607 0.990449667
1439803688.008837 -1.055923462 -1.031661391 19.224609375 -0.000263131 -0.142942369 -0.026474001 0.989376843
1439803688.071338 -1.063661575 -1.032797575 19.242988586 -0.000346884 -0.151225194 -0.025523359 0.988169670
1439803688.133839 -1.071998119 -1.033552885 19.261608124 -0.000085515 -0.159728661 -0.025506074 0.986831367
1439803688.196341 -1.080400944 -1.034605742 19.278526306 0.000031179 -0.168173447 -0.025494946 0.985427678
1439803688.258846 -1.089313030 -1.035467863 19.296175003 0.000089517 -0.176492050 -0.025344081 0.983975708
1439803688.383844 -1.107094288 -1.037467480 19.328456879 0.000622923 -0.193616405 -0.025184341 0.980753779
1439803688.446344 -1.116055965 -1.038350821 19.343723297 0.000620731 -0.202829182 -0.024666803 0.978903234
1439803688.508845 -1.125247002 -1.039248466 19.358535767 0.000643487 -0.212331861 -0.024714420 0.976884842
1439803688.571347 -1.134741783 -1.039911270 19.372549057 0.001091583 -0.221679568 -0.025294304 0.974790871
1439803688.633849 -1.144499779 -1.040708423 19.386177063 0.001695429 -0.230950177 -0.026161563 0.972612321
1439803688.758850 -1.164256573 -1.042073727 19.411167145 0.002658721 -0.249147251 -0.029087152 0.968025088
1439803688.821351 -1.174245358 -1.042639852 19.423175812 0.002934933 -0.258266211 -0.029950641 0.965604961
1439803688.883853 -1.184166908 -1.043332458 19.434522629 0.003324098 -0.267316937 -0.030673781 0.963114619
1439803688.946354 -1.193884850 -1.043764353 19.445877075 0.003631062 -0.276445687 -0.030087600 0.960551560
1439803689.008855 -1.203410149 -1.044538379 19.456432343 0.003698942 -0.285161614 -0.030069500 0.958000541
1439803689.133857 -1.222830772 -1.045387745 19.476749420 0.002834277 -0.301379710 -0.030564114 0.953010023
1439803689.196358 -1.232235909 -1.046048522 19.485734940 0.002283277 -0.309196055 -0.031344295 0.950478911
1439803689.258860 -1.241436005 -1.046514750 19.494346619 0.002055709 -0.317069799 -0.031660188 0.947871327
1439803689.321361 -1.250885963 -1.046793342 19.502952576 0.002012675 -0.324943155 -0.031770013 0.945197642
1439803689.383862 -1.259917259 -1.047200322 19.510688782 0.002018996 -0.332258701 -0.032327503 0.942631960
1439803689.508863 -1.277153969 -1.047963619 19.524803162 0.002622217 -0.346196026 -0.033897549 0.937545955
1439803689.571364 -1.285862923 -1.048120618 19.531379700 0.003168924 -0.352736741 -0.034211606 0.935091615
1439803689.633866 -1.293516159 -1.048635721 19.537464142 0.003318176 -0.359271556 -0.034441046 0.932591438
1439803689.696367 -1.301457405 -1.048867106 19.543201447 0.003559329 -0.365152270 -0.035140526 0.930277526
1439803689.758868 -1.308871269 -1.049109221 19.548763275 0.003449698 -0.370752096 -0.035198227 0.928058207
1439803689.821374 -1.315912247 -1.049498916 19.553695679 0.003375479 -0.375898004 -0.035420090 0.925977707
1439803689.946373 -1.329128265 -1.049971104 19.563011169 0.003446749 -0.385507554 -0.035157278 0.922028184
1439803690.008873 -1.335233688 -1.050128222 19.567089081 0.003353573 -0.389968961 -0.035435658 0.920139849
1439803690.071374 -1.340950012 -1.050337553 19.570808411 0.003211514 -0.394092113 -0.035438634 0.918381810
1439803690.133876 -1.346256256 -1.050564289 19.574390411 0.003024004 -0.397992492 -0.035471871 0.916697621
1439803690.196376 -1.351493835 -1.050655961 19.577774048 0.003088925 -0.401439905 -0.035900712 0.915176272
1439803690.321378 -1.361214638 -1.051161051 19.583671570 0.003956494 -0.407680571 -0.036377259 0.912391126
1439803690.383880 -1.365567207 -1.051190853 19.586273193 0.004635353 -0.410824984 -0.036020707 0.910990596
1439803690.446380 -1.369645119 -1.051425099 19.588825226 0.005166489 -0.413870990 -0.035808958 0.909616351
1439803690.508882 -1.373867989 -1.051465988 19.591432571 0.005612478 -0.416634470 -0.035461117 0.908364892
1439803690.571385 -1.377932549 -1.051878214 19.593711853 0.005901669 -0.419101954 -0.035589349 0.907222211
1439803690.696388 -1.385634422 -1.052068710 19.598091125 0.006464358 -0.423843592 -0.035332266 0.905022919
1439803690.758899 -1.389626503 -1.052013159 19.600662231 0.006690642 -0.426444411 -0.035181277 0.903804541
1439803690.821387 -1.392376900 -1.052584171 19.601966858 0.006931168 -0.428783268 -0.035807278 0.902670860
1439803690.883889 -1.395540237 -1.052596807 19.603704453 0.007241193 -0.430913478 -0.036100134 0.901641786
1439803690.946390 -1.399650574 -1.052549720 19.605579376 0.007527688 -0.432720989 -0.036156222 0.900771141
1439803691.071391 -1.404836655 -1.052957892 19.608697891 0.007611373 -0.436691999 -0.036109738 0.898853838
1439803691.133892 -1.407970428 -1.052898526 19.610797882 0.007312614 -0.438681275 -0.035653479 0.897905409
1439803691.196394 -1.409902573 -1.053071976 19.611858368 0.007203804 -0.440390497 -0.035439420 0.897077680
1439803691.258895 -1.412658691 -1.053006887 19.613510132 0.007081075 -0.441836238 -0.035066348 0.896382153
1439803691.383899 -1.418045044 -1.052928925 19.616241455 0.007015928 -0.444594920 -0.034719579 0.895031095
1439803691.446399 -1.420665741 -1.053136945 19.617393494 0.007031560 -0.446008712 -0.034830172 0.894322991
1439803691.508900 -1.422042847 -1.053441048 19.618417740 0.006936939 -0.447478622 -0.034842148 0.893588722
1439803691.571401 -1.424559593 -1.053309679 19.619533539 0.006932635 -0.448602557 -0.034901131 0.893022716
1439803691.633902 -1.426674843 -1.053238153 19.620819092 0.006869209 -0.449608266 -0.034584168 0.892529607
1439803691.758904 -1.430253029 -1.053238511 19.622692108 0.006668607 -0.451721758 -0.034230251 0.891476989
1439803691.821407 -1.431570053 -1.053463221 19.623561859 0.006586884 -0.452792346 -0.034076326 0.890940249
1439803691.883909 -1.433142662 -1.053566933 19.624319077 0.006655198 -0.453642607 -0.034084830 0.890506744
1439803691.946407 -1.434660912 -1.053542614 19.625076294 0.006750143 -0.454405963 -0.034035984 0.890118659
1439803692.071409 -1.436967850 -1.053645015 19.626380920 0.006742870 -0.455957443 -0.033939179 0.889328659
1439803692.133913 -1.438226700 -1.053709030 19.626794815 0.006832503 -0.456705660 -0.033862304 0.888946950
1439803692.196414 -1.439346313 -1.053748369 19.627418518 0.006852504 -0.457445830 -0.033690937 0.888572633
1439803692.258914 -1.440347672 -1.053768635 19.628074646 0.006920453 -0.458150953 -0.033426292 0.888218701
1439803692.321415 -1.441537857 -1.053828120 19.628627777 0.006992038 -0.458704442 -0.033336401 0.887935817
1439803692.383918 -1.442422867 -1.053972363 19.629262924 0.007018666 -0.459467441 -0.033100471 0.887549877
1439803692.508919 -1.445190430 -1.053746581 19.630569458 0.007094120 -0.460911542 -0.032819975 0.886810601
1439803692.571420 -1.446162224 -1.053941011 19.631092072 0.007155807 -0.461554796 -0.032811385 0.886475801
1439803692.633920 -1.447128296 -1.054109335 19.631713867 0.007168165 -0.462353230 -0.032618221 0.886066675
1439803692.696423 -1.448794365 -1.054111958 19.632461548 0.007289441 -0.463214457 -0.032414246 0.885623276
1439803692.821428 -1.452451706 -1.054133058 19.634077072 0.007406600 -0.465027779 -0.032080565 0.884683609
1439803692.883926 -1.454061508 -1.054276466 19.634973526 0.007392521 -0.466027141 -0.032021716 0.884159863
1439803692.946425 -1.456149101 -1.054291129 19.635976791 0.007206992 -0.466974407 -0.031824563 0.883668602
1439803693.008928 -1.458065033 -1.054341197 19.636976242 0.007227656 -0.468086839 -0.031720325 0.883083403
1439803693.133930 -1.462588310 -1.054466009 19.639156342 0.007113079 -0.470575631 -0.031307902 0.881775379
1439803693.196432 -1.465489388 -1.054426312 19.640434265 0.007195621 -0.471802115 -0.031142984 0.881124914
1439803693.258933 -1.467858315 -1.054631233 19.641906738 0.007210953 -0.473378569 -0.030685864 0.880294919
1439803693.321435 -1.471049309 -1.054661036 19.643146515 0.007325441 -0.474885315 -0.030223548 0.879498065
1439803693.383936 -1.474028587 -1.054885030 19.644826889 0.007326501 -0.476671338 -0.029814849 0.878545284
1439803693.508936 -1.481222153 -1.055297375 19.648468018 0.006929540 -0.480444729 -0.028842835 0.876523197
1439803693.571437 -1.485591888 -1.055425882 19.650569916 0.006638519 -0.482453108 -0.028458500 0.875434220
1439803693.633943 -1.489882469 -1.055531502 19.652807236 0.006461332 -0.484681070 -0.028040042 0.874217510
1439803693.696441 -1.494885445 -1.055759788 19.654893875 0.006903494 -0.486815661 -0.028173428 0.873022974
1439803693.821442 -1.505685806 -1.056421399 19.659215927 0.009138820 -0.492184103 -0.028621286 0.869972467
1439803693.883941 -1.511319160 -1.056901813 19.661437988 0.010364882 -0.495468825 -0.028737977 0.868088305
1439803693.946444 -1.518629074 -1.057029009 19.663867950 0.011475598 -0.498860002 -0.029096700 0.866118014
1439803694.071446 -1.533400059 -1.057169199 19.669294357 0.012168107 -0.506380737 -0.029793236 0.861709237
1439803694.133948 -1.541479588 -1.057594061 19.672208786 0.011904364 -0.510715187 -0.029987415 0.859144390
1439803694.196449 -1.550653934 -1.057753325 19.675395966 0.011745486 -0.515601814 -0.030177478 0.856216192
1439803694.258950 -1.559922218 -1.058066487 19.678297043 0.011432079 -0.520946980 -0.030706104 0.852959991
1439803694.321450 -1.569803715 -1.058262944 19.681142807 0.011175604 -0.526871562 -0.031142039 0.849300683
1439803694.383948 -1.580379009 -1.058562517 19.684017181 0.011080396 -0.533360362 -0.031247441 0.845238149
1439803694.508950 -1.601939201 -1.059183002 19.688686371 0.010608019 -0.548632503 -0.031429749 0.835405290
1439803694.571453 -1.613944530 -1.059252977 19.690958023 0.009887072 -0.557772756 -0.030905932 0.829359174
1439803694.633951 -1.626281738 -1.059232831 19.692962646 0.008967132 -0.567437053 -0.030070081 0.822818696
1439803694.696451 -1.638681889 -1.059385777 19.694154739 0.008121554 -0.577577233 -0.029843034 0.815749943
1439803694.821453 -1.664413929 -1.059820533 19.694953918 0.007000462 -0.599572957 -0.030984465 0.799689472
1439803694.883953 -1.678020000 -1.059718847 19.693872452 0.007290090 -0.611402214 -0.032034464 0.790637672
1439803694.946453 -1.691662788 -1.059674263 19.692592621 0.007555867 -0.623771667 -0.032652810 0.780887663
1439803695.008954 -1.719592333 -1.059550166 19.685611725 0.007497140 -0.635626853 -0.033061296 0.771251678
1439803695.071454 -1.746986866 -1.058770418 19.674463272 0.007526949 -0.647117853 -0.033801831 0.761603057
1439803695.196455 -1.747753978 -1.059310675 19.682094574 0.006767635 -0.676665008 -0.035709098 0.735393405
1439803695.258955 -1.779336929 -1.056172609 19.676214218 0.006450583 -0.690416455 -0.033974059 0.722585082
1439803695.321455 -1.803222656 -1.057261109 19.663167953 0.005042627 -0.703812897 -0.033306193 0.709586203
1439803695.383971 -1.791288376 -1.058992863 19.667778015 0.003116300 -0.720071077 -0.033936534 0.693062901
1439803695.508959 -1.820514441 -1.058213830 19.654443741 0.000437608 -0.749840081 -0.034139086 0.660737574
1439803695.571458 -1.835219860 -1.057496548 19.646207809 0.000444628 -0.763960302 -0.035123065 0.644306481
1439803695.633960 -1.849599600 -1.056950569 19.637409210 0.000967288 -0.777624428 -0.036112811 0.627690375
1439803695.696461 -1.864089251 -1.056236148 19.627355576 0.002958681 -0.790865600 -0.037743282 0.610817790
1439803695.758960 -1.878458738 -1.055662870 19.616809845 0.005253695 -0.803826094 -0.039317396 0.593540370
1439803695.821459 -1.891557217 -1.053437948 19.606283188 0.005973428 -0.816565037 -0.039291397 0.575883806
1439803695.883961 -1.906451702 -1.054201484 19.593639374 0.005972364 -0.828505635 -0.039828986 0.558530629
1439803695.946461 -1.921667099 -1.054334879 19.581165314 0.006004633 -0.839896858 -0.040833145 0.541174591
1439803696.008962 -1.934788227 -1.054532409 19.569561005 0.005516241 -0.850848615 -0.042609759 0.523651183
1439803696.071463 -1.945415020 -1.051549435 19.558958054 0.002599331 -0.861875951 -0.040873777 0.505462766
1439803696.133964 -1.962544918 -1.049418211 19.541704178 -0.000192279 0.871388912 0.039868694 -0.488970131
