1439803922.263093 -0.000939728 -0.001748897 0.043619066 -0.000676611 -0.001160425 -0.001645567 0.999997735
1439803922.325589 -0.001891962 -0.003897767 0.087266482 -0.002557847 -0.002447543 -0.002488742 0.999990642
1439803922.388090 -0.002886284 -0.005979658 0.131669879 -0.003706340 -0.004031553 -0.001742815 0.999983490
1439803922.450592 -0.003932836 -0.008226646 0.175339743 -0.003858369 -0.005825319 -0.000070738 0.999975562
1439803922.513093 -0.004635602 -0.010655991 0.218271792 -0.003778830 -0.008155567 0.001195513 0.999958873
1439803922.575594 -0.005855559 -0.013001917 0.261940986 -0.003418728 -0.010269563 0.002457046 0.999938369
1439803922.638096 -0.007196863 -0.015546913 0.306620240 -0.002778522 -0.012420629 0.003234800 0.999913752
1439803922.700598 -0.009223126 -0.017690858 0.349293053 -0.001193284 -0.014557100 0.003274049 0.999887943
1439803922.763098 -0.011747173 -0.020052755 0.392899036 -0.000219618 -0.016977910 0.003359188 0.999850214
1439803922.825600 -0.014147579 -0.022479665 0.436510563 0.000454482 -0.019595018 0.004000308 0.999799907
1439803922.888099 -0.017053029 -0.024895841 0.480609059 0.000947139 -0.022321504 0.004494057 0.999740303
1439803922.950603 -0.019769700 -0.027231937 0.524703205 0.001132268 -0.025212055 0.005112459 0.999668419
1439803923.013103 -0.022879861 -0.029594786 0.568967044 0.001192636 -0.027862182 0.006439483 0.999590278
1439803923.075606 -0.026336679 -0.031875324 0.612937689 0.000619618 -0.030458897 0.006675716 0.999513507
1439803923.138103 -0.030155838 -0.034232695 0.657231212 0.000026004 -0.033065084 0.006117079 0.999434471
1439803923.200608 -0.034181096 -0.036462668 0.701665819 -0.000484143 -0.035685014 0.006407894 0.999342382
1439803923.263109 -0.038225498 -0.038904727 0.745902836 -0.001197117 -0.038327053 0.007259571 0.999238133
1439803923.325608 -0.042393446 -0.041629311 0.789654791 -0.000920855 -0.040663496 0.008256246 0.999138355
1439803923.388111 -0.046598114 -0.044119794 0.833864093 -0.000583090 -0.043017983 0.008605411 0.999037087
1439803923.450612 -0.051584210 -0.046506338 0.878007412 -0.000790387 -0.045430847 0.009056253 0.998926103
1439803923.513112 -0.056222878 -0.048730668 0.922315180 -0.000874452 -0.047977235 0.009877671 0.998799205
1439803923.575614 -0.061659709 -0.051268388 0.966540575 -0.000931032 -0.050468128 0.010179473 0.998673379
1439803923.638113 -0.067361534 -0.053459585 1.010512590 -0.000668375 -0.053209320 0.010684726 0.998525977
1439803923.700613 -0.072845876 -0.055586487 1.055233598 -0.000389676 -0.055879023 0.011976005 0.998365641
1439803923.763115 -0.078060061 -0.058314029 1.099676371 -0.000968663 -0.058502413 0.012569763 0.998207688
1439803923.825618 -0.084612921 -0.060733154 1.143591642 -0.001638688 -0.060347024 0.012438036 0.998098612
1439803923.888119 -0.090835445 -0.062683687 1.188069344 -0.001923670 -0.061882827 0.012157582 0.998007476
1439803923.950619 -0.096808195 -0.064907901 1.233094811 -0.002092594 -0.063434102 0.011630877 0.997916043
1439803924.013123 -0.104030915 -0.067270510 1.278766036 -0.001768162 -0.064538732 0.010291381 0.997860551
1439803924.075623 -0.110883467 -0.069094718 1.323012233 -0.001772079 -0.065596119 0.010686985 0.997787416
1439803924.138126 -0.115912385 -0.072101697 1.365854383 -0.002979694 -0.067108251 0.010996262 0.997680664
1439803924.200626 -0.122012176 -0.072884880 1.412889361 -0.003730540 -0.068673164 0.009784984 0.997584224
1439803924.263126 -0.131157696 -0.074643463 1.458232999 -0.004354517 -0.069430403 0.009890470 0.997528255
1439803924.325627 -0.137899399 -0.076220550 1.502333999 -0.004859564 -0.070419565 0.009898514 0.997456491
1439803924.388129 -0.145082206 -0.080266953 1.546365976 -0.005623783 -0.071057618 0.008946816 0.997416198
1439803924.450630 -0.152624935 -0.081346706 1.587668419 -0.005383142 -0.071559526 0.008831581 0.997382700
1439803924.513131 -0.158453345 -0.084166199 1.638101339 -0.004357615 -0.072521567 0.007952932 0.997325599
1439803924.575633 -0.165288419 -0.087155387 1.681172729 -0.002482459 -0.072854340 0.006033150 0.997321248
1439803924.638134 -0.171742618 -0.089243591 1.720585465 -0.001243896 -0.073044248 0.005578112 0.997312307
