1439803793.885718 -0.000153741 -0.002676273 0.047900572 -0.000059967 0.000707271 -0.000166561 0.999999702
1439803793.948220 -0.000157756 -0.005358839 0.095509529 0.000205008 0.001214655 -0.000461049 0.999999106
1439803794.010721 -0.000391820 -0.008099526 0.143045142 0.000845403 0.001808485 -0.000876516 0.999997616
1439803794.073225 -0.000437291 -0.010831866 0.190687299 0.001688754 0.002376576 -0.001273461 0.999994934
1439803794.135724 -0.000431770 -0.013840682 0.238319933 0.002522244 0.002979642 -0.001651013 0.999991000
1439803794.198225 -0.000334437 -0.016667251 0.285954118 0.003021076 0.003572012 -0.002104802 0.999986827
1439803794.260726 -0.000465974 -0.019448124 0.333891720 0.003397750 0.004235334 -0.002563590 0.999981940
1439803794.323229 -0.000241331 -0.022472607 0.381587923 0.003337525 0.004821324 -0.002737503 0.999979079
1439803794.385728 -0.000062697 -0.025408797 0.429533035 0.003426991 0.005235457 -0.003160775 0.999975443
1439803794.448230 0.000119238 -0.028350769 0.477097511 0.003070525 0.005747583 -0.004076935 0.999970436
1439803794.510735 0.000295181 -0.030906089 0.524984121 0.002557568 0.006280332 -0.004386363 0.999967396
1439803794.573233 0.000541385 -0.034082551 0.572340727 0.002008332 0.006721662 -0.004581233 0.999964893
1439803794.635733 0.000871489 -0.037005045 0.620035112 0.002471480 0.007037478 -0.004576027 0.999961734
1439803794.698233 0.001468834 -0.040281929 0.666784883 0.003198567 0.007368889 -0.005181357 0.999954283
1439803794.760737 0.001866314 -0.043231133 0.714478195 0.003747090 0.007720377 -0.005533965 0.999947846
1439803794.823239 0.002171294 -0.045896560 0.761799574 0.004165560 0.007978141 -0.005713493 0.999943197
1439803794.885740 0.002643552 -0.048834149 0.808230639 0.003600733 0.008221764 -0.006204013 0.999940455
1439803794.948241 0.003330668 -0.052453451 0.855946302 0.002223263 0.008573351 -0.006022395 0.999942660
1439803795.010742 0.004025462 -0.055072088 0.903280377 0.001087585 0.008803715 -0.005470212 0.999945700
1439803795.073243 0.003612873 -0.056994930 0.949887574 0.000247814 0.009267751 -0.006209297 0.999937713
1439803795.135743 0.007907633 -0.062159471 0.998667896 -0.000159943 0.009001555 -0.006233242 0.999940038
1439803795.198244 0.007506505 -0.063540518 1.045131683 0.001106748 0.009562857 -0.006084244 0.999935150
1439803795.260749 0.009933168 -0.068541221 1.091723680 0.001967909 0.009355188 -0.005248279 0.999940515
1439803795.323248 0.006896465 -0.073639967 1.135600090 0.003510658 0.009754884 -0.003052912 0.999941587
1439803795.385749 0.009864815 -0.073142521 1.183809519 0.005285361 0.010435287 -0.004976921 0.999919176
1439803795.448251 0.008648183 -0.077823006 1.224735856 0.005474111 0.010466180 -0.002218727 0.999927759
