1439803946.451054 -0.000999364 -0.001522466 0.035678416 -0.000190531 -0.001287806 -0.000034664 0.999999106
1439803946.513555 -0.002554682 -0.003172332 0.070811920 -0.000475830 -0.002446418 -0.000365435 0.999996841
1439803946.576056 -0.004086397 -0.005192469 0.105617255 -0.000600840 -0.003750372 -0.000819112 0.999992430
1439803946.638556 -0.005658494 -0.006927448 0.139986858 -0.000400328 -0.005097189 -0.001127355 0.999986291
1439803946.701056 -0.005984637 -0.009664140 0.167295575 -0.001595849 -0.006751328 -0.001460954 0.999974847
1439803946.763558 -0.007116422 -0.010799895 0.196573645 -0.001878127 -0.008080937 -0.001280467 0.999964774
1439803946.826058 -0.010788514 -0.011793477 0.241283432 -0.001317357 -0.008565630 -0.000802922 0.999962091
1439803946.888558 -0.011694731 -0.013878687 0.271493047 -0.001340416 -0.010115476 -0.000203356 0.999947906
1439803946.951060 -0.013038820 -0.015298539 0.303100646 -0.000931382 -0.011493458 0.000311611 0.999933481
1439803947.013560 -0.015438830 -0.016672939 0.337210059 -0.000593763 -0.012586241 0.000816908 0.999920309
1439803947.076059 -0.017131940 -0.017806817 0.368326396 -0.000312663 -0.013891847 0.001134031 0.999902844
1439803947.138564 -0.019025050 -0.019209104 0.397696257 -0.000069936 -0.015227748 0.000850382 0.999883711
1439803947.201061 -0.021597045 -0.020825787 0.427887470 0.000301262 -0.016304547 0.000167266 0.999867022
1439803947.263561 -0.023542730 -0.022338485 0.456417471 0.000862875 -0.017480120 -0.000219437 0.999846816
1439803947.326064 -0.025646323 -0.023641167 0.485143989 0.001508059 -0.018605070 -0.000429354 0.999825716
1439803947.388565 -0.027140502 -0.025480902 0.512809694 0.002036888 -0.019619137 -0.000320055 0.999805450
1439803947.451065 -0.028555205 -0.026663564 0.541061699 0.002473465 -0.020654887 -0.000128767 0.999783576
1439803947.513567 -0.030450761 -0.027809430 0.570012629 0.002845530 -0.021547502 0.000718731 0.999763489
1439803947.576065 -0.031724237 -0.029054672 0.596892893 0.003332245 -0.022508083 0.001696274 0.999739707
1439803947.638564 -0.033608444 -0.030430928 0.623497546 0.003516150 -0.023364214 0.001829269 0.999719143
1439803947.701071 -0.035543866 -0.031661082 0.648492754 0.003366804 -0.024277216 0.001667128 0.999698222
1439803947.763573 -0.037608769 -0.032930691 0.675254464 0.003027091 -0.025288045 0.000983162 0.999675155
1439803947.826073 -0.040483288 -0.034754943 0.700319529 0.002817993 -0.026500132 0.000335773 0.999644816
1439803947.888570 -0.042978574 -0.035632286 0.725638211 0.003095270 -0.027640875 0.000376515 0.999613047
1439803947.951070 -0.044551820 -0.036825925 0.750121891 0.003235807 -0.029093182 0.000483624 0.999571323
1439803948.013571 -0.043835185 -0.037357695 0.773133516 0.003578386 -0.030849269 0.001571261 0.999516368
1439803948.076072 -0.045601435 -0.038029730 0.797104776 0.003357935 -0.032039341 0.001398429 0.999479949
1439803948.138573 -0.048063055 -0.039233468 0.822825372 0.003368417 -0.033077724 0.001478007 0.999446034
1439803948.201073 -0.049529821 -0.040963620 0.847232878 0.003733053 -0.034636497 0.001809776 0.999391377
1439803948.263574 -0.053351611 -0.042692047 0.871335208 0.003975746 -0.035456646 0.000479496 0.999363184
1439803948.326074 -0.054958962 -0.044117741 0.895375192 0.004634371 -0.036704574 0.000498211 0.999315262
1439803948.388577 -0.056588590 -0.045642424 0.918729246 0.005042540 -0.037912477 0.000746679 0.999268055
1439803948.451079 -0.058267992 -0.047085263 0.943263710 0.005264323 -0.039068922 0.001206123 0.999221921
1439803948.513578 -0.059751853 -0.047849230 0.967687607 0.005233538 -0.040497296 0.001255096 0.999165177
1439803948.576080 -0.061841648 -0.049011942 0.993045092 0.004893828 -0.041932710 0.001557403 0.999107242
1439803948.638581 -0.063583329 -0.050454114 1.018042326 0.004829880 -0.043387495 0.001282485 0.999045789
1439803948.701086 -0.066115715 -0.051859103 1.043015718 0.005150528 -0.044672221 0.000982460 0.998987913
1439803948.763583 -0.068126738 -0.053753041 1.067476153 0.005381692 -0.046440296 0.000754051 0.998906255
1439803948.826088 -0.074652269 -0.057164215 1.097570539 0.005190392 -0.047324967 -0.000964339 0.998865604
1439803948.888589 -0.077108249 -0.059384238 1.123573303 0.005572747 -0.049333837 -0.000793807 0.998766422
1439803948.951088 -0.079728998 -0.059703879 1.154315948 0.006323446 -0.051455267 -0.001019930 0.998654723
1439803949.013588 -0.088656083 -0.061068662 1.187389851 0.006819601 -0.052965876 -0.002286888 0.998570383
1439803949.076092 -0.093148291 -0.062942095 1.217125177 0.006934796 -0.055420391 -0.003875436 0.998431444
1439803949.138591 -0.003664657 -0.025933411 1.175743580 0.008107669 -0.068755776 -0.010318595 0.997547209
1439803949.201094 -0.038986817 -0.057157800 1.280521989 0.008105002 -0.066329889 -0.005303534 0.997750759
