1439803959.701294 -0.000068077 -0.002319756 0.051951956 -0.000578032 0.005176555 -0.004312965 0.999977112
1439803959.763793 0.000256892 -0.003056029 0.069647931 -0.002089071 0.006845350 -0.004089976 0.999966025
1439803959.826295 0.000722279 -0.003843652 0.087222263 -0.003843729 0.008630892 -0.003826570 0.999948025
1439803959.888797 0.001337045 -0.004711346 0.104100391 -0.005462530 0.010963472 -0.004000021 0.999916971
1439803959.951300 0.001702131 -0.005545537 0.122031495 -0.007098573 0.013727094 -0.006419463 0.999859989
1439803960.013802 0.002113533 -0.006183008 0.139321506 -0.008136947 0.016841905 -0.008518243 0.999788761
1439803960.076302 0.002716587 -0.006768644 0.157258242 -0.008947127 0.019735206 -0.009877351 0.999716401
1439803960.138805 0.003625587 -0.007404645 0.174818888 -0.009178766 0.022443799 -0.010498418 0.999650836
1439803960.201304 0.004746296 -0.008161089 0.192185432 -0.008829454 0.025116503 -0.010400814 0.999591410
1439803960.263804 0.006038824 -0.008976270 0.209531814 -0.008195006 0.028070608 -0.009724154 0.999525011
1439803960.326305 0.007421257 -0.009653016 0.227340057 -0.007308505 0.031031599 -0.009054641 0.999450624
1439803960.388808 0.008897731 -0.010343488 0.244936779 -0.007206958 0.034102816 -0.008252970 0.999358296
1439803960.451306 0.010417894 -0.011014015 0.262110293 -0.007211934 0.037186034 -0.008260089 0.999248207
1439803960.513805 0.012065929 -0.011692770 0.280057579 -0.006910914 0.040007263 -0.009388383 0.999131382
1439803960.576309 0.013529129 -0.012372619 0.297619164 -0.006795124 0.043048292 -0.011635953 0.998982131
1439803960.638807 0.015188298 -0.013086360 0.315362960 -0.007066333 0.045848262 -0.012814116 0.998841226
1439803960.701308 0.016946396 -0.013800720 0.332953542 -0.007262101 0.048570082 -0.014015165 0.998695016
1439803960.763809 0.018780261 -0.014647365 0.350813955 -0.006887614 0.051203083 -0.015903827 0.998537898
1439803960.826309 0.020672407 -0.015290651 0.368903667 -0.005981639 0.053956021 -0.016286960 0.998392582
1439803960.888812 0.022972761 -0.016436063 0.385885358 -0.004674780 0.056760050 -0.015882073 0.998250544
1439803960.951311 0.025367564 -0.017632442 0.402839273 -0.003602884 0.059711400 -0.016566399 0.998071730
1439803961.013814 0.027532756 -0.018388756 0.420900732 -0.002298205 0.062775441 -0.016904375 0.997881830
1439803961.076315 0.030324157 -0.019220810 0.439095020 -0.001493498 0.065535843 -0.016855830 0.997706711
1439803961.138815 0.032598231 -0.020433983 0.455912322 -0.002311196 0.068402752 -0.018370081 0.997485936
1439803961.201317 0.035274539 -0.020879595 0.473998278 -0.003613968 0.070801005 -0.019072201 0.997301579
1439803961.263818 0.037861481 -0.021457359 0.491805047 -0.004508154 0.073207505 -0.017156450 0.997158945
1439803961.326321 0.040944610 -0.022689458 0.509097517 -0.005838213 0.075103350 -0.015877821 0.997032225
1439803961.388820 0.043890387 -0.023600234 0.526541948 -0.006155367 0.076817222 -0.014621123 0.996918976
1439803961.451322 0.046865847 -0.024565989 0.544334888 -0.006323507 0.078305006 -0.013805073 0.996813834
1439803961.513826 0.049506266 -0.025482118 0.561430037 -0.006532393 0.079785876 -0.014547390 0.996684492
1439803961.576326 0.052146580 -0.026311755 0.578984499 -0.006976759 0.081449740 -0.015774652 0.996528208
1439803961.638825 0.055249158 -0.027208121 0.596073568 -0.007642951 0.082582958 -0.015156712 0.996439636
1439803961.701326 0.058205694 -0.027737074 0.613647878 -0.008467966 0.083369993 -0.014765465 0.996373296
1439803961.763828 0.061071150 -0.028103871 0.630807042 -0.009314654 0.084080748 -0.014503975 0.996309817
1439803961.826329 0.063880637 -0.028587429 0.647984445 -0.010988219 0.084631771 -0.014903274 0.996240258
1439803961.888830 0.066890135 -0.029811691 0.663679361 -0.012629829 0.084960215 -0.015212171 0.996188164
1439803961.951331 0.069163874 -0.030482326 0.680507600 -0.012601932 0.085462324 -0.015305396 0.996144116
1439803962.013833 0.071374848 -0.030827947 0.696240127 -0.010740710 0.085356824 -0.015200792 0.996176600
1439803962.076336 0.074714296 -0.032369215 0.711273670 -0.008987965 0.084997967 -0.014985522 0.996227860
1439803962.138837 0.076966397 -0.033445217 0.726874530 -0.006716670 0.085109435 -0.015600071 0.996226847
1439803962.263839 0.082224235 -0.034978300 0.755038083 -0.002870636 0.084863126 -0.014480835 0.996283233
1439803962.326340 0.082643904 -0.036079146 0.771591842 -0.002228911 0.085603938 -0.015259077 0.996209919
1439803962.388841 0.085151479 -0.035881847 0.787276089 -0.002492055 0.085320145 -0.015754176 0.996225893
1439803962.451342 0.088768691 -0.036889605 0.802736938 -0.003091883 0.084386513 -0.016334606 0.996294379
1439803962.513842 0.090612367 -0.039647005 0.819210410 -0.003213865 0.084071651 -0.017760750 0.996296227
1439803962.763847 0.101846918 -0.038896449 0.875072718 -0.003860611 0.081543259 -0.018064061 0.996498644
