#frame chA chB nCorr nA nB MNR GNR DICE
2 0 1 0 53 168 0 0 0
3 0 1 0 52 114 0 0 0
4 0 1 0 59 82 0 0 0
5 0 1 0 76 86 0 0 0
6 0 1 3 126 82 0.0365854 0.0295141 0.0288462
7 0 1 4 150 94 0.0425532 0.0336861 0.0327869
8 0 1 5 193 123 0.0406504 0.0324518 0.0316456
9 0 1 7 170 83 0.0843373 0.0589297 0.055336
10 0 1 12 219 129 0.0930233 0.0713944 0.0689655
11 0 1 13 180 99 0.131313 0.0973844 0.09319
12 0 1 19 238 139 0.136691 0.104462 0.100796
13 0 1 21 192 111 0.189189 0.143849 0.138614
14 0 1 24 242 148 0.162162 0.126816 0.123077
15 0 1 22 201 125 0.176 0.138794 0.134969
16 0 1 20 242 140 0.142857 0.108657 0.104712
17 0 1 22 258 182 0.120879 0.101526 0.1
18 0 1 13 247 167 0.0778443 0.0640084 0.0628019
19 0 1 16 281 185 0.0864865 0.0701748 0.0686695
20 0 1 12 238 197 0.0609137 0.0554191 0.0551724
21 0 1 14 174 156 0.0897436 0.084975 0.0848485
22 0 1 14 197 194 0.0721649 0.0716134 0.0716113
23 0 1 13 145 144 0.0902778 0.0899659 0.0899654
24 0 1 9 156 167 0.0576923 0.0557599 0.0557276
25 0 1 7 115 139 0.0608696 0.0553658 0.0551181
26 0 1 5 109 143 0.0458716 0.0400487 0.0396825
27 0 1 3 91 117 0.032967 0.0290742 0.0288462
28 0 1 2 100 141 0.02 0.016843 0.0165975
29 0 1 4 82 109 0.0487805 0.0423097 0.0418848
30 0 1 7 84 150 0.0833333 0.062361 0.0598291
31 0 1 6 73 121 0.0821918 0.0638406 0.0618557
32 0 1 6 105 164 0.0571429 0.045723 0.0446097
33 0 1 6 85 137 0.0705882 0.0556009 0.0540541
34 0 1 7 59 129 0.118644 0.0802375 0.0744681
35 0 1 8 92 175 0.0869565 0.0630488 0.0599251
36 0 1 9 73 146 0.123288 0.0871776 0.0821918
37 0 1 8 62 128 0.129032 0.0898027 0.0842105
38 0 1 5 107 196 0.046729 0.0345263 0.0330033
39 0 1 5 89 167 0.0561798 0.0410126 0.0390625
40 0 1 6 79 139 0.0759494 0.0572572 0.0550459
41 0 1 6 72 104 0.0833333 0.0693375 0.0681818
42 0 1 4 102 162 0.0392157 0.0311173 0.030303
43 0 1 5 86 137 0.0581395 0.0460639 0.044843
44 0 1 4 78 110 0.0512821 0.0431834 0.0425532
45 0 1 3 123 150 0.0243902 0.0220863 0.021978
46 0 1 2 97 118 0.0206186 0.018694 0.0186047
47 0 1 2 82 102 0.0243902 0.0218687 0.0217391
48 0 1 1 120 128 0.00833333 0.00806872 0.00806452
49 0 1 2 98 98 0.0204082 0.0204082 0.0204082
50 0 1 5 144 149 0.0347222 0.0341347 0.0341297
51 0 1 3 100 106 0.03 0.0291386 0.0291262
52 0 1 6 117 149 0.0512821 0.0454428 0.0451128
53 0 1 5 89 114 0.0561798 0.0496389 0.0492611
54 0 1 8 128 140 0.0625 0.0597614 0.0597015
55 0 1 5 94 101 0.0531915 0.0513151 0.0512821
56 0 1 8 116 123 0.0689655 0.0669743 0.0669456
57 0 1 13 92 101 0.141304 0.134862 0.134715
58 0 1 3 133 130 0.0230769 0.0228152 0.0228137
59 0 1 9 102 102 0.0882353 0.0882353 0.0882353
60 0 1 8 136 135 0.0592593 0.059041 0.0590406
61 0 1 9 123 108 0.0833333 0.0780869 0.0779221
62 0 1 11 158 157 0.0700637 0.0698416 0.0698413
63 0 1 14 126 138 0.111111 0.10617 0.106061
64 0 1 13 107 108 0.121495 0.120932 0.12093
65 0 1 12 130 136 0.0923077 0.0902485 0.0902256
66 0 1 8 103 108 0.0776699 0.0758507 0.0758294
67 0 1 8 127 153 0.0629921 0.0573908 0.0571429
68 0 1 6 103 119 0.0582524 0.054195 0.0540541
69 0 1 5 130 143 0.0384615 0.0366716 0.03663
70 0 1 5 102 121 0.0490196 0.0450067 0.044843
71 0 1 8 151 155 0.0529801 0.0522921 0.0522876
72 0 1 8 124 136 0.0645161 0.0616041 0.0615385
73 0 1 9 146 163 0.0616438 0.0583408 0.0582524
74 0 1 10 138 142 0.0724638 0.0714359 0.0714286
75 0 1 11 183 181 0.0607735 0.0604405 0.0604396
76 0 1 10 147 134 0.0746269 0.0712507 0.0711744
77 0 1 5 174 154 0.0324675 0.0305446 0.0304878
78 0 1 1 142 122 0.00819672 0.00759759 0.00757576
79 0 1 5 196 163 0.0306748 0.0279736 0.0278552
80 0 1 1 158 122 0.00819672 0.00720264 0.00714286
81 0 1 4 214 122 0.0327869 0.0247556 0.0238095
82 0 1 3 153 92 0.0326087 0.0252861 0.0244898
83 0 1 4 186 101 0.039604 0.0291839 0.0278746
84 0 1 3 147 78 0.0384615 0.0280166 0.0266667
85 0 1 4 206 96 0.0416667 0.028444 0.0264901
86 0 1 2 156 68 0.0294118 0.0194184 0.0178571
87 0 1 2 208 93 0.0215054 0.0143799 0.013289
88 0 1 1 265 133 0.0075188 0.00532661 0.00502513
89 0 1 1 175 91 0.010989 0.00792429 0.0075188
90 0 1 0 175 96 0 0 0
91 0 1 0 223 95 0 0 0
92 0 1 0 140 60 0 0 0
93 0 1 0 152 61 0 0 0
94 0 1 0 170 85 0 0 0
95 0 1 0 162 91 0 0 0
96 0 1 1 169 99 0.010101 0.00773106 0.00746269
97 0 1 2 163 95 0.0210526 0.0160722 0.0155039
98 0 1 1 137 89 0.011236 0.00905617 0.00884956
99 0 1 0 85 56 0 0 0
100 0 1 0 140 99 0 0 0
101 0 1 1 97 65 0.0153846 0.0125938 0.0123457
102 0 1 2 135 72 0.0277778 0.020286 0.0193237
103 0 1 1 79 41 0.0243902 0.0175709 0.0166667
104 0 1 2 107 48 0.0416667 0.0279073 0.0258065
105 0 1 1 181 94 0.0106383 0.00766649 0.00727273
106 0 1 0 103 57 0 0 0
107 0 1 0 150 53 0 0 0
108 0 1 0 136 34 0 0 0
109 0 1 0 110 47 0 0 0
110 0 1 0 83 49 0 0 0
111 0 1 0 100 75 0 0 0
112 0 1 0 119 96 0 0 0
113 0 1 5 122 136 0.0409836 0.0388169 0.0387597
114 0 1 2 133 160 0.0150376 0.0137102 0.0136519
115 0 1 2 119 183 0.0168067 0.0135529 0.013245
116 0 1 4 142 196 0.028169 0.0239766 0.0236686
117 0 1 5 141 225 0.035461 0.0280717 0.0273224
118 0 1 6 143 245 0.041958 0.0320553 0.0309278
119 0 1 4 102 171 0.0392157 0.0302874 0.029304
120 0 1 4 112 190 0.0357143 0.0274204 0.0264901
121 0 1 3 125 217 0.024 0.0182153 0.0175439
122 0 1 3 85 162 0.0352941 0.0255655 0.0242915
123 0 1 3 92 182 0.0326087 0.0231842 0.0218978
124 0 1 2 111 200 0.018018 0.0134231 0.0128617
125 0 1 3 142 227 0.0211268 0.0167095 0.0162602
126 0 1 3 98 179 0.0306122 0.0226507 0.0216607
127 0 1 2 121 219 0.0165289 0.0122861 0.0117647
128 0 1 3 85 150 0.0352941 0.0265684 0.0255319
129 0 1 4 151 166 0.0264901 0.0252649 0.0252366
130 0 1 3 97 127 0.0309278 0.0270292 0.0267857
131 0 1 4 154 151 0.0264901 0.0262308 0.0262295
132 0 1 3 94 120 0.0319149 0.0282466 0.0280374
133 0 1 5 137 137 0.0364963 0.0364963 0.0364963
134 0 1 3 115 101 0.029703 0.0278363 0.0277778
135 0 1 6 128 142 0.046875 0.0445043 0.0444444
136 0 1 9 113 124 0.079646 0.0760313 0.0759494
137 0 1 4 132 141 0.030303 0.02932 0.029304
138 0 1 5 108 112 0.0462963 0.0454621 0.0454545
139 0 1 9 122 172 0.0737705 0.0621296 0.0612245
140 0 1 9 104 134 0.0865385 0.0762383 0.0756303
141 0 1 8 135 178 0.0592593 0.0516075 0.0511182
142 0 1 6 112 158 0.0535714 0.0451039 0.0444444
143 0 1 10 96 128 0.104167 0.090211 0.0892857
144 0 1 6 114 205 0.0526316 0.0392484 0.0376176
145 0 1 7 102 175 0.0686275 0.0523937 0.0505415
146 0 1 5 95 142 0.0526316 0.0430491 0.0421941
147 0 1 2 132 169 0.0151515 0.0133906 0.013289
148 0 1 8 122 161 0.0655738 0.0570817 0.0565371
149 0 1 8 111 135 0.0720721 0.0653524 0.0650406
150 0 1 9 151 204 0.0596026 0.0512789 0.0507042
151 0 1 12 141 184 0.0851064 0.0745011 0.0738462
152 0 1 8 114 150 0.0701754 0.0611775 0.0606061
153 0 1 5 159 222 0.0314465 0.0266131 0.0262467
154 0 1 7 149 184 0.0469799 0.0422762 0.042042
155 0 1 5 111 179 0.045045 0.0354717 0.0344828
156 0 1 6 151 234 0.0397351 0.0319194 0.0311688
157 0 1 2 136 195 0.0147059 0.0122813 0.0120846
158 0 1 3 160 288 0.01875 0.0139754 0.0133929
159 0 1 5 153 233 0.0326797 0.0264817 0.0259067
160 0 1 8 114 192 0.0701754 0.0540738 0.0522876
161 0 1 4 137 234 0.0291971 0.0223404 0.0215633
162 0 1 10 114 201 0.0877193 0.0660617 0.0634921
163 0 1 8 132 231 0.0606061 0.0458139 0.0440771
164 0 1 6 104 178 0.0576923 0.0440986 0.0425532
165 0 1 8 132 231 0.0606061 0.0458139 0.0440771
166 0 1 8 96 171 0.0833333 0.0624391 0.0599251
167 0 1 9 143 212 0.0629371 0.05169 0.0507042
168 0 1 7 117 154 0.0598291 0.0521489 0.0516605
169 0 1 9 142 229 0.0633803 0.0499092 0.0485175
170 0 1 4 126 186 0.031746 0.0261287 0.025641
171 0 1 5 170 260 0.0294118 0.0237826 0.0232558
172 0 1 6 133 188 0.0451128 0.0379443 0.0373832
173 0 1 6 153 232 0.0392157 0.0318465 0.0311688
174 0 1 3 95 169 0.0315789 0.0236764 0.0227273
175 0 1 4 141 191 0.0283688 0.0243744 0.0240964
176 0 1 6 89 145 0.0674157 0.0528168 0.0512821
177 0 1 6 123 198 0.0487805 0.0384473 0.0373832
178 0 1 4 96 133 0.0416667 0.0353996 0.0349345
179 0 1 3 112 154 0.0267857 0.0228429 0.0225564
180 0 1 2 127 174 0.015748 0.0134541 0.013289
181 0 1 4 106 112 0.0377358 0.0367112 0.0366972
182 0 1 4 129 106 0.0377358 0.0342068 0.0340426
183 0 1 5 84 71 0.0704225 0.0647442 0.0645161
184 0 1 4 111 99 0.040404 0.0381576 0.0380952
185 0 1 5 82 71 0.0704225 0.0655291 0.0653595
186 0 1 5 112 77 0.0649351 0.0538413 0.0529101
187 0 1 6 118 108 0.0555556 0.0531494 0.0530973
188 0 1 6 119 124 0.0504202 0.0493932 0.0493827
189 0 1 5 113 117 0.0442478 0.0434848 0.0434783
190 0 1 5 119 112 0.0446429 0.0433099 0.04329
191 0 1 2 115 115 0.0173913 0.0173913 0.0173913
192 0 1 2 112 121 0.0178571 0.0171802 0.0171674
193 0 1 2 129 127 0.015748 0.0156255 0.015625
194 0 1 2 139 99 0.020202 0.0170492 0.0168067
195 0 1 2 88 52 0.0384615 0.0295656 0.0285714
196 0 1 1 114 59 0.0169492 0.0121933 0.0115607
197 0 1 2 83 38 0.0526316 0.0356122 0.0330578
198 0 1 2 129 48 0.0416667 0.0254164 0.0225989
199 0 1 1 148 71 0.0140845 0.00975529 0.00913242
200 0 1 1 149 77 0.012987 0.00933601 0.00884956
201 0 1 1 84 25 0.04 0.0218218 0.0183486
202 0 1 1 109 36 0.0277778 0.0159638 0.0137931
203 0 1 1 109 70 0.0142857 0.0114482 0.0111732
204 0 1 2 125 80 0.025 0.02 0.0195122
205 0 1 1 125 74 0.0135135 0.0103975 0.0100503
206 0 1 1 101 62 0.016129 0.012637 0.0122699
207 0 1 2 76 41 0.0487805 0.0358287 0.034188
208 0 1 1 112 64 0.015625 0.0118114 0.0113636
209 0 1 0 104 58 0 0 0
210 0 1 1 103 69 0.0144928 0.011862 0.0116279
211 0 1 1 120 60 0.0166667 0.0117851 0.0111111
212 0 1 1 75 45 0.0222222 0.0172133 0.0166667
213 0 1 1 87 56 0.0178571 0.0143267 0.013986
214 0 1 1 94 60 0.0166667 0.0133156 0.012987
215 0 1 1 111 63 0.015873 0.0119583 0.0114943
216 0 1 0 118 74 0 0 0
217 0 1 0 122 77 0 0 0
218 0 1 0 88 87 0 0 0
219 0 1 0 93 73 0 0 0
220 0 1 0 99 88 0 0 0
221 0 1 0 93 102 0 0 0
222 0 1 0 90 106 0 0 0
223 0 1 1 69 84 0.0144928 0.0131352 0.0130719
224 0 1 1 84 120 0.0119048 0.00996024 0.00980392
225 0 1 1 67 69 0.0149254 0.0147075 0.0147059
226 0 1 1 105 83 0.0120482 0.0107119 0.0106383
227 0 1 0 103 105 0 0 0
228 0 1 0 60 84 0 0 0
229 0 1 0 89 109 0 0 0
230 0 1 1 104 137 0.00961538 0.00837767 0.00829876
231 0 1 2 71 89 0.028169 0.0251597 0.025
232 0 1 1 78 121 0.0128205 0.0102934 0.0100503
233 0 1 1 57 103 0.0175439 0.013051 0.0125
234 0 1 1 76 112 0.0131579 0.0108389 0.0106383
235 0 1 1 69 84 0.0144928 0.0131352 0.0130719
236 0 1 2 81 105 0.0246914 0.0216867 0.0215054
237 0 1 1 59 79 0.0169492 0.0146474 0.0144928
238 0 1 1 71 100 0.0140845 0.0118678 0.0116959
239 0 1 1 56 63 0.0178571 0.0168359 0.0168067
240 0 1 0 60 78 0 0 0
241 0 1 0 41 68 0 0 0
242 0 1 1 62 84 0.016129 0.0138568 0.0136986
243 0 1 1 41 70 0.0243902 0.0186663 0.018018
244 0 1 1 51 85 0.0196078 0.0151882 0.0147059
245 0 1 0 39 64 0 0 0
246 0 1 1 50 79 0.02 0.0159111 0.0155039
247 0 1 1 44 67 0.0227273 0.0184177 0.018018
248 0 1 2 58 96 0.0344828 0.0268028 0.025974
249 0 1 1 48 54 0.0208333 0.0196419 0.0196078
250 0 1 2 46 68 0.0434783 0.0357599 0.0350877
251 0 1 1 40 65 0.025 0.0196116 0.0190476
252 0 1 0 59 61 0 0 0
253 0 1 0 41 30 0 0 0
254 0 1 0 64 45 0 0 0
255 0 1 0 40 29 0 0 0
256 0 1 0 72 40 0 0 0
257 0 1 1 41 46 0.0243902 0.0230266 0.0229885
258 0 1 0 55 58 0 0 0
259 0 1 1 50 51 0.02 0.019803 0.019802
260 0 1 2 61 60 0.0333333 0.033059 0.0330578
261 0 1 2 59 43 0.0465116 0.0397072 0.0392157
262 0 1 2 65 82 0.0307692 0.0273947 0.0272109
263 0 1 2 59 61 0.0338983 0.033338 0.0333333
264 0 1 1 64 61 0.0163934 0.0160046 0.016
265 0 1 1 38 42 0.0263158 0.0250313 0.025
266 0 1 1 60 47 0.0212766 0.0188311 0.0186916
267 0 1 2 49 40 0.05 0.0451754 0.0449438
268 0 1 1 58 58 0.0172414 0.0172414 0.0172414
269 0 1 1 63 44 0.0227273 0.0189934 0.0186916
270 0 1 2 77 73 0.0273973 0.0266762 0.0266667
271 0 1 2 59 46 0.0434783 0.0383906 0.0380952
272 0 1 2 66 79 0.030303 0.0276977 0.0275862
273 0 1 3 56 67 0.0535714 0.0489767 0.0487805
274 0 1 1 72 89 0.0138889 0.0124922 0.0124224
275 0 1 0 50 66 0 0 0
276 0 1 0 92 85 0 0 0
277 0 1 0 77 75 0 0 0
278 0 1 2 82 109 0.0243902 0.0211548 0.0209424
279 0 1 4 74 96 0.0540541 0.0474579 0.0470588
280 0 1 3 89 117 0.0337079 0.0293991 0.0291262
281 0 1 3 83 114 0.0361446 0.0308411 0.0304569
282 0 1 2 102 129 0.0196078 0.0174355 0.017316
283 0 1 2 89 121 0.0224719 0.0192727 0.0190476
284 0 1 5 81 107 0.0617284 0.0537076 0.0531915
285 0 1 6 95 131 0.0631579 0.0537841 0.0530973
286 0 1 8 73 111 0.109589 0.0888724 0.0869565
287 0 1 5 102 121 0.0490196 0.0450067 0.044843
288 0 1 5 81 108 0.0617284 0.0534584 0.0529101
289 0 1 6 98 96 0.0625 0.061859 0.0618557
290 0 1 5 96 101 0.0520833 0.0507778 0.0507614
291 0 1 9 80 78 0.115385 0.113933 0.113924
292 0 1 6 92 88 0.0681818 0.0666831 0.0666667
293 0 1 6 77 84 0.0779221 0.0746047 0.0745342
294 0 1 5 96 118 0.0520833 0.0469779 0.046729
295 0 1 4 77 86 0.0519481 0.0491547 0.0490798
296 0 1 1 81 107 0.0123457 0.0107415 0.0106383
297 0 1 5 72 99 0.0694444 0.0592224 0.0584795
298 0 1 6 90 117 0.0666667 0.0584705 0.057971
299 0 1 4 69 96 0.057971 0.0491473 0.0484848
300 0 1 5 84 93 0.0595238 0.0565704 0.0564972
301 0 1 4 78 99 0.0512821 0.0455193 0.0451977
302 0 1 2 78 92 0.025641 0.0236096 0.0235294
303 0 1 2 73 86 0.0273973 0.0252417 0.0251572
304 0 1 5 89 95 0.0561798 0.0543767 0.0543478
305 0 1 3 85 82 0.0365854 0.0359339 0.0359281
306 0 1 1 75 81 0.0133333 0.01283 0.0128205
307 0 1 5 74 74 0.0675676 0.0675676 0.0675676
308 0 1 7 83 67 0.104478 0.0938689 0.0933333
309 0 1 4 76 64 0.0625 0.0573539 0.0571429
310 0 1 4 76 64 0.0625 0.0573539 0.0571429
311 0 1 2 77 59 0.0338983 0.0296728 0.0294118
312 0 1 7 99 76 0.0921053 0.0807 0.08
313 0 1 7 81 46 0.152174 0.114677 0.110236
314 0 1 6 90 65 0.0923077 0.0784465 0.0774194
315 0 1 3 69 46 0.0652174 0.0532498 0.0521739
316 0 1 3 91 65 0.0461538 0.0390071 0.0384615
317 0 1 3 77 57 0.0526316 0.0452833 0.0447761
318 0 1 2 83 63 0.031746 0.027658 0.0273973
319 0 1 3 91 67 0.0447761 0.0384205 0.0379747
320 0 1 2 106 66 0.030303 0.0239114 0.0232558
321 0 1 3 85 60 0.05 0.0420084 0.0413793
322 0 1 3 108 88 0.0340909 0.0307729 0.0306122
323 0 1 1 79 71 0.0140845 0.0133523 0.0133333
324 0 1 2 97 105 0.0206186 0.0198175 0.019802
325 0 1 1 75 77 0.0133333 0.013159 0.0131579
326 0 1 2 87 92 0.0229885 0.0223551 0.0223464
327 0 1 2 63 89 0.031746 0.0267094 0.0263158
328 0 1 0 96 101 0 0 0
329 0 1 0 68 101 0 0 0
330 0 1 1 74 120 0.0135135 0.0106119 0.0103093
331 0 1 0 74 89 0 0 0
332 0 1 0 91 140 0 0 0
333 0 1 0 79 103 0 0 0
334 0 1 0 95 130 0 0 0
335 0 1 1 96 107 0.0104167 0.00986671 0.00985222
336 0 1 1 92 117 0.0108696 0.00963858 0.00956938
337 0 1 1 81 102 0.0123457 0.0110016 0.010929
338 0 1 1 97 126 0.0103093 0.00904542 0.00896861
339 0 1 1 84 125 0.0119048 0.009759 0.00956938
340 0 1 1 110 137 0.00909091 0.00814598 0.00809717
341 0 1 1 80 98 0.0125 0.0112938 0.011236
342 0 1 1 95 130 0.0105263 0.00899843 0.00888889
343 0 1 1 98 107 0.0102041 0.00976551 0.0097561
344 0 1 1 103 129 0.00970874 0.00867534 0.00862069
345 0 1 0 92 94 0 0 0
346 0 1 1 110 117 0.00909091 0.00881477 0.00881057
347 0 1 2 99 106 0.020202 0.0195236 0.0195122
348 0 1 2 95 120 0.0210526 0.0187317 0.0186047
349 0 1 1 85 96 0.0117647 0.0110702 0.0110497
350 0 1 2 97 123 0.0206186 0.0183101 0.0181818
351 0 1 1 93 117 0.0107527 0.00958662 0.00952381
352 0 1 3 107 125 0.0280374 0.0259403 0.0258621
353 0 1 2 101 128 0.019802 0.0175899 0.0174672
354 0 1 3 103 135 0.0291262 0.0254411 0.0252101
355 0 1 2 80 114 0.025 0.0209427 0.0206186
356 0 1 5 95 123 0.0526316 0.0462547 0.0458716
357 0 1 5 79 100 0.0632911 0.0562544 0.0558659
358 0 1 6 99 127 0.0606061 0.0535096 0.0530973
359 0 1 4 80 107 0.05 0.0432338 0.0427807
360 0 1 6 103 138 0.0582524 0.0503261 0.0497925
361 0 1 6 87 120 0.0689655 0.058722 0.057971
362 0 1 3 100 146 0.03 0.0248282 0.0243902
363 0 1 2 70 120 0.0285714 0.0218218 0.0210526
364 0 1 3 94 151 0.0319149 0.0251808 0.0244898
365 0 1 4 92 137 0.0434783 0.0356292 0.0349345
366 0 1 3 109 162 0.0275229 0.0225762 0.0221402
367 0 1 1 100 143 0.01 0.00836242 0.00823045
368 0 1 1 115 153 0.00869565 0.00753885 0.00746269
369 0 1 2 96 109 0.0208333 0.0195515 0.0195122
370 0 1 1 102 144 0.00980392 0.00825123 0.00813008
371 0 1 1 103 98 0.0102041 0.00995333 0.00995025
372 0 1 1 128 100 0.01 0.00883884 0.00877193
373 0 1 1 114 105 0.00952381 0.00914014 0.00913242
374 0 1 4 143 100 0.04 0.0334497 0.0329218
375 0 1 4 137 80 0.05 0.038208 0.0368664
376 0 1 7 154 127 0.0551181 0.0500537 0.0498221
377 0 1 8 132 96 0.0833333 0.0710669 0.0701754
378 0 1 9 152 124 0.0725806 0.0655556 0.0652174
379 0 1 6 129 108 0.0555556 0.0508329 0.0506329
380 0 1 12 151 129 0.0930233 0.0859801 0.0857143
381 0 1 12 117 118 0.102564 0.102129 0.102128
382 0 1 13 143 139 0.0935252 0.0922079 0.0921986
383 0 1 12 120 113 0.106195 0.103051 0.103004
384 0 1 13 121 115 0.113043 0.110205 0.110169
385 0 1 8 111 114 0.0720721 0.0711174 0.0711111
386 0 1 8 115 126 0.0695652 0.0664593 0.06639
387 0 1 5 122 117 0.042735 0.0418502 0.041841
388 0 1 3 127 127 0.023622 0.023622 0.023622
389 0 1 2 111 115 0.018018 0.0177019 0.0176991
390 0 1 5 121 118 0.0423729 0.0418443 0.041841
391 0 1 6 109 112 0.0550459 0.0543036 0.0542986
392 0 1 6 131 132 0.0458015 0.0456277 0.0456274
393 0 1 5 118 118 0.0423729 0.0423729 0.0423729
394 0 1 5 133 146 0.037594 0.0358813 0.0358423
395 0 1 1 128 115 0.00869565 0.00824226 0.00823045
396 0 1 1 100 101 0.01 0.00995037 0.00995025
397 0 1 3 127 117 0.025641 0.0246108 0.0245902
398 0 1 3 100 91 0.032967 0.0314485 0.0314136
399 0 1 4 93 73 0.0547945 0.0485464 0.0481928
400 0 1 3 96 96 0.03125 0.03125 0.03125
401 0 1 5 109 96 0.0520833 0.0488789 0.0487805
402 0 1 5 109 100 0.05 0.0478913 0.0478469
403 0 1 3 93 82 0.0365854 0.0343536 0.0342857
404 0 1 1 95 118 0.0105263 0.0094449 0.00938967
405 0 1 1 86 98 0.0116279 0.0108928 0.0108696
406 0 1 3 96 116 0.03125 0.0284287 0.0283019
407 0 1 1 93 100 0.0107527 0.0103695 0.0103627
408 0 1 3 89 113 0.0337079 0.0299149 0.029703
409 0 1 3 97 107 0.0309278 0.0294472 0.0294118
410 0 1 5 104 110 0.0480769 0.0467473 0.046729
411 0 1 1 83 105 0.0120482 0.0107119 0.0106383
412 0 1 2 92 97 0.0217391 0.0211714 0.021164
413 0 1 3 103 107 0.0291262 0.0285766 0.0285714
414 0 1 2 75 89 0.0266667 0.0244796 0.0243902
415 0 1 3 98 107 0.0306122 0.0292965 0.0292683
416 0 1 3 76 97 0.0394737 0.0349405 0.0346821
417 0 1 3 103 98 0.0306122 0.02986 0.0298507
418 0 1 4 91 96 0.043956 0.042796 0.0427807
419 0 1 1 100 98 0.0102041 0.0101015 0.010101
420 0 1 3 111 97 0.0309278 0.0289117 0.0288462
421 0 1 3 102 105 0.0294118 0.0289886 0.0289855
422 0 1 3 99 98 0.0306122 0.0304572 0.0304569
423 0 1 6 107 108 0.0560748 0.0558146 0.055814
424 0 1 4 97 79 0.0506329 0.0456941 0.0454545
425 0 1 4 105 89 0.0449438 0.0413781 0.0412371
426 0 1 5 106 82 0.0609756 0.0536303 0.0531915
427 0 1 4 112 116 0.0357143 0.0350931 0.0350877
428 0 1 4 94 84 0.047619 0.0450149 0.0449438
429 0 1 3 112 114 0.0267857 0.0265497 0.0265487
430 0 1 4 104 84 0.047619 0.042796 0.0425532
431 0 1 3 111 122 0.027027 0.0257798 0.0257511
432 0 1 2 102 101 0.019802 0.0197047 0.0197044
433 0 1 5 112 127 0.0446429 0.0419237 0.041841
434 0 1 4 98 122 0.0408163 0.036582 0.0363636
435 0 1 4 98 116 0.0408163 0.0375161 0.0373832
436 0 1 3 80 116 0.0375 0.0311421 0.0306122
437 0 1 2 102 115 0.0196078 0.0184663 0.0184332
438 0 1 3 96 99 0.03125 0.0307729 0.0307692
439 0 1 3 101 98 0.0306122 0.0301542 0.0301508
440 0 1 1 90 88 0.0113636 0.0112367 0.011236
441 0 1 3 96 78 0.0384615 0.0346688 0.0344828
442 0 1 5 96 73 0.0684932 0.0597273 0.0591716
443 0 1 4 93 64 0.0625 0.0518476 0.0509554
444 0 1 10 104 82 0.121951 0.108287 0.107527
445 0 1 8 132 112 0.0714286 0.0657952 0.0655738
446 0 1 9 105 92 0.0978261 0.0915702 0.0913706
447 0 1 11 117 112 0.0982143 0.0960928 0.0960699
448 0 1 10 116 106 0.0943396 0.0901816 0.0900901
449 0 1 11 120 107 0.102804 0.0970756 0.0969163
450 0 1 11 111 107 0.102804 0.100934 0.100917
451 0 1 10 122 128 0.0819672 0.0800231 0.08
452 0 1 10 100 117 0.1 0.09245 0.0921659
453 0 1 5 142 105 0.047619 0.0409479 0.0404858
454 0 1 6 117 95 0.0631579 0.056911 0.0566038
455 0 1 9 127 105 0.0857143 0.0779374 0.0775862
456 0 1 7 107 109 0.0654206 0.0648176 0.0648148
457 0 1 5 141 113 0.0442478 0.0396115 0.0393701
458 0 1 5 117 113 0.0442478 0.0434848 0.0434783
459 0 1 6 127 114 0.0526316 0.0498651 0.0497925
460 0 1 8 96 84 0.0952381 0.0890871 0.0888889
461 0 1 4 101 96 0.0416667 0.0406222 0.0406091
462 0 1 4 99 90 0.0444444 0.0423761 0.042328
463 0 1 4 96 85 0.0470588 0.0442807 0.0441989
464 0 1 4 76 72 0.0555556 0.0540738 0.0540541
465 0 1 5 114 86 0.0581395 0.0504973 0.05
466 0 1 3 90 68 0.0441176 0.0383483 0.0379747
467 0 1 3 112 67 0.0447761 0.0346318 0.0335196
468 0 1 1 81 65 0.0153846 0.0137816 0.0136986
469 0 1 2 104 94 0.0212766 0.0202278 0.020202
470 0 1 0 102 77 0 0 0
471 0 1 1 93 75 0.0133333 0.0119737 0.0119048
472 0 1 1 90 67 0.0149254 0.0128778 0.0127389
473 0 1 1 89 82 0.0121951 0.0117057 0.0116959
474 0 1 1 86 79 0.0126582 0.0121321 0.0121212
475 0 1 2 111 131 0.018018 0.0165857 0.0165289
476 0 1 2 104 95 0.0210526 0.0201211 0.0201005
477 0 1 4 110 91 0.043956 0.03998 0.039801
478 0 1 2 94 66 0.030303 0.0253918 0.025
479 0 1 0 101 71 0 0 0
480 0 1 0 86 62 0 0 0
481 0 1 0 105 63 0 0 0
482 0 1 0 98 74 0 0 0
483 0 1 2 141 78 0.025641 0.019071 0.0182648
484 0 1 2 104 76 0.0263158 0.0224961 0.0222222
485 0 1 1 146 94 0.0106383 0.0085361 0.00833333
486 0 1 2 113 88 0.0227273 0.0200562 0.0199005
487 0 1 2 158 115 0.0173913 0.0148372 0.014652
488 0 1 3 116 106 0.0283019 0.0270545 0.027027
489 0 1 1 149 132 0.00757576 0.0071305 0.00711744
490 0 1 3 139 106 0.0283019 0.024715 0.0244898
491 0 1 0 164 121 0 0 0
492 0 1 3 149 113 0.0265487 0.0231201 0.0229008
493 0 1 0 158 165 0 0 0
494 0 1 2 137 131 0.0152672 0.0149291 0.0149254
495 0 1 2 155 149 0.0134228 0.0131605 0.0131579
496 0 1 8 146 155 0.0547945 0.0531799 0.0531561
497 0 1 4 154 160 0.025974 0.0254824 0.0254777
498 0 1 4 139 120 0.0333333 0.0309715 0.030888
499 0 1 5 126 114 0.0438596 0.0417188 0.0416667
500 0 1 8 138 148 0.057971 0.0559783 0.0559441
501 0 1 6 127 123 0.0487805 0.0480061 0.048
502 0 1 6 132 151 0.0454545 0.0424987 0.0424028
503 0 1 8 107 163 0.0747664 0.0605765 0.0592593
504 0 1 8 139 158 0.057554 0.0539826 0.0538721
505 0 1 8 127 155 0.0629921 0.0570194 0.0567376
506 0 1 7 122 169 0.057377 0.04875 0.04811
507 0 1 13 130 181 0.1 0.0847486 0.0836013
508 0 1 11 144 182 0.0763889 0.0679478 0.0674847
509 0 1 11 142 174 0.0774648 0.06998 0.0696203
510 0 1 12 161 179 0.0745342 0.0706874 0.0705882
511 0 1 14 135 177 0.103704 0.0905679 0.0897436
512 0 1 11 149 186 0.0738255 0.0660759 0.0656716
513 0 1 3 124 167 0.0241935 0.0208474 0.0206186
514 0 1 8 125 180 0.064 0.0533333 0.052459
515 0 1 8 127 173 0.0629921 0.0539716 0.0533333
516 0 1 8 134 167 0.0597015 0.0534785 0.0531561
517 0 1 9 116 155 0.0775862 0.0671193 0.0664207
518 0 1 6 129 160 0.0465116 0.0417635 0.0415225
519 0 1 7 98 153 0.0714286 0.0571662 0.0557769
520 0 1 7 86 139 0.0813954 0.0640238 0.0622222
521 0 1 7 92 151 0.076087 0.0593903 0.0576132
522 0 1 4 91 137 0.043956 0.0358244 0.0350877
523 0 1 7 78 122 0.0897436 0.0717581 0.07
524 0 1 7 96 153 0.0729167 0.0577586 0.0562249
525 0 1 8 84 126 0.0952381 0.0777616 0.0761905
526 0 1 8 78 122 0.102564 0.0820092 0.08
527 0 1 5 96 124 0.0520833 0.0458272 0.0454545
528 0 1 7 94 133 0.0744681 0.0626049 0.061674
529 0 1 5 88 122 0.0568182 0.0482557 0.047619
530 0 1 4 93 136 0.0430108 0.0355671 0.0349345
531 0 1 5 100 131 0.05 0.0436852 0.04329
532 0 1 6 104 125 0.0576923 0.0526235 0.0524017
533 0 1 4 96 109 0.0416667 0.0391031 0.0390244
534 0 1 7 114 133 0.0614035 0.0568486 0.0566802
535 0 1 8 105 120 0.0761905 0.0712697 0.0711111
536 0 1 7 137 140 0.0510949 0.0505445 0.0505415
537 0 1 8 128 129 0.0625 0.0622573 0.0622568
538 0 1 9 111 113 0.0810811 0.0803603 0.0803571
539 0 1 7 124 130 0.0564516 0.0551335 0.0551181
540 0 1 8 119 122 0.0672269 0.0663952 0.06639
541 0 1 9 135 136 0.0666667 0.0664211 0.0664207
542 0 1 7 122 127 0.057377 0.0562362 0.0562249
543 0 1 7 108 129 0.0648148 0.059305 0.0590717
544 0 1 7 129 138 0.0542636 0.0524643 0.0524345
545 0 1 11 142 134 0.0820896 0.0797437 0.0797101
546 0 1 8 129 116 0.0689655 0.0653983 0.0653061
547 0 1 10 141 131 0.0763359 0.0735792 0.0735294
548 0 1 11 136 129 0.0852713 0.0830478 0.0830189
549 0 1 5 103 100 0.05 0.0492665 0.0492611
550 0 1 9 136 108 0.0833333 0.0742611 0.0737705
551 0 1 10 124 123 0.0813008 0.0809723 0.0809717
552 0 1 12 149 129 0.0930233 0.0865552 0.0863309
553 0 1 10 134 118 0.0847458 0.0795255 0.0793651
554 0 1 9 129 106 0.0849057 0.0769653 0.0765957
555 0 1 11 149 129 0.0852713 0.0793423 0.0791367
556 0 1 11 123 115 0.0956522 0.0924892 0.092437
557 0 1 9 126 109 0.0825688 0.076797 0.0765957
558 0 1 6 138 142 0.0434783 0.0428615 0.0428571
559 0 1 6 136 133 0.0451128 0.0446124 0.0446097
560 0 1 6 151 143 0.041958 0.0408314 0.0408163
561 0 1 7 133 138 0.0526316 0.0516693 0.0516605
562 0 1 7 141 156 0.0496454 0.0471983 0.047138
563 0 1 6 122 150 0.0491803 0.0443533 0.0441176
564 0 1 11 120 142 0.0916667 0.0842671 0.0839695
565 0 1 10 144 152 0.0694444 0.0675923 0.0675676
566 0 1 10 130 140 0.0769231 0.0741249 0.0740741
567 0 1 9 120 140 0.075 0.0694365 0.0692308
568 0 1 5 147 149 0.0340136 0.0337846 0.0337838
569 0 1 7 126 142 0.0555556 0.0523322 0.0522388
570 0 1 4 124 107 0.0373832 0.0347262 0.034632
571 0 1 4 119 143 0.0336134 0.0306633 0.0305344
572 0 1 5 113 154 0.0442478 0.0379027 0.0374532
573 0 1 5 117 123 0.042735 0.0416797 0.0416667
574 0 1 7 120 144 0.0583333 0.0532508 0.0530303
575 0 1 6 125 151 0.048 0.0436725 0.0434783
576 0 1 4 108 127 0.037037 0.0341544 0.0340426
577 0 1 5 138 160 0.0362319 0.0336489 0.033557
578 0 1 7 118 149 0.059322 0.0527915 0.0524345
579 0 1 5 113 132 0.0442478 0.0409396 0.0408163
580 0 1 5 155 172 0.0322581 0.0306225 0.030581
581 0 1 5 128 168 0.0390625 0.0340965 0.0337838
582 0 1 6 126 136 0.047619 0.0458349 0.0458015
583 0 1 3 156 165 0.0192308 0.0186989 0.0186916
584 0 1 6 133 140 0.0451128 0.0439705 0.043956
585 0 1 5 104 124 0.0480769 0.0440294 0.0438596
586 0 1 3 131 139 0.0229008 0.022232 0.0222222
587 0 1 4 129 118 0.0338983 0.0324208 0.0323887
588 0 1 3 110 90 0.0333333 0.0301511 0.03
589 0 1 4 127 120 0.0333333 0.0324017 0.0323887
590 0 1 2 109 85 0.0235294 0.0207782 0.0206186
591 0 1 2 85 75 0.0266667 0.025049 0.025
592 0 1 4 81 88 0.0493827 0.0473779 0.0473373
593 0 1 0 64 52 0 0 0
594 0 1 1 73 70 0.0142857 0.0139891 0.013986
595 0 1 4 78 74 0.0540541 0.0526498 0.0526316
596 0 1 4 87 82 0.0487805 0.047358 0.0473373
597 0 1 3 62 58 0.0517241 0.0500278 0.05
598 0 1 2 74 66 0.030303 0.0286182 0.0285714
599 0 1 2 53 67 0.0377358 0.0335625 0.0333333
600 0 1 1 38 48 0.0263158 0.0234146 0.0232558
601 0 1 1 64 50 0.02 0.0176777 0.0175439
602 0 1 2 54 43 0.0465116 0.0415049 0.0412371
603 0 1 1 80 73 0.0136986 0.0130856 0.0130719
604 0 1 3 64 74 0.046875 0.0435929 0.0434783
605 0 1 3 62 57 0.0526316 0.0504647 0.0504202
606 0 1 1 88 82 0.0121951 0.011772 0.0117647
607 0 1 4 79 76 0.0526316 0.0516226 0.0516129
608 0 1 2 68 68 0.0294118 0.0294118 0.0294118
609 0 1 4 74 79 0.0540541 0.0523155 0.0522876
610 0 1 2 69 67 0.0298507 0.0294149 0.0294118
611 0 1 3 80 68 0.0441176 0.0406745 0.0405405
612 0 1 3 65 64 0.046875 0.046513 0.0465116
613 0 1 3 97 72 0.0416667 0.0358979 0.035503
614 0 1 1 76 65 0.0153846 0.0142278 0.0141844
615 0 1 3 111 71 0.0422535 0.0337933 0.032967
616 0 1 3 89 61 0.0491803 0.0407156 0.04
617 0 1 2 106 71 0.028169 0.0230541 0.0225989
618 0 1 5 94 74 0.0675676 0.0599501 0.0595238
619 0 1 3 99 76 0.0394737 0.0345857 0.0342857
620 0 1 4 81 50 0.08 0.0628539 0.0610687
621 0 1 4 116 74 0.0540541 0.0431733 0.0421053
622 0 1 7 110 70 0.1 0.0797724 0.0777778
623 0 1 6 125 86 0.0697674 0.0578691 0.056872
624 0 1 4 107 77 0.0519481 0.0440679 0.0434783
625 0 1 6 127 98 0.0612245 0.0537819 0.0533333
626 0 1 6 112 101 0.0594059 0.0564133 0.056338
627 0 1 6 90 81 0.0740741 0.0702728 0.0701754
628 0 1 8 97 104 0.0824742 0.0796503 0.079602
629 0 1 6 97 97 0.0618557 0.0618557 0.0618557
630 0 1 4 105 116 0.0380952 0.036244 0.0361991
631 0 1 7 118 102 0.0686275 0.0638053 0.0636364
632 0 1 6 95 100 0.0631579 0.0615587 0.0615385
633 0 1 2 100 106 0.02 0.0194257 0.0194175
634 0 1 5 100 89 0.0561798 0.0529999 0.0529101
635 0 1 3 94 88 0.0340909 0.032985 0.032967
636 0 1 3 96 86 0.0348837 0.0330169 0.032967
637 0 1 2 92 61 0.0327869 0.0266975 0.0261438
638 0 1 4 77 71 0.056338 0.0540985 0.0540541
639 0 1 2 89 65 0.0307692 0.0262953 0.025974
640 0 1 1 71 60 0.0166667 0.0153213 0.0152672
641 0 1 2 68 62 0.0322581 0.0308021 0.0307692
642 0 1 2 80 83 0.025 0.024544 0.0245399
643 0 1 5 79 85 0.0632911 0.0610165 0.0609756
644 0 1 3 81 86 0.037037 0.0359443 0.0359281
645 0 1 4 68 74 0.0588235 0.0563884 0.056338
646 0 1 1 72 77 0.0138889 0.0134304 0.0134228
647 0 1 5 73 69 0.0724638 0.0704505 0.0704225
648 0 1 4 75 69 0.057971 0.0556038 0.0555556
649 0 1 2 73 68 0.0294118 0.0283866 0.0283688
650 0 1 0 78 70 0 0 0
651 0 1 0 90 72 0 0 0
652 0 1 2 107 88 0.0227273 0.0206109 0.0205128
653 0 1 3 118 96 0.03125 0.0281867 0.0280374
654 0 1 1 99 77 0.012987 0.0114535 0.0113636
655 0 1 3 132 75 0.04 0.0301511 0.0289855
656 0 1 4 115 77 0.0519481 0.0425075 0.0416667
657 0 1 4 112 72 0.0555556 0.0445435 0.0434783
658 0 1 4 116 69 0.057971 0.0447102 0.0432432
659 0 1 7 114 85 0.0823529 0.0711109 0.0703518
660 0 1 4 98 77 0.0519481 0.046047 0.0457143
661 0 1 4 101 82 0.0487805 0.0439534 0.0437158
662 0 1 1 113 66 0.0151515 0.0115795 0.0111732
663 0 1 3 97 71 0.0422535 0.0361498 0.0357143
664 0 1 3 120 65 0.0461538 0.0339683 0.0324324
665 0 1 4 102 58 0.0689655 0.0520051 0.05
666 0 1 3 119 61 0.0491803 0.0352114 0.0333333
667 0 1 3 122 61 0.0491803 0.0347757 0.0327869
668 0 1 4 98 55 0.0727273 0.0544836 0.0522876
669 0 1 2 109 63 0.031746 0.024135 0.0232558
670 0 1 1 99 61 0.0163934 0.0128682 0.0125
671 0 1 1 86 64 0.015625 0.0134791 0.0133333
672 0 1 2 110 73 0.0273973 0.0223189 0.0218579
673 0 1 1 102 72 0.0138889 0.011669 0.0114943
674 0 1 2 107 72 0.0277778 0.0227862 0.0223464
675 0 1 2 98 70 0.0285714 0.0241473 0.0238095
676 0 1 2 81 59 0.0338983 0.0289309 0.0285714
677 0 1 3 94 71 0.0422535 0.0367222 0.0363636
678 0 1 4 85 70 0.0571429 0.0518563 0.0516129
679 0 1 5 94 72 0.0694444 0.0607771 0.060241
680 0 1 5 103 79 0.0632911 0.0554291 0.0549451
681 0 1 3 107 59 0.0508475 0.0377575 0.0361446
682 0 1 3 96 45 0.0666667 0.0456435 0.0425532
683 0 1 1 81 72 0.0138889 0.0130946 0.0130719
684 0 1 4 95 72 0.0555556 0.0483651 0.0479042
685 0 1 3 83 65 0.0461538 0.0408437 0.0405405
686 0 1 3 114 77 0.038961 0.0320202 0.0314136
687 0 1 3 94 64 0.046875 0.0386783 0.0379747
688 0 1 2 78 73 0.0273973 0.0265046 0.0264901
689 0 1 1 91 76 0.0131579 0.0120247 0.011976
690 0 1 2 64 72 0.03125 0.0294628 0.0294118
691 0 1 0 69 72 0 0 0
692 0 1 1 66 64 0.015625 0.0153864 0.0153846
693 0 1 0 89 72 0 0 0
694 0 1 1 63 75 0.015873 0.0145479 0.0144928
695 0 1 3 65 70 0.0461538 0.044475 0.0444444
696 0 1 1 63 69 0.015873 0.0151672 0.0151515
697 0 1 4 51 71 0.0784314 0.0664731 0.0655738
698 0 1 1 57 67 0.0175439 0.0161817 0.016129
699 0 1 1 57 79 0.0175439 0.0149022 0.0147059
700 0 1 2 69 93 0.0289855 0.0249669 0.0246914
701 0 1 0 67 100 0 0 0
702 0 1 1 64 99 0.015625 0.012563 0.0122699
703 0 1 1 56 92 0.0178571 0.013932 0.0135135
704 0 1 2 77 114 0.025974 0.0213468 0.0209424
705 0 1 1 57 96 0.0175439 0.0135185 0.0130719
706 0 1 2 64 108 0.03125 0.0240563 0.0232558
707 0 1 0 67 78 0 0 0
708 0 1 0 53 77 0 0 0
709 0 1 2 66 101 0.030303 0.0244961 0.0239521
710 0 1 3 62 92 0.0483871 0.039722 0.038961
711 0 1 2 49 89 0.0408163 0.0302857 0.0289855
712 0 1 1 51 98 0.0196078 0.014145 0.0134228
713 0 1 1 55 93 0.0181818 0.0139823 0.0135135
714 0 1 3 67 107 0.0447761 0.0354317 0.0344828
715 0 1 5 58 97 0.0862069 0.0666607 0.0645161
716 0 1 2 72 98 0.0277778 0.0238095 0.0235294
717 0 1 2 68 106 0.0294118 0.0235571 0.0229885
718 0 1 1 67 109 0.0149254 0.0117017 0.0113636
719 0 1 1 52 110 0.0192308 0.0132221 0.0123457
720 0 1 3 71 137 0.0422535 0.0304181 0.0288462
721 0 1 3 64 124 0.046875 0.033676 0.0319149
722 0 1 2 57 106 0.0350877 0.02573 0.0245399
723 0 1 2 78 129 0.025641 0.0199383 0.0193237
724 0 1 2 53 120 0.0377358 0.0250785 0.0231214
725 0 1 5 72 123 0.0694444 0.0531314 0.0512821
726 0 1 1 54 104 0.0185185 0.013344 0.0126582
727 0 1 5 78 130 0.0641026 0.0496536 0.0480769
728 0 1 3 77 129 0.038961 0.030101 0.0291262
729 0 1 4 62 111 0.0645161 0.0482173 0.0462428
730 0 1 3 94 122 0.0319149 0.0280141 0.0277778
731 0 1 5 71 116 0.0704225 0.055095 0.0534759
732 0 1 4 81 115 0.0493827 0.0414447 0.0408163
733 0 1 5 71 116 0.0704225 0.055095 0.0534759
734 0 1 5 81 144 0.0617284 0.0462963 0.0444444
735 0 1 3 84 115 0.0357143 0.0305234 0.0301508
736 0 1 4 79 130 0.0506329 0.0394707 0.0382775
737 0 1 4 56 114 0.0714286 0.0500626 0.0470588
738 0 1 6 66 123 0.0909091 0.0665927 0.0634921
739 0 1 6 65 125 0.0923077 0.066564 0.0631579
740 0 1 5 77 145 0.0649351 0.0473196 0.045045
741 0 1 5 78 146 0.0641026 0.046854 0.0446429
742 0 1 4 75 129 0.0533333 0.0406663 0.0392157
743 0 1 6 95 152 0.0631579 0.0499307 0.048583
744 0 1 4 83 147 0.0481928 0.0362128 0.0347826
745 0 1 5 107 167 0.046729 0.0374042 0.0364963
746 0 1 3 102 160 0.0294118 0.0234834 0.0229008
747 0 1 5 88 144 0.0568182 0.0444168 0.0431034
748 0 1 2 97 139 0.0206186 0.0172241 0.0169492
749 0 1 4 97 156 0.0412371 0.0325171 0.0316206
750 0 1 3 83 144 0.0361446 0.0274411 0.0264317
751 0 1 3 88 171 0.0340909 0.0244558 0.023166
752 0 1 6 81 164 0.0740741 0.0520579 0.0489796
753 0 1 8 90 149 0.0888889 0.0690837 0.0669456
754 0 1 6 91 184 0.0659341 0.0463684 0.0436364
755 0 1 7 107 185 0.0654206 0.0497531 0.0479452
756 0 1 9 91 162 0.0989011 0.0741249 0.0711462
757 0 1 4 101 180 0.039604 0.0296663 0.0284698
758 0 1 9 99 163 0.0909091 0.0708486 0.0687023
759 0 1 14 101 164 0.138614 0.108779 0.10566
760 0 1 9 122 186 0.0737705 0.0597456 0.0584416
761 0 1 9 110 177 0.0818182 0.0645 0.0627178
762 0 1 12 103 180 0.116505 0.0881305 0.0848057
763 0 1 10 121 184 0.0826446 0.0670191 0.0655738
764 0 1 10 111 180 0.0900901 0.0707461 0.0687285
765 0 1 8 109 167 0.0733945 0.0592951 0.057971
766 0 1 9 122 182 0.0737705 0.0603986 0.0592105
767 0 1 8 108 179 0.0740741 0.0575376 0.0557491
768 0 1 8 115 166 0.0695652 0.0579011 0.0569395
769 0 1 7 122 179 0.057377 0.0473687 0.0465116
770 0 1 6 112 181 0.0535714 0.0421408 0.0409556
771 0 1 7 94 173 0.0744681 0.0548923 0.0524345
772 0 1 4 112 199 0.0357143 0.0267932 0.0257235
773 0 1 6 82 190 0.0731707 0.0480693 0.0441176
774 0 1 9 91 173 0.0989011 0.0717297 0.0681818
775 0 1 6 120 198 0.05 0.0389249 0.0377358
776 0 1 5 85 169 0.0588235 0.0417174 0.0393701
777 0 1 5 82 161 0.0609756 0.0435161 0.0411523
778 0 1 8 110 162 0.0727273 0.0599289 0.0588235
779 0 1 6 83 136 0.0722892 0.0564732 0.0547945
780 0 1 8 78 127 0.102564 0.0803787 0.0780488
781 0 1 7 106 162 0.0660377 0.053418 0.0522388
782 0 1 5 100 153 0.05 0.0404226 0.0395257
783 0 1 10 96 145 0.104167 0.0847579 0.0829876
784 0 1 7 95 194 0.0736842 0.0515627 0.0484429
785 0 1 8 100 174 0.08 0.0606478 0.0583942
786 0 1 7 96 165 0.0729167 0.0556187 0.0536398
787 0 1 8 111 173 0.0720721 0.0577305 0.056338
788 0 1 6 91 162 0.0659341 0.0494166 0.0474308
789 0 1 8 81 148 0.0987654 0.0730662 0.069869
790 0 1 5 112 165 0.0446429 0.0367806 0.0361011
791 0 1 5 88 159 0.0568182 0.0422698 0.0404858
792 0 1 1 108 176 0.00925926 0.00725324 0.00704225
793 0 1 2 76 175 0.0263158 0.0173422 0.0159363
794 0 1 2 99 187 0.020202 0.0146991 0.013986
795 0 1 1 84 192 0.0119048 0.00787426 0.00724638
796 0 1 2 123 197 0.0162602 0.0128483 0.0125
797 0 1 3 98 169 0.0306122 0.0233112 0.0224719
798 0 1 3 86 156 0.0348837 0.0259006 0.0247934
799 0 1 3 93 205 0.0322581 0.0217272 0.0201342
800 0 1 4 78 188 0.0512821 0.0330319 0.0300752
801 0 1 4 111 200 0.036036 0.0268462 0.0257235
802 0 1 6 86 206 0.0697674 0.0450784 0.0410959
803 0 1 7 114 227 0.0614035 0.0435144 0.0410557
804 0 1 8 111 210 0.0720721 0.0523985 0.0498442
805 0 1 8 97 191 0.0824742 0.0587743 0.0555556
806 0 1 7 121 225 0.0578512 0.0424242 0.0404624
807 0 1 10 97 208 0.103093 0.0704016 0.0655738
808 0 1 12 100 190 0.12 0.0870572 0.0827586
809 0 1 10 116 224 0.0862069 0.0620365 0.0588235
810 0 1 10 91 203 0.10989 0.0735752 0.0680272
811 0 1 12 107 232 0.11215 0.0761632 0.0707965
812 0 1 11 107 196 0.102804 0.0759579 0.0726073
813 0 1 11 116 231 0.0948276 0.0671982 0.0634006
814 0 1 15 124 219 0.120968 0.0910245 0.0874636
815 0 1 12 109 202 0.110092 0.0808709 0.0771704
816 0 1 17 135 259 0.125926 0.0909143 0.0862944
817 0 1 16 133 222 0.120301 0.0931146 0.0901408
818 0 1 14 147 243 0.0952381 0.0740741 0.0717949
819 0 1 12 127 235 0.0944882 0.0694617 0.0662983
820 0 1 12 128 256 0.09375 0.0662913 0.0625
821 0 1 10 129 241 0.0775194 0.0567148 0.0540541
822 0 1 12 130 256 0.0923077 0.0657794 0.0621762
823 0 1 20 126 237 0.15873 0.115737 0.110193
824 0 1 18 134 276 0.134328 0.0935978 0.0878049
825 0 1 13 118 228 0.110169 0.0792565 0.0751445
826 0 1 15 124 233 0.120968 0.0882475 0.0840336
827 0 1 11 118 243 0.0932203 0.0649604 0.0609418
828 0 1 12 123 239 0.097561 0.069989 0.0662983
829 0 1 12 160 272 0.075 0.0575224 0.0555556
830 0 1 10 110 252 0.0909091 0.0600625 0.0552486
831 0 1 10 122 253 0.0819672 0.0569193 0.0533333
832 0 1 13 133 273 0.0977444 0.0682238 0.0640394
833 0 1 5 108 238 0.0462963 0.0311867 0.0289017
834 0 1 13 114 242 0.114035 0.0782678 0.0730337
835 0 1 9 129 264 0.0697674 0.0487692 0.0458015
836 0 1 17 126 261 0.134921 0.093744 0.0878553
837 0 1 13 111 238 0.117117 0.0799822 0.0744986
838 0 1 10 112 284 0.0892857 0.0560702 0.050505
839 0 1 16 111 266 0.144144 0.0931146 0.0848806
840 0 1 17 104 252 0.163462 0.10501 0.0955056
841 0 1 11 120 253 0.0916667 0.0631309 0.0589812
842 0 1 10 113 219 0.0884956 0.063568 0.060241
843 0 1 15 105 210 0.142857 0.101015 0.0952381
844 0 1 9 114 244 0.0789474 0.0539629 0.0502793
845 0 1 13 112 214 0.116071 0.0839706 0.0797546
846 0 1 11 101 210 0.108911 0.0755305 0.0707396
847 0 1 13 115 214 0.113043 0.0828681 0.0790274
848 0 1 17 107 214 0.158879 0.112344 0.105919
849 0 1 13 107 189 0.121495 0.0914157 0.0878378
850 0 1 14 106 223 0.132075 0.091059 0.0851064
851 0 1 13 100 208 0.13 0.0901388 0.0844156
852 0 1 15 94 193 0.159574 0.111365 0.10453
853 0 1 13 95 227 0.136842 0.0885255 0.0807453
854 0 1 12 74 199 0.162162 0.0988869 0.0879121
855 0 1 10 89 175 0.11236 0.0801283 0.0757576
856 0 1 10 109 192 0.0917431 0.0691252 0.0664452
857 0 1 6 97 179 0.0618557 0.0455343 0.0434783
858 0 1 7 129 207 0.0542636 0.0428369 0.0416667
859 0 1 8 110 175 0.0727273 0.05766 0.0561404
860 0 1 10 123 183 0.0813008 0.0666533 0.0653595
861 0 1 4 117 177 0.034188 0.0277959 0.0272109
862 0 1 11 133 213 0.0827068 0.0653547 0.0635838
863 0 1 9 125 199 0.072 0.0570638 0.0555556
864 0 1 9 120 197 0.075 0.0585354 0.0567823
865 0 1 10 119 202 0.0840336 0.0644987 0.0623053
866 0 1 11 105 176 0.104762 0.0809174 0.0782918
867 0 1 9 126 198 0.0714286 0.0569803 0.0555556
868 0 1 13 116 185 0.112069 0.0887419 0.0863787
869 0 1 12 111 178 0.108108 0.0853709 0.083045
870 0 1 10 121 214 0.0826446 0.0621442 0.0597015
871 0 1 11 134 194 0.0820896 0.0682243 0.0670732
872 0 1 11 107 183 0.102804 0.0786095 0.0758621
873 0 1 10 109 225 0.0917431 0.0638551 0.0598802
874 0 1 9 100 184 0.09 0.0663489 0.0633803
875 0 1 12 104 233 0.115385 0.077088 0.0712166
876 0 1 15 107 195 0.140187 0.103844 0.0993377
877 0 1 6 100 205 0.06 0.0419058 0.0393443
878 0 1 9 93 168 0.0967742 0.0720023 0.0689655
879 0 1 6 103 171 0.0582524 0.04521 0.0437956
880 0 1 12 94 155 0.12766 0.0994149 0.0963855
881 0 1 8 99 173 0.0808081 0.0611293 0.0588235
882 0 1 6 83 129 0.0722892 0.0579852 0.0566038
883 0 1 4 77 141 0.0519481 0.0383888 0.0366972
884 0 1 5 68 145 0.0735294 0.0503537 0.0469484
885 0 1 3 77 167 0.038961 0.0264556 0.0245902
886 0 1 5 68 139 0.0735294 0.051429 0.0483092
887 0 1 3 65 148 0.0461538 0.0305868 0.028169
888 0 1 2 66 132 0.030303 0.0214275 0.020202
889 0 1 6 59 122 0.101695 0.0707205 0.0662983
890 0 1 2 49 120 0.0408163 0.026082 0.0236686
891 0 1 2 61 117 0.0327869 0.023674 0.0224719
892 0 1 3 39 90 0.0769231 0.050637 0.0465116
893 0 1 2 34 63 0.0588235 0.0432136 0.0412371
894 0 1 1 33 90 0.030303 0.0183494 0.0162602
895 0 1 2 26 56 0.0769231 0.0524142 0.0487805
896 0 1 4 49 96 0.0816327 0.0583212 0.0551724
897 0 1 1 40 73 0.025 0.0185058 0.0176991
898 0 1 2 48 80 0.0416667 0.0322749 0.03125
899 0 1 2 39 65 0.0512821 0.0397229 0.0384615
900 0 1 3 34 61 0.0882353 0.0658744 0.0631579
901 0 1 3 58 106 0.0517241 0.0382608 0.0365854
902 0 1 2 56 102 0.0357143 0.0264628 0.0253165
903 0 1 3 51 85 0.0588235 0.0455645 0.0441176
904 0 1 2 45 72 0.0444444 0.0351364 0.034188
905 0 1 5 78 99 0.0641026 0.0568991 0.0564972
906 0 1 2 64 80 0.03125 0.0279508 0.0277778
907 0 1 5 59 73 0.0847458 0.0761873 0.0757576
908 0 1 5 63 61 0.0819672 0.0806556 0.0806452
909 0 1 6 94 112 0.0638298 0.0584761 0.0582524
910 0 1 6 82 101 0.0731707 0.0659301 0.0655738
911 0 1 8 84 89 0.0952381 0.0925242 0.0924855
912 0 1 9 73 76 0.123288 0.12083 0.120805
913 0 1 14 80 67 0.208955 0.191225 0.190476
914 0 1 14 68 71 0.205882 0.201486 0.201439
915 0 1 19 92 108 0.206522 0.190611 0.19
916 0 1 14 87 97 0.16092 0.152399 0.152174
917 0 1 6 83 82 0.0731707 0.0727286 0.0727273
918 0 1 6 76 79 0.0789474 0.0774339 0.0774194
919 0 1 14 70 74 0.2 0.19452 0.194444
920 0 1 9 98 107 0.0918367 0.0878896 0.0878049
921 0 1 12 85 101 0.141176 0.129512 0.129032
922 0 1 10 82 86 0.121951 0.119081 0.119048
923 0 1 9 75 76 0.12 0.119208 0.119205
924 0 1 10 78 68 0.147059 0.137309 0.136986
925 0 1 13 70 72 0.185714 0.183117 0.183099
926 0 1 11 91 100 0.120879 0.115311 0.115183
927 0 1 9 87 95 0.103448 0.0989968 0.0989011
928 0 1 3 85 76 0.0394737 0.0373254 0.0372671
929 0 1 4 72 82 0.0555556 0.0520579 0.0519481
930 0 1 7 77 68 0.102941 0.0967383 0.0965517
931 0 1 7 66 66 0.106061 0.106061 0.106061
932 0 1 5 104 103 0.0485437 0.0483097 0.0483092
933 0 1 4 95 95 0.0421053 0.0421053 0.0421053
934 0 1 8 89 92 0.0898876 0.0884099 0.0883978
935 0 1 6 84 84 0.0714286 0.0714286 0.0714286
936 0 1 13 84 86 0.154762 0.152952 0.152941
937 0 1 10 67 61 0.163934 0.156422 0.15625
938 0 1 9 101 125 0.0891089 0.0800989 0.079646
939 0 1 8 75 97 0.106667 0.0937937 0.0930233
940 0 1 7 67 86 0.104478 0.0922171 0.0915033
941 0 1 6 63 79 0.0952381 0.0850486 0.084507
942 0 1 8 60 68 0.133333 0.125245 0.125
943 0 1 9 86 107 0.104651 0.0938213 0.0932643
944 0 1 5 74 97 0.0675676 0.0590158 0.0584795
945 0 1 4 74 83 0.0540541 0.0510393 0.0509554
946 0 1 5 72 61 0.0819672 0.0754465 0.075188
947 0 1 12 102 97 0.123711 0.120641 0.120603
948 0 1 12 90 90 0.133333 0.133333 0.133333
949 0 1 10 73 89 0.136986 0.124063 0.123457
950 0 1 11 69 83 0.15942 0.145355 0.144737
951 0 1 10 60 64 0.166667 0.161374 0.16129
952 0 1 14 82 123 0.170732 0.139402 0.136585
953 0 1 12 69 108 0.173913 0.13901 0.135593
954 0 1 9 67 96 0.134328 0.11222 0.110429
955 0 1 10 66 82 0.151515 0.135932 0.135135
956 0 1 6 56 80 0.107143 0.0896421 0.0882353
957 0 1 7 57 61 0.122807 0.118712 0.118644
958 0 1 10 66 96 0.151515 0.12563 0.123457
959 0 1 8 53 76 0.150943 0.126051 0.124031
960 0 1 5 54 71 0.0925926 0.0807503 0.08
961 0 1 4 43 56 0.0930233 0.0815139 0.0808081
962 0 1 6 62 92 0.0967742 0.0794441 0.0779221
963 0 1 5 49 81 0.102041 0.0793651 0.0769231
964 0 1 5 40 66 0.125 0.0973124 0.0943396
965 0 1 5 65 117 0.0769231 0.0573351 0.0549451
966 0 1 4 55 102 0.0727273 0.0534046 0.0509554
967 0 1 4 42 91 0.0952381 0.0647015 0.0601504
968 0 1 5 37 80 0.135135 0.0919018 0.0854701
969 0 1 6 59 116 0.101695 0.0725264 0.0685714
970 0 1 3 40 91 0.075 0.0497245 0.0458015
971 0 1 1 72 114 0.0138889 0.0110378 0.0107527
972 0 1 3 48 76 0.0625 0.04967 0.0483871
973 0 1 2 75 97 0.0266667 0.0234484 0.0232558
974 0 1 0 47 74 0 0 0
975 0 1 0 77 80 0 0 0
976 0 1 0 81 92 0 0 0
977 0 1 1 95 105 0.0105263 0.0100125 0.01
978 0 1 2 105 122 0.0190476 0.0176708 0.0176211
979 0 1 4 130 128 0.03125 0.0310087 0.0310078
980 0 1 5 118 151 0.0423729 0.0374576 0.0371747
981 0 1 3 127 157 0.023622 0.0212456 0.0211268
982 0 1 1 114 151 0.00877193 0.00762183 0.00754717
983 0 1 0 126 148 0 0 0
984 0 1 3 115 140 0.026087 0.0236433 0.0235294
985 0 1 3 117 129 0.025641 0.0244193 0.0243902
986 0 1 4 113 129 0.0353982 0.0331303 0.0330578
987 0 1 4 124 126 0.0322581 0.032001 0.032
988 0 1 4 120 143 0.0333333 0.0305352 0.0304183
989 0 1 3 101 101 0.029703 0.029703 0.029703
990 0 1 5 116 120 0.0431034 0.042379 0.0423729
991 0 1 6 101 108 0.0594059 0.0574485 0.0574163
992 0 1 5 125 146 0.04 0.0370117 0.0369004
993 0 1 5 108 119 0.0462963 0.0441047 0.0440529
994 0 1 9 131 156 0.0687023 0.0629571 0.0627178
995 0 1 6 114 126 0.0526316 0.0500626 0.05
996 0 1 10 146 153 0.0684932 0.066908 0.0668896
997 0 1 12 138 149 0.0869565 0.0836852 0.0836237
998 0 1 13 127 128 0.102362 0.101962 0.101961
999 0 1 15 152 180 0.0986842 0.0906845 0.0903614
1000 0 1 13 142 151 0.0915493 0.0887791 0.0887372
1001 0 1 21 178 189 0.117978 0.114493 0.114441
1002 0 1 21 151 165 0.139073 0.133042 0.132911
1003 0 1 23 169 180 0.136095 0.131871 0.131805
1004 0 1 21 149 160 0.14094 0.136009 0.135922
1005 0 1 24 171 168 0.142857 0.141598 0.141593
1006 0 1 24 156 155 0.154839 0.154342 0.154341
1007 0 1 22 157 182 0.140127 0.130148 0.129794
1008 0 1 27 147 157 0.183673 0.177728 0.177632
1009 0 1 24 170 168 0.142857 0.142014 0.142012
1010 0 1 18 157 134 0.134328 0.1241 0.123711
1011 0 1 21 174 158 0.132911 0.126653 0.126506
1012 0 1 18 146 137 0.131387 0.127273 0.127208
1013 0 1 12 163 164 0.0736196 0.0733948 0.0733945
1014 0 1 15 147 164 0.102041 0.0966075 0.096463
1015 0 1 24 164 180 0.146341 0.139686 0.139535
1016 0 1 19 135 147 0.140741 0.134874 0.134752
1017 0 1 22 171 169 0.130178 0.129414 0.129412
1018 0 1 22 136 152 0.161765 0.153014 0.152778
1019 0 1 17 157 153 0.111111 0.109687 0.109677
1020 0 1 21 145 132 0.159091 0.151792 0.151625
1021 0 1 15 153 149 0.100671 0.0993465 0.0993377
1022 0 1 17 131 127 0.133858 0.131799 0.131783
1023 0 1 16 133 136 0.120301 0.118967 0.118959
1024 0 1 17 121 124 0.140496 0.138786 0.138776
1025 0 1 14 113 106 0.132075 0.127919 0.127854
1026 0 1 13 111 95 0.136842 0.126596 0.126214
1027 0 1 9 105 79 0.113924 0.0988176 0.0978261
1028 0 1 11 91 83 0.13253 0.126571 0.126437
1029 0 1 5 109 94 0.0531915 0.0493961 0.0492611
1030 0 1 6 87 88 0.0689655 0.0685725 0.0685714
1031 0 1 5 77 67 0.0746269 0.0696125 0.0694444
1032 0 1 2 110 94 0.0212766 0.0196684 0.0196078
1033 0 1 7 76 82 0.0921053 0.0886716 0.0886076
1034 0 1 3 77 62 0.0483871 0.043419 0.0431655
1035 0 1 6 101 62 0.0967742 0.0758219 0.0736196
1036 0 1 9 83 63 0.142857 0.124461 0.123288
1037 0 1 9 81 41 0.219512 0.156174 0.147541
1038 0 1 8 111 84 0.0952381 0.0828493 0.0820513
1039 0 1 6 105 63 0.0952381 0.0737711 0.0714286
1040 0 1 5 83 53 0.0943396 0.0753864 0.0735294
1041 0 1 4 96 80 0.05 0.0456435 0.0454545
1042 0 1 8 68 61 0.131148 0.124214 0.124031
1043 0 1 6 53 54 0.113208 0.112154 0.11215
1044 0 1 7 75 64 0.109375 0.101036 0.100719
1045 0 1 6 68 49 0.122449 0.103944 0.102564
1046 0 1 8 84 68 0.117647 0.105851 0.105263
1047 0 1 6 65 52 0.115385 0.103203 0.102564
1048 0 1 4 45 49 0.0888889 0.0851835 0.0851064
1049 0 1 3 57 53 0.0566038 0.0545816 0.0545455
1050 0 1 5 48 53 0.104167 0.0991315 0.0990099
1051 0 1 3 53 64 0.0566038 0.0515102 0.0512821
1052 0 1 2 50 41 0.0487805 0.0441726 0.043956
1053 0 1 0 56 52 0 0 0
1054 0 1 1 53 32 0.03125 0.0242821 0.0235294
1055 0 1 1 74 49 0.0204082 0.0166068 0.0162602
1056 0 1 0 86 65 0 0 0
1057 0 1 0 71 71 0 0 0
1058 0 1 0 77 71 0 0 0
1059 0 1 1 83 66 0.0151515 0.013511 0.0134228
1060 0 1 0 94 65 0 0 0
1061 0 1 2 87 71 0.028169 0.0254473 0.0253165
1062 0 1 1 99 74 0.0135135 0.0116833 0.0115607
1063 0 1 2 92 63 0.031746 0.0262703 0.0258065
1064 0 1 2 91 79 0.0253165 0.0235883 0.0235294
1065 0 1 2 85 82 0.0243902 0.023956 0.0239521
1066 0 1 2 101 80 0.025 0.0222497 0.0220994
1067 0 1 1 113 70 0.0142857 0.0112438 0.010929
1068 0 1 3 109 65 0.0461538 0.0356411 0.0344828
1069 0 1 4 82 59 0.0677966 0.0575078 0.0567376
1070 0 1 7 103 59 0.118644 0.0897953 0.0864198
1071 0 1 5 85 47 0.106383 0.0791064 0.0757576
1072 0 1 3 91 39 0.0769231 0.050358 0.0461538
1073 0 1 4 80 32 0.125 0.0790569 0.0714286
1074 0 1 4 74 20 0.2 0.103975 0.0851064
1075 0 1 4 91 26 0.153846 0.0822342 0.0683761
1076 0 1 4 86 29 0.137931 0.0800962 0.0695652
1077 0 1 4 91 38 0.105263 0.0680217 0.0620155
1078 0 1 4 84 25 0.16 0.0872872 0.0733945
1079 0 1 3 108 27 0.111111 0.0555556 0.0444444
1080 0 1 2 77 20 0.1 0.0509647 0.0412371
1081 0 1 2 97 27 0.0740741 0.0390807 0.0322581
1082 0 1 1 82 19 0.0526316 0.0253347 0.019802
1083 0 1 2 111 27 0.0740741 0.0365331 0.0289855
1084 0 1 1 89 19 0.0526316 0.024318 0.0185185
1085 0 1 1 93 39 0.025641 0.0166045 0.0151515
1086 0 1 1 73 26 0.0384615 0.0229537 0.020202
1087 0 1 1 109 54 0.0185185 0.0130344 0.0122699
1088 0 1 0 84 42 0 0 0
1089 0 1 0 99 58 0 0 0
1090 0 1 0 90 41 0 0 0
1091 0 1 0 119 68 0 0 0
1092 0 1 2 110 55 0.0363636 0.025713 0.0242424
1093 0 1 2 120 89 0.0224719 0.0193528 0.0191388
1094 0 1 2 119 67 0.0298507 0.0223985 0.0215054
1095 0 1 5 139 97 0.0515464 0.0430603 0.0423729
1096 0 1 5 126 89 0.0561798 0.0472161 0.0465116
1097 0 1 2 141 95 0.0210526 0.0172806 0.0169492
1098 0 1 8 130 100 0.08 0.0701646 0.0695652
1099 0 1 8 141 105 0.0761905 0.0657485 0.0650406
1100 0 1 11 128 97 0.113402 0.0987192 0.0977778

# ---------- Global Summary ----------
# CorrFrames: 1099
avg_CorrEdges: 5.31847
avg_match_A: 102.519
avg_match_B: 117.077
global_RI_MNR: 0.0518781
global_RI_GNR: 0.0485455
global_RI_DICE: 0.0484387

# ---------- Per-Channel Summary ----------
chA: 0 chB: 1 | avgC: 5.31847 avgA: 102.519 avgB: 117.077 MNR: 0.0558115 GNR: 0.047324 DICE: 0.046391
