#frame chA chB nCorr nA nB MNR GNR DICE
5 0 1 0 650 127 0 0 0
6 0 1 0 592 123 0 0 0
7 0 1 0 584 133 0 0 0
8 0 1 0 536 127 0 0 0
9 0 1 25 494 129 0.193798 0.0990334 0.0802568
10 0 1 27 463 126 0.214286 0.111786 0.0916808
11 0 1 25 436 115 0.217391 0.111647 0.0907441
12 0 1 25 401 107 0.233645 0.120691 0.0984252
13 0 1 19 356 98 0.193878 0.101722 0.0837004
14 0 1 19 351 88 0.215909 0.108108 0.0865604
15 0 1 17 317 85 0.2 0.103564 0.0845771
16 0 1 15 286 79 0.189873 0.0997918 0.0821918
17 0 1 15 277 87 0.172414 0.0966255 0.0824176
18 0 1 10 234 76 0.131579 0.0749869 0.0645161
19 0 1 13 235 93 0.139785 0.0879363 0.0792683
20 0 1 11 217 92 0.119565 0.0778518 0.0711974
21 0 1 6 236 117 0.0512821 0.0361079 0.0339943
22 0 1 8 210 103 0.0776699 0.0543953 0.0511182
23 0 1 6 222 133 0.0451128 0.034918 0.0338028
24 0 1 4 178 117 0.034188 0.0277177 0.0271186
25 0 1 3 198 161 0.0186335 0.0168026 0.0167131
26 0 1 3 156 142 0.0211268 0.0201565 0.0201342
27 0 1 2 192 170 0.0117647 0.0110702 0.0110497
28 0 1 0 131 114 0 0 0
29 0 1 1 120 80 0.0125 0.0102062 0.01
30 0 1 1 125 80 0.0125 0.01 0.0097561
31 0 1 1 106 70 0.0142857 0.0116091 0.0113636
32 0 1 1 109 60 0.0166667 0.0123655 0.0118343
33 0 1 0 104 67 0 0 0
34 0 1 1 110 79 0.0126582 0.0107273 0.010582
35 0 1 3 94 64 0.046875 0.0386783 0.0379747
36 0 1 3 96 64 0.046875 0.0382733 0.0375
37 0 1 2 112 66 0.030303 0.0232621 0.0224719
38 0 1 1 134 75 0.0133333 0.00997509 0.00956938
39 0 1 0 139 88 0 0 0
40 0 1 0 135 96 0 0 0
41 0 1 0 133 105 0 0 0
42 0 1 0 126 103 0 0 0
43 0 1 0 129 116 0 0 0
44 0 1 0 124 125 0 0 0
45 0 1 0 138 110 0 0 0
46 0 1 0 122 121 0 0 0
47 0 1 0 90 47 0 0 0
48 0 1 0 102 76 0 0 0
49 0 1 0 75 68 0 0 0
50 0 1 0 118 112 0 0 0
51 0 1 0 89 93 0 0 0
52 0 1 0 122 130 0 0 0
53 0 1 1 84 103 0.0119048 0.0107508 0.0106952
54 0 1 0 147 140 0 0 0
55 0 1 0 110 108 0 0 0
56 0 1 1 151 136 0.00735294 0.00697818 0.00696864
57 0 1 1 109 109 0.00917431 0.00917431 0.00917431
58 0 1 2 152 134 0.0149254 0.0140138 0.013986
59 0 1 0 107 106 0 0 0
60 0 1 2 130 163 0.0153846 0.0137393 0.0136519
61 0 1 1 89 118 0.011236 0.00975807 0.00966184
62 0 1 1 135 155 0.00740741 0.00691301 0.00689655
63 0 1 2 88 145 0.0227273 0.0177054 0.0171674
64 0 1 1 118 145 0.00847458 0.00764496 0.00760456
65 0 1 1 139 179 0.00719424 0.00633966 0.00628931
66 0 1 1 115 145 0.00869565 0.00774403 0.00769231
67 0 1 1 160 182 0.00625 0.00586009 0.00584795
68 0 1 0 123 164 0 0 0
69 0 1 0 148 180 0 0 0
70 0 1 1 115 154 0.00869565 0.00751434 0.00743494
71 0 1 0 142 171 0 0 0
72 0 1 1 103 143 0.00970874 0.00823974 0.00813008
73 0 1 1 137 183 0.00729927 0.00631559 0.00625
74 0 1 0 101 152 0 0 0
75 0 1 0 146 187 0 0 0
76 0 1 1 98 147 0.0102041 0.0083316 0.00816326
77 0 1 1 132 182 0.00757576 0.00645175 0.00636943
78 0 1 0 101 178 0 0 0
79 0 1 1 153 195 0.00653595 0.00578945 0.00574713
80 0 1 1 122 172 0.00819672 0.00690329 0.00680272
81 0 1 0 149 199 0 0 0
82 0 1 0 113 175 0 0 0
83 0 1 0 147 197 0 0 0
84 0 1 0 100 171 0 0 0
85 0 1 1 164 191 0.00609756 0.00565017 0.0056338
86 0 1 1 120 162 0.00833333 0.00717219 0.0070922
87 0 1 1 176 191 0.00568182 0.00545415 0.00544959
88 0 1 2 125 156 0.016 0.0143223 0.0142349
89 0 1 3 179 187 0.0167598 0.0163974 0.0163934
90 0 1 2 124 155 0.016129 0.0144262 0.0143369
91 0 1 1 175 206 0.00571429 0.00526681 0.00524934
92 0 1 0 129 179 0 0 0
93 0 1 0 142 223 0 0 0
94 0 1 0 95 175 0 0 0
95 0 1 0 121 184 0 0 0
96 0 1 1 81 175 0.0123457 0.00839921 0.0078125
97 0 1 0 95 182 0 0 0
98 0 1 0 56 129 0 0 0
99 0 1 0 75 120 0 0 0
100 0 1 0 44 102 0 0 0
101 0 1 0 67 115 0 0 0
102 0 1 0 45 90 0 0 0
103 0 1 0 61 109 0 0 0
104 0 1 0 42 90 0 0 0
105 0 1 0 66 105 0 0 0
106 0 1 1 54 94 0.0185185 0.0140359 0.0135135
107 0 1 1 87 115 0.0114943 0.0099975 0.00990099
108 0 1 0 77 101 0 0 0
109 0 1 1 72 87 0.0138889 0.012635 0.0125786
110 0 1 1 134 133 0.0075188 0.00749069 0.00749064
111 0 1 3 111 119 0.027027 0.0261028 0.026087
112 0 1 1 96 105 0.0104167 0.00996024 0.00995025
113 0 1 0 83 91 0 0 0
114 0 1 1 132 150 0.00757576 0.00710669 0.0070922
115 0 1 2 116 127 0.0172414 0.0164778 0.0164609
116 0 1 1 97 117 0.0103093 0.00938688 0.00934579
117 0 1 1 90 100 0.0111111 0.0105409 0.0105263
118 0 1 0 161 161 0 0 0
119 0 1 1 156 137 0.00729927 0.00684034 0.00682594
120 0 1 2 138 128 0.015625 0.0150482 0.0150376
121 0 1 2 128 120 0.0166667 0.0161374 0.016129
122 0 1 4 113 103 0.038835 0.0370768 0.037037
123 0 1 7 176 148 0.0472973 0.0433721 0.0432099
124 0 1 7 150 134 0.0522388 0.0493742 0.0492958
125 0 1 4 132 126 0.031746 0.0310161 0.0310078
126 0 1 3 110 106 0.0283019 0.0277825 0.0277778
127 0 1 2 83 63 0.031746 0.027658 0.0273973
128 0 1 2 128 109 0.0183486 0.0169321 0.0168776
129 0 1 2 109 95 0.0210526 0.0196542 0.0196078
130 0 1 3 95 87 0.0344828 0.0329989 0.032967
131 0 1 2 140 108 0.0185185 0.016265 0.016129
132 0 1 3 98 95 0.0315789 0.0310918 0.0310881
133 0 1 3 162 110 0.0272727 0.0224733 0.0220588
134 0 1 2 127 103 0.0194175 0.0174868 0.0173913
135 0 1 2 182 128 0.015625 0.0131036 0.0129032
136 0 1 2 136 120 0.0166667 0.0156556 0.015625
137 0 1 4 146 121 0.0330578 0.0300948 0.0299625
138 0 1 5 161 139 0.0359712 0.0334233 0.0333333
139 0 1 1 138 141 0.00724638 0.00716887 0.00716846
140 0 1 3 146 137 0.0218978 0.0212121 0.0212014
141 0 1 1 150 163 0.00666667 0.00639529 0.00638978
142 0 1 1 138 150 0.00724638 0.00695048 0.00694444
143 0 1 0 153 146 0 0 0
144 0 1 0 138 140 0 0 0
145 0 1 0 115 128 0 0 0
146 0 1 4 110 118 0.0363636 0.0351093 0.0350877
147 0 1 4 133 105 0.0380952 0.0338485 0.0336134
148 0 1 2 150 109 0.0183486 0.0156412 0.015444
149 0 1 3 162 134 0.0223881 0.0203616 0.0202703
150 0 1 2 122 86 0.0232558 0.0195254 0.0192308
151 0 1 2 142 125 0.016 0.0150117 0.0149813
152 0 1 1 124 113 0.00884956 0.00844792 0.00843882
153 0 1 2 166 163 0.0122699 0.0121586 0.0121581
154 0 1 1 126 121 0.00826446 0.00809883 0.00809717
155 0 1 3 173 147 0.0204082 0.0188122 0.01875
156 0 1 3 142 105 0.0285714 0.0245687 0.0242915
157 0 1 1 166 143 0.00699301 0.0064905 0.00647249
158 0 1 1 139 141 0.00719424 0.00714304 0.00714286
159 0 1 1 170 160 0.00625 0.00606339 0.00606061
160 0 1 0 132 147 0 0 0
161 0 1 2 174 164 0.0121951 0.0118395 0.0118343
162 0 1 1 123 147 0.00813008 0.00743685 0.00740741
163 0 1 3 175 189 0.0171429 0.0164957 0.0164835
164 0 1 2 136 178 0.0147059 0.0128544 0.0127389
165 0 1 3 108 159 0.0277778 0.0228934 0.0224719
166 0 1 2 159 196 0.0125786 0.0113293 0.0112676
167 0 1 1 118 147 0.00847458 0.00759277 0.00754717
168 0 1 1 167 168 0.00598802 0.00597018 0.00597015
169 0 1 0 117 158 0 0 0
170 0 1 1 161 205 0.00621118 0.0055044 0.00546448
171 0 1 0 113 174 0 0 0
172 0 1 2 132 181 0.0151515 0.0129391 0.0127796
173 0 1 5 102 143 0.0490196 0.0414001 0.0408163
174 0 1 3 135 163 0.0222222 0.0202237 0.0201342
175 0 1 3 112 120 0.0267857 0.0258775 0.0258621
176 0 1 4 124 125 0.0322581 0.0321288 0.0321285
177 0 1 3 89 111 0.0337079 0.0301832 0.03
178 0 1 4 119 114 0.0350877 0.0343427 0.0343348
179 0 1 4 83 97 0.0481928 0.0445795 0.0444444
180 0 1 5 105 113 0.047619 0.0459025 0.0458716
181 0 1 3 72 78 0.0416667 0.040032 0.04
182 0 1 3 101 79 0.0379747 0.0335851 0.0333333
183 0 1 4 73 64 0.0625 0.0585206 0.0583942
184 0 1 4 87 69 0.057971 0.0516269 0.0512821
185 0 1 3 69 55 0.0545455 0.0486985 0.0483871
186 0 1 3 89 63 0.047619 0.0400642 0.0394737
187 0 1 3 73 64 0.046875 0.0438904 0.0437956
188 0 1 5 97 82 0.0609756 0.0560631 0.0558659
189 0 1 3 77 86 0.038961 0.0368661 0.0368098
190 0 1 2 63 77 0.031746 0.0287154 0.0285714
191 0 1 3 86 90 0.0348837 0.0340997 0.0340909
192 0 1 5 70 84 0.0714286 0.0652051 0.0649351
193 0 1 3 58 79 0.0517241 0.0443194 0.0437956
194 0 1 2 84 78 0.025641 0.0247083 0.0246914
195 0 1 5 70 73 0.0714286 0.0699455 0.0699301
196 0 1 6 102 101 0.0594059 0.059114 0.0591133
197 0 1 2 77 85 0.025974 0.0247215 0.0246914
198 0 1 4 62 72 0.0645161 0.0598684 0.0597015
199 0 1 3 72 93 0.0416667 0.0366618 0.0363636
200 0 1 2 60 77 0.0333333 0.0294245 0.0291971
201 0 1 2 48 66 0.0416667 0.0355335 0.0350877
202 0 1 2 69 85 0.0289855 0.0261154 0.025974
203 0 1 2 59 73 0.0338983 0.0304749 0.030303
204 0 1 5 54 68 0.0925926 0.0825123 0.0819672
205 0 1 1 44 52 0.0227273 0.020906 0.0208333
206 0 1 4 73 78 0.0547945 0.0530092 0.0529801
207 0 1 1 64 76 0.015625 0.0143385 0.0142857
208 0 1 4 52 73 0.0769231 0.0649227 0.064
209 0 1 2 47 61 0.0425532 0.0373522 0.037037
210 0 1 3 33 54 0.0909091 0.0710669 0.0689655
211 0 1 0 46 69 0 0 0
212 0 1 1 37 65 0.027027 0.0203912 0.0196078
213 0 1 1 35 52 0.0285714 0.0234404 0.0229885
214 0 1 1 66 83 0.0151515 0.013511 0.0134228
215 0 1 0 61 74 0 0 0
216 0 1 0 46 69 0 0 0
217 0 1 0 35 56 0 0 0
218 0 1 0 63 75 0 0 0
219 0 1 0 56 70 0 0 0
220 0 1 0 46 63 0 0 0
221 0 1 0 40 61 0 0 0
222 0 1 0 28 43 0 0 0
223 0 1 0 47 61 0 0 0
224 0 1 0 39 66 0 0 0
225 0 1 0 28 57 0 0 0
226 0 1 0 63 83 0 0 0
227 0 1 0 56 70 0 0 0
228 0 1 0 39 65 0 0 0
229 0 1 0 42 71 0 0 0
230 0 1 0 37 59 0 0 0
231 0 1 0 35 60 0 0 0
232 0 1 1 27 52 0.037037 0.026688 0.0253165
233 0 1 1 43 80 0.0232558 0.0170499 0.0162602
234 0 1 1 37 71 0.027027 0.0195106 0.0185185
235 0 1 0 36 65 0 0 0
236 0 1 1 33 60 0.030303 0.0224733 0.0215054
237 0 1 1 33 58 0.030303 0.0228575 0.021978
238 0 1 1 28 64 0.0357143 0.0236228 0.0217391
239 0 1 3 28 59 0.107143 0.0738102 0.0689655
240 0 1 2 42 62 0.047619 0.0391931 0.0384615
241 0 1 1 33 59 0.030303 0.022663 0.0217391
242 0 1 2 34 56 0.0588235 0.0458349 0.0444444
243 0 1 2 34 57 0.0588235 0.0454311 0.043956
244 0 1 1 33 55 0.030303 0.0234726 0.0227273
245 0 1 1 53 81 0.0188679 0.0152623 0.0149254
246 0 1 0 34 62 0 0 0
247 0 1 1 60 84 0.0166667 0.0140859 0.0138889
248 0 1 1 51 81 0.0196078 0.0155587 0.0151515
249 0 1 2 51 80 0.0392157 0.0313112 0.0305344
250 0 1 2 42 70 0.047619 0.0368856 0.0357143
251 0 1 3 32 72 0.09375 0.0625 0.0576923
252 0 1 3 29 64 0.103448 0.0696358 0.0645161
253 0 1 3 62 78 0.0483871 0.0431398 0.0428571
254 0 1 3 50 70 0.06 0.0507093 0.05
255 0 1 2 37 57 0.0540541 0.0435504 0.0425532
256 0 1 2 96 82 0.0243902 0.0225417 0.0224719
257 0 1 2 67 77 0.0298507 0.027845 0.0277778
258 0 1 2 54 66 0.037037 0.0335013 0.0333333
259 0 1 2 49 65 0.0408163 0.0354385 0.0350877
260 0 1 3 39 57 0.0769231 0.0636285 0.0625
261 0 1 2 69 71 0.0289855 0.0285743 0.0285714
262 0 1 2 58 65 0.0344828 0.0325731 0.0325203
263 0 1 2 48 50 0.0416667 0.0408248 0.0408163
264 0 1 2 86 88 0.0232558 0.02299 0.0229885
265 0 1 1 72 74 0.0138889 0.0136999 0.0136986
266 0 1 1 61 68 0.0163934 0.0155268 0.0155039
267 0 1 0 52 64 0 0 0
268 0 1 0 106 93 0 0 0
269 0 1 0 82 82 0 0 0
270 0 1 1 71 72 0.0140845 0.0139864 0.013986
271 0 1 0 55 62 0 0 0
272 0 1 1 91 101 0.010989 0.0104308 0.0104167
273 0 1 2 67 89 0.0298507 0.0258999 0.025641
274 0 1 1 56 87 0.0178571 0.0143267 0.013986
275 0 1 1 50 84 0.02 0.0154303 0.0149254
276 0 1 2 48 69 0.0416667 0.0347524 0.034188
277 0 1 3 92 110 0.0326087 0.0298216 0.029703
278 0 1 5 86 112 0.0581395 0.0509462 0.050505
279 0 1 2 71 101 0.028169 0.0236178 0.0232558
280 0 1 1 56 91 0.0178571 0.0140083 0.0136054
281 0 1 1 34 79 0.0294118 0.0192951 0.0176991
282 0 1 2 97 115 0.0206186 0.0189363 0.0188679
283 0 1 2 84 126 0.0238095 0.0194404 0.0190476
284 0 1 2 63 109 0.031746 0.024135 0.0232558
285 0 1 3 65 98 0.0461538 0.0375882 0.0368098
286 0 1 3 49 94 0.0612245 0.0442038 0.041958
287 0 1 3 49 87 0.0612245 0.0459477 0.0441176
288 0 1 3 39 80 0.0769231 0.0537086 0.0504202
289 0 1 3 36 68 0.0833333 0.0606339 0.0576923
290 0 1 2 67 108 0.0298507 0.0235115 0.0228571
291 0 1 2 61 98 0.0327869 0.0258674 0.0251572
292 0 1 1 54 92 0.0185185 0.0141876 0.0136986
293 0 1 0 50 91 0 0 0
294 0 1 1 47 88 0.0212766 0.0155493 0.0148148
295 0 1 1 43 79 0.0232558 0.0171574 0.0163934
296 0 1 0 36 70 0 0 0
297 0 1 1 30 64 0.0333333 0.0228218 0.0212766
298 0 1 1 25 61 0.04 0.0256074 0.0232558
299 0 1 0 20 52 0 0 0
300 0 1 1 15 49 0.0666667 0.0368856 0.03125
301 0 1 0 61 91 0 0 0
302 0 1 0 60 94 0 0 0
303 0 1 0 47 87 0 0 0
304 0 1 0 46 77 0 0 0
305 0 1 0 36 72 0 0 0
306 0 1 0 31 74 0 0 0
307 0 1 1 25 64 0.04 0.025 0.0224719
308 0 1 1 23 66 0.0434783 0.0256663 0.0224719
309 0 1 1 19 63 0.0526316 0.0289037 0.0243902
310 0 1 1 12 50 0.0833333 0.0408248 0.0322581
311 0 1 1 14 41 0.0714286 0.0417392 0.0363636
312 0 1 0 62 92 0 0 0
313 0 1 1 52 87 0.0192308 0.0148675 0.0143885
314 0 1 1 46 71 0.0217391 0.0174981 0.017094
315 0 1 0 44 59 0 0 0
316 0 1 0 33 50 0 0 0
317 0 1 2 27 39 0.0740741 0.0616334 0.0606061
318 0 1 1 17 33 0.0588235 0.04222 0.04
319 0 1 1 81 61 0.0163934 0.0142263 0.0140845
320 0 1 1 72 53 0.0188679 0.0161881 0.016
321 0 1 1 63 37 0.027027 0.0207123 0.02
322 0 1 1 61 33 0.030303 0.0222884 0.0212766
323 0 1 0 142 86 0 0 0
324 0 1 0 123 67 0 0 0
325 0 1 0 108 61 0 0 0
326 0 1 2 105 54 0.037037 0.0265606 0.0251572
327 0 1 1 99 45 0.0222222 0.0149822 0.0138889
328 0 1 4 81 36 0.111111 0.0740741 0.0683761
329 0 1 4 69 27 0.148148 0.0926731 0.0833333
330 0 1 2 127 83 0.0240964 0.01948 0.0190476
331 0 1 2 115 76 0.0263158 0.0213931 0.0209424
332 0 1 2 85 70 0.0285714 0.0259281 0.0258065
333 0 1 1 68 46 0.0217391 0.01788 0.0175439
334 0 1 1 96 79 0.0126582 0.0114829 0.0114286
335 0 1 3 76 74 0.0405405 0.0400036 0.04
336 0 1 1 58 49 0.0204082 0.0187581 0.0186916
337 0 1 0 81 101 0 0 0
338 0 1 0 54 78 0 0 0
339 0 1 0 34 59 0 0 0
340 0 1 0 52 85 0 0 0
341 0 1 0 39 59 0 0 0
342 0 1 0 88 64 0 0 0
343 0 1 0 69 45 0 0 0
344 0 1 0 186 74 0 0 0
345 0 1 0 160 56 0 0 0
346 0 1 0 122 44 0 0 0
347 0 1 0 222 79 0 0 0
348 0 1 3 195 72 0.0416667 0.0253185 0.0224719
349 0 1 2 162 66 0.030303 0.019342 0.0175439
350 0 1 2 214 100 0.02 0.0136717 0.0127389
351 0 1 3 247 109 0.0275229 0.0182835 0.0168539
352 0 1 2 189 104 0.0192308 0.0142653 0.0136519
353 0 1 3 278 133 0.0225564 0.0156017 0.0145985
354 0 1 2 210 115 0.0173913 0.0128698 0.0123077
355 0 1 2 248 134 0.0149254 0.0109711 0.0104712
356 0 1 3 264 156 0.0192308 0.0147828 0.0142857
357 0 1 2 197 140 0.0142857 0.0120429 0.0118694
358 0 1 2 235 170 0.0117647 0.0100063 0.00987654
359 0 1 7 184 151 0.0463576 0.0419953 0.041791
360 0 1 4 233 189 0.021164 0.0190612 0.0189573
361 0 1 2 168 164 0.0121951 0.0120491 0.0120482
362 0 1 5 199 159 0.0314465 0.028109 0.027933
363 0 1 2 220 181 0.0110497 0.0100226 0.00997506
364 0 1 3 155 164 0.0193548 0.0188163 0.0188088
365 0 1 2 188 191 0.0106383 0.0105544 0.0105541
366 0 1 2 128 156 0.015625 0.0141535 0.0140845
367 0 1 1 152 184 0.00657895 0.00597956 0.00595238
368 0 1 0 118 167 0 0 0
369 0 1 1 156 189 0.00641026 0.0058238 0.0057971
370 0 1 0 117 160 0 0 0
371 0 1 2 178 176 0.0113636 0.0112996 0.0112994
372 0 1 2 143 139 0.0143885 0.0141858 0.0141844
373 0 1 4 214 165 0.0242424 0.0212868 0.0211082
374 0 1 1 177 149 0.00671141 0.00615772 0.00613497
375 0 1 2 212 163 0.0122699 0.0107589 0.0106667
376 0 1 2 254 188 0.0106383 0.00915238 0.00904977
377 0 1 1 232 172 0.00581395 0.00500601 0.00495049
378 0 1 1 186 137 0.00729927 0.00626445 0.00619195
379 0 1 3 183 142 0.0211268 0.0186102 0.0184615
380 0 1 4 178 139 0.028777 0.0254298 0.0252366
381 0 1 2 139 120 0.0166667 0.0154857 0.015444
382 0 1 3 197 137 0.0218978 0.0182611 0.0179641
383 0 1 1 216 132 0.00757576 0.00592224 0.00574713
384 0 1 2 163 119 0.0168067 0.0143603 0.0141844
385 0 1 1 207 133 0.0075188 0.00602683 0.00588235
386 0 1 1 140 113 0.00884956 0.00795054 0.00790514
387 0 1 2 170 132 0.0151515 0.0133511 0.013245
388 0 1 1 193 147 0.00680272 0.00593694 0.00588235
389 0 1 1 217 159 0.00628931 0.00538359 0.00531915
390 0 1 1 137 130 0.00769231 0.00749321 0.00749064
391 0 1 1 176 141 0.0070922 0.00634796 0.00630915
392 0 1 1 117 125 0.00854701 0.00826898 0.00826446
393 0 1 2 181 166 0.0120482 0.0115382 0.0115274
394 0 1 1 133 134 0.0075188 0.00749069 0.00749064
395 0 1 1 155 145 0.00689655 0.00667037 0.00666667
396 0 1 0 94 128 0 0 0
397 0 1 0 101 118 0 0 0
398 0 1 0 142 158 0 0 0
399 0 1 0 90 123 0 0 0
400 0 1 1 114 129 0.00877193 0.00824618 0.00823045
401 0 1 1 134 160 0.00746269 0.00682948 0.00680272
402 0 1 1 84 110 0.0119048 0.0104031 0.0103093
403 0 1 0 122 126 0 0 0
404 0 1 0 88 107 0 0 0
405 0 1 0 121 116 0 0 0
406 0 1 1 95 102 0.0105263 0.0101587 0.0101523
407 0 1 0 121 104 0 0 0
408 0 1 0 91 88 0 0 0
409 0 1 0 137 102 0 0 0
410 0 1 0 86 92 0 0 0
411 0 1 0 149 95 0 0 0
412 0 1 0 108 80 0 0 0
413 0 1 1 160 88 0.0113636 0.0084275 0.00806452
414 0 1 0 167 91 0 0 0
415 0 1 1 168 101 0.00990099 0.00767688 0.00743494
416 0 1 1 161 105 0.00952381 0.00769117 0.0075188
417 0 1 1 145 103 0.00970874 0.00818271 0.00806452
418 0 1 0 145 97 0 0 0
419 0 1 0 116 102 0 0 0
420 0 1 0 77 90 0 0 0
421 0 1 0 97 96 0 0 0
422 0 1 0 60 89 0 0 0
423 0 1 0 87 105 0 0 0
424 0 1 0 64 86 0 0 0
425 0 1 2 90 113 0.0222222 0.0198321 0.0197044
426 0 1 2 74 102 0.027027 0.0230205 0.0227273
427 0 1 2 58 86 0.0344828 0.0283183 0.0277778
428 0 1 2 88 107 0.0227273 0.0206109 0.0205128
429 0 1 3 67 109 0.0447761 0.0351051 0.0340909
430 0 1 2 56 97 0.0357143 0.0271363 0.0261438
431 0 1 3 95 123 0.0315789 0.0277528 0.0275229
432 0 1 4 84 111 0.047619 0.0414247 0.0410256
433 0 1 3 77 108 0.038961 0.0328976 0.0324324
434 0 1 4 64 81 0.0625 0.0555556 0.0551724
435 0 1 3 80 119 0.0375 0.030747 0.0301508
436 0 1 1 65 112 0.0153846 0.0117202 0.0112994
437 0 1 0 51 96 0 0 0
438 0 1 0 90 135 0 0 0
439 0 1 0 73 117 0 0 0
440 0 1 0 63 114 0 0 0
441 0 1 0 48 104 0 0 0
442 0 1 1 102 145 0.00980392 0.00822273 0.00809717
443 0 1 1 89 135 0.011236 0.00912301 0.00892857
444 0 1 1 78 129 0.0128205 0.00996914 0.00966184
445 0 1 1 75 104 0.0133333 0.0113228 0.0111732
446 0 1 2 71 101 0.028169 0.0236178 0.0232558
447 0 1 2 53 88 0.0377358 0.0292854 0.0283688
448 0 1 1 105 133 0.00952381 0.00846213 0.00840336
449 0 1 0 90 130 0 0 0
450 0 1 0 88 103 0 0 0
451 0 1 0 77 96 0 0 0
452 0 1 0 60 86 0 0 0
453 0 1 1 149 103 0.00970874 0.00807213 0.00793651
454 0 1 2 124 107 0.0186916 0.0173631 0.017316
455 0 1 0 112 81 0 0 0
456 0 1 1 94 85 0.0117647 0.0111873 0.0111732
457 0 1 3 84 67 0.0447761 0.0399893 0.0397351
458 0 1 3 159 96 0.03125 0.0242821 0.0235294
459 0 1 3 140 98 0.0306122 0.025612 0.0252101
460 0 1 4 125 86 0.0465116 0.0385794 0.0379147
461 0 1 3 108 81 0.037037 0.032075 0.031746
462 0 1 4 100 67 0.0597015 0.0488678 0.0479042
463 0 1 4 158 98 0.0408163 0.0321454 0.03125
464 0 1 4 144 87 0.045977 0.0357371 0.034632
465 0 1 4 121 78 0.0512821 0.0411737 0.040201
466 0 1 0 91 64 0 0 0
467 0 1 2 151 106 0.0188679 0.0158084 0.0155642
468 0 1 1 125 70 0.0142857 0.0106904 0.0102564
469 0 1 1 95 55 0.0181818 0.0138343 0.0133333
470 0 1 1 138 77 0.012987 0.00970097 0.00930233
471 0 1 1 111 53 0.0188679 0.0130377 0.0121951
472 0 1 1 118 77 0.012987 0.0104909 0.0102564
473 0 1 1 95 61 0.0163934 0.0131363 0.0128205
474 0 1 0 134 78 0 0 0
475 0 1 0 98 56 0 0 0
476 0 1 0 118 74 0 0 0
477 0 1 0 127 87 0 0 0
478 0 1 0 144 108 0 0 0
479 0 1 0 126 129 0 0 0
480 0 1 1 114 113 0.00884956 0.00881066 0.00881057
481 0 1 1 107 102 0.00980392 0.00957212 0.00956938
482 0 1 1 123 92 0.0108696 0.00940056 0.00930233
483 0 1 0 118 95 0 0 0
484 0 1 0 110 107 0 0 0
485 0 1 1 112 102 0.00980392 0.00935602 0.00934579
486 0 1 0 110 108 0 0 0
487 0 1 0 122 112 0 0 0
488 0 1 0 130 121 0 0 0
489 0 1 0 144 133 0 0 0
490 0 1 0 170 154 0 0 0
491 0 1 0 122 121 0 0 0
492 0 1 0 164 153 0 0 0
493 0 1 0 126 140 0 0 0
494 0 1 0 175 163 0 0 0
495 0 1 1 134 132 0.00757576 0.00751901 0.0075188
496 0 1 1 138 141 0.00724638 0.00716887 0.00716846
497 0 1 1 175 171 0.00584795 0.00578073 0.00578035
498 0 1 0 115 142 0 0 0
499 0 1 0 177 181 0 0 0
500 0 1 0 136 156 0 0 0
501 0 1 2 97 127 0.0206186 0.0180195 0.0178571
502 0 1 3 120 154 0.025 0.0220684 0.0218978
503 0 1 4 92 136 0.0434783 0.0357599 0.0350877
504 0 1 4 106 136 0.0377358 0.0333148 0.0330578
505 0 1 4 97 124 0.0412371 0.0364723 0.0361991
506 0 1 5 114 133 0.0438596 0.0406061 0.0404858
507 0 1 1 37 55 0.027027 0.0221676 0.0217391
508 0 1 2 34 63 0.0588235 0.0432136 0.0412371
509 0 1 2 42 72 0.047619 0.0363696 0.0350877
510 0 1 4 38 79 0.105263 0.0730053 0.0683761
511 0 1 2 45 78 0.0444444 0.033758 0.0325203
512 0 1 3 53 84 0.0566038 0.0449618 0.0437956
513 0 1 2 50 79 0.04 0.0318223 0.0310078
514 0 1 5 50 87 0.1 0.0758098 0.0729927
515 0 1 4 42 78 0.0952381 0.0698857 0.0666667
516 0 1 3 72 97 0.0416667 0.0358979 0.035503
517 0 1 3 56 96 0.0535714 0.0409159 0.0394737
518 0 1 2 53 88 0.0377358 0.0292854 0.0283688
519 0 1 0 35 72 0 0 0
520 0 1 1 61 98 0.0163934 0.0129337 0.0125786
521 0 1 0 49 84 0 0 0
522 0 1 1 44 67 0.0227273 0.0184177 0.018018
523 0 1 0 65 78 0 0 0
524 0 1 1 50 64 0.02 0.0176777 0.0175439
525 0 1 2 68 94 0.0294118 0.0250156 0.0246914
526 0 1 2 54 78 0.037037 0.0308167 0.030303
527 0 1 2 44 69 0.0454545 0.0362977 0.0353982
528 0 1 0 65 93 0 0 0
529 0 1 0 43 92 0 0 0
530 0 1 1 42 79 0.0238095 0.0173605 0.0165289
531 0 1 2 62 94 0.0322581 0.0261981 0.025641
532 0 1 1 51 89 0.0196078 0.0148429 0.0142857
533 0 1 1 41 82 0.0243902 0.0172465 0.0162602
534 0 1 1 67 123 0.0149254 0.0110156 0.0105263
535 0 1 1 59 105 0.0169492 0.0127051 0.0121951
536 0 1 0 54 103 0 0 0
537 0 1 0 51 101 0 0 0
538 0 1 0 35 79 0 0 0
539 0 1 0 102 149 0 0 0
540 0 1 0 85 132 0 0 0
541 0 1 0 79 129 0 0 0
542 0 1 0 57 128 0 0 0
543 0 1 1 51 111 0.0196078 0.0132909 0.0123457
544 0 1 0 38 97 0 0 0
545 0 1 0 93 116 0 0 0
546 0 1 0 69 98 0 0 0
547 0 1 0 60 85 0 0 0
548 0 1 0 76 91 0 0 0
549 0 1 0 53 85 0 0 0
550 0 1 1 68 103 0.0147059 0.0119489 0.0116959
551 0 1 0 60 83 0 0 0
552 0 1 1 89 108 0.011236 0.0101998 0.0101523
553 0 1 0 66 104 0 0 0
554 0 1 0 57 93 0 0 0
555 0 1 0 87 128 0 0 0
556 0 1 0 76 103 0 0 0
557 0 1 0 66 88 0 0 0
558 0 1 0 102 125 0 0 0
559 0 1 0 79 120 0 0 0
560 0 1 0 65 98 0 0 0
561 0 1 0 99 121 0 0 0
562 0 1 0 81 112 0 0 0
563 0 1 0 69 98 0 0 0
564 0 1 0 99 156 0 0 0
565 0 1 0 81 133 0 0 0
566 0 1 1 66 118 0.0151515 0.0113315 0.0108696
567 0 1 0 54 87 0 0 0
568 0 1 1 88 126 0.0113636 0.00949671 0.00934579
569 0 1 1 56 96 0.0178571 0.0136386 0.0131579
570 0 1 0 40 79 0 0 0
571 0 1 0 59 98 0 0 0
572 0 1 0 46 74 0 0 0
573 0 1 0 68 99 0 0 0
574 0 1 0 33 65 0 0 0
575 0 1 1 53 81 0.0188679 0.0152623 0.0149254
576 0 1 1 28 54 0.0357143 0.0257172 0.0243902
577 0 1 1 48 74 0.0208333 0.0167789 0.0163934
578 0 1 1 53 77 0.0188679 0.0156537 0.0153846
579 0 1 1 68 64 0.015625 0.0151585 0.0151515
580 0 1 1 79 95 0.0126582 0.0115432 0.0114943
581 0 1 0 58 82 0 0 0
582 0 1 0 79 82 0 0 0
583 0 1 0 115 122 0 0 0
584 0 1 0 72 84 0 0 0
585 0 1 0 90 83 0 0 0
586 0 1 0 101 95 0 0 0
587 0 1 0 94 86 0 0 0
588 0 1 0 72 82 0 0 0
589 0 1 0 58 52 0 0 0
590 0 1 0 52 52 0 0 0
591 0 1 0 58 60 0 0 0
592 0 1 0 60 71 0 0 0
593 0 1 0 80 83 0 0 0
594 0 1 0 106 81 0 0 0
595 0 1 0 104 108 0 0 0
596 0 1 0 110 104 0 0 0
597 0 1 0 112 120 0 0 0
598 0 1 0 117 128 0 0 0
599 0 1 0 113 135 0 0 0
600 0 1 0 119 129 0 0 0
601 0 1 0 109 112 0 0 0
602 0 1 0 115 115 0 0 0
603 0 1 1 131 137 0.00763359 0.00746456 0.00746269
604 0 1 1 135 147 0.00740741 0.00709863 0.0070922
605 0 1 0 122 149 0 0 0
606 0 1 1 124 154 0.00806452 0.0072365 0.00719424
607 0 1 0 120 171 0 0 0
608 0 1 1 80 133 0.0125 0.00969458 0.00938967
609 0 1 2 81 153 0.0246914 0.0179656 0.017094
610 0 1 1 102 165 0.00980392 0.00770829 0.00749064
611 0 1 0 123 157 0 0 0
612 0 1 0 144 168 0 0 0
613 0 1 0 141 193 0 0 0
614 0 1 0 105 202 0 0 0
615 0 1 1 72 147 0.0138889 0.0097202 0.00913242
616 0 1 2 91 143 0.021978 0.0175324 0.017094
617 0 1 2 71 119 0.028169 0.0217584 0.0210526
618 0 1 2 73 139 0.0273973 0.0198546 0.0188679
619 0 1 3 66 123 0.0454545 0.0332964 0.031746
620 0 1 2 91 129 0.021978 0.0184593 0.0181818
621 0 1 3 110 148 0.0272727 0.0235122 0.0232558
622 0 1 4 100 147 0.04 0.0329914 0.0323887
623 0 1 3 114 175 0.0263158 0.0212398 0.0207612
624 0 1 1 103 151 0.00970874 0.0080185 0.00787402
625 0 1 1 142 192 0.00704225 0.00605627 0.00598802
626 0 1 2 127 169 0.015748 0.0136516 0.0135135
627 0 1 2 174 210 0.0114943 0.0104627 0.0104167
628 0 1 4 140 183 0.0285714 0.0249902 0.0247678
629 0 1 2 176 205 0.0113636 0.0105292 0.0104987
630 0 1 0 197 225 0 0 0
631 0 1 0 139 170 0 0 0
632 0 1 0 171 209 0 0 0
633 0 1 1 147 176 0.00680272 0.00621706 0.00619195
634 0 1 4 193 222 0.0207254 0.0193243 0.0192771
635 0 1 1 160 186 0.00625 0.00579674 0.00578035
636 0 1 9 213 227 0.0422535 0.0409298 0.0409091
637 0 1 8 160 163 0.05 0.0495377 0.0495356
638 0 1 10 117 124 0.0854701 0.0830226 0.0829876
639 0 1 0 100 154 0 0 0
640 0 1 1 73 105 0.0136986 0.011422 0.011236
641 0 1 0 84 111 0 0 0
642 0 1 1 83 114 0.0120482 0.0102804 0.0101523
643 0 1 1 141 140 0.00714286 0.00711748 0.00711744
644 0 1 1 151 171 0.00662252 0.0062232 0.00621118
645 0 1 2 151 168 0.013245 0.012557 0.0125392
646 0 1 5 178 197 0.0280899 0.026701 0.0266667
647 0 1 9 182 224 0.0494506 0.0445741 0.044335
648 0 1 9 163 221 0.0552147 0.047419 0.046875
649 0 1 10 158 202 0.0632911 0.0559752 0.0555556
650 0 1 14 161 206 0.0869565 0.0768744 0.0762943
651 0 1 18 163 202 0.110429 0.099198 0.0986301
652 0 1 19 143 198 0.132867 0.112915 0.111437
653 0 1 20 149 195 0.134228 0.117333 0.116279
654 0 1 14 141 179 0.0992908 0.0881235 0.0875
655 0 1 15 239 237 0.0632911 0.0630258 0.0630252
656 0 1 11 223 224 0.0493274 0.0492171 0.049217
657 0 1 7 222 225 0.0315315 0.0313206 0.0313199
658 0 1 7 228 219 0.0319635 0.0313263 0.0313199
659 0 1 13 271 275 0.0479705 0.0476203 0.047619
660 0 1 20 316 280 0.0714286 0.0672369 0.0671141
661 0 1 26 318 298 0.0872483 0.0844601 0.0844156
662 0 1 26 323 291 0.0893471 0.0848058 0.0846906
663 0 1 34 318 291 0.116838 0.111768 0.111658
664 0 1 41 316 281 0.145907 0.13759 0.137353
665 0 1 43 306 280 0.153571 0.146902 0.146758
666 0 1 49 285 273 0.179487 0.175668 0.175627
667 0 1 40 272 256 0.15625 0.151585 0.151515
668 0 1 41 346 302 0.135762 0.126836 0.126543
669 0 1 42 343 304 0.138158 0.130066 0.12983
670 0 1 41 324 242 0.169421 0.146421 0.144876
671 0 1 36 366 317 0.113565 0.10569 0.105417
672 0 1 39 369 320 0.121875 0.113495 0.113208
673 0 1 43 377 316 0.136076 0.124582 0.124098
674 0 1 38 367 312 0.121795 0.112298 0.111929
675 0 1 44 331 293 0.150171 0.141288 0.141026
676 0 1 28 299 263 0.106464 0.0998492 0.0996441
677 0 1 40 338 296 0.135135 0.126461 0.126183
678 0 1 38 387 325 0.116923 0.107149 0.106742
679 0 1 54 408 342 0.157895 0.144561 0.144
680 0 1 60 414 343 0.174927 0.159222 0.15852
681 0 1 56 409 343 0.163265 0.149513 0.148936
682 0 1 64 395 344 0.186047 0.173621 0.173207
683 0 1 67 412 337 0.198813 0.179809 0.178905
684 0 1 65 405 346 0.187861 0.173639 0.173103
685 0 1 74 404 355 0.208451 0.195401 0.194993
686 0 1 75 411 357 0.210084 0.195797 0.195312
687 0 1 75 399 357 0.210084 0.19872 0.198413
688 0 1 80 406 359 0.222841 0.209546 0.20915
689 0 1 83 405 354 0.234463 0.219204 0.218709
690 0 1 76 408 353 0.215297 0.200261 0.199737
691 0 1 76 398 338 0.224852 0.207211 0.206522
692 0 1 69 391 338 0.204142 0.189803 0.1893
693 0 1 71 399 329 0.215805 0.195963 0.195055
694 0 1 64 394 331 0.193353 0.177222 0.176552
695 0 1 60 387 323 0.185759 0.169705 0.169014
696 0 1 68 385 329 0.206687 0.191065 0.190476
697 0 1 66 381 333 0.198198 0.185293 0.184874
698 0 1 75 391 333 0.225225 0.20785 0.207182
699 0 1 73 395 340 0.214706 0.199198 0.198639
700 0 1 68 390 333 0.204204 0.188692 0.188105
701 0 1 61 378 318 0.191824 0.175942 0.175287
702 0 1 69 379 310 0.222581 0.201302 0.20029
703 0 1 68 376 304 0.223684 0.201131 0.2
704 0 1 64 370 298 0.214765 0.19274 0.191617
705 0 1 66 379 302 0.218543 0.195084 0.193833
706 0 1 59 371 305 0.193443 0.175394 0.174556
707 0 1 65 369 311 0.209003 0.191876 0.191176
708 0 1 61 363 299 0.204013 0.185157 0.18429
709 0 1 55 375 302 0.182119 0.163434 0.162482
710 0 1 63 375 302 0.208609 0.187207 0.186115
711 0 1 57 381 306 0.186275 0.166937 0.165939
712 0 1 57 382 311 0.18328 0.165372 0.164502
713 0 1 66 390 325 0.203077 0.185383 0.184615
714 0 1 63 387 323 0.195046 0.17819 0.177465
715 0 1 63 394 315 0.2 0.178829 0.177715
716 0 1 72 393 323 0.22291 0.202085 0.201117
717 0 1 76 389 326 0.233129 0.213417 0.212587
718 0 1 69 383 325 0.212308 0.195573 0.194915
719 0 1 68 376 330 0.206061 0.193045 0.192635
720 0 1 73 376 318 0.22956 0.211113 0.210375
721 0 1 67 371 306 0.218954 0.198851 0.197932
722 0 1 74 376 294 0.251701 0.222569 0.220896
723 0 1 56 356 290 0.193103 0.174287 0.173375
724 0 1 62 349 292 0.212329 0.194217 0.193448
725 0 1 60 329 288 0.208333 0.19492 0.194489
726 0 1 69 344 294 0.234694 0.216968 0.216301
727 0 1 61 316 296 0.206081 0.199453 0.199346
728 0 1 71 315 283 0.250883 0.237799 0.237458
729 0 1 55 369 326 0.168712 0.158577 0.158273
730 0 1 56 349 325 0.172308 0.166278 0.166172
731 0 1 44 330 299 0.147157 0.140075 0.139905
732 0 1 49 319 300 0.163333 0.158395 0.15832
733 0 1 53 314 299 0.177258 0.172972 0.17292
734 0 1 53 314 297 0.178451 0.173553 0.173486
735 0 1 56 292 279 0.200717 0.196198 0.196147
736 0 1 49 359 348 0.140805 0.138631 0.138614
737 0 1 47 329 325 0.144615 0.143734 0.143731
738 0 1 39 304 290 0.134483 0.13135 0.131313
739 0 1 44 339 316 0.139241 0.134434 0.134351
740 0 1 48 312 290 0.165517 0.159575 0.159468
741 0 1 43 295 278 0.154676 0.150153 0.150087
742 0 1 48 338 311 0.154341 0.148048 0.14792
743 0 1 53 323 303 0.174917 0.169416 0.169329
744 0 1 49 300 279 0.175627 0.169369 0.169257
745 0 1 49 325 320 0.153125 0.151943 0.151938
746 0 1 48 308 296 0.162162 0.158972 0.15894
747 0 1 40 288 282 0.141844 0.140359 0.140351
748 0 1 32 360 306 0.104575 0.0964135 0.0960961
749 0 1 30 307 296 0.101351 0.0995191 0.0995025
750 0 1 34 266 255 0.133333 0.130547 0.130518
751 0 1 24 311 302 0.0794702 0.0783119 0.0783034
752 0 1 21 261 259 0.0810811 0.0807698 0.0807692
753 0 1 14 296 297 0.0472973 0.0472176 0.0472175
754 0 1 7 229 248 0.0305677 0.0293734 0.0293501
755 0 1 7 246 258 0.0284553 0.0277857 0.0277778
756 0 1 3 174 182 0.0172414 0.0168582 0.0168539
757 0 1 3 164 160 0.01875 0.0185199 0.0185185
758 0 1 0 108 92 0 0 0
759 0 1 1 123 120 0.00833333 0.00823108 0.00823045
760 0 1 1 83 94 0.0120482 0.0113213 0.0112994
761 0 1 0 107 117 0 0 0
762 0 1 2 71 94 0.028169 0.0244814 0.0242424
763 0 1 2 113 122 0.0176991 0.0170338 0.0170213
764 0 1 2 78 103 0.025641 0.0223133 0.0220994
765 0 1 2 104 140 0.0192308 0.0165748 0.0163934
766 0 1 0 53 92 0 0 0
767 0 1 0 78 105 0 0 0
768 0 1 0 53 97 0 0 0
769 0 1 0 66 95 0 0 0
770 0 1 1 73 89 0.0136986 0.0124063 0.0123457
771 0 1 0 80 94 0 0 0
772 0 1 1 89 100 0.011236 0.0106 0.010582
773 0 1 1 97 106 0.0103093 0.00986191 0.00985222
774 0 1 1 91 108 0.010989 0.0100871 0.0100503
775 0 1 1 114 117 0.00877193 0.00865874 0.00865801
776 0 1 0 130 133 0 0 0
777 0 1 1 142 158 0.00704225 0.00667617 0.00666667
778 0 1 0 149 150 0 0 0
779 0 1 2 113 139 0.0176991 0.0159582 0.015873
780 0 1 0 115 118 0 0 0
781 0 1 0 97 112 0 0 0
782 0 1 0 98 118 0 0 0
783 0 1 0 109 154 0 0 0
784 0 1 0 70 99 0 0 0
785 0 1 0 105 125 0 0 0
786 0 1 1 65 97 0.0153846 0.0125938 0.0123457
787 0 1 1 86 139 0.0116279 0.00914626 0.00888889
788 0 1 1 58 100 0.0172414 0.0131306 0.0126582
789 0 1 0 79 108 0 0 0
790 0 1 0 52 71 0 0 0
791 0 1 0 73 91 0 0 0
792 0 1 0 39 78 0 0 0
793 0 1 0 57 96 0 0 0
794 0 1 0 42 71 0 0 0
795 0 1 0 74 91 0 0 0
796 0 1 0 51 69 0 0 0
797 0 1 0 84 97 0 0 0
798 0 1 0 50 81 0 0 0
799 0 1 2 84 106 0.0238095 0.0211952 0.0210526
800 0 1 0 56 83 0 0 0
801 0 1 0 78 106 0 0 0
802 0 1 0 49 68 0 0 0
803 0 1 0 69 79 0 0 0
804 0 1 0 46 56 0 0 0
805 0 1 0 58 53 0 0 0
806 0 1 0 70 71 0 0 0
807 0 1 0 87 80 0 0 0
808 0 1 0 97 100 0 0 0
809 0 1 0 120 117 0 0 0
810 0 1 0 154 179 0 0 0
811 0 1 0 103 132 0 0 0
812 0 1 0 139 138 0 0 0
813 0 1 1 178 145 0.00689655 0.00622452 0.00619195
814 0 1 1 184 133 0.0075188 0.00639242 0.00630915
815 0 1 0 193 118 0 0 0
816 0 1 0 146 113 0 0 0
817 0 1 0 141 103 0 0 0
818 0 1 0 117 84 0 0 0
819 0 1 0 97 79 0 0 0
820 0 1 0 71 78 0 0 0
821 0 1 0 68 76 0 0 0
822 0 1 0 71 95 0 0 0
823 0 1 0 54 88 0 0 0
824 0 1 0 63 87 0 0 0
825 0 1 0 75 109 0 0 0
826 0 1 0 82 119 0 0 0
827 0 1 1 104 143 0.00961538 0.00820003 0.00809717
828 0 1 1 63 104 0.015873 0.0123542 0.011976
829 0 1 0 82 134 0 0 0
830 0 1 1 52 105 0.0192308 0.0135333 0.0127389
831 0 1 0 37 57 0 0 0
832 0 1 0 47 77 0 0 0
833 0 1 0 36 51 0 0 0
834 0 1 0 55 71 0 0 0
835 0 1 0 36 53 0 0 0
836 0 1 0 25 34 0 0 0
837 0 1 0 29 54 0 0 0
838 0 1 0 17 41 0 0 0
839 0 1 0 28 50 0 0 0
840 0 1 0 21 32 0 0 0
841 0 1 0 40 51 0 0 0
842 0 1 0 28 36 0 0 0
843 0 1 0 53 56 0 0 0
844 0 1 0 41 50 0 0 0
845 0 1 0 29 22 0 0 0
846 0 1 0 48 40 0 0 0
847 0 1 0 76 81 0 0 0
848 0 1 0 43 57 0 0 0
849 0 1 0 29 46 0 0 0
850 0 1 0 59 50 0 0 0
851 0 1 0 46 46 0 0 0
852 0 1 0 37 29 0 0 0
853 0 1 0 44 67 0 0 0
854 0 1 0 28 56 0 0 0
855 0 1 0 28 35 0 0 0
856 0 1 1 59 60 0.0169492 0.0168073 0.0168067
857 0 1 0 39 47 0 0 0
858 0 1 1 35 45 0.0285714 0.0251976 0.025
859 0 1 0 62 63 0 0 0
860 0 1 1 50 56 0.02 0.0188982 0.0188679
861 0 1 1 39 47 0.025641 0.0233571 0.0232558
862 0 1 0 64 72 0 0 0
863 0 1 0 49 58 0 0 0
864 0 1 0 30 49 0 0 0
865 0 1 0 80 76 0 0 0
866 0 1 0 58 71 0 0 0
867 0 1 0 45 55 0 0 0
868 0 1 0 80 57 0 0 0
869 0 1 0 56 46 0 0 0
870 0 1 0 71 59 0 0 0
871 0 1 0 45 47 0 0 0
872 0 1 0 79 52 0 0 0
873 0 1 0 51 40 0 0 0
874 0 1 0 75 56 0 0 0
875 0 1 0 60 52 0 0 0
876 0 1 0 103 71 0 0 0
877 0 1 0 79 66 0 0 0
878 0 1 0 59 60 0 0 0
879 0 1 0 117 82 0 0 0
880 0 1 3 108 65 0.0461538 0.0358057 0.0346821
881 0 1 3 95 69 0.0434783 0.037054 0.0365854
882 0 1 3 162 95 0.0315789 0.0241825 0.0233463
883 0 1 2 144 97 0.0206186 0.0169224 0.0165975
884 0 1 2 125 89 0.0224719 0.0189618 0.0186916
885 0 1 1 202 117 0.00854701 0.00650476 0.00626959
886 0 1 1 169 112 0.00892857 0.00726855 0.00711744
887 0 1 0 135 106 0 0 0
888 0 1 0 204 114 0 0 0
889 0 1 0 169 94 0 0 0
890 0 1 0 245 134 0 0 0
891 0 1 0 202 124 0 0 0
892 0 1 0 241 149 0 0 0
893 0 1 0 236 139 0 0 0
894 0 1 0 249 138 0 0 0
895 0 1 0 258 118 0 0 0
896 0 1 0 269 115 0 0 0
897 0 1 0 236 91 0 0 0
898 0 1 0 221 80 0 0 0
899 0 1 0 202 82 0 0 0
900 0 1 0 174 72 0 0 0
901 0 1 1 173 69 0.0144928 0.00915277 0.00826446
902 0 1 0 164 61 0 0 0
903 0 1 0 165 55 0 0 0
904 0 1 0 155 36 0 0 0
905 0 1 0 129 29 0 0 0
906 0 1 1 171 40 0.025 0.0120913 0.00947867
907 0 1 1 175 24 0.0416667 0.0154303 0.0100503
908 0 1 0 181 21 0 0 0
909 0 1 0 185 20 0 0 0
910 0 1 1 205 25 0.04 0.0139686 0.00869565
911 0 1 0 178 30 0 0 0
912 0 1 0 169 25 0 0 0
913 0 1 0 156 35 0 0 0
914 0 1 0 142 34 0 0 0
915 0 1 0 154 38 0 0 0
916 0 1 0 149 40 0 0 0
917 0 1 2 137 39 0.0512821 0.0273613 0.0227273
918 0 1 1 149 44 0.0227273 0.0123504 0.0103627
919 0 1 1 160 46 0.0217391 0.0116563 0.00970874
920 0 1 1 156 63 0.015873 0.0100871 0.00913242
921 0 1 1 170 78 0.0128205 0.00868417 0.00806452
922 0 1 0 172 93 0 0 0
923 0 1 2 181 95 0.0210526 0.0152521 0.0144928
924 0 1 3 174 115 0.026087 0.0212079 0.0207612
925 0 1 1 168 132 0.00757576 0.00671519 0.00666667
926 0 1 1 159 145 0.00689655 0.00658594 0.00657895
927 0 1 1 167 149 0.00671141 0.00633941 0.00632911
928 0 1 3 162 147 0.0204082 0.0194404 0.0194175
929 0 1 1 197 166 0.0060241 0.00552984 0.00550964
930 0 1 4 147 143 0.027972 0.0275888 0.0275862
931 0 1 3 165 158 0.0189873 0.0185802 0.0185759
932 0 1 4 122 126 0.0327869 0.0322623 0.0322581
933 0 1 3 175 142 0.0211268 0.0190308 0.0189274
934 0 1 4 129 110 0.0363636 0.0335791 0.0334728
935 0 1 4 155 124 0.0322581 0.0288525 0.0286738
936 0 1 2 118 103 0.0194175 0.0181414 0.0180995
937 0 1 4 163 125 0.032 0.0280228 0.0277778
938 0 1 3 127 113 0.0265487 0.0250426 0.025
939 0 1 1 172 140 0.00714286 0.00644424 0.00641026
940 0 1 2 131 129 0.0155039 0.0153851 0.0153846
941 0 1 2 167 157 0.0127389 0.0123516 0.0123457
942 0 1 1 118 126 0.00847458 0.00820113 0.00819672
943 0 1 0 173 138 0 0 0
944 0 1 0 139 134 0 0 0
945 0 1 0 183 156 0 0 0
946 0 1 0 132 137 0 0 0
947 0 1 0 168 150 0 0 0
948 0 1 0 135 133 0 0 0
949 0 1 1 163 156 0.00641026 0.0062711 0.00626959
950 0 1 1 133 122 0.00819672 0.00785044 0.00784314
951 0 1 1 153 138 0.00724638 0.006882 0.00687285
952 0 1 2 112 133 0.0178571 0.0163868 0.0163265
953 0 1 1 146 136 0.00735294 0.00709666 0.0070922
954 0 1 1 114 125 0.00877193 0.00837708 0.0083682
955 0 1 2 166 132 0.0151515 0.013511 0.0134228
956 0 1 0 118 115 0 0 0
957 0 1 4 153 138 0.0289855 0.027528 0.0274914
958 0 1 2 84 72 0.0277778 0.0257172 0.025641
959 0 1 0 101 92 0 0 0
960 0 1 3 81 79 0.0379747 0.0375029 0.0375
961 0 1 1 110 102 0.00980392 0.00944069 0.00943396
962 0 1 1 72 80 0.0138889 0.0131762 0.0131579
963 0 1 1 103 114 0.00970874 0.00922845 0.00921659
964 0 1 1 78 95 0.0128205 0.0116169 0.0115607
965 0 1 2 110 113 0.0181818 0.0179388 0.0179372
966 0 1 2 75 89 0.0266667 0.0244796 0.0243902
967 0 1 2 107 109 0.0186916 0.0185193 0.0185185
968 0 1 2 73 97 0.0273973 0.0237675 0.0235294
969 0 1 1 101 118 0.00990099 0.00916006 0.00913242
970 0 1 0 70 96 0 0 0
971 0 1 2 116 89 0.0224719 0.0196837 0.0195122
972 0 1 1 82 77 0.012987 0.0125848 0.0125786
973 0 1 1 114 94 0.0106383 0.00966015 0.00961538
974 0 1 2 79 79 0.0253165 0.0253165 0.0253165
975 0 1 3 115 91 0.032967 0.0293259 0.0291262
976 0 1 3 84 83 0.0361446 0.0359288 0.0359281
977 0 1 2 127 96 0.0208333 0.0181131 0.0179372
978 0 1 1 91 86 0.0116279 0.0113039 0.0112994
979 0 1 1 101 101 0.00990099 0.00990099 0.00990099
980 0 1 1 89 95 0.011236 0.0108753 0.0108696
981 0 1 2 113 103 0.0194175 0.0185384 0.0185185
982 0 1 2 84 96 0.0238095 0.0222718 0.0222222
983 0 1 1 135 107 0.00934579 0.00832034 0.00826446
984 0 1 1 102 106 0.00980392 0.00961716 0.00961538
985 0 1 1 147 122 0.00819672 0.00746726 0.00743494
986 0 1 0 121 107 0 0 0
987 0 1 1 163 137 0.00729927 0.00669185 0.00666667
988 0 1 0 119 104 0 0 0
989 0 1 1 153 120 0.00833333 0.00738012 0.00732601
990 0 1 1 124 108 0.00925926 0.00864126 0.00862069
991 0 1 1 127 123 0.00813008 0.00800102 0.008
992 0 1 1 98 91 0.010989 0.0105893 0.010582
993 0 1 4 99 103 0.040404 0.0396117 0.039604
994 0 1 2 77 88 0.025974 0.0242965 0.0242424
995 0 1 2 101 120 0.019802 0.0181668 0.0180995
996 0 1 3 85 100 0.0352941 0.0325396 0.0324324
997 0 1 4 69 105 0.057971 0.0469938 0.045977
998 0 1 4 114 131 0.0350877 0.032732 0.0326531
999 0 1 3 102 118 0.0294118 0.0273451 0.0272727
1000 0 1 2 72 109 0.0277778 0.0225762 0.0220994
1001 0 1 1 101 135 0.00990099 0.00856392 0.00847458
1002 0 1 2 96 123 0.0208333 0.0184053 0.0182648
1003 0 1 1 69 112 0.0144928 0.0113754 0.0110497
1004 0 1 0 118 137 0 0 0
1005 0 1 1 105 120 0.00952381 0.00890871 0.00888889
1006 0 1 3 78 107 0.0384615 0.0328384 0.0324324
1007 0 1 2 151 162 0.013245 0.0127875 0.0127796
1008 0 1 1 121 144 0.00826446 0.00757576 0.00754717
1009 0 1 0 107 140 0 0 0
1010 0 1 3 170 163 0.0184049 0.018022 0.018018
1011 0 1 2 135 153 0.0148148 0.0139161 0.0138889
1012 0 1 4 128 139 0.03125 0.029988 0.0299625
1013 0 1 2 170 157 0.0127389 0.0122421 0.0122324
1014 0 1 4 144 154 0.0277778 0.0268608 0.0268456
1015 0 1 6 123 136 0.0487805 0.0463905 0.046332
1016 0 1 6 196 159 0.0377358 0.0339879 0.0338028
1017 0 1 5 165 144 0.0347222 0.0324375 0.0323625
1018 0 1 5 197 157 0.0318471 0.0284307 0.0282486
1019 0 1 5 165 145 0.0344828 0.0323254 0.0322581
1020 0 1 4 209 160 0.025 0.0218739 0.0216802
1021 0 1 3 185 150 0.02 0.018009 0.0179104
1022 0 1 4 207 172 0.0232558 0.0211988 0.0211082
1023 0 1 6 193 157 0.0382166 0.0344685 0.0342857
1024 0 1 5 233 173 0.0289017 0.024904 0.0246305
1025 0 1 7 209 172 0.0406977 0.0369199 0.0367454
1026 0 1 7 188 148 0.0472973 0.0419651 0.0416667
1027 0 1 8 260 193 0.0414508 0.0357129 0.0353201
1028 0 1 13 248 169 0.0769231 0.0635001 0.0623501
1029 0 1 11 232 163 0.0674847 0.0565659 0.0556962
1030 0 1 14 216 147 0.0952381 0.0785674 0.077135
1031 0 1 12 246 174 0.0689655 0.0580015 0.0571429
1032 0 1 11 232 170 0.0647059 0.0553891 0.0547264
1033 0 1 10 205 151 0.0662252 0.0568375 0.0561798
1034 0 1 8 235 172 0.0465116 0.0397916 0.039312
1035 0 1 7 210 158 0.0443038 0.0384291 0.0380435
1036 0 1 6 247 176 0.0340909 0.0287771 0.0283688
1037 0 1 2 226 159 0.0125786 0.0105506 0.0103896
1038 0 1 7 265 175 0.04 0.0325054 0.0318182
1039 0 1 3 239 161 0.0186335 0.0152936 0.015
1040 0 1 9 290 176 0.0511364 0.0398371 0.0386266
1041 0 1 8 264 177 0.0451977 0.0370085 0.0362812
1042 0 1 7 293 179 0.0391061 0.0305659 0.029661
1043 0 1 8 266 168 0.047619 0.0378438 0.0368664
1044 0 1 8 308 177 0.0451977 0.0342632 0.0329897
1045 0 1 5 272 157 0.0318471 0.0241956 0.02331
1046 0 1 8 309 175 0.0457143 0.0344026 0.0330578
1047 0 1 7 285 178 0.0393258 0.0310789 0.0302376
1048 0 1 7 332 188 0.037234 0.0280188 0.0269231
1049 0 1 6 291 168 0.0357143 0.0271363 0.0261438
1050 0 1 8 324 180 0.0444444 0.0331269 0.031746
1051 0 1 5 285 170 0.0294118 0.0227155 0.021978
1052 0 1 5 327 180 0.0277778 0.0206091 0.0197239
1053 0 1 5 281 171 0.0292398 0.0228097 0.0221239
1054 0 1 7 312 170 0.0411765 0.0303946 0.0290456
1055 0 1 11 271 145 0.0758621 0.0554912 0.0528846
1056 0 1 9 281 148 0.0608108 0.0441325 0.041958
1057 0 1 6 247 134 0.0447761 0.03298 0.0314961
1058 0 1 4 271 143 0.027972 0.0203192 0.0193237
1059 0 1 4 234 134 0.0298507 0.0225891 0.0217391
1060 0 1 4 263 145 0.0275862 0.0204832 0.0196078
1061 0 1 6 224 138 0.0434783 0.0341262 0.0331492
1062 0 1 9 282 154 0.0584416 0.0431875 0.0412844
1063 0 1 5 235 151 0.0331126 0.0265429 0.0259067
1064 0 1 1 62 33 0.030303 0.0221079 0.0210526
1065 0 1 1 51 27 0.037037 0.0269484 0.025641
1066 0 1 1 62 47 0.0212766 0.0185249 0.0183486
1067 0 1 3 198 140 0.0214286 0.0180188 0.0177515
1068 0 1 6 201 166 0.0361446 0.0328473 0.0326975
1069 0 1 7 198 150 0.0466667 0.0406181 0.0402299
1070 0 1 6 178 139 0.0431655 0.0381447 0.0378549
1071 0 1 7 155 121 0.0578512 0.051114 0.0507246
1072 0 1 9 191 172 0.0523256 0.0496548 0.0495868
1073 0 1 5 166 157 0.0318471 0.0309718 0.0309598
1074 0 1 5 145 142 0.0352113 0.0348451 0.0348432
1075 0 1 5 122 149 0.0409836 0.0370849 0.0369004
1076 0 1 6 119 140 0.0504202 0.0464851 0.046332
1077 0 1 7 180 188 0.0388889 0.0380525 0.0380435
1078 0 1 6 183 171 0.0350877 0.0339178 0.0338983
1079 0 1 7 149 153 0.0469799 0.0463617 0.0463576
1080 0 1 9 140 147 0.0642857 0.0627364 0.0627178
1081 0 1 9 114 143 0.0789474 0.0704891 0.0700389
1082 0 1 9 135 157 0.0666667 0.0618195 0.0616438
1083 0 1 7 126 149 0.0555556 0.0510881 0.0509091
1084 0 1 8 108 148 0.0740741 0.0632772 0.0625
1085 0 1 9 104 136 0.0865385 0.0756757 0.075
1086 0 1 6 93 127 0.0645161 0.0552088 0.0545455
1087 0 1 7 128 147 0.0546875 0.051031 0.0509091
1088 0 1 9 122 155 0.0737705 0.0654481 0.064982
1089 0 1 10 121 139 0.0826446 0.0771081 0.0769231
1090 0 1 5 113 139 0.0442478 0.0398955 0.0396825
1091 0 1 10 116 145 0.0862069 0.0771058 0.0766283
1092 0 1 11 108 143 0.101852 0.0885142 0.0876494
1093 0 1 11 114 140 0.0964912 0.0870715 0.0866142
1094 0 1 16 107 150 0.149533 0.126294 0.124514
1095 0 1 12 113 141 0.106195 0.0950676 0.0944882
1096 0 1 12 107 149 0.11215 0.0950378 0.09375
1097 0 1 17 107 136 0.158879 0.140925 0.139918
1098 0 1 14 107 139 0.130841 0.114797 0.113821
1099 0 1 14 104 135 0.134615 0.118153 0.117155
1100 0 1 14 107 139 0.130841 0.114797 0.113821

# ---------- Global Summary ----------
# CorrFrames: 1096
avg_CorrEdges: 6.59672
avg_match_A: 137.818
avg_match_B: 127.821
global_RI_MNR: 0.0516089
global_RI_GNR: 0.0497019
global_RI_DICE: 0.0496667

# ---------- Per-Channel Summary ----------
chA: 0 chB: 1 | avgC: 6.59672 avgA: 137.818 avgB: 127.821 MNR: 0.0345107 GNR: 0.0298158 DICE: 0.0293076
