1439803793.010705 0.000208317 -0.002847901 0.053540070 -0.000129390 0.002428466 0.000813206 0.999996722
1439803793.073206 0.000429025 -0.004395417 0.079812653 -0.000507670 0.003560399 0.000794287 0.999993205
1439803793.135708 0.000557230 -0.005730701 0.106367305 -0.001495138 0.004655327 0.000384317 0.999987960
1439803793.198209 0.000894356 -0.007274815 0.132924989 -0.001870462 0.005518098 0.000124219 0.999983013
1439803793.260711 0.000925440 -0.008647393 0.159129232 -0.002514279 0.006333000 0.000145135 0.999976754
1439803793.323210 0.001331688 -0.010006146 0.186347514 -0.002917864 0.007214570 0.000660810 0.999969482
1439803793.385712 0.001959822 -0.011193809 0.213302255 -0.003022954 0.008010767 0.000863260 0.999962986
1439803793.448213 0.002232658 -0.012588061 0.239575177 -0.003179919 0.009060774 0.001067368 0.999953330
1439803793.510715 0.002846478 -0.014159631 0.265791446 -0.003030468 0.009942824 0.001422005 0.999944985
1439803793.573216 0.003190573 -0.015473695 0.292181402 -0.002860833 0.011005832 0.001323927 0.999934494
1439803793.635716 0.004004105 -0.016596131 0.319142789 -0.002795178 0.011837520 0.001357679 0.999925137
1439803793.698216 0.004383618 -0.017877983 0.345660418 -0.003011805 0.012824170 0.001451707 0.999912143
1439803793.760721 0.005175024 -0.019294357 0.372159749 -0.003346136 0.013498290 0.001929538 0.999901414
1439803793.823218 0.005858392 -0.020574331 0.398600399 -0.003835629 0.014256131 0.001501743 0.999889910
1439803793.885718 0.006560227 -0.021897573 0.425375491 -0.003955635 0.015012378 0.001248199 0.999878705
1439803793.948220 0.007252734 -0.023135101 0.451990008 -0.003642845 0.015545017 0.001051782 0.999871969
1439803794.010721 0.008131317 -0.024601791 0.478269309 -0.003069523 0.015982021 0.000612066 0.999867380
1439803794.073225 0.008689568 -0.026073694 0.505024135 -0.002368809 0.016706081 0.000208316 0.999857605
1439803794.135724 0.009606877 -0.027532214 0.531312048 -0.001566077 0.017261980 -0.000323822 0.999849737
1439803794.198225 0.010323212 -0.028826974 0.558195114 -0.001068157 0.017835094 -0.000700059 0.999840140
1439803794.260726 0.011163327 -0.030072933 0.584949017 -0.000613478 0.018518284 -0.000922919 0.999827862
1439803794.323229 0.012036233 -0.031483710 0.611600578 -0.000555779 0.018969590 -0.001171485 0.999819219
1439803794.385728 0.012970966 -0.032845903 0.638204634 -0.000433060 0.019390812 -0.001422538 0.999810874
1439803794.448230 0.013789862 -0.034415152 0.664784670 -0.000977192 0.020000465 -0.002636519 0.999796033
1439803794.510735 0.014679470 -0.035646919 0.691409945 -0.001635496 0.020450745 -0.003010058 0.999785006
1439803794.573233 0.015814258 -0.037157923 0.717886627 -0.002088979 0.020787805 -0.003125182 0.999776840
1439803794.635733 0.017049463 -0.038504988 0.744432807 -0.001492082 0.021014232 -0.002947144 0.999773681
1439803794.698233 0.018110745 -0.040367782 0.770437956 -0.001013153 0.021333031 -0.003605412 0.999765396
1439803794.760737 0.018393507 -0.041444350 0.796909988 -0.000327202 0.021884700 -0.003936166 0.999752700
1439803794.823239 0.019912312 -0.043385252 0.822678685 -0.000338287 0.021881945 -0.004331722 0.999751091
1439803794.885740 0.020909682 -0.044793401 0.849035800 -0.000710829 0.022080658 -0.004426235 0.999746144
1439803794.948241 0.021637153 -0.045806311 0.875757754 -0.001767907 0.022707041 -0.004627090 0.999729872
1439803795.010742 0.022748798 -0.047211815 0.902132571 -0.002948966 0.022924615 -0.003780329 0.999725699
1439803795.073243 0.024015943 -0.048542164 0.928486764 -0.003906442 0.023164717 -0.004394289 0.999714375
1439803795.135743 0.025262753 -0.049675159 0.955459058 -0.003774519 0.023721840 -0.005009874 0.999698937
1439803795.198244 0.026220093 -0.051470775 0.980584145 -0.003231976 0.023856321 -0.004543895 0.999699831
1439803795.260749 0.027638813 -0.052622732 1.006733537 -0.001859437 0.024019765 -0.004110210 0.999701321
1439803795.323248 0.028299475 -0.054295976 1.032676697 -0.000210706 0.024372524 -0.003901142 0.999695301
1439803795.385749 0.029529275 -0.055789601 1.057989597 0.001405230 0.024605287 -0.003157420 0.999691248
1439803795.448251 0.030783312 -0.057112202 1.084031582 0.001968676 0.025126558 -0.001316034 0.999681473
1439803795.510751 0.032165796 -0.058505189 1.110049367 0.000757826 0.025583457 -0.001471709 0.999671340
1439803795.573253 0.033155732 -0.059528545 1.135915756 -0.000959606 0.026327489 -0.002429010 0.999649942
1439803795.635754 0.034675755 -0.060948797 1.161988139 -0.002994894 0.026958585 -0.002806530 0.999628127
1439803795.698270 0.035674125 -0.062293474 1.187716603 -0.004259185 0.027690293 -0.002217870 0.999605000
1439803795.760757 0.037097283 -0.063668333 1.213330865 -0.004798407 0.028114699 -0.001811589 0.999591529
1439803795.823258 0.038413480 -0.064934544 1.239178658 -0.003943515 0.028692413 -0.001522079 0.999579310
1439803795.885762 0.039928392 -0.066291764 1.264486432 -0.002508283 0.028996879 -0.001305824 0.999575496
1439803795.948262 0.041302398 -0.067704111 1.290135384 -0.001602870 0.029398564 -0.001703312 0.999565005
1439803796.010762 0.042662255 -0.068840176 1.315747023 -0.000886457 0.029655732 -0.002071803 0.999557674
1439803796.073265 0.044052131 -0.070079729 1.341387987 -0.000455437 0.030055663 -0.002055463 0.999545991
1439803796.135763 0.045548718 -0.071643412 1.366649032 -0.000600298 0.030186733 -0.002369185 0.999541283
1439803796.198267 0.046938203 -0.072842695 1.392330766 -0.000593138 0.030512422 -0.002380248 0.999531388
1439803796.260765 0.048267815 -0.074200250 1.417576671 -0.000712670 0.030969337 -0.001852111 0.999518335
1439803796.323265 0.049898975 -0.075641222 1.443136334 -0.000856561 0.031165496 -0.001163846 0.999513209
1439803796.385766 0.051556028 -0.076947115 1.468448997 -0.000706635 0.031477481 -0.000683332 0.999503970
1439803796.448268 0.053041253 -0.078535758 1.493787408 -0.000902203 0.031897858 -0.000587499 0.999490559
1439803796.510769 0.054682802 -0.079662554 1.519236326 -0.000969079 0.032252178 -0.000116408 0.999479294
1439803796.573270 0.056174684 -0.081222296 1.544517279 -0.001120347 0.032527409 0.000150443 0.999470174
1439803796.635772 0.057770617 -0.082640782 1.569679976 -0.000740169 0.032719415 -0.000055007 0.999464273
1439803796.698275 0.059350312 -0.084154628 1.594593167 -0.000865421 0.033020519 0.000007814 0.999454319
1439803796.760774 0.060872007 -0.085436486 1.620277166 -0.001109974 0.033340465 0.000679014 0.999443233
1439803796.823281 0.062495906 -0.086709879 1.645061255 -0.001628298 0.033498298 0.001573374 0.999436200
1439803796.885779 0.064316593 -0.087958463 1.670953631 -0.001923091 0.033825494 0.001838257 0.999424219
1439803796.948280 0.065977022 -0.089331619 1.695543170 -0.002506898 0.034155708 0.001869162 0.999411643
1439803797.010781 0.067723520 -0.090639748 1.720910549 -0.002847135 0.034487825 0.002301761 0.999398410
1439803797.073281 0.069304563 -0.091866747 1.745756030 -0.002895599 0.034609590 0.002461586 0.999393702
1439803797.135783 0.070999607 -0.093264259 1.770711303 -0.002962905 0.034603626 0.002581992 0.999393404
1439803797.198285 0.072511047 -0.094563603 1.795804262 -0.003374791 0.034546245 0.002563194 0.999394119
1439803797.260790 0.074137628 -0.095819198 1.820891738 -0.003665446 0.034344405 0.002192924 0.999400914
1439803797.323290 0.075653315 -0.097045779 1.845817804 -0.003909058 0.034311097 0.001874089 0.999401808
1439803797.385789 0.077312008 -0.098272152 1.870658636 -0.003962910 0.034154858 0.002159062 0.999406397
1439803797.448293 0.078981213 -0.099555276 1.895454288 -0.003942361 0.033998221 0.002797576 0.999410212
1439803797.510790 0.080498300 -0.100759447 1.920366168 -0.003809627 0.034037925 0.003025809 0.999408722
1439803797.573291 0.082062542 -0.101870514 1.945498347 -0.004023076 0.034226615 0.003169967 0.999400973
1439803797.635794 0.083560228 -0.103111491 1.970118403 -0.004557488 0.034191817 0.002383833 0.999402046
1439803797.698292 0.084923446 -0.104048014 1.995172262 -0.004576326 0.034184273 0.001780010 0.999403477
1439803797.760792 0.086455241 -0.105411075 2.019746065 -0.004719963 0.033941653 0.000741715 0.999412417
1439803797.823298 0.088042691 -0.106609255 2.044426441 -0.004957920 0.033659417 0.000561984 0.999420881
1439803797.885794 0.089307770 -0.107591882 2.069455624 -0.005275509 0.033577245 0.000577432 0.999422014
1439803797.948294 0.090599552 -0.108442478 2.094573259 -0.005038132 0.033552315 0.000308613 0.999424219
1439803798.010795 0.091887206 -0.109607756 2.119335175 -0.005189189 0.033716537 -0.000318488 0.999417901
1439803798.073295 0.093352720 -0.110559061 2.144051075 -0.005179122 0.033570524 -0.000998664 0.999422431
1439803798.135797 0.094609283 -0.111819446 2.168921232 -0.005163335 0.033796981 -0.001219999 0.999414623
1439803798.198299 0.096115381 -0.113052525 2.193883896 -0.004758293 0.033613387 -0.002355198 0.999420822
1439803798.260798 0.097640879 -0.114001304 2.218416691 -0.004274943 0.033497676 -0.002894510 0.999425471
1439803798.323302 0.099032819 -0.115153819 2.243336201 -0.004766304 0.033323232 -0.004554798 0.999422908
1439803798.385803 0.100105286 -0.116182581 2.268072844 -0.005807152 0.033320386 -0.006556459 0.999406338
1439803798.448304 0.101147868 -0.117066614 2.293678522 -0.006191555 0.033286903 -0.008310325 0.999392092
1439803798.510803 0.102502838 -0.118239582 2.317245007 -0.006540791 0.033011146 -0.007754446 0.999403477
1439803798.573308 0.103937306 -0.119610786 2.341712713 -0.005755238 0.032907110 -0.006674788 0.999419570
1439803798.635806 0.105378434 -0.120967880 2.366406441 -0.003516722 0.032707341 -0.006504967 0.999437630
1439803798.698308 0.106660083 -0.122492112 2.390304089 -0.001006179 0.032755379 -0.007245942 0.999436617
1439803798.760812 0.108031914 -0.123969182 2.414509535 0.001064015 0.032888435 -0.007753160 0.999428391
1439803798.823312 0.109391108 -0.125294611 2.438713074 0.002605392 0.032826882 -0.007757164 0.999427557
1439803798.885812 0.110765174 -0.126643419 2.463042498 0.002858649 0.032353573 -0.007079809 0.999447286
1439803798.948313 0.112225667 -0.128151208 2.487320900 0.001909790 0.032100979 -0.006792435 0.999459743
1439803799.010817 0.113650277 -0.129617587 2.511550426 0.000627398 0.031940937 -0.006362455 0.999469280
1439803799.073318 0.115163215 -0.130965531 2.535690784 -0.000445934 0.031747904 -0.005570726 0.999480307
1439803799.135818 0.116472356 -0.132151425 2.560082436 -0.001053455 0.031829409 -0.005134901 0.999479592
1439803799.198321 0.117872469 -0.133613393 2.583949089 -0.001821344 0.031610113 -0.004673271 0.999487698
1439803799.260823 0.119389161 -0.134952441 2.608003616 -0.002106209 0.031438012 -0.003327465 0.999497950
1439803799.323322 0.120814651 -0.136181027 2.631998301 -0.002349481 0.031317256 -0.002858183 0.999502659
1439803799.385824 0.122195862 -0.137489453 2.655771494 -0.002405768 0.031423640 -0.002773722 0.999499440
1439803799.448325 0.123654068 -0.138650164 2.679508448 -0.001898862 0.031357620 -0.002142183 0.999504149
1439803799.510826 0.124943376 -0.139943525 2.703397751 -0.001703445 0.031339113 -0.002405776 0.999504447
1439803799.573329 0.126331106 -0.141237676 2.727263212 -0.001431463 0.031099495 -0.002165355 0.999512911
1439803799.635829 0.127613902 -0.142451257 2.750890732 -0.001187502 0.030922243 -0.002543467 0.999517858
1439803799.698330 0.128791526 -0.143686160 2.774599791 -0.001327723 0.030969132 -0.002576220 0.999516129
1439803799.760832 0.130137309 -0.144835696 2.798352003 -0.002054521 0.030851727 -0.002000674 0.999519885
1439803799.823334 0.131396174 -0.146272466 2.821822643 -0.003085347 0.031002609 -0.002159897 0.999512196
1439803799.885834 0.132857606 -0.147340372 2.845386982 -0.003158898 0.030917410 -0.001665032 0.999515533
1439803799.948336 0.133969083 -0.148469478 2.869049072 -0.003264835 0.031128488 -0.001799374 0.999508440
1439803800.010841 0.135600477 -0.149720207 2.892196655 -0.002773701 0.030973045 -0.001679413 0.999514997
1439803800.073339 0.136638761 -0.150846705 2.915986776 -0.001579423 0.031170359 -0.001971747 0.999510884
1439803800.135840 0.137875199 -0.152072161 2.939200401 -0.000524834 0.031247457 -0.002209847 0.999509096
1439803800.198342 0.138750523 -0.153247029 2.962553024 0.000055222 0.031626321 -0.002822986 0.999495745
1439803800.260843 0.140674189 -0.154495955 2.985825539 0.000284128 0.031272978 -0.002911365 0.999506593
1439803800.323345 0.142309338 -0.155643523 3.008549452 0.000161536 0.031078354 -0.003207701 0.999511778
1439803800.385845 0.143172592 -0.156890750 3.032259941 -0.000400594 0.031631764 -0.003597500 0.999493003
1439803800.448361 0.144510463 -0.158114433 3.055593491 -0.001234630 0.031743839 -0.003739711 0.999488294
1439803800.510849 0.145893320 -0.159409270 3.078882933 -0.001772490 0.031865392 -0.003163708 0.999485612
1439803800.573350 0.147509903 -0.161020443 3.101766586 -0.002134429 0.031878974 -0.002492724 0.999486327
1439803800.635851 0.148440927 -0.162210792 3.124798298 -0.002158621 0.032348376 -0.002000747 0.999472320
1439803800.698354 0.150230139 -0.163056687 3.148496389 -0.001970764 0.032575231 -0.001090939 0.999466717
1439803800.760853 0.151959300 -0.164189249 3.171374798 -0.002129910 0.032693569 -0.000342744 0.999463081
1439803800.823353 0.153350621 -0.165317029 3.194530725 -0.002256171 0.032992948 0.000865358 0.999452651
1439803800.885855 0.154730812 -0.166337103 3.217931271 -0.002593660 0.033385675 0.001557111 0.999437988
1439803800.948356 0.156455576 -0.167684808 3.240707159 -0.003003886 0.033414189 0.002897005 0.999432862
1439803801.010854 0.157986730 -0.168936372 3.263644695 -0.003532618 0.033490222 0.003504604 0.999426663
1439803801.073358 0.159572318 -0.169932872 3.287021875 -0.003791495 0.033670623 0.003497424 0.999419689
1439803801.135856 0.160999715 -0.171212360 3.310005665 -0.003982102 0.033948943 0.003791252 0.999408424
1439803801.198356 0.162422016 -0.172292382 3.332982779 -0.003848474 0.034064595 0.004549284 0.999401867
1439803801.260870 0.163908809 -0.173434079 3.355733395 -0.004047868 0.034179442 0.004408008 0.999397814
1439803801.323358 0.165370643 -0.174344361 3.378873348 -0.003637419 0.034334578 0.004608553 0.999393106
1439803801.385857 0.167038620 -0.175617963 3.401961565 -0.003322438 0.034455750 0.004797027 0.999389172
1439803801.448361 0.168706179 -0.176880926 3.424821138 -0.002677412 0.034567613 0.005783683 0.999382019
1439803801.510860 0.169791698 -0.177811950 3.447960854 -0.001971991 0.034608964 0.006659896 0.999376774
1439803801.573362 0.171192020 -0.179155037 3.470679760 -0.002056048 0.034440003 0.007096465 0.999379456
1439803801.635863 0.172752053 -0.179924175 3.493759394 -0.001882273 0.034092952 0.007778303 0.999386609
1439803801.698366 0.174097121 -0.180946067 3.517167091 -0.001997852 0.033811778 0.008398559 0.999390960
1439803801.760866 0.175459370 -0.182281449 3.539498806 -0.002810558 0.033402968 0.008141924 0.999404848
1439803801.823367 0.176834270 -0.183366522 3.562302113 -0.003271825 0.032863334 0.007644049 0.999425232
1439803801.885867 0.178158432 -0.184461787 3.584925652 -0.003817850 0.032334849 0.007407562 0.999442339
1439803801.948368 0.179497570 -0.185670987 3.607330799 -0.004067788 0.031790782 0.007509992 0.999458075
1439803802.010869 0.180778176 -0.186748013 3.629476547 -0.003812856 0.031041713 0.007468056 0.999482930
1439803802.073369 0.181897849 -0.187831074 3.651936054 -0.003648468 0.030489622 0.007085123 0.999503314
1439803802.135870 0.183274642 -0.188872859 3.674041033 -0.003512759 0.029677378 0.006749610 0.999530554
1439803802.198376 0.184233546 -0.189837486 3.697016001 -0.003661690 0.029327504 0.006037631 0.999544919
1439803802.260875 0.185141280 -0.191069782 3.719055414 -0.003787819 0.028665138 0.005445180 0.999567032
1439803802.323375 0.186359897 -0.191876084 3.741700411 -0.003810984 0.027950972 0.004581120 0.999591529
1439803802.385874 0.187569410 -0.193107814 3.763526917 -0.004383627 0.027038017 0.004296961 0.999615550
1439803802.448374 0.188581124 -0.194005251 3.786857128 -0.004680483 0.026501905 0.003540354 0.999631524
1439803802.510876 0.189651966 -0.195226669 3.808900595 -0.004977490 0.025641719 0.002251734 0.999656260
1439803802.573377 0.190023944 -0.196113393 3.831809998 -0.005303276 0.025438374 0.000313332 0.999662280
1439803802.635878 0.190898895 -0.197109193 3.854004622 -0.005866056 0.024787629 -0.001079829 0.999674916
1439803802.698380 0.191598266 -0.197917894 3.876530170 -0.006300980 0.024131870 -0.002239920 0.999686420
1439803802.760883 0.192242414 -0.198913634 3.898694038 -0.006698342 0.023432545 -0.004326495 0.999693632
1439803802.823382 0.192715704 -0.199890867 3.921240568 -0.006931968 0.022802394 -0.006547621 0.999694467
1439803802.885888 0.193429634 -0.201024443 3.943256617 -0.005903949 0.022364153 -0.007101391 0.999707222
1439803802.948388 0.194267511 -0.202239051 3.965167522 -0.003397180 0.021968044 -0.005671926 0.999736786
1439803803.010888 0.195102721 -0.203577578 3.986889601 -0.000869379 0.021593511 -0.005273527 0.999752522
1439803803.073389 0.195893630 -0.204870000 4.008596420 0.000756417 0.021263752 -0.005430140 0.999758840
1439803803.135895 0.196523935 -0.205881909 4.030388832 0.001720638 0.021273863 -0.006282782 0.999752462
1439803803.198391 0.197140694 -0.207080141 4.052596092 0.001381966 0.021649949 -0.007020742 0.999740005
1439803803.260893 0.197748646 -0.208162293 4.074706078 -0.000153792 0.021612830 -0.007609440 0.999737442
1439803803.323396 0.198617578 -0.209384814 4.096676350 -0.002195626 0.021391712 -0.007352426 0.999741733
1439803803.385895 0.199446589 -0.210648626 4.118331432 -0.003540258 0.021356106 -0.006440618 0.999744952
1439803803.448397 0.200339034 -0.211988166 4.140159607 -0.003460039 0.021548245 -0.004950618 0.999749541
1439803803.510898 0.201478422 -0.213281676 4.161707401 -0.001843406 0.021577336 -0.003079231 0.999760747
1439803803.573399 0.202400535 -0.214625314 4.183097839 -0.000182602 0.021776438 -0.002670536 0.999759257
1439803803.635902 0.203375161 -0.215833679 4.204340458 0.001158446 0.021960590 -0.002745008 0.999754369
1439803803.698407 0.204138234 -0.217022344 4.225804329 0.001753419 0.022323847 -0.002771255 0.999745429
1439803803.760904 0.204894662 -0.218074843 4.246974945 0.001945695 0.022481805 -0.002532507 0.999742150
1439803803.823405 0.205852479 -0.219385788 4.268541336 0.001685673 0.022391932 -0.001744759 0.999746323
1439803803.885907 0.206861973 -0.220625684 4.289783001 0.000863590 0.022360902 -0.001177320 0.999748886
1439803803.948408 0.207727462 -0.221866921 4.310830116 0.000117416 0.022439037 -0.000789612 0.999747872
1439803804.010909 0.208653092 -0.223155394 4.332015514 -0.000208292 0.022577759 -0.000352389 0.999745011
1439803804.073412 0.209655628 -0.224374771 4.353094578 0.000360886 0.022612190 0.000232800 0.999744236
1439803804.135912 0.210604519 -0.225640416 4.373877048 0.000973913 0.022848751 0.000100528 0.999738455
1439803804.198415 0.211441323 -0.226984635 4.394822598 0.001054918 0.022970306 0.000887544 0.999735177
1439803804.260915 0.212363765 -0.227960736 4.415890694 0.001358293 0.022944270 0.001606494 0.999734521
1439803804.323416 0.213252023 -0.229382828 4.436322212 0.000924159 0.022925887 0.001628423 0.999735415
1439803804.385920 0.213986129 -0.230493993 4.457171440 0.000234211 0.023151083 0.001259585 0.999731183
1439803804.448420 0.214971140 -0.231564954 4.477500916 -0.000256890 0.022987979 0.001732458 0.999734223
1439803804.510920 0.215652347 -0.232677862 4.498294353 -0.000774071 0.022901561 0.001842997 0.999735713
1439803804.573426 0.216599926 -0.234051138 4.518527508 -0.001085018 0.022623904 0.002427883 0.999740481
1439803804.635928 0.217543304 -0.235305548 4.538938999 -0.001315949 0.022167144 0.002467567 0.999750376
1439803804.698425 0.218164951 -0.236306444 4.559697628 -0.001092284 0.022042381 0.002588579 0.999753058
1439803804.760927 0.218975618 -0.237626895 4.580109119 -0.000746842 0.021767434 0.003026731 0.999758184
1439803804.823429 0.220043108 -0.238586307 4.600241184 -0.000541736 0.021289513 0.003707547 0.999766350
1439803804.885931 0.220735371 -0.239560544 4.620558739 -0.001025631 0.021098197 0.004234063 0.999767900
1439803804.948431 0.221441060 -0.240665689 4.640423298 -0.002351163 0.020703176 0.003897521 0.999775290
1439803805.010934 0.222216994 -0.241368979 4.660480976 -0.003431213 0.020430053 0.003456370 0.999779403
1439803805.073434 0.222845092 -0.242500335 4.680248260 -0.004347708 0.020249791 0.003389419 0.999779761
1439803805.135938 0.223566338 -0.243383884 4.699520588 -0.004867258 0.019747630 0.003618713 0.999786615
1439803805.198438 0.224259883 -0.244460419 4.718638897 -0.005422149 0.019292131 0.003490731 0.999793112
1439803805.260938 0.224726588 -0.245431468 4.737926006 -0.005377870 0.018959096 0.003090997 0.999801040
1439803805.323439 0.225518063 -0.246499464 4.756269455 -0.004991651 0.018477077 0.003534793 0.999810576
1439803805.385942 0.225912809 -0.247374490 4.775320530 -0.004502370 0.018317357 0.003555210 0.999815762
1439803805.448441 0.226637483 -0.248294815 4.793579102 -0.003945680 0.017925037 0.003343857 0.999825954
1439803805.510943 0.226994991 -0.249224931 4.812108040 -0.003710835 0.017823834 0.003353814 0.999828637
1439803805.573444 0.227424145 -0.250208199 4.830214500 -0.003551862 0.017719101 0.003001823 0.999832213
1439803805.635948 0.228117600 -0.251069397 4.848037720 -0.003339623 0.017205356 0.003407560 0.999840558
1439803805.698447 0.228407338 -0.252102524 4.866011620 -0.003709327 0.016994739 0.002688424 0.999845088
1439803805.760954 0.228924870 -0.252867341 4.883631229 -0.003936039 0.016539378 0.002378472 0.999852657
1439803805.823450 0.229135618 -0.253831476 4.901213169 -0.004545829 0.016345294 0.001552890 0.999854863
1439803805.885952 0.229349881 -0.254597992 4.918615341 -0.004899220 0.016151590 0.001002768 0.999857068
1439803805.948458 0.229695350 -0.255630314 4.935630322 -0.005139546 0.015578875 0.000971846 0.999864995
1439803806.010954 0.230153769 -0.256546587 4.952131271 -0.005154602 0.014966940 0.001251365 0.999873936
1439803806.073456 0.230364531 -0.257446617 4.968834877 -0.004986916 0.014639688 0.001013284 0.999879897
1439803806.135957 0.230576366 -0.258183181 4.985694885 -0.004932640 0.014303452 0.000566588 0.999885380
1439803806.198461 0.230946928 -0.259101540 5.001620293 -0.005091481 0.013785201 0.000261515 0.999891996
1439803806.260964 0.231075734 -0.259811729 5.018020630 -0.004729739 0.013428524 -0.000147856 0.999898672
1439803806.323463 0.231107205 -0.260455906 5.034310341 -0.004423881 0.012875172 -0.000219374 0.999907315
1439803806.385963 0.231378853 -0.261280060 5.050016403 -0.004404273 0.011802380 -0.000582462 0.999920487
1439803806.448464 0.231586859 -0.262053519 5.065903664 -0.004503626 0.010614753 -0.001126977 0.999932885
1439803806.510966 0.231894642 -0.262636006 5.081416607 -0.004683756 0.009298009 -0.001587039 0.999944568
1439803806.573470 0.231707931 -0.263563693 5.096634865 -0.005508115 0.008415491 -0.002656288 0.999945879
1439803806.635967 0.231414586 -0.264266551 5.112394810 -0.005909062 0.007576664 -0.003877694 0.999946296
1439803806.698467 0.231271833 -0.265023828 5.127539635 -0.005956610 0.006530754 -0.004071832 0.999952614
1439803806.760968 0.231260121 -0.265794188 5.142645359 -0.005546445 0.005645568 -0.004175495 0.999959946
1439803806.823469 0.231263936 -0.266687512 5.156984329 -0.005178676 0.004923446 -0.003851457 0.999967039
1439803806.885969 0.231097281 -0.267445445 5.171730042 -0.005114880 0.004364569 -0.003859449 0.999969959
1439803806.948477 0.231162503 -0.268110007 5.185965061 -0.005299282 0.003652327 -0.003976215 0.999971390
1439803807.010970 0.231058463 -0.268821836 5.200119495 -0.005368642 0.003034077 -0.004376382 0.999971390
1439803807.073470 0.230908811 -0.269553870 5.214115143 -0.005193389 0.002560587 -0.005121575 0.999970138
1439803807.135972 0.230669037 -0.270061493 5.228180408 -0.004986562 0.002323409 -0.006069255 0.999966443
1439803807.198473 0.230465189 -0.270807177 5.241760731 -0.005239215 0.002191232 -0.006977481 0.999959528
1439803807.260975 0.230276167 -0.271372944 5.255125523 -0.005739497 0.002237836 -0.007746350 0.999951005
1439803807.323479 0.230223998 -0.272002488 5.267987251 -0.006266919 0.002127994 -0.008066365 0.999945521
1439803807.385976 0.230207443 -0.272579491 5.281480789 -0.007039381 0.002107429 -0.008190209 0.999939442
1439803807.448476 0.230182618 -0.273388445 5.294334412 -0.007725930 0.002348493 -0.008477249 0.999931455
1439803807.510977 0.230426595 -0.273924321 5.306738377 -0.007809803 0.002359545 -0.008057228 0.999934256
1439803807.635978 0.230116606 -0.275035232 5.331774235 -0.008481833 0.002914881 -0.010369116 0.999906003
1439803807.698477 0.229942739 -0.275600344 5.343887806 -0.008686281 0.003108562 -0.011891781 0.999886751
1439803807.760979 0.229874834 -0.276136935 5.355698109 -0.008551639 0.003108134 -0.012491430 0.999880552
1439803807.823481 0.230058432 -0.276702911 5.367372513 -0.007692942 0.002971218 -0.011018132 0.999905288
1439803807.885983 0.230129421 -0.277375489 5.378893852 -0.007248126 0.003168799 -0.009831717 0.999920368
1439803807.948489 0.230362996 -0.278028995 5.390060902 -0.006654732 0.003181799 -0.009113920 0.999931276
1439803808.010990 0.230519027 -0.278627038 5.401057243 -0.005844857 0.003013499 -0.008431656 0.999942839
1439803808.073493 0.230296999 -0.279185444 5.412088394 -0.005312704 0.002952545 -0.008908693 0.999941826
1439803808.135988 0.230527163 -0.279862940 5.422418118 -0.004845215 0.002445271 -0.008908379 0.999945581
1439803808.198492 0.230450764 -0.280354768 5.432799816 -0.003892076 0.002348463 -0.009653347 0.999943078
1439803808.260989 0.230277807 -0.280924022 5.443296432 -0.002832550 0.002545432 -0.010540849 0.999937177
1439803808.323489 0.230243534 -0.281542718 5.453411102 -0.001834025 0.002763447 -0.010866205 0.999935448
1439803808.385991 0.230244666 -0.282035679 5.463305950 -0.001002780 0.002905799 -0.010937292 0.999935448
1439803808.448491 0.230186567 -0.282588750 5.473217964 -0.000597059 0.003056390 -0.010689991 0.999938011
1439803808.510990 0.230203569 -0.283160001 5.483077049 -0.000650812 0.002944512 -0.009671945 0.999948680
1439803808.573493 0.230375871 -0.283562511 5.492734909 -0.000565093 0.002667237 -0.008946380 0.999956250
1439803808.635993 0.230429873 -0.284186035 5.502305508 -0.000942666 0.002597190 -0.008250673 0.999962151
1439803808.698492 0.230601504 -0.284714282 5.511711121 -0.001156470 0.002657040 -0.007400819 0.999968410
1439803808.760994 0.230552211 -0.285281360 5.520947933 -0.001433891 0.003002072 -0.007729626 0.999964595
1439803808.823494 0.230630010 -0.285742611 5.530211926 -0.001233800 0.003245209 -0.008173627 0.999960542
1439803808.885994 0.230890989 -0.286329925 5.538891792 -0.001221604 0.002878158 -0.008479116 0.999959171
1439803808.948497 0.230363354 -0.286779791 5.548156738 -0.001622592 0.003280391 -0.008883050 0.999953866
1439803809.010997 0.230422780 -0.287232012 5.557132244 -0.001927665 0.003092599 -0.008804845 0.999954581
1439803809.073498 0.230466396 -0.287847608 5.565677643 -0.002154504 0.003126871 -0.008018741 0.999960601
1439803809.136005 0.230596066 -0.288457751 5.574210644 -0.002049764 0.003076773 -0.007238116 0.999966979
1439803809.198500 0.230623841 -0.288871497 5.582977772 -0.001645541 0.002928233 -0.006966605 0.999970078
1439803809.261000 0.230648100 -0.289323866 5.591648102 -0.001479975 0.002736868 -0.006226287 0.999975741
1439803809.323501 0.230682969 -0.289741307 5.600040436 -0.001388506 0.002563850 -0.006120304 0.999976993
1439803809.386004 0.230612710 -0.290123016 5.608672142 -0.001261464 0.002684853 -0.006184951 0.999976516
1439803809.448503 0.230624005 -0.290702432 5.616891861 -0.001175304 0.002684566 -0.006389672 0.999975264
1439803809.511005 0.230772585 -0.291117340 5.625150204 -0.000502328 0.002319456 -0.006062909 0.999978781
1439803809.573506 0.230476722 -0.291570753 5.633941174 -0.000195164 0.002679706 -0.006505637 0.999975204
1439803809.636006 0.230385110 -0.292124927 5.642225742 0.000002615 0.002659950 -0.006173652 0.999977410
1439803809.698507 0.230491236 -0.292634994 5.650740623 0.000094132 0.002485375 -0.006050149 0.999978602
1439803809.761009 0.230567783 -0.293106854 5.659240246 0.000303300 0.002317199 -0.005525697 0.999981999
1439803809.823512 0.230644494 -0.293599546 5.667623043 0.000755045 0.002076265 -0.005080359 0.999984622
1439803809.886012 0.230812296 -0.294072300 5.676041603 0.001276293 0.001950475 -0.004503747 0.999987125
1439803809.948513 0.230585113 -0.294621795 5.684972286 0.001558980 0.002086734 -0.004518157 0.999986410
1439803810.011014 0.230649814 -0.295161366 5.693526268 0.001671979 0.001996760 -0.004657303 0.999985754
1439803810.073520 0.230458409 -0.295611590 5.702617168 0.001783612 0.002135374 -0.004895729 0.999984145
1439803810.136017 0.230454758 -0.296128660 5.711282730 0.001802039 0.001952386 -0.004936736 0.999984264
1439803810.198518 0.230383769 -0.296467841 5.720366955 0.001636403 0.001882228 -0.004770650 0.999985516
1439803810.261023 0.230370998 -0.296999842 5.729383945 0.001625542 0.001717990 -0.004457071 0.999987245
1439803810.323525 0.230187640 -0.297574997 5.738524437 0.001638050 0.001845947 -0.004406045 0.999987245
1439803810.386025 0.230251253 -0.298161805 5.747536182 0.001632383 0.001731729 -0.004227502 0.999988198
1439803810.448527 0.230290353 -0.298805267 5.756553650 0.001456322 0.001632030 -0.003676574 0.999990821
1439803810.511025 0.230325192 -0.299359441 5.765789986 0.001485816 0.001379989 -0.003194968 0.999992847
1439803810.573527 0.230164096 -0.299869806 5.775143147 0.001530374 0.001330079 -0.003282267 0.999992549
1439803810.636029 0.230191588 -0.300421059 5.784404278 0.001678445 0.001192699 -0.002954726 0.999993503
1439803810.698532 0.230236024 -0.301024705 5.793873787 0.001431643 0.001356055 -0.002379081 0.999995232
1439803810.761035 0.230266616 -0.301481575 5.803285599 0.001318465 0.001137023 -0.001817962 0.999996841
1439803810.823532 0.230334342 -0.301989645 5.812673092 0.000964788 0.000986925 -0.002089462 0.999996901
1439803810.886035 0.230195507 -0.302594423 5.822600842 0.000820378 0.000966842 -0.001744258 0.999997675
1439803810.948536 0.230200648 -0.303236246 5.832117558 0.000940995 0.000898407 -0.001220208 0.999998391
1439803811.011035 0.229963407 -0.303876907 5.841934681 0.001302839 0.000998761 -0.001180463 0.999997914
1439803811.073535 0.230064109 -0.304261416 5.851783276 0.001934432 0.000652573 -0.000698227 0.999997675
1439803811.136037 0.230146483 -0.304776043 5.861608505 0.002009533 0.000185726 -0.000246535 0.999997914
1439803811.198537 0.229952708 -0.305439174 5.871847153 0.001867487 -0.000014973 -0.000349962 0.999998212
1439803811.261037 0.230012879 -0.306004554 5.881826878 0.001891561 -0.000509268 0.000308061 0.999998033
1439803811.323538 0.229875430 -0.306567609 5.892226696 0.001997981 -0.000779232 0.000579777 0.999997556
1439803811.386038 0.229764178 -0.307245731 5.902329445 0.001900571 -0.001007763 0.000916923 0.999997258
1439803811.448538 0.229593784 -0.307894409 5.913094521 0.002097463 -0.001355243 0.001796383 0.999995232
1439803811.511040 0.229511499 -0.308555365 5.923554897 0.002186371 -0.001866399 0.002939212 0.999991536
1439803811.573542 0.229498848 -0.309060514 5.934246063 0.002446185 -0.002356297 0.003287543 0.999988854
1439803811.636043 0.229219511 -0.309499294 5.944816589 0.002490927 -0.002972270 0.003439825 0.999986589
1439803811.698548 0.228964344 -0.310135782 5.955777168 0.002021712 -0.003345709 0.002655235 0.999988794
1439803811.761051 0.228681177 -0.310647607 5.966534138 0.001543867 -0.003920696 0.002228319 0.999988616
1439803811.823550 0.228226528 -0.311266631 5.977627754 0.000894762 -0.004395694 0.001386448 0.999988973
1439803811.886048 0.227853701 -0.311859041 5.988610744 0.000173831 -0.004812618 0.000487296 0.999988317
1439803811.948552 0.227582708 -0.312483102 5.999692440 -0.000104944 -0.005412938 0.000536764 0.999985158
1439803812.011053 0.227350354 -0.313102573 6.010801792 -0.000158184 -0.005963917 0.001134904 0.999981523
1439803812.073553 0.227177262 -0.313813984 6.021824837 -0.000411270 -0.006579426 0.001667570 0.999976873
1439803812.136058 0.226846457 -0.314431071 6.033129215 -0.000661905 -0.007142909 0.002141619 0.999971986
1439803812.198557 0.226704165 -0.315052718 6.044534683 -0.000922523 -0.007706645 0.002903207 0.999965668
1439803812.261058 0.226449624 -0.315629303 6.055766582 -0.000931372 -0.008124298 0.003197393 0.999961436
1439803812.323558 0.226118043 -0.316378683 6.067146301 -0.001072619 -0.008145520 0.002789260 0.999962330
1439803812.386060 0.225879520 -0.316886991 6.078542709 -0.000812016 -0.008111301 0.002377417 0.999963939
1439803812.448562 0.225597560 -0.317474455 6.090340137 -0.000486601 -0.008042403 0.002160211 0.999965191
1439803812.511063 0.225292042 -0.318097115 6.101721764 -0.000052741 -0.007868282 0.001967637 0.999967098
1439803812.573565 0.224923164 -0.318772912 6.113211155 0.000450148 -0.007616567 0.001513301 0.999969721
1439803812.636064 0.224825919 -0.319241613 6.125333786 0.001061435 -0.007514295 0.001579685 0.999969959
1439803812.698564 0.224953622 -0.319835514 6.136816978 0.001275095 -0.007465056 0.001834268 0.999969661
1439803812.761066 0.224416673 -0.320605427 6.149249554 0.001074607 -0.006904568 0.001224926 0.999974847
1439803812.823567 0.224401280 -0.321235627 6.161572933 0.000926184 -0.006554606 0.001141842 0.999977469
1439803812.886070 0.224085540 -0.322035044 6.173773289 0.000941105 -0.005877874 0.001308028 0.999981403
1439803812.948570 0.224054918 -0.322726399 6.186267853 0.001094102 -0.005408950 0.001905133 0.999982953
1439803813.011086 0.223801672 -0.323321491 6.198670387 0.001183077 -0.004904161 0.002112707 0.999985039
1439803813.073573 0.223840684 -0.324014574 6.211140156 0.001250426 -0.004646266 0.002269787 0.999985814
1439803813.136076 0.223588765 -0.324704289 6.223904133 0.001354983 -0.004432920 0.002320626 0.999986529
1439803813.198575 0.223347113 -0.325425565 6.236774921 0.001380722 -0.004424153 0.001905379 0.999987423
1439803813.261076 0.223236650 -0.326081663 6.249585629 0.001297061 -0.004484326 0.001412454 0.999988079
1439803813.323577 0.222959280 -0.326800019 6.262672424 0.001044445 -0.004305969 0.001175662 0.999989510
1439803813.386077 0.222771913 -0.327525049 6.275815010 0.000853353 -0.004319150 0.001149737 0.999989629
1439803813.448578 0.222603366 -0.328288972 6.289006710 0.000870589 -0.004500843 0.001607141 0.999988198
1439803813.511078 0.222411036 -0.329111785 6.302406311 0.000875040 -0.004708108 0.001678458 0.999987125
1439803813.573579 0.222186431 -0.329847604 6.315908432 0.001009683 -0.004941730 0.001901567 0.999985456
1439803813.636080 0.222073674 -0.330680430 6.329201221 0.001054298 -0.005018907 0.001873999 0.999985099
1439803813.698580 0.221801236 -0.331397891 6.343313217 0.001042750 -0.005168964 0.002096083 0.999983907
1439803813.761083 0.221614748 -0.332124144 6.357163429 0.001084018 -0.005293162 0.002568735 0.999982119
1439803813.823587 0.221407339 -0.332774192 6.371544838 0.001222317 -0.005343196 0.002745977 0.999981225
1439803813.886086 0.220832497 -0.333642155 6.385430813 0.001043315 -0.005304384 0.002096211 0.999983191
1439803813.948587 0.220537722 -0.334400237 6.399889469 0.001225996 -0.005348175 0.001934605 0.999983072
1439803814.011087 0.220373392 -0.335226864 6.414054871 0.000945016 -0.005189884 0.001760215 0.999984503
1439803814.073588 0.220070466 -0.336020976 6.428711891 0.000687102 -0.004885077 0.001554176 0.999986589
1439803814.136092 0.219943121 -0.336804956 6.443128586 0.000413404 -0.004689003 0.002038918 0.999986827
1439803814.198591 0.219993070 -0.337512046 6.458020210 0.000131994 -0.004765394 0.002880469 0.999984443
1439803814.261105 0.219846427 -0.338223934 6.473133087 -0.000169405 -0.004743776 0.003219952 0.999983549
1439803814.323597 0.219638243 -0.339064032 6.487864017 -0.000751487 -0.004657325 0.003338793 0.999983311
1439803814.386098 0.219391391 -0.339938462 6.502798557 -0.001341599 -0.004396631 0.003100732 0.999984622
1439803814.448601 0.219204292 -0.340465903 6.518309593 -0.001771965 -0.004279826 0.002649145 0.999985754
1439803814.511100 0.219171435 -0.341410846 6.533397675 -0.002571966 -0.004314178 0.002080443 0.999985218
1439803814.573602 0.218717068 -0.341932058 6.549254894 -0.003091370 -0.004226722 0.001881472 0.999984503
1439803814.636101 0.218366921 -0.342746466 6.565242767 -0.003505515 -0.004027251 0.002225787 0.999983251
1439803814.698602 0.218357801 -0.343352288 6.580893040 -0.003592972 -0.004130471 0.002737451 0.999981284
1439803814.761105 0.218382671 -0.343911231 6.597151279 -0.003409762 -0.004095402 0.002630422 0.999982357
1439803814.823605 0.218173489 -0.344794035 6.612716675 -0.003551502 -0.003930790 0.002544647 0.999982715
1439803814.886107 0.217792332 -0.345764279 6.628791809 -0.003658161 -0.003590019 0.002251659 0.999984324
1439803814.948611 0.217548013 -0.346649528 6.644940376 -0.003290205 -0.003515980 0.001953401 0.999986470
1439803815.011112 0.217369556 -0.347147912 6.661396980 -0.002354160 -0.003468376 0.001752715 0.999989688
1439803815.073609 0.217052236 -0.348050982 6.677625656 -0.002088817 -0.003155483 0.000838882 0.999992490
1439803815.136109 0.216795713 -0.348700702 6.694469929 -0.001992181 -0.003146037 0.000813367 0.999992728
1439803815.198613 0.216635674 -0.349500954 6.711101055 -0.002321847 -0.003136060 0.000889294 0.999992013
1439803815.261112 0.216630355 -0.350214988 6.727820396 -0.002279165 -0.003296467 0.001130971 0.999991357
1439803815.323610 0.216531053 -0.351006061 6.744597912 -0.002074003 -0.003308117 0.001098905 0.999991775
1439803815.386112 0.216292977 -0.351810515 6.761647701 -0.001745859 -0.003142688 0.000972080 0.999993086
1439803815.448612 0.216138288 -0.352796078 6.778200150 -0.001883361 -0.003258196 0.000555015 0.999992728
1439803815.511115 0.215990901 -0.353675961 6.795278072 -0.001991701 -0.003238593 0.000058788 0.999992788
1439803815.573616 0.215661585 -0.354602188 6.811921597 -0.001926337 -0.003331811 0.000067686 0.999992609
1439803815.636117 0.215510905 -0.355291545 6.829106331 -0.001561993 -0.003509142 0.000300763 0.999992549
1439803815.698617 0.215090081 -0.356250495 6.846340656 -0.001580015 -0.003492151 -0.000618445 0.999992490
1439803815.761119 0.214653313 -0.357122809 6.863747597 -0.001784934 -0.003421288 -0.001599681 0.999991298
1439803815.823619 0.214474201 -0.357920170 6.880570889 -0.001769583 -0.003509447 -0.001565779 0.999991059
1439803815.886120 0.214135915 -0.358795792 6.897917747 -0.001775481 -0.003557057 -0.001845482 0.999990404
1439803815.948622 0.214067951 -0.359698713 6.914539337 -0.002091399 -0.004004902 -0.002043916 0.999987721
1439803816.011125 0.213978350 -0.360606372 6.931221008 -0.002205124 -0.004325393 -0.002266525 0.999985635
1439803816.073625 0.213464454 -0.361419439 6.948687553 -0.002247850 -0.004297825 -0.002544740 0.999984980
1439803816.136126 0.213115692 -0.362272233 6.965828419 -0.002405586 -0.004241991 -0.002988801 0.999983609
1439803816.198627 0.212917641 -0.363050491 6.982574940 -0.002693397 -0.004571505 -0.002930153 0.999981642
1439803816.261129 0.212622464 -0.363748878 6.999597073 -0.002588292 -0.004661012 -0.002781567 0.999981940
1439803816.323630 0.212372169 -0.364734650 7.016382217 -0.002566564 -0.004933225 -0.002805214 0.999980628
1439803816.386131 0.212018490 -0.365516365 7.033376217 -0.002359989 -0.004980225 -0.003606836 0.999978304
1439803816.448633 0.211556748 -0.366487145 7.050209999 -0.002235431 -0.005054521 -0.004370122 0.999975145
1439803816.511134 0.211250007 -0.367362827 7.067212582 -0.002267648 -0.005252092 -0.004690000 0.999972641
1439803816.573636 0.210888296 -0.368120641 7.084371090 -0.002212466 -0.005483269 -0.004879266 0.999970615
1439803816.636137 0.210538551 -0.368973315 7.101445675 -0.002067388 -0.005672054 -0.005333605 0.999967515
1439803816.698638 0.210084021 -0.369815350 7.118681431 -0.001805942 -0.005589277 -0.006154785 0.999963820
1439803816.761143 0.209720224 -0.370772809 7.135730743 -0.001845595 -0.005438764 -0.006595578 0.999961734
1439803816.823639 0.209389716 -0.371582538 7.153263092 -0.001983945 -0.005564700 -0.007664576 0.999953151
1439803816.886140 0.209017798 -0.372498631 7.170526505 -0.002234455 -0.005603922 -0.008006305 0.999949753
1439803816.948644 0.208605975 -0.373401821 7.187861443 -0.002073375 -0.005552566 -0.008332152 0.999947727
1439803817.011141 0.208311245 -0.374277025 7.205245495 -0.001619161 -0.005641021 -0.009116900 0.999941230
1439803817.073642 0.207908303 -0.375143707 7.222667217 -0.001311275 -0.005613189 -0.009438748 0.999938846
1439803817.136146 0.207619786 -0.376036853 7.240067482 -0.000950616 -0.005678589 -0.009039432 0.999942541
1439803817.198646 0.207353622 -0.376937449 7.257982254 -0.000267732 -0.005764481 -0.009177642 0.999941230
1439803817.261148 0.207001984 -0.378025800 7.275304794 0.000406538 -0.005820850 -0.009763285 0.999935329
1439803817.323648 0.206637770 -0.378954232 7.293180466 0.000795411 -0.005892856 -0.009451487 0.999937654
1439803817.386147 0.206249893 -0.379530638 7.311020851 0.000459720 -0.006005630 -0.009401906 0.999937654
1439803817.448650 0.205855444 -0.380627960 7.329021454 -0.000610501 -0.006124600 -0.009630193 0.999934673
1439803817.511151 0.205796331 -0.381620258 7.346760750 -0.001049150 -0.006467826 -0.008501261 0.999942422
1439803817.573654 0.205338895 -0.382410884 7.364823341 -0.000804004 -0.006568034 -0.007498515 0.999949992
1439803817.636165 0.205122352 -0.383336872 7.382643700 -0.001102485 -0.006802585 -0.007300233 0.999949634
1439803817.698654 0.204580784 -0.384322971 7.400797844 -0.001818549 -0.007051754 -0.007780607 0.999943197
1439803817.761159 0.204233199 -0.385217875 7.418975830 -0.002511443 -0.007392188 -0.007247635 0.999943256
1439803817.823657 0.203835607 -0.386269450 7.437067509 -0.002762492 -0.007795088 -0.006956157 0.999941587
1439803817.886158 0.203524172 -0.387132704 7.455039978 -0.002362143 -0.008258447 -0.006961987 0.999938846
1439803817.948659 0.203029960 -0.387996644 7.473226547 -0.002060920 -0.008424498 -0.005784945 0.999945700
1439803818.011161 0.202644378 -0.388976127 7.491895199 -0.001680534 -0.008705053 -0.004473877 0.999950707
1439803818.073662 0.202276453 -0.389916867 7.509965420 -0.001259657 -0.009153251 -0.004157017 0.999948680
1439803818.136163 0.201753065 -0.390925527 7.528287888 -0.000620784 -0.009298845 -0.004016408 0.999948502
1439803818.198665 0.201337084 -0.392035186 7.546239853 0.000040483 -0.009601082 -0.003889630 0.999946356
1439803818.261166 0.200763017 -0.392841697 7.565005779 0.000692479 -0.009742015 -0.004422416 0.999942541
1439803818.323667 0.200316444 -0.393983543 7.583359241 0.000571253 -0.010066954 -0.004512785 0.999938965
1439803818.386169 0.199695438 -0.394908428 7.602069855 0.000477689 -0.010489583 -0.004101416 0.999936461
1439803818.448670 0.199532077 -0.395843476 7.620398998 0.000554855 -0.011232368 -0.003565250 0.999930441
1439803818.511175 0.198606059 -0.396993965 7.639472485 0.000715240 -0.011159630 -0.003533649 0.999931216
1439803818.573673 0.198150799 -0.398168117 7.657950878 0.000656661 -0.011401030 -0.003131440 0.999929845
1439803818.636176 0.197688088 -0.399329484 7.676589012 0.000460067 -0.011781385 -0.002783083 0.999926627
1439803818.698678 0.197056442 -0.400194734 7.695847034 0.000764802 -0.011960024 -0.002158339 0.999925852
1439803818.761178 0.196507648 -0.401355565 7.714049816 0.001247221 -0.012191391 -0.002374297 0.999922097
1439803818.823678 0.195795313 -0.402304590 7.733589172 0.001856213 -0.012321474 -0.002636830 0.999918878
1439803818.886179 0.195173725 -0.403414458 7.751739979 0.001740041 -0.012440595 -0.003250777 0.999915838
1439803818.948681 0.194576651 -0.404481411 7.771396160 0.001681200 -0.012589483 -0.002325340 0.999916613
1439803819.011186 0.194098085 -0.405566216 7.789827824 0.001874316 -0.012947855 -0.001838877 0.999912739
1439803819.073684 0.193425223 -0.406735241 7.809646606 0.001971327 -0.012902636 -0.001633820 0.999913454
1439803819.136189 0.192791402 -0.407678902 7.828800201 0.001865948 -0.013055892 -0.001345255 0.999912143
1439803819.198687 0.192173153 -0.408780992 7.848352432 0.001470265 -0.013046813 -0.001354570 0.999912918
1439803819.261188 0.191665247 -0.409777701 7.867561817 0.001325006 -0.013234787 -0.000466590 0.999911427
1439803819.323690 0.191180602 -0.410963237 7.886695862 0.001200133 -0.013316450 0.000132981 0.999910593
1439803819.386205 0.190625593 -0.411998183 7.906176090 0.000745395 -0.013436524 -0.000041530 0.999909461
1439803819.448693 0.189893857 -0.413126260 7.925434113 -0.000076294 -0.013485738 -0.000668590 0.999908805
1439803819.511194 0.189222798 -0.413982779 7.945058346 -0.000811108 -0.013455757 -0.000915192 0.999908745
1439803819.573695 0.188588724 -0.414981037 7.964264393 -0.001769814 -0.013537424 -0.001076418 0.999906242
1439803819.636197 0.187888294 -0.416056395 7.983999252 -0.002401197 -0.013651961 -0.001569158 0.999902725
1439803819.698697 0.187172234 -0.417047143 8.003417969 -0.002919952 -0.013779491 -0.002036752 0.999898732
1439803819.761199 0.186411679 -0.417970926 8.022885323 -0.003205296 -0.013738219 -0.002512458 0.999897301
1439803819.823703 0.185700059 -0.418956339 8.042200089 -0.003500017 -0.013683669 -0.002447021 0.999897242
1439803819.886204 0.185176909 -0.420020312 8.061231613 -0.003765782 -0.013619710 -0.002339774 0.999897420
1439803819.948703 0.184784725 -0.420924634 8.080220222 -0.003523764 -0.013509121 -0.002465193 0.999899507
1439803820.011205 0.183991805 -0.421710044 8.099435806 -0.003387098 -0.013014206 -0.003357684 0.999903917
1439803820.073706 0.183375627 -0.422670245 8.118422508 -0.003237286 -0.012596769 -0.003658415 0.999908745
1439803820.136209 0.182675615 -0.423647940 8.137325287 -0.002854875 -0.012238957 -0.004446374 0.999911129
1439803820.198708 0.182100251 -0.424670845 8.155966759 -0.002653685 -0.012104995 -0.005371331 0.999908745
1439803820.261210 0.181497395 -0.425601095 8.174992561 -0.002395337 -0.011763589 -0.005417147 0.999913275
1439803820.323712 0.181023970 -0.426512361 8.193729401 -0.001935348 -0.011632001 -0.005412136 0.999915779
1439803820.386213 0.180615246 -0.427473217 8.212341309 -0.001263598 -0.011511197 -0.005144097 0.999919713
1439803820.448715 0.180084199 -0.428475767 8.231038094 -0.000945625 -0.011265256 -0.005095267 0.999923110
1439803820.511214 0.179591075 -0.429398805 8.249577522 -0.001131504 -0.011030803 -0.005358490 0.999924183
1439803820.573714 0.179014638 -0.430373132 8.268189430 -0.001683761 -0.010615845 -0.006063777 0.999923825
1439803820.636216 0.178513080 -0.431348920 8.286558151 -0.001969686 -0.010447719 -0.005902525 0.999926031
1439803820.698716 0.178029522 -0.432305187 8.304736137 -0.002359983 -0.010399013 -0.005512713 0.999927938
1439803820.761217 0.177632838 -0.433263570 8.322916985 -0.002647681 -0.010656024 -0.004792809 0.999928236
1439803820.823720 0.177268639 -0.434202611 8.340593338 -0.002842111 -0.011137533 -0.004347656 0.999924481
1439803820.886218 0.176592946 -0.435206562 8.358529091 -0.003158709 -0.011622882 -0.004343721 0.999918044
1439803820.948722 0.175895572 -0.435996175 8.376115799 -0.003412023 -0.012256018 -0.004404123 0.999909341
1439803821.011219 0.175289795 -0.436923951 8.393701553 -0.003922933 -0.013020016 -0.004376453 0.999897957
1439803821.073719 0.174823433 -0.437912136 8.410375595 -0.004071487 -0.013853965 -0.004783351 0.999884307
1439803821.136219 0.173831418 -0.438713610 8.427912712 -0.003787295 -0.014097931 -0.005304742 0.999879360
1439803821.198722 0.173150510 -0.439635098 8.444857597 -0.003731310 -0.014709593 -0.005737958 0.999868393
1439803821.261221 0.172435015 -0.440598667 8.461490631 -0.003712556 -0.015324859 -0.006303588 0.999855816
1439803821.323722 0.171796352 -0.441718042 8.477724075 -0.003874423 -0.016018495 -0.006912839 0.999840319
1439803821.386223 0.170742571 -0.442462385 8.494297981 -0.003060502 -0.016544735 -0.007013493 0.999833822
1439803821.448722 0.170315176 -0.443267673 8.510396004 -0.002232537 -0.017295536 -0.006820309 0.999824643
1439803821.511223 0.168589830 -0.444196612 8.527107239 -0.002006462 -0.017313309 -0.007140836 0.999822617
1439803821.573725 0.167736769 -0.445313364 8.543081284 -0.002431563 -0.017737491 -0.007466718 0.999811828
1439803821.636228 0.167003095 -0.445901990 8.559492111 -0.002103798 -0.018279534 -0.006129310 0.999811888
1439803821.698727 0.166766882 -0.446445018 8.575663567 -0.001826262 -0.019099806 -0.004625710 0.999805212
1439803821.761229 0.166853011 -0.449441195 8.588242531 -0.003209204 -0.019312171 -0.007669653 0.999778926
1439803821.823729 0.170978218 -0.455080420 8.585825920 -0.006171566 -0.020883057 -0.011537213 0.999696314
1439803821.886232 0.170612544 -0.456532001 8.600969315 -0.006075550 -0.020883307 -0.011075938 0.999702096
