1439803791.510675 0.001158406 -0.003022716 0.052193820 -0.000120695 0.007983997 0.000468155 0.999967992
1439803791.573179 0.001962379 -0.004551372 0.078163385 -0.000080953 0.011646409 0.000970852 0.999931693
1439803791.635681 0.003088338 -0.006036072 0.104564011 -0.000029651 0.015026199 0.001380437 0.999886155
1439803791.698179 0.004282529 -0.007362463 0.130056918 -0.000349695 0.018339973 0.001775625 0.999830186
1439803791.760681 0.005785280 -0.008728489 0.156226158 -0.000389706 0.021230020 0.002598012 0.999771178
1439803791.823182 0.007075686 -0.010244724 0.182131648 -0.000572056 0.024058739 0.003453185 0.999704421
1439803791.885683 0.008880922 -0.011548120 0.208198056 -0.000704828 0.026390003 0.004560561 0.999641061
1439803791.948184 0.010421757 -0.013156245 0.234049246 -0.001144475 0.028914237 0.005102729 0.999568224
1439803792.010685 0.012427913 -0.014734740 0.259872496 -0.000886654 0.030881749 0.006389420 0.999502242
1439803792.073186 0.014541714 -0.015965192 0.286111534 -0.000575963 0.033006828 0.007820169 0.999424338
1439803792.135687 0.016604193 -0.017320655 0.312339544 -0.001406303 0.035147857 0.008704893 0.999343216
1439803792.198188 0.018881992 -0.018584827 0.338093579 -0.002451549 0.037118714 0.010127169 0.999256551
1439803792.260690 0.020924278 -0.019689249 0.364432365 -0.003803593 0.039434269 0.010313069 0.999161661
1439803792.323190 0.023316093 -0.020941468 0.390557975 -0.005255884 0.041582055 0.010436908 0.999066770
1439803792.385692 0.025640320 -0.022275710 0.416379184 -0.005944510 0.043624539 0.010228182 0.998977959
1439803792.448195 0.028129786 -0.023473177 0.442173362 -0.005344038 0.045489725 0.010353305 0.998896837
1439803792.510694 0.030890755 -0.024686068 0.467940032 -0.003606254 0.047388565 0.010726795 0.998812437
1439803792.573210 0.033494793 -0.025956009 0.493555963 -0.002548179 0.049516074 0.010428522 0.998715639
1439803792.635696 0.036070503 -0.027165255 0.519674301 -0.001932167 0.051680449 0.009808907 0.998613656
1439803792.698206 0.038962945 -0.028308887 0.545498848 -0.001722639 0.053633448 0.009749821 0.998511612
1439803792.760701 0.041939408 -0.029626386 0.571428478 -0.002020479 0.055387586 0.009661255 0.998416126
1439803792.823200 0.044774480 -0.030923411 0.597054005 -0.001909464 0.056961637 0.009646741 0.998327971
1439803792.885704 0.047980301 -0.032239035 0.623456895 -0.002101125 0.058064509 0.010454815 0.998255849
1439803792.948202 0.051034331 -0.033536781 0.648821831 -0.002284104 0.059245445 0.010880970 0.998181522
1439803793.010705 0.054215681 -0.034706246 0.675138891 -0.002311100 0.060620360 0.011121827 0.998096228
1439803793.073206 0.057730183 -0.035851795 0.700500906 -0.002562274 0.061477434 0.011315153 0.998041093
1439803793.135708 0.060761668 -0.037196584 0.726497650 -0.003628447 0.062716357 0.010939375 0.997964859
1439803793.198209 0.064249165 -0.038366120 0.752351463 -0.003902912 0.063487045 0.010744103 0.997917175
1439803793.260711 0.067766592 -0.039511051 0.777937472 -0.004400478 0.064110048 0.011116200 0.997871220
1439803793.323210 0.070984334 -0.040755056 0.804297864 -0.004921056 0.065083712 0.011485068 0.997801542
1439803793.385712 0.074466683 -0.041854851 0.829836547 -0.004991932 0.065789036 0.011758310 0.997751772
1439803793.448213 0.077844448 -0.042946614 0.856310546 -0.005156017 0.067008808 0.011877514 0.997668386
1439803793.510715 0.081473686 -0.044143736 0.882126808 -0.004905924 0.067962609 0.012146235 0.997601867
1439803793.573216 0.084897950 -0.045406647 0.907435119 -0.004841810 0.068863787 0.012066396 0.997541308
1439803793.635716 0.088510580 -0.046364911 0.933206618 -0.004833412 0.069809102 0.012007427 0.997476399
1439803793.698216 0.092094846 -0.047534145 0.959271312 -0.005018646 0.070692897 0.012250965 0.997410238
1439803793.760721 0.095884532 -0.048589416 0.984958351 -0.005345941 0.071417265 0.012461351 0.997354329
1439803793.823218 0.099678516 -0.049868710 1.010737777 -0.005816713 0.072065078 0.012328632 0.997306764
1439803793.885718 0.103346452 -0.051190715 1.036414504 -0.006215087 0.072912313 0.011943258 0.997247458
1439803793.948220 0.107095748 -0.052191086 1.062602520 -0.005822806 0.073375270 0.011764725 0.997218013
1439803794.010721 0.111094356 -0.053493045 1.088162541 -0.005126513 0.073798396 0.011594932 0.997192621
1439803794.073225 0.114573218 -0.054688226 1.114048481 -0.004496302 0.074473046 0.011019447 0.997151971
1439803794.135724 0.118324123 -0.055800587 1.139417529 -0.003624466 0.075181268 0.010341837 0.997109652
1439803794.198225 0.122258097 -0.056975067 1.165609360 -0.003188057 0.075629808 0.009968837 0.997081041
1439803794.260726 0.126188248 -0.058239788 1.191135168 -0.002935357 0.076182358 0.009735579 0.997042060
1439803794.323229 0.130098000 -0.059367824 1.217433810 -0.002811709 0.076673366 0.009584554 0.997006238
1439803794.385728 0.133837581 -0.060567193 1.243447900 -0.002763442 0.077211149 0.009163504 0.996968806
1439803794.448230 0.137811482 -0.061932411 1.269150257 -0.003262510 0.077623747 0.008185722 0.996943772
1439803794.510735 0.141623423 -0.063100807 1.294654369 -0.004156149 0.078219794 0.007494444 0.996899307
1439803794.573233 0.145683900 -0.064490318 1.320596218 -0.004492712 0.078449249 0.007739028 0.996877968
1439803794.635733 0.149909258 -0.065701216 1.346197367 -0.004026926 0.078649350 0.007712441 0.996864378
1439803794.698233 0.153700426 -0.067170285 1.372034669 -0.003419468 0.079222769 0.007096111 0.996825814
1439803794.760737 0.157529593 -0.068093486 1.397079110 -0.002740120 0.079420976 0.006852123 0.996813834
1439803794.823239 0.161442235 -0.069894612 1.422309041 -0.002809146 0.079692960 0.006394919 0.996794999
1439803794.885740 0.165821210 -0.070898816 1.448579311 -0.003150441 0.079888687 0.006137246 0.996779919
1439803794.948241 0.169972509 -0.072252721 1.474968076 -0.004571951 0.080450609 0.005862015 0.996730864
1439803795.010742 0.173765868 -0.073125571 1.500710368 -0.005236124 0.080722116 0.007106596 0.996697545
1439803795.073243 0.177984059 -0.074470609 1.526348352 -0.006351599 0.080941327 0.006647502 0.996676445
1439803795.135743 0.182305858 -0.075459525 1.552080989 -0.006342660 0.081560433 0.006131096 0.996629357
1439803795.198244 0.186143219 -0.076694712 1.577305198 -0.005517205 0.081717022 0.006401988 0.996619701
1439803795.260749 0.190193325 -0.077827379 1.602881551 -0.004028089 0.082050242 0.006955718 0.996595740
1439803795.323248 0.194558203 -0.079625912 1.627834558 -0.002540724 0.082010902 0.007238952 0.996601939
1439803795.385749 0.198366255 -0.080688119 1.652771831 -0.000906927 0.082596816 0.007447566 0.996554792
1439803795.448251 0.202684984 -0.081825592 1.678126335 -0.000043818 0.083029069 0.009565860 0.996501207
1439803795.510751 0.207147628 -0.083079435 1.703122854 -0.001426399 0.083252266 0.009277806 0.996484280
1439803795.573253 0.211159438 -0.084262788 1.728703380 -0.003180307 0.084071405 0.008626792 0.996417344
1439803795.635754 0.215385288 -0.085342333 1.753752232 -0.005198070 0.084684588 0.008505727 0.996357918
1439803795.698270 0.219986707 -0.086499512 1.779180050 -0.006618632 0.085181408 0.008782362 0.996304750
1439803795.760757 0.224088341 -0.087820910 1.803690672 -0.006983161 0.085616499 0.009607776 0.996257365
1439803795.823258 0.228627041 -0.088955566 1.828870177 -0.006116256 0.086049177 0.010013497 0.996221781
1439803795.885762 0.232818902 -0.090309829 1.853261590 -0.004940921 0.086489454 0.009950886 0.996190786
1439803795.948262 0.237053737 -0.091417499 1.878104091 -0.003968827 0.086909875 0.009493638 0.996163070
1439803796.010762 0.241468072 -0.092393979 1.902849555 -0.003191692 0.087054133 0.009328064 0.996154785
1439803796.073265 0.245656341 -0.093646154 1.927645087 -0.002932526 0.087510489 0.009130652 0.996117413
1439803796.135763 0.249926016 -0.094805390 1.952436566 -0.002878732 0.087737486 0.008832517 0.996100307
1439803796.198267 0.254227340 -0.096170992 1.977216601 -0.003192425 0.088026576 0.008832965 0.996073842
1439803796.260765 0.258653879 -0.097269125 2.001607895 -0.003335244 0.088314690 0.009195849 0.996044576
1439803796.323265 0.263088703 -0.098421402 2.026217222 -0.003208262 0.088516124 0.010163929 0.996017754
1439803796.385766 0.267646194 -0.099673152 2.050579548 -0.003097568 0.088743828 0.010841211 0.995990634
1439803796.448268 0.271984190 -0.100877680 2.075576544 -0.003258852 0.089281432 0.010698698 0.995943606
1439803796.510769 0.276263624 -0.101963937 2.099941492 -0.003297641 0.089593999 0.011439576 0.995907187
1439803796.573270 0.280790091 -0.103212200 2.124744177 -0.003440216 0.089914575 0.011547226 0.995876610
1439803796.635772 0.285123467 -0.104449399 2.149097204 -0.003139555 0.090186521 0.011151086 0.995857477
1439803796.698275 0.289609343 -0.105856538 2.172930717 -0.003313508 0.090378679 0.011450537 0.995836139
1439803796.760774 0.293855965 -0.106812946 2.197956324 -0.003436485 0.090805672 0.011922251 0.995791316
1439803796.823281 0.298453927 -0.107813776 2.222443342 -0.003784294 0.091011085 0.012782916 0.995760620
1439803796.885779 0.303095669 -0.109035425 2.246756792 -0.004232171 0.091124922 0.013231798 0.995742559
1439803796.948280 0.307449311 -0.110181943 2.270905495 -0.004901340 0.091609746 0.013132098 0.995696306
1439803797.010781 0.312060833 -0.111234806 2.295221329 -0.005081634 0.091803618 0.013564148 0.995671749
1439803797.073281 0.316393703 -0.112447582 2.319313765 -0.005202538 0.092012800 0.013828044 0.995648205
1439803797.135783 0.320878506 -0.113482498 2.343412161 -0.005218233 0.091957837 0.013924289 0.995651901
1439803797.198285 0.325215399 -0.114563294 2.367773533 -0.005591644 0.091911562 0.013939956 0.995653868
1439803797.260790 0.329567850 -0.115634821 2.392088652 -0.005957525 0.091788717 0.013521201 0.995668888
1439803797.323290 0.333941579 -0.116655096 2.416082621 -0.006215518 0.091660216 0.013196158 0.995683491
1439803797.385789 0.338357180 -0.117648974 2.440247059 -0.006165653 0.091574334 0.013566267 0.995686710
1439803797.448293 0.342770815 -0.118712544 2.464215279 -0.006092834 0.091401115 0.014216148 0.995694041
1439803797.510790 0.347142786 -0.119767718 2.488310099 -0.005971754 0.091391280 0.014445367 0.995692372
1439803797.573291 0.351478040 -0.120669484 2.512675285 -0.006224902 0.091620021 0.014538079 0.995668471
1439803797.635794 0.355814666 -0.121820435 2.536311388 -0.006771891 0.091487542 0.013947345 0.995685518
1439803797.698292 0.359915257 -0.122585319 2.560627937 -0.007091559 0.091537237 0.012983804 0.995691776
1439803797.760792 0.364430785 -0.123802096 2.584412336 -0.007040937 0.091122225 0.012559678 0.995735645
1439803797.823298 0.368742228 -0.124808677 2.607743025 -0.007241098 0.090786144 0.012430494 0.995766521
1439803797.885794 0.372812241 -0.125536904 2.632776022 -0.007557678 0.090777785 0.012299682 0.995766521
1439803797.948294 0.376866877 -0.126380965 2.656754971 -0.007404087 0.090724245 0.011890776 0.995777547
1439803798.010795 0.381387889 -0.127473444 2.680813313 -0.007628511 0.090576731 0.011312120 0.995796025
1439803798.073295 0.385652006 -0.128308818 2.705056667 -0.007738788 0.090497136 0.010639232 0.995809793
1439803798.135797 0.389761508 -0.129370183 2.728870869 -0.007705012 0.090486437 0.010385086 0.995813727
1439803798.198299 0.393831372 -0.130456418 2.752586603 -0.007314335 0.090411179 0.009406439 0.995833218
1439803798.260798 0.398056030 -0.131305724 2.776700258 -0.007054777 0.090290532 0.008360275 0.995855391
1439803798.323302 0.402109593 -0.132197902 2.801096678 -0.007566150 0.090334050 0.007236370 0.995856464
1439803798.385803 0.405912101 -0.132969022 2.824977636 -0.008657072 0.090215661 0.005043756 0.995871842
1439803798.448304 0.410108030 -0.133850843 2.849267006 -0.009211354 0.089908533 0.003544359 0.995901108
1439803798.510803 0.414346188 -0.134781778 2.873209953 -0.009513101 0.089626566 0.004117160 0.995921493
1439803798.573308 0.418523163 -0.135892674 2.896997929 -0.008632704 0.089453019 0.005121688 0.995940447
1439803798.635806 0.422677517 -0.137121573 2.920755148 -0.006522809 0.089276791 0.005194125 0.995971978
1439803798.698308 0.426679760 -0.138460681 2.944065809 -0.004026665 0.089381598 0.004209709 0.995980382
1439803798.760812 0.430688024 -0.139709517 2.967735767 -0.001945995 0.089583747 0.003537466 0.995971084
1439803798.823312 0.434810549 -0.140896782 2.991184473 -0.000460413 0.089482978 0.003494826 0.995982111
1439803798.885812 0.438897729 -0.142112643 3.014803171 -0.000285390 0.089069448 0.003994340 0.996017396
1439803798.948313 0.443079472 -0.143357605 3.038488150 -0.001043316 0.088739485 0.004609055 0.996043682
1439803799.010817 0.447172225 -0.144640982 3.062058926 -0.002312447 0.088607416 0.004977482 0.996051490
1439803799.073318 0.451372921 -0.145773441 3.085520267 -0.003341107 0.088372014 0.005874159 0.996064603
1439803799.135818 0.455482394 -0.146888554 3.109109640 -0.004144735 0.088301681 0.006462747 0.996064186
1439803799.198321 0.459621161 -0.148107857 3.132441998 -0.004613061 0.088091932 0.007010263 0.996077001
1439803799.260823 0.463772774 -0.149261549 3.155980349 -0.004863939 0.088006280 0.008363011 0.996072948
1439803799.323322 0.467859954 -0.150346592 3.179239988 -0.005095547 0.087868407 0.008760565 0.996080577
1439803799.385824 0.471902043 -0.151358992 3.202598333 -0.005006441 0.087985039 0.009060032 0.996068060
1439803799.448325 0.475894779 -0.152439177 3.225629568 -0.004627593 0.088009372 0.009330475 0.996065199
1439803799.510826 0.479924083 -0.153557390 3.248733759 -0.004379491 0.087883472 0.009331081 0.996077418
1439803799.573329 0.483906776 -0.154686511 3.271957159 -0.004197366 0.087720044 0.009339584 0.996092558
1439803799.635829 0.487898588 -0.155549705 3.295038939 -0.003954277 0.087546863 0.008810381 0.996113598
1439803799.698330 0.491696686 -0.156649813 3.318212032 -0.004158098 0.087551929 0.008803819 0.996112406
1439803799.760832 0.495631099 -0.157671586 3.341160297 -0.004840481 0.087487034 0.009502745 0.996108592
1439803799.823334 0.499572217 -0.158841044 3.363842964 -0.005605990 0.087463506 0.009822147 0.996103525
1439803799.885834 0.503766477 -0.159828335 3.386726856 -0.005787996 0.087268800 0.010122971 0.996116519
1439803799.948336 0.507406533 -0.160863101 3.409695864 -0.005930488 0.087658912 0.009949381 0.996083200
1439803800.010841 0.511625588 -0.162009239 3.431969166 -0.005488555 0.087413169 0.009979401 0.996107042
1439803800.073339 0.515197933 -0.162896305 3.455216646 -0.004301710 0.087711275 0.009627433 0.996090114
1439803800.135840 0.519051731 -0.163880244 3.478157520 -0.003236264 0.087980628 0.009068360 0.996075630
1439803800.198342 0.523021162 -0.165077984 3.500560760 -0.002652229 0.087774515 0.008997077 0.996096194
1439803800.260843 0.526878715 -0.166089267 3.523416758 -0.002667730 0.087993078 0.008238876 0.996083438
1439803800.323345 0.530923963 -0.167241886 3.545919895 -0.002759724 0.087989114 0.008190178 0.996083915
1439803800.385845 0.534909904 -0.168210015 3.568561077 -0.003212679 0.088112503 0.008089323 0.996072471
1439803800.448361 0.538816452 -0.169211477 3.591194868 -0.004038822 0.088208579 0.007990707 0.996061802
1439803800.510849 0.542954087 -0.170467824 3.613718510 -0.004576194 0.088059045 0.008819389 0.996065676
1439803800.573350 0.546612382 -0.171549261 3.636059523 -0.004843915 0.088446729 0.009007856 0.996028364
1439803800.635851 0.550332963 -0.172721893 3.657843113 -0.004968842 0.088640727 0.009634784 0.996004701
1439803800.698354 0.554680467 -0.173603296 3.681287289 -0.004732859 0.089061767 0.010620646 0.995958209
1439803800.760853 0.558687806 -0.174472272 3.703737497 -0.004853403 0.089353479 0.011226449 0.995924890
1439803800.823353 0.563033700 -0.175432116 3.726331234 -0.004882031 0.089455746 0.012596578 0.995899141
1439803800.885855 0.566977859 -0.176481053 3.748293400 -0.005342006 0.089750476 0.013297330 0.995861173
1439803800.948356 0.571296155 -0.177520484 3.771270752 -0.005569624 0.089894384 0.014742820 0.995826602
1439803801.010854 0.575668812 -0.178595111 3.793376446 -0.006131196 0.089825168 0.015310383 0.995820999
1439803801.073358 0.579480886 -0.179376066 3.816471338 -0.006268090 0.090258606 0.015342838 0.995780468
1439803801.135856 0.583562136 -0.180419475 3.838702202 -0.006403792 0.090463765 0.015703991 0.995755315
1439803801.198356 0.587468505 -0.181434035 3.861212969 -0.006281605 0.090633474 0.016337747 0.995730460
1439803801.260870 0.591593444 -0.182455122 3.883196592 -0.006562170 0.090698294 0.016234268 0.995724440
1439803801.323358 0.595735312 -0.183180928 3.905675173 -0.006070457 0.090685733 0.016455764 0.995725095
1439803801.385857 0.599772811 -0.184241414 3.927989244 -0.005642430 0.090946756 0.016738942 0.995699108
1439803801.448361 0.603950858 -0.185510471 3.950318098 -0.005057249 0.091063917 0.017629087 0.995676160
1439803801.510860 0.608044446 -0.186298877 3.972790480 -0.004346624 0.090940177 0.018537449 0.995674312
1439803801.573362 0.612067759 -0.187330335 3.994889975 -0.004243258 0.090760365 0.019019455 0.995682061
1439803801.635863 0.616086543 -0.188105404 4.017549515 -0.004160866 0.090469770 0.019710606 0.995695412
1439803801.698366 0.620234489 -0.189056754 4.039494991 -0.004384203 0.089871891 0.020218542 0.995738447
1439803801.760866 0.623867035 -0.190082148 4.062139988 -0.005015607 0.089784801 0.020164113 0.995744407
1439803801.823367 0.627891004 -0.190891534 4.084461689 -0.005420648 0.089255966 0.019755751 0.995797992
1439803801.885867 0.631603599 -0.191959217 4.106731892 -0.006160338 0.088838473 0.019291621 0.995840132
1439803801.948368 0.635442197 -0.193050891 4.128313541 -0.006505522 0.088310741 0.019514600 0.995880544
1439803802.010869 0.639305353 -0.193864241 4.150501251 -0.006021681 0.087583005 0.019522032 0.995947719
1439803802.073369 0.643003643 -0.194594368 4.172285557 -0.005640102 0.086937442 0.019165967 0.996013403
1439803802.135870 0.646884561 -0.195703432 4.194676876 -0.005672938 0.086361580 0.018956089 0.996067345
1439803802.198376 0.650545120 -0.196597606 4.215626717 -0.005978347 0.085496031 0.018407160 0.996150494
1439803802.260875 0.654161155 -0.197435156 4.238222599 -0.005807262 0.085043155 0.017786115 0.996201575
1439803802.323375 0.657450795 -0.197917879 4.260240078 -0.005665494 0.084497869 0.017049126 0.996261656
1439803802.385874 0.661199808 -0.199117869 4.282112122 -0.006537372 0.083743848 0.016410358 0.996330738
1439803802.448374 0.664756536 -0.200022802 4.303314686 -0.007108058 0.082663260 0.015814112 0.996426702
1439803802.510876 0.667854071 -0.200731039 4.326136112 -0.006993748 0.082579292 0.014803478 0.996450007
1439803802.573377 0.671242952 -0.201715916 4.347664833 -0.007655766 0.081842788 0.013104598 0.996529698
1439803802.635878 0.674492657 -0.202486336 4.369269371 -0.008171645 0.081220433 0.011854258 0.996592164
1439803802.698380 0.677669048 -0.203212991 4.391034126 -0.008739056 0.080586635 0.010577532 0.996653140
1439803802.760883 0.680761278 -0.204120398 4.412526131 -0.009297924 0.079851940 0.008782214 0.996724725
1439803802.823382 0.683736384 -0.204851925 4.434301853 -0.009568898 0.079261094 0.006428135 0.996787250
1439803802.885888 0.686906576 -0.205851495 4.455608845 -0.008586423 0.078797467 0.005856609 0.996836483
1439803802.948388 0.690346897 -0.206879467 4.476879120 -0.005945032 0.078288026 0.007240894 0.996886730
1439803803.010888 0.693422675 -0.208057299 4.497972012 -0.003404382 0.078092821 0.007478856 0.996912241
1439803803.073389 0.696711302 -0.209215671 4.518836021 -0.001786726 0.077743985 0.007270915 0.996945262
1439803803.135895 0.699685633 -0.210184738 4.540019512 -0.001078421 0.077856258 0.006146058 0.996945024
1439803803.198391 0.702845693 -0.211102173 4.561454296 -0.001271841 0.078118317 0.005610386 0.996927500
1439803803.260893 0.705863535 -0.212030098 4.582775116 -0.002813153 0.078059129 0.005170963 0.996931374
1439803803.323396 0.709113419 -0.213085443 4.604144573 -0.004867853 0.077866971 0.005415616 0.996937156
1439803803.385895 0.712456584 -0.214167610 4.625168800 -0.006106120 0.077781595 0.006516909 0.996930420
1439803803.448397 0.715696156 -0.215304822 4.646090984 -0.005907197 0.077945895 0.008041818 0.996907651
1439803803.510898 0.719154954 -0.216455653 4.666791916 -0.004250688 0.078027584 0.009768455 0.996894240
1439803803.573399 0.722432375 -0.217610523 4.687386036 -0.002545288 0.078228280 0.010177187 0.996880293
1439803803.635902 0.725682855 -0.218724325 4.707853317 -0.001293626 0.078481443 0.009955017 0.996865034
1439803803.698407 0.728782594 -0.219703376 4.728323936 -0.000680045 0.078821756 0.009914535 0.996839166
1439803803.760904 0.732030690 -0.220698044 4.749119759 -0.000520306 0.078937463 0.010157008 0.996827662
1439803803.823405 0.735371709 -0.221799478 4.769718170 -0.000738486 0.078829579 0.011081468 0.996826231
1439803803.885907 0.738579094 -0.222837836 4.790218830 -0.001487079 0.078892313 0.011469373 0.996816039
1439803803.948408 0.741778314 -0.223804519 4.810343266 -0.002221926 0.078952737 0.011958980 0.996804118
1439803804.010909 0.745092988 -0.225031927 4.831313610 -0.002512895 0.079131350 0.012256229 0.996785700
1439803804.073412 0.748355925 -0.226117790 4.851313591 -0.001919663 0.079147369 0.012899962 0.996777594
1439803804.135912 0.751526117 -0.227290094 4.871280193 -0.001461089 0.079381235 0.012883721 0.996760011
1439803804.198415 0.754663944 -0.228470311 4.891108513 -0.001312900 0.079482555 0.013638804 0.996742070
1439803804.260915 0.758005142 -0.229361489 4.911328316 -0.000938821 0.079434119 0.014286849 0.996737301
1439803804.323416 0.761168361 -0.230634660 4.930724621 -0.001280060 0.079289533 0.014585259 0.996744096
1439803804.385920 0.764352918 -0.231365874 4.951409340 -0.001836896 0.079486206 0.014084340 0.996734798
1439803804.448420 0.767420053 -0.232390016 4.971385479 -0.002557441 0.079506390 0.014361373 0.996727645
1439803804.510920 0.770593405 -0.233384967 4.991161823 -0.003058620 0.079305969 0.014655676 0.996737897
1439803804.573426 0.773515761 -0.234482810 5.010805130 -0.003343625 0.079128131 0.015005008 0.996745884
1439803804.635928 0.776724577 -0.235396802 5.030571461 -0.003366043 0.078702845 0.015188280 0.996776700
1439803804.698425 0.779703438 -0.236288577 5.050137520 -0.003122284 0.078325070 0.015461992 0.996803045
1439803804.760927 0.782800019 -0.237590402 5.069815636 -0.002939978 0.078114405 0.015825730 0.996814430
1439803804.823429 0.785741866 -0.238358989 5.089325905 -0.002677943 0.077822328 0.016225971 0.996831596
1439803804.885931 0.788793087 -0.239287481 5.109086037 -0.003281628 0.077508897 0.016587196 0.996848285
1439803804.948431 0.791784823 -0.240041152 5.128653049 -0.004457655 0.077240907 0.016605288 0.996864200
1439803805.010934 0.794573724 -0.240910441 5.147921562 -0.005731746 0.077001303 0.015996579 0.996886194
1439803805.073434 0.797365129 -0.241898060 5.166400433 -0.006772629 0.076740429 0.015853344 0.996902049
1439803805.135938 0.800235569 -0.242580041 5.185745716 -0.007231147 0.076376237 0.015948227 0.996925294
1439803805.198438 0.802899539 -0.243567377 5.204264641 -0.007907254 0.075929821 0.015723696 0.996957839
1439803805.260938 0.805757701 -0.244260445 5.222269058 -0.007516766 0.075362980 0.015997434 0.996999502
1439803805.323439 0.808394313 -0.245234132 5.240853310 -0.007211662 0.075162649 0.016121350 0.997014880
1439803805.385942 0.811094522 -0.246039048 5.259212971 -0.006786826 0.074920222 0.016092179 0.997036576
1439803805.448441 0.813489199 -0.246953696 5.276800632 -0.006446659 0.074760422 0.015738795 0.997056484
1439803805.510943 0.816083908 -0.247588098 5.294513226 -0.005987466 0.074398361 0.015773224 0.997085869
1439803805.573444 0.818635881 -0.248276651 5.312432766 -0.005778567 0.074310444 0.015347416 0.997100294
1439803805.635948 0.821036696 -0.249267757 5.329580784 -0.005808720 0.073951155 0.015518344 0.997124195
1439803805.698447 0.823426366 -0.250050634 5.347020149 -0.006108224 0.073666349 0.015067804 0.997150421
1439803805.760954 0.825832009 -0.250771284 5.363829136 -0.006362814 0.073184326 0.014746869 0.997189105
1439803805.823450 0.828222871 -0.251508057 5.380755901 -0.006790132 0.072798155 0.014320573 0.997220755
1439803805.885952 0.830301762 -0.252176821 5.397762775 -0.007280643 0.072675429 0.013644294 0.997235715
1439803805.948458 0.832573295 -0.253018171 5.414217472 -0.007515217 0.072202742 0.013674221 0.997267902
1439803806.010954 0.834824204 -0.253769815 5.430518627 -0.007435294 0.071605839 0.013888008 0.997308612
1439803806.073456 0.837119222 -0.254454851 5.446816444 -0.007116259 0.071054168 0.013921999 0.997349918
1439803806.135957 0.839189172 -0.255190611 5.462550163 -0.007122709 0.070649408 0.013665396 0.997382164
1439803806.198461 0.841196418 -0.255922854 5.478845596 -0.007301988 0.070443466 0.013136855 0.997402549
1439803806.260964 0.843371093 -0.256539822 5.494254589 -0.006951647 0.069835208 0.012644509 0.997454166
1439803806.323463 0.845229030 -0.257278323 5.510206223 -0.006901877 0.069317415 0.012476727 0.997492731
1439803806.385963 0.847088397 -0.257852256 5.525703907 -0.006781030 0.068406336 0.012042744 0.997561812
1439803806.448464 0.848992825 -0.258598208 5.540857792 -0.006905360 0.067218103 0.011565165 0.997647345
1439803806.510966 0.850793839 -0.259303212 5.556035042 -0.007391491 0.066088527 0.010943430 0.997726381
1439803806.573470 0.852366030 -0.259876400 5.571196079 -0.008057158 0.065107152 0.009907068 0.997796535
1439803806.635967 0.853905261 -0.260499537 5.586029530 -0.008436885 0.064143844 0.008910093 0.997865200
1439803806.698467 0.855472922 -0.261282533 5.600607872 -0.008520687 0.063200012 0.008676918 0.997926772
1439803806.760968 0.857143521 -0.261887878 5.615077972 -0.007982770 0.062201787 0.008570734 0.997994840
1439803806.823469 0.858698547 -0.262652516 5.629398346 -0.007734308 0.061571416 0.008791128 0.998034000
1439803806.885969 0.860256374 -0.263359964 5.643425465 -0.007760886 0.060980327 0.008680683 0.998071015
1439803806.948477 0.861983955 -0.263968825 5.657285690 -0.007888944 0.060175728 0.008804109 0.998117805
1439803807.010970 0.863355160 -0.264511228 5.671275616 -0.007947686 0.059740622 0.008282339 0.998147905
1439803807.073470 0.864772797 -0.265223354 5.684793472 -0.007901221 0.059201565 0.007565760 0.998186111
1439803807.135972 0.866194189 -0.265792668 5.698356628 -0.007918055 0.058876447 0.006431683 0.998213172
1439803807.198473 0.867415190 -0.266299397 5.711364269 -0.008010039 0.058800835 0.005807876 0.998220682
1439803807.260975 0.868696868 -0.266874790 5.724503517 -0.008734863 0.058909673 0.004991626 0.998212576
1439803807.323479 0.870174825 -0.267349571 5.737080574 -0.009188150 0.058754805 0.004837865 0.998218417
1439803807.385976 0.871404707 -0.267964989 5.750475883 -0.010181259 0.058952883 0.004316422 0.998199522
1439803807.448476 0.872752905 -0.268608451 5.762842178 -0.010806459 0.059193704 0.004068167 0.998179734
1439803807.510977 0.874394238 -0.268928498 5.775173664 -0.010779526 0.059249304 0.004202959 0.998176157
1439803807.635978 0.877121210 -0.269761980 5.799190998 -0.011374091 0.059685986 0.002635332 0.998148918
1439803807.698477 0.878275037 -0.270338893 5.811002731 -0.011819236 0.059787348 0.000933448 0.998140752
1439803807.760979 0.879299402 -0.271031380 5.822529316 -0.012044746 0.060101744 -0.000018414 0.998119593
1439803807.823481 0.880926609 -0.271418154 5.833870888 -0.011027618 0.059782803 0.001399705 0.998149514
1439803807.885983 0.882542372 -0.271958947 5.844341278 -0.010322654 0.059721474 0.002963577 0.998157322
1439803807.948489 0.883744001 -0.272449195 5.856037617 -0.009547165 0.060020249 0.003563161 0.998145163
1439803808.010990 0.885018647 -0.273133665 5.866765022 -0.009065652 0.060022637 0.003838958 0.998148441
1439803808.073493 0.886243343 -0.273535937 5.877114296 -0.008421609 0.059676677 0.003502677 0.998176098
1439803808.135988 0.887303472 -0.274089575 5.887485981 -0.007914960 0.059572209 0.003283944 0.998187244
1439803808.198492 0.888540030 -0.274454534 5.897360325 -0.006906325 0.059282146 0.002621260 0.998213947
1439803808.260989 0.889347017 -0.275114268 5.907489300 -0.006199000 0.059651539 0.001459081 0.998198926
1439803808.323489 0.890631199 -0.275503665 5.917134762 -0.004959187 0.059691783 0.001147656 0.998203874
1439803808.385991 0.891590714 -0.275930554 5.926869869 -0.004249667 0.060049836 0.000707608 0.998186111
1439803808.448491 0.892856479 -0.276369333 5.936501980 -0.003699072 0.059959494 0.001388473 0.998192966
1439803808.510990 0.893863320 -0.276861906 5.946243286 -0.003796362 0.060153134 0.001833879 0.998180270
1439803808.573493 0.895179749 -0.277296484 5.955392361 -0.003740842 0.059693746 0.002961644 0.998205304
1439803808.635993 0.896372437 -0.277854741 5.964704514 -0.004060746 0.059593033 0.003916097 0.998206794
1439803808.698492 0.897489965 -0.278310299 5.973577499 -0.004195629 0.059571102 0.004392498 0.998205602
1439803808.760994 0.898484886 -0.278739870 5.982450008 -0.004374565 0.059905510 0.004292995 0.998185217
1439803808.823494 0.899615228 -0.279090464 5.991584778 -0.004182864 0.060152508 0.003867537 0.998172939
1439803808.885994 0.900728166 -0.279624552 6.000033855 -0.004272356 0.060066879 0.003494304 0.998179078
1439803808.948497 0.901408195 -0.279927552 6.008944035 -0.004522263 0.060136359 0.003313495 0.998174429
1439803809.010997 0.902538180 -0.280339062 6.017385960 -0.004750635 0.059898585 0.003527319 0.998186946
1439803809.073498 0.903466284 -0.280921638 6.025752544 -0.005099827 0.060037658 0.004260336 0.998174012
1439803809.136005 0.904453814 -0.281375676 6.033938885 -0.004719722 0.060147554 0.004995429 0.998165846
1439803809.198500 0.905566931 -0.281738669 6.042396545 -0.004435556 0.059858661 0.005310648 0.998182893
1439803809.261000 0.906612754 -0.282093048 6.050774574 -0.004148771 0.059605531 0.006025629 0.998195171
1439803809.323501 0.907603920 -0.282438993 6.058916092 -0.004075975 0.059457142 0.006200301 0.998203278
1439803809.386004 0.908406734 -0.282859802 6.067256451 -0.004224914 0.059699446 0.005928268 0.998189867
1439803809.448503 0.909257531 -0.283300281 6.075331688 -0.003961233 0.059747860 0.005642787 0.998189688
1439803809.511005 0.910304189 -0.283808380 6.083134174 -0.003445055 0.059375077 0.006074701 0.998211324
1439803809.573506 0.911238134 -0.284111589 6.091579914 -0.003013908 0.059410665 0.005646288 0.998213112
1439803809.636006 0.912065685 -0.284592122 6.099504948 -0.002788676 0.059473682 0.005993154 0.998207986
1439803809.698507 0.913076639 -0.284953833 6.107932568 -0.002598769 0.059345070 0.006057960 0.998215735
1439803809.761009 0.914083242 -0.285397470 6.116261005 -0.002487059 0.059302446 0.006414586 0.998216331
1439803809.823512 0.915103555 -0.285831571 6.124314308 -0.001951722 0.059007261 0.006961032 0.998231351
1439803809.886012 0.916067898 -0.286288530 6.132659435 -0.001426843 0.059051052 0.007397837 0.998226523
1439803809.948513 0.917004645 -0.286669374 6.141084194 -0.001023849 0.059010647 0.007560635 0.998228192
1439803810.011014 0.918081820 -0.287135839 6.149327755 -0.000825473 0.058743089 0.007502785 0.998244584
1439803810.073520 0.918826163 -0.287554473 6.158178806 -0.000801608 0.059040479 0.007176073 0.998229444
1439803810.136017 0.919888854 -0.288019359 6.166536808 -0.000824361 0.058857210 0.007148461 0.998240471
1439803810.198518 0.920787156 -0.288294971 6.175439835 -0.001017326 0.058827404 0.007204045 0.998241663
1439803810.261023 0.921778858 -0.288779378 6.184142590 -0.001086883 0.058723267 0.007598434 0.998244762
1439803810.323525 0.922588825 -0.289244503 6.193002701 -0.000950733 0.058798850 0.007647913 0.998240113
1439803810.386025 0.923813641 -0.289701223 6.201676846 -0.000741137 0.058477629 0.008013010 0.998256266
1439803810.448527 0.924562633 -0.290272117 6.210643291 -0.001019462 0.058732428 0.008285500 0.998238862
1439803810.511025 0.925656617 -0.290725648 6.219430447 -0.000982637 0.058419235 0.008880232 0.998252153
1439803810.573527 0.926613986 -0.291309834 6.228245735 -0.000999234 0.058358703 0.008820248 0.998256207
1439803810.636029 0.927810907 -0.291851282 6.237065315 -0.000981819 0.058082949 0.009029821 0.998270452
1439803810.698532 0.928783059 -0.292227447 6.246243477 -0.001090075 0.058280546 0.009542254 0.998254001
1439803810.761035 0.929824471 -0.292573273 6.255142689 -0.001157306 0.058152493 0.010134324 0.998255610
1439803810.823532 0.930964649 -0.293089986 6.264450073 -0.001510571 0.058039337 0.009985710 0.998263240
1439803810.886035 0.932136178 -0.293538272 6.273832321 -0.001456694 0.057797343 0.010539080 0.998271644
1439803810.948536 0.933039844 -0.294165313 6.283031940 -0.001486192 0.057852905 0.010712491 0.998266518
1439803811.011035 0.934143186 -0.294634163 6.292466640 -0.000970224 0.057736721 0.010983992 0.998270929
1439803811.073535 0.935192466 -0.295088232 6.301880836 -0.000543603 0.057520673 0.011196137 0.998281360
1439803811.136037 0.936382353 -0.295502007 6.311362267 -0.000388894 0.057050329 0.011791566 0.998301625
1439803811.198537 0.937258959 -0.296065480 6.321295738 -0.000532996 0.056946911 0.011594689 0.998309731
1439803811.261037 0.938347340 -0.296573400 6.330942154 -0.000414525 0.056478038 0.012189924 0.998329341
1439803811.323538 0.939434648 -0.297024012 6.341019154 -0.000305252 0.056190517 0.012438470 0.998342514
1439803811.386038 0.940428734 -0.297598839 6.350803852 -0.000313927 0.056010589 0.012818271 0.998347819
1439803811.448538 0.941548705 -0.298213065 6.360992432 -0.000105107 0.055543486 0.013758453 0.998361468
1439803811.511040 0.942596078 -0.298743129 6.371252060 0.000103667 0.055101112 0.014657691 0.998373210
1439803811.573542 0.943795025 -0.299227655 6.381319046 0.000318972 0.054502476 0.015268998 0.998396873
1439803811.636043 0.944694996 -0.299698114 6.391569138 0.000252536 0.053918757 0.015344867 0.998427391
1439803811.698548 0.945659757 -0.300165772 6.402258396 -0.000176248 0.053527292 0.014629868 0.998459160
1439803811.761051 0.946612358 -0.300631523 6.412574768 -0.000682256 0.052922476 0.014445706 0.998493910
1439803811.823550 0.947338104 -0.301183969 6.423442841 -0.001425472 0.052495416 0.013371109 0.998530626
1439803811.886048 0.948190331 -0.301633447 6.434174061 -0.002030897 0.052094780 0.012590021 0.998560727
1439803811.948552 0.949208379 -0.302233815 6.444786549 -0.002421464 0.051433370 0.012631182 0.998593628
1439803812.011053 0.950270653 -0.302762926 6.455504894 -0.002355773 0.050963633 0.013177940 0.998610795
1439803812.073553 0.951388836 -0.303376794 6.466284752 -0.002578126 0.050156020 0.013809669 0.998642623
1439803812.136058 0.952270389 -0.304117322 6.477245331 -0.003028472 0.049670033 0.014227688 0.998659730
1439803812.198557 0.953368902 -0.304455936 6.488380909 -0.003024037 0.049119413 0.014979380 0.998676002
1439803812.261058 0.954406500 -0.305015951 6.499353409 -0.003121520 0.048669092 0.015165014 0.998694956
1439803812.323558 0.955442905 -0.305567473 6.510281563 -0.003018264 0.048470579 0.015077114 0.998706281
1439803812.386060 0.956366122 -0.306081235 6.521558285 -0.002963878 0.048706930 0.014405562 0.998704791
1439803812.448562 0.957418680 -0.306502938 6.532500267 -0.002508776 0.048742630 0.014265750 0.998706341
1439803812.511063 0.958493352 -0.307089210 6.543879509 -0.002058689 0.048803169 0.014219471 0.998705089
1439803812.573565 0.959529519 -0.307628006 6.555177212 -0.001590154 0.048981141 0.013709171 0.998704314
1439803812.636064 0.960709214 -0.308004826 6.566899300 -0.000929004 0.049281374 0.013707623 0.998690426
1439803812.698564 0.961759448 -0.308646232 6.578320503 -0.000979000 0.049561013 0.013601243 0.998677969
1439803812.761066 0.962814569 -0.309259236 6.590085030 -0.001164899 0.050001040 0.013248051 0.998660624
1439803812.823567 0.964053571 -0.309837282 6.601827145 -0.001262526 0.050313674 0.013198609 0.998645425
1439803812.886070 0.965388119 -0.310395062 6.613527775 -0.001035243 0.050723221 0.013522023 0.998620689
1439803812.948570 0.966585755 -0.311059654 6.625854492 -0.001123890 0.051407486 0.013624795 0.998584151
1439803813.011086 0.967778683 -0.311687350 6.637872219 -0.001098876 0.051887166 0.013923565 0.998555303
1439803813.073573 0.969098508 -0.312253714 6.650161743 -0.000952678 0.052181520 0.014050415 0.998538315
1439803813.136076 0.970372319 -0.312907219 6.662426472 -0.000844744 0.052314617 0.014205917 0.998529255
1439803813.198575 0.971641660 -0.313525856 6.675076008 -0.000876184 0.052364737 0.013782699 0.998532534
1439803813.261076 0.972987890 -0.313977271 6.687507153 -0.000916288 0.052307829 0.013269783 0.998542428
1439803813.323577 0.974109292 -0.314736575 6.700423241 -0.001319245 0.052602779 0.012880482 0.998531580
1439803813.386077 0.975534201 -0.315339416 6.712986469 -0.001353738 0.052481279 0.013081490 0.998535275
1439803813.448578 0.976661086 -0.316049159 6.726054668 -0.001460915 0.052476238 0.013332360 0.998532116
1439803813.511078 0.978046298 -0.316832960 6.739024639 -0.001504447 0.052242208 0.013401317 0.998543382
1439803813.573579 0.979311228 -0.317376614 6.752266884 -0.001257144 0.052028745 0.013631458 0.998551786
1439803813.636080 0.980658770 -0.318052173 6.765482903 -0.001164487 0.051954065 0.013705627 0.998554766
1439803813.698580 0.982094288 -0.318716705 6.778888226 -0.001180787 0.051735308 0.013910022 0.998563230
1439803813.761083 0.983326793 -0.319339335 6.792327404 -0.001136494 0.051673606 0.014160792 0.998562992
1439803813.823587 0.984633207 -0.319977552 6.805929661 -0.001102014 0.051661763 0.014175374 0.998563409
1439803813.886086 0.985820770 -0.320671558 6.819534302 -0.001177086 0.051571418 0.013954269 0.998571098
1439803813.948587 0.987189054 -0.321226358 6.833902359 -0.001030305 0.051634353 0.013617728 0.998572648
1439803814.011087 0.988546252 -0.321900606 6.847569466 -0.001135415 0.051781610 0.013604463 0.998565137
1439803814.073588 0.989982545 -0.322639942 6.861690998 -0.001553461 0.052001819 0.013462236 0.998555005
1439803814.136092 0.991251409 -0.323447645 6.875834942 -0.001902597 0.052306529 0.013897078 0.998532593
1439803814.198591 0.993082285 -0.323894262 6.890542030 -0.001914480 0.052190088 0.014809188 0.998525500
1439803814.261105 0.994645596 -0.324508190 6.904976368 -0.002239651 0.052155722 0.015053333 0.998522997
1439803814.323597 0.996045113 -0.325344324 6.919406891 -0.002912990 0.052363321 0.015202005 0.998508155
1439803814.386098 0.997450650 -0.325956732 6.934438705 -0.003404645 0.052670665 0.014972378 0.998493910
1439803814.448601 0.999040723 -0.326577812 6.949213505 -0.003985220 0.052753862 0.014552251 0.998493552
1439803814.511100 1.000513315 -0.327460170 6.964155197 -0.004922403 0.052929595 0.013829581 0.998490334
1439803814.573602 1.001999021 -0.327886850 6.979347706 -0.005396867 0.052849934 0.013768648 0.998492956
1439803814.636101 1.003486753 -0.328544706 6.994875908 -0.005788700 0.053006515 0.014190878 0.998476505
1439803814.698602 1.005333066 -0.329147130 7.009960175 -0.005831910 0.052868705 0.014688645 0.998476386
1439803814.761105 1.007046461 -0.329664618 7.025788307 -0.005721813 0.053036623 0.014606845 0.998469353
1439803814.823605 1.008427739 -0.330504507 7.041064739 -0.006037536 0.053449046 0.014166508 0.998451829
1439803814.886107 1.010196209 -0.331025481 7.056812286 -0.005612692 0.053341433 0.014604433 0.998453736
1439803814.948611 1.011678100 -0.331740916 7.072482586 -0.005179903 0.053485408 0.014332778 0.998452306
1439803815.011112 1.013398528 -0.332401931 7.088290215 -0.004606142 0.053566195 0.013625744 0.998460650
1439803815.073609 1.014996886 -0.332982749 7.104002476 -0.004263261 0.053771582 0.012955018 0.998460114
1439803815.136109 1.016624928 -0.333657175 7.120124817 -0.004313749 0.053829711 0.012782506 0.998458982
1439803815.198613 1.018251896 -0.334485084 7.136250496 -0.004767847 0.053977698 0.012727836 0.998449624
1439803815.261112 1.020026326 -0.334977418 7.152524471 -0.004648271 0.053787958 0.013008778 0.998456836
1439803815.323610 1.022001028 -0.335402995 7.169112206 -0.004370854 0.053703908 0.012676718 0.998466849
1439803815.386112 1.023391485 -0.336383939 7.184949398 -0.004200722 0.053820711 0.012795783 0.998459816
1439803815.448612 1.025327682 -0.337150276 7.201344013 -0.004169818 0.053733788 0.012429156 0.998469234
1439803815.511115 1.026931524 -0.337801844 7.217782974 -0.004227962 0.053820767 0.011925629 0.998470426
1439803815.573616 1.028667450 -0.338714957 7.233998775 -0.004322956 0.053625967 0.011829438 0.998481631
1439803815.636117 1.030442953 -0.339389443 7.250498772 -0.004051078 0.053428147 0.012072820 0.998490512
1439803815.698617 1.031925321 -0.340169251 7.267212868 -0.004063021 0.053444225 0.011210446 0.998499632
1439803815.761119 1.033491373 -0.340822816 7.284121990 -0.004105643 0.053520873 0.010380347 0.998504341
1439803815.823619 1.035181046 -0.341583103 7.300212860 -0.004268396 0.053370081 0.010334875 0.998512208
1439803815.886120 1.036756396 -0.342386842 7.316692829 -0.004357029 0.053266402 0.009998346 0.998520792
1439803815.948622 1.038493276 -0.343066394 7.333261490 -0.004545615 0.052954625 0.009816080 0.998538315
1439803816.011125 1.040377855 -0.343871236 7.349565506 -0.004679997 0.052483790 0.009774846 0.998562992
1439803816.073625 1.041717529 -0.344584465 7.366462708 -0.004806807 0.052678004 0.009224195 0.998557389
1439803816.136126 1.043345690 -0.345288754 7.383097172 -0.004910351 0.052669790 0.008836686 0.998560846
1439803816.198627 1.045101404 -0.345994174 7.399270058 -0.005216890 0.052289292 0.009015662 0.998577654
1439803816.261129 1.046716690 -0.346646577 7.415729523 -0.005211836 0.052135646 0.009199323 0.998584032
1439803816.323630 1.048367500 -0.347530603 7.431968212 -0.005129403 0.051900890 0.009134364 0.998597264
1439803816.386131 1.049773932 -0.348212153 7.448756695 -0.004989089 0.052005291 0.008158248 0.998601019
1439803816.448633 1.051282287 -0.348949343 7.465224743 -0.004886218 0.051913857 0.007359589 0.998612463
1439803816.511134 1.052818179 -0.349728316 7.481630325 -0.004899144 0.051852826 0.006932609 0.998618662
1439803816.573636 1.054527998 -0.350289643 7.498431206 -0.004823614 0.051494479 0.006848916 0.998638153
1439803816.636137 1.056106210 -0.351152509 7.514952660 -0.004770246 0.051280472 0.006425489 0.998652220
1439803816.698638 1.057481408 -0.351813257 7.531729221 -0.004506124 0.051442798 0.005474007 0.998650789
1439803816.761143 1.059106469 -0.352696359 7.548285484 -0.004597227 0.051548693 0.005070915 0.998647034
1439803816.823639 1.060696840 -0.353383213 7.565348625 -0.004821943 0.051442578 0.004004456 0.998656273
1439803816.886140 1.062325716 -0.354194403 7.581959724 -0.005088268 0.051383708 0.003634312 0.998659432
1439803816.948644 1.063886523 -0.354973942 7.598974705 -0.005016685 0.051412497 0.003260317 0.998659611
1439803817.011141 1.065528631 -0.355653942 7.615925789 -0.004475250 0.051404320 0.002617374 0.998664439
1439803817.073642 1.067103505 -0.356443584 7.632975101 -0.004220810 0.051437221 0.002297630 0.998664677
1439803817.136146 1.068795443 -0.357207179 7.650026798 -0.003829013 0.051419709 0.002641822 0.998666286
1439803817.198646 1.070497751 -0.358109087 7.666942596 -0.003228481 0.051248830 0.002452202 0.998677671
1439803817.261148 1.071990728 -0.358908206 7.684425831 -0.002360514 0.051395886 0.001847242 0.998673856
1439803817.323648 1.073625207 -0.359795451 7.701520443 -0.002178106 0.051397376 0.002106807 0.998673677
1439803817.386147 1.075214863 -0.360432506 7.719074249 -0.002617440 0.051213391 0.002038687 0.998682261
1439803817.448650 1.076709509 -0.361172915 7.736414909 -0.003475166 0.051139105 0.001847519 0.998683751
1439803817.511151 1.078692555 -0.361981779 7.753864288 -0.003812235 0.050786756 0.002892609 0.998698056
1439803817.573654 1.080478668 -0.362708479 7.771152496 -0.003623802 0.050552011 0.003948040 0.998707056
1439803817.636165 1.082076907 -0.363643616 7.788727760 -0.003894546 0.050378699 0.004033589 0.998714447
1439803817.698654 1.083803892 -0.364425123 7.806111336 -0.004547538 0.050026160 0.003794179 0.998730302
1439803817.761159 1.085459471 -0.365298748 7.823754787 -0.005375769 0.049724557 0.004389055 0.998738885
1439803817.823657 1.087176085 -0.366119087 7.841074944 -0.005369424 0.049264494 0.004772804 0.998759925
1439803817.886158 1.088809252 -0.366938651 7.858821869 -0.005153196 0.048933227 0.004836272 0.998777032
1439803817.948659 1.090508342 -0.367820442 7.876154423 -0.004900249 0.048649140 0.006026984 0.998785734
1439803818.011161 1.092255116 -0.368479073 7.894220352 -0.004244987 0.048196822 0.007144336 0.998803258
1439803818.073662 1.093936563 -0.369418681 7.911778450 -0.003859616 0.047895562 0.007489900 0.998816788
1439803818.136163 1.095565677 -0.370332122 7.929357529 -0.003183083 0.047587905 0.007779620 0.998831689
1439803818.198665 1.097107649 -0.371222615 7.947376728 -0.002494840 0.047491141 0.007727842 0.998838663
1439803818.261166 1.098653555 -0.372013807 7.965296745 -0.001957032 0.047282007 0.007167140 0.998853922
1439803818.323667 1.100149632 -0.372913241 7.983180046 -0.002028852 0.047026306 0.007029427 0.998866856
1439803818.386169 1.101691961 -0.373667747 8.001264572 -0.001913375 0.046551388 0.007393859 0.998886704
1439803818.448670 1.103271604 -0.374709547 8.019369125 -0.002103389 0.046165023 0.007817765 0.998901010
1439803818.511175 1.105121732 -0.375724733 8.037292480 -0.001999325 0.045665864 0.008091157 0.998921990
1439803818.573673 1.106631994 -0.376666486 8.055620193 -0.001840232 0.045627639 0.008346585 0.998921931
1439803818.636176 1.108217120 -0.377682507 8.073522568 -0.002171801 0.045269083 0.008335016 0.998937666
1439803818.698678 1.109784603 -0.378475875 8.092502594 -0.001709087 0.045119610 0.009275416 0.998937070
1439803818.761178 1.111162901 -0.379493237 8.110190392 -0.001139379 0.044987120 0.008944711 0.998946846
1439803818.823678 1.112855434 -0.380292505 8.129253387 -0.000587700 0.044739876 0.008688045 0.998960733
1439803818.886179 1.114259601 -0.381161571 8.147095680 -0.000542311 0.044569332 0.008386661 0.998970985
1439803818.948681 1.115892410 -0.382206142 8.166281700 -0.000796947 0.044531230 0.009195620 0.998965383
1439803819.011186 1.117518783 -0.383145362 8.184844017 -0.000637789 0.044256669 0.009367856 0.998976052
1439803819.073684 1.118997216 -0.384128481 8.203536034 -0.000457357 0.044282902 0.009604926 0.998972774
1439803819.136189 1.120677471 -0.385004759 8.221962929 -0.000565534 0.044152163 0.009954940 0.998975098
1439803819.198687 1.122461200 -0.385909289 8.240444183 -0.000947682 0.043938253 0.010259303 0.998981118
1439803819.261188 1.124100924 -0.386926562 8.259222031 -0.001109344 0.043802746 0.011142217 0.998977423
1439803819.323690 1.125560522 -0.387842566 8.278053284 -0.001156913 0.043826368 0.011604977 0.998971045
1439803819.386205 1.127104282 -0.388812155 8.296699524 -0.001668011 0.043811549 0.011220994 0.998975396
1439803819.448693 1.128601313 -0.389655977 8.315862656 -0.002368484 0.043776125 0.010754633 0.998980701
1439803819.511194 1.130174756 -0.390485674 8.334661484 -0.003220064 0.043695211 0.010464880 0.998984873
1439803819.573695 1.131655693 -0.391289741 8.353425980 -0.004053092 0.043601014 0.010321786 0.998987496
1439803819.636197 1.133173585 -0.392230451 8.372586250 -0.004856285 0.043481361 0.009892596 0.998993456
1439803819.698697 1.134741068 -0.393043488 8.391618729 -0.005348085 0.043381114 0.009564900 0.998998523
1439803819.761199 1.136161923 -0.393950284 8.410219193 -0.005712918 0.043335497 0.009009922 0.999003589
1439803819.823703 1.137544513 -0.394847959 8.428819656 -0.005972111 0.043456603 0.009173812 0.998995304
1439803819.886204 1.139222264 -0.395693064 8.447371483 -0.006198804 0.043455951 0.009158994 0.998994112
1439803819.948703 1.140711188 -0.396483213 8.466060638 -0.006073480 0.043780576 0.008908499 0.998982966
1439803820.011205 1.142302513 -0.397133738 8.484562874 -0.005867679 0.044157676 0.008150411 0.998974085
1439803820.073706 1.144050717 -0.397944629 8.502937317 -0.005651200 0.044513810 0.007930837 0.998961329
1439803820.136209 1.145266056 -0.398867607 8.521188736 -0.005463200 0.044957075 0.006983020 0.998949528
1439803820.198708 1.146878719 -0.399787754 8.539293289 -0.005374687 0.045014653 0.006132789 0.998953044
1439803820.261210 1.148370743 -0.400577575 8.557726860 -0.005044733 0.045427389 0.006049816 0.998936594
1439803820.323712 1.150188565 -0.401173860 8.576043129 -0.004266412 0.045374505 0.006345102 0.998940766
1439803820.386213 1.151688933 -0.402239710 8.593950272 -0.003979416 0.045723598 0.006280542 0.998926461
1439803820.448715 1.153256178 -0.403100550 8.612066269 -0.003605464 0.045998976 0.006248394 0.998915434
1439803820.511214 1.154795170 -0.403842986 8.630052567 -0.003776040 0.046279754 0.005929057 0.998903751
1439803820.573714 1.156355143 -0.404696077 8.647965431 -0.004396282 0.046638038 0.005344534 0.998887897
1439803820.636216 1.157913208 -0.405556768 8.665698051 -0.004693683 0.046862490 0.005462442 0.998875380
1439803820.698716 1.159501553 -0.406388283 8.683335304 -0.005088053 0.046870261 0.005752052 0.998871446
1439803820.761217 1.161159396 -0.407244176 8.700810432 -0.005350720 0.046617690 0.006589719 0.998876750
1439803820.823720 1.162790298 -0.408086896 8.717827797 -0.005426996 0.046177216 0.007062934 0.998893559
1439803820.886218 1.164139032 -0.408939809 8.735301018 -0.005848953 0.045673929 0.007046266 0.998914421
1439803820.948722 1.165479898 -0.409496784 8.752426147 -0.005929711 0.044939190 0.007176703 0.998946309
1439803821.011219 1.166719079 -0.410349965 8.769362450 -0.006480463 0.044305608 0.007093285 0.998971820
1439803821.073719 1.167932272 -0.411162317 8.786026955 -0.006650986 0.043670371 0.006506915 0.999002695
1439803821.136219 1.169120789 -0.411927581 8.802443504 -0.006518373 0.043286003 0.006012680 0.999023378
1439803821.198722 1.170384765 -0.412817836 8.818583488 -0.006499362 0.042662017 0.005575138 0.999052882
1439803821.261221 1.171632886 -0.413631976 8.834810257 -0.006409430 0.042009056 0.005115852 0.999083579
1439803821.323722 1.172778368 -0.414679199 8.850531578 -0.006588719 0.041381780 0.004636107 0.999110878
1439803821.386223 1.173548698 -0.415081829 8.867187500 -0.005526515 0.040954843 0.004617542 0.999135017
1439803821.448722 1.174457788 -0.415763289 8.882993698 -0.004645729 0.040449310 0.004311000 0.999161482
1439803821.511223 1.175198793 -0.416618824 8.898800850 -0.004419546 0.040175006 0.004066639 0.999174595
1439803821.573725 1.176442385 -0.417344838 8.914055824 -0.004514494 0.039500289 0.004482636 0.999199271
1439803821.636228 1.177555323 -0.417946190 8.929588318 -0.004314725 0.038988199 0.005352708 0.999216020
1439803821.698727 1.178637266 -0.418738604 8.944870949 -0.004546999 0.038368784 0.005556038 0.999237835
1439803821.761229 1.179583788 -0.419351518 8.960535049 -0.004612836 0.038026728 0.005488310 0.999251008
1439803821.823729 1.180660963 -0.420171499 8.975067139 -0.005089156 0.037527997 0.005795682 0.999265790
1439803821.886232 1.181539893 -0.420852065 8.990208626 -0.005376808 0.037254110 0.005863600 0.999274135
1439803821.948732 1.182463408 -0.421708018 9.004985809 -0.005717629 0.036869910 0.005718901 0.999287367
1439803822.011234 1.183634043 -0.422348231 9.019593239 -0.005790066 0.036516044 0.006020325 0.999298155
1439803822.073737 1.184724808 -0.423182070 9.034036636 -0.005691680 0.036553092 0.006215243 0.999296188
1439803822.136237 1.185628653 -0.423987627 9.048460960 -0.005551627 0.036791507 0.006211787 0.999288201
1439803822.198740 1.186678290 -0.424506932 9.062881470 -0.005297665 0.036919162 0.006479946 0.999283195
1439803822.261239 1.187773943 -0.425155044 9.077026367 -0.005184306 0.036883362 0.006881051 0.999282420
1439803822.323743 1.188825130 -0.425916493 9.091635704 -0.004796675 0.036977336 0.007359260 0.999277472
1439803822.386243 1.190083981 -0.426614344 9.105640411 -0.004213842 0.036789313 0.008281978 0.999279857
1439803822.448743 1.191175222 -0.427279234 9.119476318 -0.003667674 0.036705080 0.008950094 0.999279320
1439803822.511247 1.192060947 -0.428031743 9.133868217 -0.003591204 0.036805298 0.009065882 0.999274850
1439803822.573748 1.193082452 -0.428844064 9.148166656 -0.003585994 0.036583457 0.009683867 0.999277234
1439803822.636248 1.194184542 -0.429504901 9.161868095 -0.003468244 0.036140513 0.009882413 0.999291837
1439803822.698750 1.195219040 -0.430153549 9.175971031 -0.002981549 0.035759933 0.010515899 0.999300599
1439803822.761255 1.196084619 -0.430744886 9.190141678 -0.002417111 0.035342168 0.011054241 0.999311209
1439803822.823756 1.196942091 -0.431325316 9.204141617 -0.002287414 0.034563795 0.011601775 0.999332547
1439803822.886255 1.197713494 -0.432247490 9.217669487 -0.002594253 0.033721775 0.011750227 0.999358833
1439803822.948759 1.198620200 -0.432982624 9.231440544 -0.002331747 0.032716267 0.012543269 0.999383211
1439803823.011256 1.199475050 -0.433621049 9.244939804 -0.002144319 0.031559061 0.012700439 0.999418855
1439803823.073757 1.200056434 -0.434201121 9.258226395 -0.002219800 0.030443551 0.013052245 0.999448776
1439803823.136259 1.200631618 -0.435071468 9.271538734 -0.002788225 0.029234016 0.013099187 0.999482870
1439803823.198761 1.201168656 -0.435784072 9.284708023 -0.002946352 0.027551616 0.013076921 0.999530494
1439803823.261277 1.201679826 -0.436428159 9.297404289 -0.002866766 0.025703533 0.013280638 0.999577284
1439803823.323763 1.201913953 -0.437257022 9.310150146 -0.002803174 0.023809738 0.013263921 0.999624610
1439803823.386264 1.202300668 -0.437916517 9.322635651 -0.002835299 0.021381533 0.014062637 0.999668479
1439803823.448768 1.202512026 -0.438569427 9.335029602 -0.003294789 0.018546877 0.014537425 0.999716878
1439803823.511267 1.202543974 -0.439105928 9.347808838 -0.003994803 0.015299674 0.015042950 0.999761820
1439803823.573768 1.202421665 -0.439722657 9.360108376 -0.003936921 0.011522395 0.015293512 0.999808908
1439803823.636270 1.202075839 -0.440554470 9.372250557 -0.003366444 0.007365003 0.015310474 0.999849975
1439803823.698772 1.201514244 -0.441263527 9.384348869 -0.002595928 0.002800400 0.015396350 0.999874175
1439803823.761272 1.200928450 -0.441835076 9.396353722 -0.001902713 -0.002360340 0.015553871 0.999874413
1439803823.823774 1.200029850 -0.442568779 9.408352852 -0.001842617 -0.008266026 0.015830338 0.999838829
1439803823.886275 1.198864937 -0.443119854 9.420410156 -0.001786820 -0.014818260 0.015522781 0.999768078
1439803823.948776 1.197484374 -0.443782151 9.432399750 -0.001527080 -0.021911019 0.015830435 0.999633431
1439803824.011280 1.195818305 -0.444568038 9.444112778 -0.001190047 -0.029516632 0.016242035 0.999431610
1439803824.073779 1.193942189 -0.445261002 9.455743790 -0.000583868 -0.037684679 0.016196448 0.999158263
1439803824.136281 1.191718817 -0.445887208 9.467313766 0.000061622 -0.046304043 0.015957955 0.998799920
1439803824.198785 1.189332604 -0.446545631 9.478566170 0.000804429 -0.055344015 0.016063469 0.998337805
1439803824.261285 1.186533213 -0.447485715 9.489861488 0.001316403 -0.064667851 0.015747290 0.997781694
1439803824.323785 1.183699608 -0.448127031 9.501252174 0.002324674 -0.074852332 0.015325442 0.997074127
1439803824.386289 1.180356503 -0.449085772 9.511906624 0.003178739 -0.085140221 0.015543160 0.996242642
1439803824.448790 1.176828623 -0.449887097 9.522844315 0.004158098 -0.095984355 0.015886396 0.995247364
1439803824.511289 1.173255444 -0.450809419 9.533308029 0.005297006 -0.107169650 0.015936453 0.994098902
1439803824.573791 1.169049025 -0.451663911 9.543970108 0.005999784 -0.118766755 0.016065322 0.992774069
1439803824.636292 1.164746046 -0.452476859 9.554291725 0.006773804 -0.130896866 0.015764683 0.991247535
1439803824.698794 1.160017729 -0.453321397 9.564721107 0.007927185 -0.143307999 0.016300838 0.989512146
1439803824.761295 1.154860973 -0.454174429 9.574479103 0.009082807 -0.156214684 0.016217940 0.987548172
1439803824.823797 1.149569750 -0.455128610 9.584096909 0.009713036 -0.169664487 0.015420120 0.985333383
1439803824.886298 1.144117594 -0.456021369 9.593888283 0.009864244 -0.183457702 0.016207682 0.982844472
1439803824.948800 1.138147593 -0.456906796 9.603267670 0.009729944 -0.197638124 0.015264400 0.980107903
1439803825.011302 1.131806135 -0.457726061 9.612514496 0.009694448 -0.212426022 0.013690921 0.977033138
1439803825.073801 1.124856472 -0.458780468 9.621365547 0.009568013 -0.227235958 0.012917569 0.973707080
1439803825.136303 1.118155003 -0.459617674 9.629989624 0.010239462 -0.242910430 0.012520199 0.969913900
1439803825.198805 1.110988855 -0.460607946 9.638400078 0.010982941 -0.258909464 0.012739492 0.965755105
1439803825.261306 1.103575230 -0.461699247 9.646570206 0.011766040 -0.275409639 0.013011528 0.961166918
1439803825.323806 1.095667362 -0.462766171 9.654220581 0.012685775 -0.292039961 0.012940072 0.956234396
1439803825.386306 1.087390900 -0.463687539 9.661588669 0.013633919 -0.309617370 0.012087664 0.950686634
1439803825.448807 1.078718185 -0.464729816 9.668412209 0.014198805 -0.327839404 0.010284559 0.944570780
1439803825.511307 1.069798946 -0.465623260 9.675039291 0.015100068 -0.346609861 0.008311648 0.937851012
1439803825.573808 1.060484409 -0.466477871 9.681086540 0.015774172 -0.365122855 0.007075129 0.930798829
1439803825.636309 1.050853252 -0.467266917 9.686886787 0.016202087 -0.383617580 0.005403145 0.923334062
1439803825.698809 1.041006565 -0.468023658 9.692260742 0.016446400 -0.401903450 0.003845649 0.915526271
1439803825.761309 1.031041622 -0.468811691 9.697381973 0.016967563 -0.420158416 0.001603605 0.907290697
1439803825.823813 1.020654202 -0.469746649 9.702089310 0.018033853 -0.437895566 -0.000440556 0.898844838
1439803825.886313 1.009954691 -0.470521390 9.706548691 0.018780196 -0.455362141 -0.001670319 0.890106618
1439803825.948811 0.999082804 -0.471354067 9.710672379 0.019356577 -0.472745299 -0.003458714 0.880979717
1439803826.011317 0.988039970 -0.472296476 9.714472771 0.019529421 -0.489805341 -0.004754504 0.871600091
1439803826.073813 0.976355791 -0.473190397 9.717898369 0.020174772 -0.505872369 -0.006782505 0.862345695
1439803826.136312 0.964564085 -0.473938525 9.721054077 0.021187434 -0.521209300 -0.008329705 0.853125155
1439803826.198814 0.952036381 -0.475040793 9.722899437 0.022044145 -0.535081148 -0.010405381 0.844448924
1439803826.261320 0.938055515 -0.475171149 9.725675583 0.023161907 -0.548488379 -0.011676583 0.835755765
1439803826.323816 0.925968647 -0.477461636 9.725056648 0.022208532 -0.560194194 -0.012172999 0.827974021
1439803826.386316 0.913494110 -0.479585707 9.728858948 0.021109043 -0.573640883 -0.010981510 0.818761230
