1439803713.446769 -0.001307953 -0.003297466 0.058014646 0.000275659 -0.001833715 0.000285368 0.999998212
1439803713.509270 -0.002486075 -0.006650668 0.115505449 0.000446996 -0.003887798 0.001353354 0.999991417
1439803713.571771 -0.003624190 -0.009821231 0.170599520 0.000430367 -0.006622863 0.002430948 0.999975026
1439803713.634274 -0.005812220 -0.013064816 0.231544659 0.000116877 -0.008742616 0.003229107 0.999956548
1439803713.696773 -0.008030643 -0.015823763 0.289556980 -0.000477278 -0.011264240 0.004391535 0.999926805
1439803713.759275 -0.010268171 -0.018881729 0.347896397 -0.000770898 -0.014084147 0.005721275 0.999884129
1439803713.821776 -0.013131535 -0.022261309 0.406410217 -0.001055945 -0.016913421 0.005796488 0.999839604
1439803713.884284 -0.016811172 -0.025491163 0.465170115 -0.001472924 -0.019674838 0.006158772 0.999786377
1439803713.946778 -0.020779978 -0.028731173 0.524123371 -0.001696022 -0.022737853 0.005643232 0.999724090
1439803714.009278 -0.025547549 -0.031594034 0.583975136 -0.001323993 -0.025874628 0.005572380 0.999648809
1439803714.071783 -0.029393626 -0.034778818 0.642348468 -0.000760600 -0.029099386 0.006048755 0.999557912
1439803714.134282 -0.034552306 -0.038057953 0.701601624 -0.000206898 -0.031892747 0.006134863 0.999472439
1439803714.196783 -0.039893564 -0.041202243 0.760782301 0.000151962 -0.034467913 0.006063282 0.999387383
1439803714.259284 -0.045105554 -0.044492468 0.819214523 0.000427979 -0.037531193 0.006425126 0.999274671
1439803714.321785 -0.051108465 -0.047819857 0.878206313 0.000655048 -0.040187325 0.005446159 0.999177098
1439803714.384285 -0.058144391 -0.051032547 0.937480927 0.000622104 -0.042595930 0.004721356 0.999081016
1439803714.446794 -0.064411812 -0.054094274 0.998118222 0.000269229 -0.045359831 0.004987453 0.998958230
1439803714.509289 -0.071692891 -0.057833325 1.059122920 0.000124371 -0.047829282 0.005227487 0.998841822
1439803714.571789 -0.078557856 -0.061223902 1.118990064 0.000241973 -0.049929965 0.004615439 0.998741984
1439803714.634297 -0.085923105 -0.064625129 1.179769158 0.000771512 -0.051645458 0.004526621 0.998654962
1439803714.696792 -0.093136206 -0.068281353 1.239367127 0.000774320 -0.053338781 0.003648932 0.998569548
1439803714.759294 -0.101755038 -0.071898200 1.300930023 0.000506385 -0.054286849 0.002255193 0.998522699
1439803714.821794 -0.108884454 -0.074805878 1.361431718 0.000587910 -0.055729304 0.002453975 0.998442709
1439803714.884296 -0.117001876 -0.077776678 1.423533201 0.000613055 -0.057056129 0.003246493 0.998365521
1439803714.946797 -0.123884588 -0.081423171 1.484328866 -0.000076817 -0.058502406 0.004476243 0.998277247
1439803715.009299 -0.131078482 -0.085114710 1.546263099 -0.000726585 -0.059934139 0.005585556 0.998186469
1439803715.071800 -0.139757946 -0.088123925 1.607368112 -0.000602752 -0.061213441 0.005414091 0.998109818
1439803715.134301 -0.148847833 -0.091287524 1.669554114 0.000081739 -0.062373735 0.005421273 0.998038113
1439803715.196802 -0.156510159 -0.094958924 1.731164217 0.000372712 -0.063518323 0.005363642 0.997966230
1439803715.259303 -0.165830612 -0.098583929 1.792268872 0.000483051 -0.064527757 0.005545553 0.997900367
1439803715.321803 -0.174403429 -0.102036819 1.855483294 0.000548211 -0.066086501 0.005669085 0.997797608
1439803715.384306 -0.183205351 -0.105336875 1.918322206 0.000633810 -0.067388572 0.005625441 0.997710705
1439803715.446806 -0.192752615 -0.109364763 1.980474472 0.000929220 -0.068629317 0.005331862 0.997627556
1439803715.509306 -0.202782363 -0.112949446 2.043334007 0.000889651 -0.069789693 0.005007039 0.997548759
1439803715.571810 -0.211226106 -0.116914436 2.104820490 0.001128263 -0.071391821 0.005485131 0.997432590
1439803715.634309 -0.221855402 -0.120766617 2.168030262 0.001185789 -0.072530016 0.004991046 0.997353017
1439803715.696809 -0.231096447 -0.124803402 2.230418205 0.001234066 -0.073944107 0.005641665 0.997245669
1439803715.759312 -0.242256463 -0.128256187 2.294880152 0.000911264 -0.075111270 0.005205888 0.997161150
1439803715.821813 -0.252566338 -0.131577387 2.357498407 0.000367140 -0.076363370 0.004576358 0.997069478
1439803715.884312 -0.263867617 -0.135412529 2.421251774 -0.000418729 -0.077707797 0.004252037 0.996967018
1439803715.946817 -0.274817109 -0.138693720 2.484848738 -0.000818575 -0.078876764 0.003575860 0.996877611
1439803716.009316 -0.286219001 -0.141962558 2.549389124 -0.001344074 -0.080205195 0.003128911 0.996772528
1439803716.071817 -0.298098624 -0.145404369 2.614319801 -0.002022447 -0.081444204 0.003143532 0.996670902
1439803716.134319 -0.309224099 -0.148537964 2.677778721 -0.002708558 -0.082932062 0.002704693 0.996547818
1439803716.196821 -0.320976645 -0.151933312 2.741957426 -0.003022092 -0.084215201 0.002618421 0.996439576
1439803716.259320 -0.332679361 -0.155137435 2.805529356 -0.002764314 -0.085350841 0.002560433 0.996343851
1439803716.321821 -0.344871938 -0.159047216 2.869749784 -0.002311028 -0.086181425 0.002000073 0.996274769
1439803716.384326 -0.357344508 -0.161920398 2.935197592 -0.001870669 -0.086888753 0.001987398 0.996214271
1439803716.446825 -0.370117545 -0.165223509 3.000603676 -0.001832988 -0.087369867 0.001784459 0.996172667
1439803716.509325 -0.382256269 -0.168457672 3.065872431 -0.002081620 -0.087625898 0.002194693 0.996148825
1439803716.571827 -0.393799782 -0.171525195 3.131021976 -0.002442813 -0.087593876 0.002984752 0.996148765
1439803716.634327 -0.405015886 -0.174993470 3.196362495 -0.003590865 -0.087507300 0.003318367 0.996151865
1439803716.696827 -0.417753190 -0.178279012 3.262358189 -0.004795634 -0.086974956 0.002974346 0.996194541
1439803716.759328 -0.429510444 -0.181531519 3.326321125 -0.004855794 -0.085954972 0.001361388 0.996286273
1439803716.821830 -0.441948771 -0.185073659 3.392124891 -0.004406209 -0.084866911 -0.000267812 0.996382535
1439803716.884330 -0.453825772 -0.188405156 3.459403992 -0.003605334 -0.083984770 -0.001121334 0.996459901
1439803716.946831 -0.464835078 -0.191199750 3.525692225 -0.003145003 -0.083014674 -0.001344264 0.996542454
1439803717.009335 -0.474730909 -0.194228545 3.589782476 -0.003044804 -0.081651203 -0.000520568 0.996656179
1439803717.071835 -0.485797226 -0.197023973 3.657100677 -0.003605898 -0.080201149 0.000312541 0.996772110
1439803717.134336 -0.495829105 -0.200450853 3.723188877 -0.005015962 -0.078716300 -0.000164962 0.996884406
1439803717.196837 -0.507734179 -0.204015821 3.791267157 -0.006113016 -0.077045426 -0.001499221 0.997007668
1439803717.259339 -0.518059850 -0.205361858 3.858780622 -0.006584175 -0.075464532 -0.001958858 0.997124851
1439803717.321842 -0.527926803 -0.208915561 3.925279140 -0.007108384 -0.073813438 -0.002503631 0.997243583
1439803717.384344 -0.538894117 -0.211958498 3.990815163 -0.007530164 -0.071908049 -0.003280365 0.997377455
1439803717.446843 -0.547806621 -0.214430839 4.059312344 -0.007173861 -0.070252173 -0.002927827 0.997499168
1439803717.509344 -0.556250930 -0.216951936 4.127654552 -0.006807601 -0.068484664 -0.002360659 0.997626126
1439803717.571845 -0.565629900 -0.220228821 4.197309971 -0.006687945 -0.066421725 -0.001950180 0.997767329
1439803717.634347 -0.573888183 -0.222625121 4.264326096 -0.006308932 -0.064356193 -0.001522907 0.997905910
1439803717.696852 -0.582929015 -0.225459009 4.335256100 -0.005859321 -0.062271260 -0.000743344 0.998041809
1439803717.759353 -0.589563072 -0.228270084 4.402451038 -0.005432235 -0.060562033 0.000052793 0.998149633
1439803717.821852 -0.598072529 -0.230921879 4.470530033 -0.005372379 -0.058526359 -0.000292545 0.998271406
1439803717.884354 -0.605719209 -0.233562320 4.540471554 -0.005493757 -0.056736466 -0.000633228 0.998373866
1439803717.946854 -0.614293337 -0.237037480 4.609935760 -0.005584249 -0.055042204 -0.000456218 0.998468339
1439803718.009358 -0.621820152 -0.240719333 4.678068161 -0.005679843 -0.053732146 0.000264633 0.998539209
1439803718.071858 -0.629703999 -0.243846357 4.748051643 -0.005698293 -0.052557927 0.000607049 0.998601437
1439803718.134360 -0.636168361 -0.247415870 4.816675663 -0.005605770 -0.051133443 0.000351706 0.998676062
1439803718.196862 -0.642682493 -0.250152320 4.887006760 -0.005459856 -0.049843270 0.000896771 0.998741746
1439803718.259361 -0.649752080 -0.253578633 4.958320141 -0.005296580 -0.048589200 0.001056185 0.998804212
1439803718.321863 -0.656499743 -0.256513387 5.026682854 -0.005055588 -0.047299594 0.000803010 0.998867631
1439803718.384368 -0.663991749 -0.260224551 5.099592686 -0.004558674 -0.045898341 0.001242967 0.998934925
1439803718.446866 -0.669434428 -0.263197869 5.168750286 -0.004204269 -0.044429425 0.001522921 0.999002516
1439803718.509368 -0.675446808 -0.265791744 5.240263939 -0.004388661 -0.043056916 0.000893279 0.999062598
1439803718.571868 -0.682350039 -0.269319057 5.310375690 -0.004591520 -0.041783478 0.000351708 0.999116063
1439803718.634369 -0.687855661 -0.272371024 5.381248474 -0.004732285 -0.040649697 -0.000240039 0.999162197
1439803718.696871 -0.693351746 -0.275267482 5.452616215 -0.005299732 -0.039689764 -0.000100504 0.999197960
1439803718.759372 -0.699403882 -0.278530121 5.524957180 -0.005849886 -0.038638089 0.000819726 0.999235809
1439803718.821874 -0.703432500 -0.282022864 5.594571590 -0.005569332 -0.038169559 0.001463133 0.999254704
1439803718.884375 -0.707611918 -0.284599662 5.665160656 -0.005226252 -0.037603084 0.002067265 0.999276936
1439803718.946877 -0.714582324 -0.288831592 5.736147881 -0.005163731 -0.036814984 0.002485276 0.999305665
1439803719.009377 -0.721474290 -0.292506725 5.809069157 -0.004634424 -0.036163162 0.002359147 0.999332368
1439803719.071877 -0.726805449 -0.295530111 5.881085396 -0.004291811 -0.035582002 0.001815291 0.999355912
1439803719.134378 -0.731253505 -0.297871768 5.951670647 -0.005288344 -0.035252720 0.000055931 0.999364436
1439803719.196878 -0.737641096 -0.300567389 6.025261879 -0.006655443 -0.034968562 -0.001478423 0.999365151
1439803719.259378 -0.738553822 -0.305577040 6.089869976 -0.007757153 -0.035048667 -0.001798523 0.999353886
1439803719.321880 -0.746816635 -0.307167530 6.166272163 -0.007792385 -0.034791712 -0.000863588 0.999363840
1439803719.384380 -0.753305197 -0.310015112 6.240345955 -0.007580065 -0.034405660 -0.000343546 0.999379158
1439803719.446881 -0.758143544 -0.313081741 6.313641548 -0.007345111 -0.034046039 -0.001187799 0.999392569
1439803719.509382 -0.763880730 -0.316443652 6.384391308 -0.007613322 -0.033492558 -0.002912280 0.999405742
1439803719.571882 -0.768720567 -0.318950802 6.458027840 -0.008686796 -0.033199467 -0.002736235 0.999407232
1439803719.634382 -0.773156524 -0.320115685 6.532070160 -0.009658800 -0.033252928 -0.001274001 0.999399483
1439803719.696884 -0.779003859 -0.323291659 6.604474545 -0.010600436 -0.033140369 0.000033156 0.999394476
1439803719.759383 -0.786974072 -0.325049371 6.678387165 -0.010478878 -0.032892253 0.000652870 0.999403775
1439803719.821884 -0.791360140 -0.328273356 6.749240875 -0.009699287 -0.032850064 0.001891425 0.999411464
1439803719.884386 -0.794019341 -0.331121385 6.820754051 -0.008265657 -0.032944582 0.002798151 0.999419093
1439803719.946886 -0.798953176 -0.334905505 6.896906376 -0.007278458 -0.032964557 0.002841364 0.999426007
1439803720.009387 -0.804024816 -0.337671041 6.970818520 -0.006313735 -0.033008795 0.002409355 0.999432206
1439803720.071887 -0.809475422 -0.340694189 7.042114735 -0.005960783 -0.033053812 0.003240502 0.999430537
1439803720.134391 -0.812436640 -0.342454195 7.113804340 -0.005570593 -0.033315528 0.004126836 0.999420822
1439803720.196890 -0.815988421 -0.344871104 7.184802055 -0.005511521 -0.033634253 0.005115034 0.999405921
1439803720.259391 -0.823949814 -0.351109028 7.255093575 -0.005755884 -0.033142678 0.005030245 0.999421418
1439803720.321896 -0.828733325 -0.355093300 7.328568459 -0.005416047 -0.032879155 0.005406669 0.999430060
1439803720.384394 -0.832436562 -0.360441387 7.400572300 -0.005787963 -0.032766148 0.004432142 0.999436438
1439803720.446896 -0.835362554 -0.360034645 7.470243931 -0.005705129 -0.032820530 0.004767446 0.999433637
1439803720.509397 -0.842965722 -0.363781154 7.543267250 -0.005638955 -0.032343496 0.005278146 0.999446929
1439803720.571898 -0.848082304 -0.367361724 7.613399982 -0.005807966 -0.032117110 0.005740251 0.999450743
1439803720.634399 -0.853255272 -0.370839089 7.688211918 -0.005799634 -0.031879418 0.005049308 0.999462128
1439803720.696901 -0.857943594 -0.374319434 7.758469105 -0.006344501 -0.031546358 0.004736940 0.999470949
1439803720.759402 -0.862837195 -0.377110183 7.829187393 -0.006658759 -0.031319235 0.005480546 0.999472201
1439803720.821904 -0.867213428 -0.380368471 7.903135300 -0.006779285 -0.031005664 0.005387925 0.999481678
1439803720.884405 -0.872748911 -0.383953840 7.974817276 -0.006415777 -0.030529087 0.005587775 0.999497652
1439803720.946907 -0.877276540 -0.387728304 8.045718193 -0.005597111 -0.030206382 0.004811795 0.999516428
1439803721.009408 -0.881902695 -0.391459346 8.116290092 -0.004352806 -0.029819408 0.004234660 0.999536872
1439803721.071909 -0.887130260 -0.394287825 8.188405991 -0.003039151 -0.029536065 0.003433239 0.999553204
1439803721.134410 -0.891434789 -0.397827089 8.256810188 -0.002575026 -0.029416770 0.003789713 0.999556720
1439803721.196915 -0.895002425 -0.400722682 8.326976776 -0.002771175 -0.029264966 0.004748753 0.999556541
1439803721.259414 -0.900058508 -0.404233813 8.398868561 -0.003159711 -0.028805992 0.005334459 0.999565780
1439803721.321912 -0.903724074 -0.408569962 8.468693733 -0.003985985 -0.028438490 0.005227091 0.999573946
1439803721.384417 -0.907116890 -0.410851300 8.540408134 -0.004599063 -0.027935181 0.004863152 0.999587297
1439803721.446914 -0.913134217 -0.414980561 8.612546921 -0.005695142 -0.027353782 0.005278492 0.999595642
1439803721.509414 -0.917150855 -0.418533117 8.681010246 -0.006233543 -0.027081309 0.003916193 0.999606133
1439803721.571916 -0.921885371 -0.421929002 8.752371788 -0.006391995 -0.026654696 0.002366891 0.999621451
1439803721.634415 -0.925388336 -0.425133616 8.822182655 -0.005526069 -0.026532238 0.002337603 0.999629915
1439803721.696916 -0.929760754 -0.429061502 8.892094612 -0.004338731 -0.026053244 0.003266386 0.999645829
1439803721.759420 -0.932025611 -0.433862776 8.959685326 -0.003215586 -0.025780685 0.003846322 0.999655068
1439803721.821920 -0.935798943 -0.437906533 9.030181885 -0.002621240 -0.025142882 0.004333343 0.999671042
1439803721.884419 -0.939493895 -0.441451758 9.100032806 -0.002640570 -0.024300655 0.004396189 0.999691546
1439803721.946922 -0.942262232 -0.444876671 9.169305801 -0.003426725 -0.024042467 0.003890821 0.999697506
1439803722.009424 -0.947369576 -0.447473556 9.241645813 -0.004740227 -0.023245269 0.003390826 0.999712765
1439803722.071925 -0.950497031 -0.450698018 9.311400414 -0.006022782 -0.023019236 0.003678528 0.999710083
1439803722.134424 -0.954056203 -0.454065204 9.382717133 -0.006871516 -0.022560745 0.004547539 0.999711514
1439803722.196925 -0.957201004 -0.457479209 9.453234673 -0.007081824 -0.022071594 0.005616616 0.999715507
1439803722.259428 -0.960243225 -0.460176647 9.523184776 -0.006381665 -0.021711223 0.006477881 0.999722898
1439803722.321932 -0.963478923 -0.462753773 9.593096733 -0.006137620 -0.021218847 0.005703279 0.999739707
1439803722.384430 -0.967263281 -0.465566039 9.664128304 -0.006962424 -0.020688755 0.003576719 0.999755323
1439803722.446929 -0.970870614 -0.468767822 9.732415199 -0.007578760 -0.020326214 0.001327425 0.999763787
1439803722.509431 -0.974008441 -0.471627653 9.804553986 -0.007912601 -0.019959031 0.000880991 0.999769092
1439803722.571932 -0.977405012 -0.473978996 9.874395370 -0.008490989 -0.019387906 0.000520446 0.999775827
1439803722.634433 -0.980632901 -0.477229595 9.945479393 -0.008049314 -0.018709417 -0.000719149 0.999792278
1439803722.696935 -0.983071685 -0.480253756 10.015263557 -0.007074121 -0.018084912 -0.001816842 0.999809802
1439803722.759435 -0.986716747 -0.483847320 10.086536407 -0.005256347 -0.017317837 0.000298192 0.999836147
1439803722.821939 -0.987195969 -0.487774521 10.156818390 -0.003285164 -0.017141806 0.002526480 0.999844491
1439803722.884438 -0.991080284 -0.491380543 10.229155540 -0.001470803 -0.016517449 0.003843707 0.999855101
1439803722.946942 -0.992902875 -0.494326711 10.302206993 -0.000978863 -0.015723437 0.003442983 0.999869943
1439803723.009446 -0.994961739 -0.498030871 10.372638702 -0.001384464 -0.014974495 0.004598084 0.999876320
1439803723.071940 -0.996619225 -0.500625610 10.444515228 -0.003365430 -0.014575143 0.005773594 0.999871433
1439803723.134443 -0.998286724 -0.503845155 10.518207550 -0.006122576 -0.014550461 0.006108300 0.999856710
1439803723.196943 -1.000339508 -0.506693721 10.590486526 -0.008325358 -0.014524533 0.006832445 0.999836504
1439803723.259444 -1.002564430 -0.509649456 10.662065506 -0.009846915 -0.014002955 0.006182753 0.999834359
1439803723.321946 -1.004815578 -0.512299776 10.732999802 -0.010382610 -0.013610295 0.004892801 0.999841511
1439803723.384447 -1.006998539 -0.514830709 10.803775787 -0.009711328 -0.013348172 0.004509443 0.999853611
1439803723.446948 -1.009193182 -0.518511176 10.876443863 -0.008646671 -0.012802076 0.005232093 0.999866962
1439803723.509450 -1.009811997 -0.520974994 10.947632790 -0.006337909 -0.012906663 0.005803282 0.999879777
1439803723.571951 -1.013854980 -0.525209069 11.018768311 -0.004244161 -0.012516507 0.005434077 0.999897897
1439803723.634452 -1.016035676 -0.528016150 11.089043617 -0.002233767 -0.012428401 0.005075652 0.999907374
1439803723.696954 -1.018272638 -0.532204449 11.159150124 -0.001701850 -0.012361726 0.004247508 0.999913096
1439803723.759455 -1.020950794 -0.535675645 11.229807854 -0.001486319 -0.012434110 0.003831388 0.999914229
1439803723.821957 -1.022384882 -0.539087117 11.301584244 -0.002710212 -0.012868971 0.004050542 0.999905288
1439803723.884457 -1.024309158 -0.542439699 11.372241020 -0.004479930 -0.013078636 0.004619314 0.999893785
1439803723.946959 -1.027175426 -0.546549618 11.442238808 -0.006106323 -0.012994504 0.005514354 0.999881744
1439803724.009460 -1.028753042 -0.549272537 11.515049934 -0.007051533 -0.013137951 0.006121297 0.999870062
1439803724.071962 -1.031091809 -0.552225888 11.585990906 -0.007113819 -0.013287230 0.004886084 0.999874473
1439803724.134463 -1.034357786 -0.556279421 11.657635689 -0.006356432 -0.013031373 0.002588093 0.999891520
1439803724.196964 -1.036113739 -0.560495436 11.728919983 -0.004594435 -0.013157466 0.003526579 0.999896646
1439803724.259465 -1.038569212 -0.563681901 11.800601959 -0.002817041 -0.013086938 0.005009943 0.999897838
1439803724.321967 -1.039848804 -0.566770434 11.870944977 -0.001967523 -0.013526942 0.005276130 0.999892652
1439803724.384468 -1.042639017 -0.569759429 11.943885803 -0.002640953 -0.013324735 0.004434140 0.999897897
1439803724.446970 -1.045133114 -0.572082043 12.015690804 -0.003671587 -0.013168827 0.004423029 0.999896765
1439803724.509471 -1.047232270 -0.575395525 12.087548256 -0.005569980 -0.013215151 0.004430260 0.999887347
1439803724.571972 -1.049166322 -0.578093648 12.159439087 -0.006838925 -0.013597196 0.003846067 0.999876738
1439803724.634474 -1.052671909 -0.582182705 12.232744217 -0.007172058 -0.013446650 0.003771561 0.999876738
1439803724.696975 -1.056025028 -0.587695420 12.306621552 -0.006959954 -0.012951408 0.002800721 0.999888003
1439803724.759476 -1.057941794 -0.590495229 12.374839783 -0.005365612 -0.012709428 0.001765011 0.999903262
1439803724.821977 -1.059175014 -0.593515158 12.446911812 -0.004419750 -0.012017488 0.003013578 0.999913454
1439803724.884478 -1.060844183 -0.594993889 12.519558907 -0.005508354 -0.011122547 0.005561791 0.999907494
1439803724.946980 -1.062192917 -0.599183381 12.592053413 -0.006993207 -0.010701237 0.006433015 0.999897599
1439803725.009482 -1.064909339 -0.601312220 12.663619041 -0.007588150 -0.010257193 0.006679203 0.999896288
1439803725.071982 -1.065039754 -0.606084824 12.734476089 -0.008438722 -0.009703115 0.005069689 0.999904454
1439803725.134483 -1.069523454 -0.610305309 12.809905052 -0.007551396 -0.009136198 0.005722469 0.999913394
1439803725.196985 -1.068008423 -0.611582994 12.877745628 -0.005275020 -0.009521444 0.007178328 0.999915004
1439803725.259486 -1.070495248 -0.615980923 12.951271057 -0.004573242 -0.009202348 0.007125641 0.999921799
1439803725.321988 -1.071204305 -0.618678093 13.022331238 -0.004720727 -0.009310398 0.008212452 0.999911785
1439803725.384489 -1.073238850 -0.622164965 13.096738815 -0.005654124 -0.009171241 0.007781461 0.999911666
1439803725.446990 -1.073945999 -0.624644101 13.168811798 -0.006193464 -0.009478219 0.007471770 0.999907970
1439803725.509489 -1.075337172 -0.628064811 13.239244461 -0.006458815 -0.009882984 0.007510736 0.999902129
1439803725.572012 -1.077610254 -0.630992055 13.314891815 -0.006383663 -0.010251931 0.008039795 0.999894738
1439803725.634491 -1.077614069 -0.634119987 13.383842468 -0.006404783 -0.011339412 0.008696564 0.999877334
1439803725.696991 -1.081735611 -0.635985970 13.457850456 -0.005904254 -0.011831886 0.008346373 0.999877751
1439803725.759492 -1.084995866 -0.641754091 13.534168243 -0.005761490 -0.012380395 0.007631682 0.999877632
1439803725.821992 -1.088095188 -0.645134449 13.606250763 -0.005234485 -0.012926795 0.006864032 0.999879181
1439803725.884493 -1.089703560 -0.647933781 13.678034782 -0.004367416 -0.013819164 0.006421322 0.999874353
1439803725.946993 -1.094285727 -0.651972413 13.751977921 -0.003980684 -0.014345953 0.005818073 0.999872208
1439803726.009494 -1.097981095 -0.655314744 13.825020790 -0.004123019 -0.014885841 0.005306452 0.999866605
1439803726.071994 -1.098197818 -0.658306837 13.899992943 -0.004471329 -0.015839320 0.005436433 0.999849796
1439803726.134496 -1.099167228 -0.661424279 13.972278595 -0.004780602 -0.016446134 0.005551829 0.999837935
1439803726.196998 -1.103118896 -0.665174603 14.045731544 -0.005199275 -0.016709924 0.005270741 0.999832988
1439803726.259497 -1.106403828 -0.668507814 14.119081497 -0.005527838 -0.016895570 0.005060169 0.999829173
1439803726.321999 -1.110205650 -0.670941889 14.194409370 -0.005707663 -0.016916828 0.004420801 0.999830842
1439803726.384500 -1.112414598 -0.674832106 14.264681816 -0.006013692 -0.017001729 0.004519210 0.999827147
1439803726.447003 -1.115390539 -0.678008676 14.338089943 -0.006455558 -0.016947357 0.004551149 0.999825180
1439803726.509503 -1.117971778 -0.680927277 14.409928322 -0.006927988 -0.016980311 0.004789151 0.999820352
1439803726.572006 -1.121482253 -0.684605420 14.482724190 -0.006869236 -0.016839614 0.004878853 0.999822736
1439803726.634506 -1.124197125 -0.687423468 14.555731773 -0.006883027 -0.016747415 0.004509709 0.999825895
1439803726.697007 -1.127042770 -0.689985514 14.628608704 -0.006930060 -0.016713213 0.004404485 0.999826610
1439803726.759509 -1.129455924 -0.693175316 14.702383995 -0.006805153 -0.016592395 0.004599199 0.999828577
1439803726.822009 -1.132317305 -0.696105599 14.776181221 -0.006614035 -0.016494783 0.005002705 0.999829531
1439803726.884510 -1.135107040 -0.699357271 14.848937988 -0.007032074 -0.016299665 0.004941081 0.999830186
1439803726.947012 -1.137877464 -0.703002572 14.921867371 -0.007465202 -0.015949657 0.004570442 0.999834478
1439803727.009514 -1.140149951 -0.705457747 14.996190071 -0.007786269 -0.015724853 0.004180282 0.999837279
1439803727.072013 -1.142713904 -0.708579659 15.069035530 -0.009771694 -0.015363642 0.004073801 0.999825895
1439803727.134514 -1.145668745 -0.710579872 15.144865036 -0.012002349 -0.014944515 0.004622334 0.999805629
1439803727.197016 -1.147903323 -0.713258982 15.219354630 -0.012621259 -0.014778180 0.004511024 0.999800980
1439803727.259517 -1.150797606 -0.716314495 15.292448044 -0.012114398 -0.014143718 0.003764949 0.999819517
1439803727.322018 -1.152682066 -0.719397902 15.365605354 -0.010202734 -0.013552701 0.003722373 0.999849141
1439803727.384520 -1.155132055 -0.723098576 15.437045097 -0.006600460 -0.013020463 0.005146695 0.999880195
1439803727.447021 -1.157299519 -0.726328075 15.513804436 -0.003748785 -0.012348601 0.005645965 0.999900818
1439803727.509522 -1.159648538 -0.729412913 15.588710785 -0.003038326 -0.011748453 0.005715903 0.999910057
1439803727.572023 -1.161359787 -0.732923388 15.661297798 -0.003731692 -0.011371089 0.005364018 0.999913990
1439803727.634525 -1.163998961 -0.736700475 15.738604546 -0.005031963 -0.011114742 0.005862227 0.999908388
1439803727.697029 -1.164449930 -0.739213109 15.813154221 -0.006019827 -0.011201325 0.006240966 0.999899685
1439803727.759527 -1.167648077 -0.743432999 15.890059471 -0.006896682 -0.010661308 0.006329687 0.999899328
1439803727.822033 -1.169697285 -0.746880531 15.965111732 -0.006695970 -0.010172395 0.006669167 0.999903619
1439803727.884534 -1.171055794 -0.750575542 16.039514542 -0.006080250 -0.010032852 0.007147558 0.999905646
1439803727.947032 -1.172419548 -0.754069626 16.113031387 -0.005377223 -0.009814905 0.007883608 0.999906301
1439803728.009533 -1.174372315 -0.757214129 16.189401627 -0.004322392 -0.009466817 0.008270585 0.999911666
1439803728.072035 -1.175643206 -0.760653555 16.264701843 -0.004295726 -0.009353939 0.008499939 0.999910891
1439803728.134536 -1.177831292 -0.763549745 16.340877533 -0.004982827 -0.009173893 0.008677863 0.999907851
1439803728.197038 -1.179612875 -0.766434431 16.416191101 -0.006094055 -0.009037324 0.008617683 0.999903500
1439803728.259539 -1.181771517 -0.769424736 16.492557526 -0.006944397 -0.009043696 0.008526042 0.999898612
1439803728.322040 -1.183317900 -0.772592068 16.567136765 -0.007900013 -0.009112750 0.008779937 0.999888718
1439803728.384541 -1.184876442 -0.775637805 16.644046783 -0.008116501 -0.009197707 0.008637773 0.999887466
1439803728.447042 -1.186663985 -0.779248714 16.719141006 -0.008096895 -0.009171641 0.007956124 0.999893486
1439803728.509545 -1.188212991 -0.782007217 16.794733047 -0.007929315 -0.009114862 0.007847467 0.999896228
1439803728.572048 -1.189701796 -0.784711897 16.870018005 -0.008115605 -0.009222465 0.007648345 0.999895275
1439803728.634546 -1.191713095 -0.787446618 16.945999146 -0.008346333 -0.009118512 0.007803421 0.999893129
1439803728.697045 -1.193503022 -0.790025830 17.020809174 -0.008244134 -0.009290671 0.007796790 0.999892473
1439803728.759547 -1.195035934 -0.793006778 17.097026825 -0.008139927 -0.009264386 0.007876703 0.999892950
1439803728.822048 -1.197531819 -0.796252906 17.172822952 -0.008153229 -0.009281024 0.008005581 0.999891639
1439803728.884550 -1.198933125 -0.799208045 17.247800827 -0.007986018 -0.009262024 0.008329945 0.999890506
1439803728.947051 -1.201016307 -0.802617133 17.323814392 -0.007702662 -0.009247670 0.008532581 0.999891162
1439803729.009551 -1.201386571 -0.805427372 17.398078918 -0.007719831 -0.009439227 0.008477698 0.999889731
1439803729.072054 -1.203305125 -0.809121192 17.474325180 -0.007384962 -0.009498931 0.008304724 0.999893129
1439803729.134554 -1.206546783 -0.811558187 17.551977158 -0.007075690 -0.009283931 0.007912492 0.999900520
1439803729.197055 -1.208273649 -0.814520478 17.627641678 -0.007095260 -0.009355619 0.007713404 0.999901295
1439803729.259557 -1.210356355 -0.817675114 17.704553604 -0.007035064 -0.009276257 0.006976974 0.999907911
1439803729.322059 -1.212830424 -0.821244597 17.780914307 -0.007021633 -0.009139007 0.006386810 0.999913156
1439803729.384559 -1.214069724 -0.824497759 17.857603073 -0.006889347 -0.009408699 0.006730156 0.999909341
1439803729.447064 -1.215440989 -0.828193545 17.935085297 -0.006719499 -0.009497826 0.007240931 0.999906123
1439803729.509567 -1.217541456 -0.831172109 18.012481689 -0.006618965 -0.009469788 0.006650412 0.999911129
1439803729.572064 -1.219556808 -0.833785355 18.088228226 -0.006561451 -0.009487511 0.006150900 0.999914527
1439803729.634565 -1.222301364 -0.837828875 18.165493011 -0.006530753 -0.009455573 0.006158181 0.999914944
1439803729.697067 -1.224484921 -0.840871334 18.242559433 -0.006038480 -0.009639414 0.006273289 0.999915600
1439803729.759568 -1.225822330 -0.844779491 18.318616867 -0.005763292 -0.009926632 0.006378967 0.999913752
1439803729.822070 -1.228200674 -0.847789109 18.395999908 -0.005593226 -0.010127828 0.005942558 0.999915361
1439803729.884571 -1.230287790 -0.850989699 18.472764969 -0.005910457 -0.010232738 0.006050750 0.999911845
1439803729.947074 -1.232359290 -0.854047418 18.549367905 -0.006857785 -0.010435267 0.005802830 0.999905169
1439803730.009572 -1.234335423 -0.856831670 18.627202988 -0.007695460 -0.010688825 0.005724661 0.999896884
1439803730.072072 -1.236055374 -0.861877143 18.703351974 -0.008307036 -0.011056386 0.005570963 0.999888837
1439803730.134573 -1.240750074 -0.863107920 18.781217575 -0.008052454 -0.011025490 0.005359959 0.999892414
1439803730.197074 -1.241541982 -0.866518080 18.858049393 -0.007781665 -0.011499663 0.005604880 0.999887884
1439803730.259574 -1.245208859 -0.868966341 18.933967590 -0.007113060 -0.011656929 0.005711672 0.999890447
1439803730.322075 -1.247035980 -0.873660564 19.011701584 -0.007308498 -0.011927282 0.005986142 0.999884248
1439803730.384575 -1.249875784 -0.878051877 19.089906693 -0.008172779 -0.012091557 0.006026422 0.999875307
1439803730.447076 -1.253353357 -0.880767465 19.168739319 -0.008739231 -0.012242533 0.006396872 0.999866426
1439803730.509577 -1.254063964 -0.883442700 19.246391296 -0.009013500 -0.012763768 0.007087650 0.999852777
1439803730.572077 -1.256594181 -0.886390567 19.322237015 -0.008685365 -0.013005814 0.007170555 0.999852002
1439803730.634577 -1.259108305 -0.889365196 19.398794174 -0.008098013 -0.013379512 0.007569513 0.999849021
1439803730.697078 -1.262747645 -0.891893625 19.475749969 -0.007138962 -0.013349771 0.007329457 0.999858558
1439803730.759579 -1.265888095 -0.894517422 19.552570343 -0.006460103 -0.013490574 0.007408047 0.999860704
1439803730.822081 -1.268917680 -0.897128582 19.628519058 -0.006560364 -0.013553844 0.007101963 0.999861419
1439803730.884580 -1.272068620 -0.901747048 19.708023071 -0.006883400 -0.013700739 0.007003060 0.999857903
1439803730.947083 -1.274595261 -0.905000091 19.785530090 -0.007101306 -0.013733597 0.006287654 0.999860704
1439803731.009584 -1.279502749 -0.909519911 19.860050201 -0.007609900 -0.013814855 0.005724363 0.999859214
1439803731.072084 -1.279994965 -0.911395252 19.940637589 -0.007805094 -0.013791793 0.005901553 0.999857008
1439803731.134587 -1.283853769 -0.914448738 20.017557144 -0.008001529 -0.013519063 0.005738295 0.999860108
1439803731.197088 -1.285136461 -0.917270005 20.095874786 -0.008284749 -0.013780103 0.005833364 0.999853730
1439803731.259588 -1.287167788 -0.919482350 20.174701691 -0.008697004 -0.013863864 0.006324556 0.999846041
1439803731.322091 -1.290023804 -0.923291445 20.250919342 -0.009650990 -0.013638706 0.006460463 0.999839544
1439803731.384594 -1.292231917 -0.926057041 20.329030991 -0.010269399 -0.013645812 0.007108088 0.999828935
1439803731.447095 -1.293862700 -0.929437697 20.403558731 -0.010009804 -0.013537372 0.006849115 0.999834836
1439803731.509596 -1.297050118 -0.931771278 20.482292175 -0.009036747 -0.013396819 0.007051580 0.999844551
1439803731.572094 -1.298489332 -0.935623527 20.557891846 -0.008319254 -0.013296681 0.006887248 0.999853253
1439803731.634594 -1.300156236 -0.938387752 20.634326935 -0.007290386 -0.013177859 0.007525456 0.999858260
1439803731.697097 -1.302743196 -0.942261994 20.711280823 -0.007375840 -0.013110954 0.007936602 0.999855340
1439803731.759603 -1.305820942 -0.945286512 20.786069870 -0.007818620 -0.012840760 0.007820110 0.999856412
1439803731.822099 -1.307137251 -0.948644400 20.865114212 -0.008578034 -0.012652109 0.008042694 0.999850810
1439803731.884599 -1.309380770 -0.951366425 20.942394257 -0.009316929 -0.012495062 0.008178676 0.999845088
1439803731.947104 -1.310464144 -0.954219103 21.018182755 -0.009893797 -0.012350689 0.008000838 0.999842763
1439803732.009600 -1.313402653 -0.957508802 21.094860077 -0.010163424 -0.012244065 0.007820596 0.999842823
1439803732.072101 -1.315671444 -0.960751951 21.169448853 -0.009951038 -0.011956453 0.007112923 0.999853730
1439803732.134605 -1.317555189 -0.963891625 21.246364594 -0.009671638 -0.011814050 0.007529291 0.999855101
1439803732.197107 -1.320080876 -0.967225552 21.322469711 -0.009062499 -0.011517249 0.007711242 0.999862909
1439803732.259607 -1.321776986 -0.969771743 21.398488998 -0.008833614 -0.011418547 0.007464875 0.999867916
1439803732.322107 -1.324158907 -0.972428679 21.475402832 -0.008475571 -0.011059791 0.007027071 0.999878228
1439803732.384608 -1.325462580 -0.975754499 21.549842834 -0.008213801 -0.010868942 0.006957686 0.999882996
1439803732.447114 -1.327822924 -0.979166389 21.625364304 -0.008244025 -0.010654345 0.007390256 0.999881923
1439803732.509615 -1.329737067 -0.982230186 21.701173782 -0.008156419 -0.010339232 0.007259923 0.999886930
1439803732.572113 -1.331962824 -0.985429764 21.777402878 -0.007997356 -0.010153965 0.007068061 0.999891520
1439803732.634614 -1.333952904 -0.988309860 21.851703644 -0.008153101 -0.009944600 0.006976190 0.999892950
1439803732.697115 -1.334422469 -0.991771221 21.927803040 -0.008267579 -0.009958272 0.007108846 0.999890983
1439803732.759618 -1.336729407 -0.994888008 22.000427246 -0.007883470 -0.009610943 0.007392023 0.999895394
1439803732.822118 -1.338849306 -0.997829497 22.075342178 -0.007611702 -0.009523863 0.007551039 0.999897182
1439803732.884620 -1.338254929 -0.999466181 22.151613235 -0.007294007 -0.009740680 0.008360012 0.999890983
1439803732.947120 -1.341342211 -1.004049778 22.223785400 -0.007426957 -0.009148623 0.008622977 0.999893427
1439803733.009621 -1.343723059 -1.007324338 22.298803329 -0.007743105 -0.008920730 0.008826947 0.999891281
1439803733.072121 -1.343049407 -1.009957194 22.372440338 -0.007970086 -0.008927539 0.008982449 0.999888062
1439803733.134623 -1.345827818 -1.013524652 22.446510315 -0.007880807 -0.008475194 0.009522184 0.999887705
1439803733.197124 -1.347691298 -1.016110539 22.519721985 -0.007756096 -0.008072764 0.010046608 0.999886870
1439803733.259625 -1.348579407 -1.019708991 22.595626831 -0.008093433 -0.007931517 0.010520872 0.999880433
1439803733.322126 -1.349848270 -1.023401976 22.668754578 -0.008229583 -0.007495123 0.011241142 0.999874830
1439803733.384626 -1.350484848 -1.025706053 22.743545532 -0.008598054 -0.007506330 0.011591004 0.999867678
1439803733.447132 -1.351466537 -1.028558254 22.818014145 -0.009719276 -0.007323596 0.012171376 0.999851823
1439803733.509631 -1.352885842 -1.031105638 22.892162323 -0.010153482 -0.007168733 0.013301075 0.999834299
1439803733.572131 -1.354507089 -1.033823729 22.966707230 -0.010079649 -0.007193500 0.012980166 0.999839067
1439803733.634630 -1.355880022 -1.037228584 23.039661407 -0.009629628 -0.007146461 0.011902934 0.999857247
1439803733.697131 -1.357587814 -1.040624022 23.112522125 -0.007705114 -0.007163668 0.010948897 0.999884725
1439803733.759635 -1.358657598 -1.043732166 23.185571671 -0.005689653 -0.007382313 0.010614222 0.999900222
1439803733.822134 -1.360509634 -1.046553373 23.259162903 -0.004528879 -0.007639867 0.010855974 0.999901652
1439803733.884635 -1.362543821 -1.050169349 23.333759308 -0.004986543 -0.007734904 0.010283890 0.999904752
1439803733.947135 -1.362250924 -1.053208828 23.405153275 -0.005936090 -0.008061332 0.010585312 0.999893844
1439803734.009637 -1.365099192 -1.056516886 23.479902267 -0.007213103 -0.008216670 0.011088884 0.999878764
1439803734.072138 -1.366475344 -1.058937907 23.554357529 -0.008195733 -0.008523193 0.011043673 0.999869108
1439803734.134639 -1.368716717 -1.062656403 23.626136780 -0.009303544 -0.008687356 0.010923248 0.999859333
1439803734.197140 -1.370284438 -1.065836787 23.698905945 -0.009794553 -0.009130641 0.009921822 0.999861121
1439803734.259642 -1.372266054 -1.068329930 23.771883011 -0.009783152 -0.009412693 0.010301076 0.999854803
1439803734.322144 -1.373817682 -1.071312666 23.844373703 -0.009243267 -0.009741280 0.010795967 0.999851584
1439803734.384647 -1.375239730 -1.074430346 23.915906906 -0.008161389 -0.009848818 0.011052264 0.999857128
1439803734.447148 -1.377315283 -1.077341795 23.987882614 -0.007628664 -0.009827372 0.010455233 0.999867976
1439803734.509649 -1.379101753 -1.080610633 24.059089661 -0.007061014 -0.009850718 0.010727144 0.999868989
1439803734.572151 -1.380462170 -1.083636522 24.130443573 -0.006556976 -0.009979616 0.011364130 0.999864101
1439803734.634653 -1.382759571 -1.086685777 24.202346802 -0.006462523 -0.009845820 0.011171996 0.999868214
1439803734.697154 -1.383813381 -1.089766145 24.274068832 -0.006764791 -0.009939588 0.010265844 0.999875009
1439803734.759656 -1.385964990 -1.092844367 24.346549988 -0.006899348 -0.009929404 0.009593934 0.999880850
1439803734.822156 -1.387430310 -1.095962405 24.417602539 -0.007272574 -0.009897457 0.010078048 0.999873817
1439803734.884655 -1.388545275 -1.098661661 24.487672806 -0.007762657 -0.010007362 0.010304429 0.999866724
1439803734.947155 -1.390793324 -1.102620125 24.558666229 -0.008389073 -0.009954008 0.009731024 0.999867916
1439803735.009656 -1.392216682 -1.105655789 24.630287170 -0.008761050 -0.009959850 0.009286729 0.999868870
1439803735.072156 -1.393734574 -1.107913256 24.700119019 -0.009270601 -0.009966298 0.009564021 0.999861598
1439803735.134656 -1.396243811 -1.110756516 24.771879196 -0.009721593 -0.009872024 0.009781050 0.999856174
1439803735.197163 -1.397361517 -1.113445401 24.841892242 -0.009767941 -0.010015686 0.009633224 0.999855697
1439803735.259660 -1.400354862 -1.115593553 24.912422180 -0.009951539 -0.009697133 0.009214121 0.999861002
1439803735.322162 -1.400732517 -1.117677331 24.980489731 -0.010432625 -0.010016428 0.009478522 0.999850512
1439803735.384663 -1.403499365 -1.120487213 25.050865173 -0.010925296 -0.009848592 0.009400696 0.999847651
1439803735.447164 -1.404879928 -1.123434782 25.118593216 -0.010992545 -0.009819223 0.011170369 0.999828994
1439803735.509664 -1.405176759 -1.126582861 25.184194565 -0.010394406 -0.009795688 0.012068696 0.999825180
1439803735.572165 -1.406832695 -1.129851103 25.254047394 -0.009192873 -0.009607158 0.011634996 0.999843895
1439803735.634666 -1.409334660 -1.133049965 25.320777893 -0.008272394 -0.008926921 0.009237204 0.999883235
1439803735.697168 -1.412116528 -1.135567665 25.389226913 -0.007868137 -0.008608012 0.008071563 0.999899447
1439803735.759669 -1.411834836 -1.138431668 25.454801559 -0.007860386 -0.009120361 0.008874434 0.999888122
1439803735.822170 -1.413733244 -1.140304208 25.524232864 -0.007973682 -0.009611475 0.009670453 0.999875247
1439803735.884671 -1.415079236 -1.144217849 25.588365555 -0.009033889 -0.010235163 0.009673177 0.999860048
1439803735.947173 -1.418004274 -1.147072554 25.654005051 -0.009399290 -0.010599344 0.008683472 0.999861956
1439803736.009675 -1.420011759 -1.148614168 25.717594147 -0.009155219 -0.011148355 0.008109742 0.999863088
1439803736.072176 -1.420648336 -1.152366638 25.782018661 -0.008909708 -0.011837841 0.007807146 0.999859750
1439803736.134677 -1.422832012 -1.154956222 25.848733902 -0.008583802 -0.012474923 0.007315669 0.999858558
1439803736.197179 -1.427355051 -1.156817317 25.913234711 -0.008419759 -0.012921979 0.006203713 0.999861836
1439803736.259680 -1.428358674 -1.160508156 25.981254578 -0.008485660 -0.013825079 0.005537254 0.999853075
1439803736.322181 -1.431084633 -1.162275314 26.042257309 -0.008556854 -0.014680996 0.004999970 0.999843121
1439803736.384682 -1.435164928 -1.164482832 26.104150772 -0.008492850 -0.015280847 0.004505236 0.999837041
1439803736.447183 -1.437269688 -1.166731715 26.167596817 -0.008515146 -0.016137451 0.003305483 0.999828041
1439803736.509685 -1.441196680 -1.169691563 26.230934143 -0.009219837 -0.016828725 0.002381620 0.999813020
1439803736.572186 -1.445374012 -1.171860456 26.292842865 -0.010118145 -0.017419368 0.000587443 0.999796867
1439803736.634688 -1.448277831 -1.173844337 26.357086182 -0.011034835 -0.018366411 -0.001971060 0.999768496
1439803736.697189 -1.451133728 -1.176317215 26.419099808 -0.010899243 -0.019419758 -0.001153619 0.999751329
1439803736.759691 -1.454138517 -1.178688049 26.481845856 -0.010329637 -0.020256987 -0.000357922 0.999741375
1439803736.822191 -1.457037091 -1.181132436 26.542387009 -0.009580098 -0.021036599 -0.000403108 0.999732733
1439803736.884693 -1.460166216 -1.184149146 26.605360031 -0.008377586 -0.021741774 -0.000463531 0.999728382
1439803736.947194 -1.463792801 -1.186387897 26.666540146 -0.006972463 -0.022001298 -0.001738761 0.999732077
1439803737.009695 -1.467437983 -1.188855886 26.728685379 -0.006469166 -0.022642409 -0.002309381 0.999720037
1439803737.072196 -1.470716834 -1.191242099 26.790298462 -0.006551084 -0.023115477 -0.002016751 0.999709308
1439803737.134699 -1.474329352 -1.193829894 26.851673126 -0.007228438 -0.023526611 -0.002417624 0.999694169
1439803737.197199 -1.477366805 -1.196791887 26.912014008 -0.008078940 -0.023964981 -0.002452262 0.999677122
1439803737.259701 -1.481182575 -1.199568391 26.975000381 -0.008675002 -0.024288382 -0.002201960 0.999664903
1439803737.322202 -1.484678388 -1.202170372 27.035791397 -0.008752460 -0.024621595 -0.002558142 0.999655247
1439803737.384703 -1.488193274 -1.205401897 27.096294403 -0.008802737 -0.024879305 -0.002585500 0.999648333
1439803737.447208 -1.491516471 -1.208322763 27.155750275 -0.008523867 -0.025252953 -0.002812933 0.999640763
1439803737.509706 -1.495493054 -1.209740043 27.218580246 -0.008236133 -0.025576705 -0.002159518 0.999636590
1439803737.572209 -1.499427676 -1.212101579 27.278219223 -0.007857025 -0.025966676 -0.002491911 0.999628842
1439803737.634713 -1.503131270 -1.214363098 27.339351654 -0.007577694 -0.026460841 -0.002774914 0.999617279
1439803737.697210 -1.507984519 -1.216575623 27.397857666 -0.007857800 -0.026623404 -0.003638178 0.999608040
1439803737.759711 -1.510582685 -1.218303800 27.460308075 -0.008438235 -0.027137527 -0.002026180 0.999594033
1439803737.822213 -1.514218926 -1.221384287 27.518560410 -0.009027919 -0.027464740 -0.002660424 0.999578476
1439803737.884714 -1.516934872 -1.223534465 27.578428268 -0.008319308 -0.027791122 -0.003847906 0.999571741
1439803737.947215 -1.522177577 -1.227180481 27.636777878 -0.007302511 -0.027873507 -0.004237393 0.999575794
1439803738.009716 -1.526560068 -1.230102062 27.695978165 -0.006407960 -0.027557932 -0.004529028 0.999589384
1439803738.072218 -1.529397011 -1.232543707 27.754058838 -0.005551813 -0.027247351 -0.004176524 0.999604583
1439803738.134720 -1.531745672 -1.235380173 27.809673309 -0.005111289 -0.026912970 -0.003206787 0.999619544
1439803738.197221 -1.535738587 -1.237573981 27.869291306 -0.005196667 -0.026578112 -0.003609186 0.999626756
1439803738.259722 -1.539108276 -1.239766002 27.926782608 -0.006314281 -0.026086820 -0.003679080 0.999632955
1439803738.322223 -1.541903019 -1.242376566 27.983543396 -0.007959145 -0.025464216 -0.003061033 0.999639332
1439803738.384727 -1.544563651 -1.244716525 28.039134979 -0.008816892 -0.025042769 -0.002887008 0.999643326
1439803738.447225 -1.548215270 -1.247100830 28.094879150 -0.009200969 -0.024422901 -0.002995399 0.999654889
1439803738.509724 -1.550772786 -1.250111103 28.152057648 -0.009101624 -0.023752308 -0.002923943 0.999672174
1439803738.572227 -1.552602530 -1.252707481 28.206478119 -0.008353733 -0.023103608 -0.003017082 0.999693632
1439803738.634726 -1.555553913 -1.255176663 28.261329651 -0.007696182 -0.022411935 -0.002849647 0.999715149
1439803738.697226 -1.557988167 -1.257419586 28.315073013 -0.007491647 -0.021687441 -0.003148890 0.999731779
1439803738.759727 -1.560590982 -1.258791208 28.368131638 -0.007711848 -0.021115858 -0.003228704 0.999742031
1439803738.822228 -1.563472748 -1.261335731 28.425287247 -0.008187887 -0.020376449 -0.003369623 0.999753177
1439803738.884728 -1.565625072 -1.263971806 28.478084564 -0.008392008 -0.019671496 -0.002991188 0.999766827
1439803738.947231 -1.568423748 -1.266224980 28.530588150 -0.008325879 -0.018968223 -0.002797086 0.999781489
1439803739.009729 -1.569736362 -1.268716335 28.582214355 -0.008190178 -0.018408859 -0.002541879 0.999793768
1439803739.072230 -1.571480989 -1.271100402 28.634414673 -0.007373740 -0.017490292 -0.002402719 0.999816954
1439803739.134733 -1.573886871 -1.273181438 28.684215546 -0.006478287 -0.016550967 -0.002964004 0.999837637
1439803739.197232 -1.575898647 -1.276120901 28.737009048 -0.005730963 -0.015834861 -0.002847376 0.999854147
1439803739.259731 -1.577530384 -1.278251648 28.786212921 -0.005114447 -0.015103880 -0.002957535 0.999868453
1439803739.322233 -1.577205420 -1.283000946 28.835453033 -0.004899223 -0.014708539 -0.003290863 0.999874413
1439803739.384733 -1.579138160 -1.284153461 28.883186340 -0.004371729 -0.014201851 -0.002830810 0.999885619
1439803739.447234 -1.581762075 -1.285882235 28.934514999 -0.004691925 -0.013333543 -0.002480800 0.999897063
1439803739.509735 -1.584475040 -1.287598491 28.982994080 -0.005315117 -0.012551055 -0.002547182 0.999903858
1439803739.572236 -1.584480047 -1.289877176 29.029148102 -0.005989116 -0.012350172 -0.002298209 0.999903142
1439803739.634737 -1.587367654 -1.292263627 29.075300217 -0.006277859 -0.011977256 -0.002274635 0.999906003
1439803739.697239 -1.586046219 -1.295205355 29.123199463 -0.006651449 -0.012141732 -0.002149964 0.999901831
1439803739.759739 -1.586006880 -1.295975685 29.167104721 -0.007488547 -0.012298830 -0.003763199 0.999889255
1439803739.822241 -1.590102077 -1.297935724 29.214014053 -0.008975695 -0.011985564 -0.004964161 0.999875546
1439803739.884742 -1.590600729 -1.300754070 29.260976791 -0.009629996 -0.012776831 -0.004060000 0.999863744
1439803739.947244 -1.591919780 -1.303603411 29.304744720 -0.008761113 -0.013229482 -0.002697993 0.999870479
1439803740.009745 -1.592604876 -1.305498600 29.348608017 -0.007731886 -0.013672085 -0.002201993 0.999874175
1439803740.072260 -1.594303846 -1.307399392 29.392717361 -0.007093470 -0.013654699 -0.001582281 0.999880373
1439803740.134747 -1.595782161 -1.309275389 29.435928345 -0.006980484 -0.013865218 -0.000985020 0.999879003
1439803740.197249 -1.597366095 -1.311085224 29.477750778 -0.006847496 -0.014262655 -0.001746643 0.999873340
1439803740.259750 -1.599355936 -1.313070178 29.519477844 -0.006297721 -0.014395757 -0.002816158 0.999872565
1439803740.322251 -1.601935029 -1.314541340 29.560878754 -0.005487632 -0.014301213 -0.004314122 0.999873340
1439803740.384753 -1.603459954 -1.316582799 29.602575302 -0.005227778 -0.014731219 -0.004613907 0.999867141
1439803740.447255 -1.605231285 -1.318720937 29.643331528 -0.005800736 -0.015341717 -0.004913260 0.999853432
1439803740.509759 -1.606535673 -1.320662379 29.683326721 -0.006331228 -0.015875598 -0.004764730 0.999842584
1439803740.572260 -1.607862473 -1.322381735 29.723756790 -0.006734862 -0.016217627 -0.004752880 0.999834478
1439803740.634759 -1.608569860 -1.324527025 29.763063431 -0.006254867 -0.016530309 -0.003519438 0.999837577
1439803740.697260 -1.610267162 -1.327098608 29.801973343 -0.005704575 -0.016623540 -0.003249394 0.999840260
1439803740.759762 -1.612867117 -1.328325272 29.842784882 -0.005727265 -0.016717972 -0.005172745 0.999830484
1439803740.822263 -1.615012884 -1.330139518 29.882728577 -0.005855803 -0.016849175 -0.005463346 0.999825954
1439803740.884764 -1.616119623 -1.331756234 29.921085358 -0.005238136 -0.017010506 -0.004504497 0.999831438
1439803740.947266 -1.617368221 -1.333631754 29.959444046 -0.004820086 -0.017124023 -0.004371969 0.999832153
1439803741.009766 -1.619281769 -1.335587621 29.998353958 -0.004780988 -0.017489674 -0.004700287 0.999824584
1439803741.072268 -1.620985270 -1.337207317 30.038145065 -0.004124286 -0.017730437 -0.004040756 0.999826133
1439803741.134769 -1.622868299 -1.338962317 30.077350616 -0.003671003 -0.017655179 -0.004319951 0.999828100
1439803741.197270 -1.624673128 -1.340977430 30.116703033 -0.003497614 -0.017798839 -0.003351341 0.999829888
1439803741.259772 -1.625680089 -1.343240380 30.156551361 -0.003441302 -0.018066768 -0.002717342 0.999827147
1439803741.322273 -1.627532005 -1.344744682 30.196678162 -0.003063596 -0.017825278 -0.002749229 0.999832630
1439803741.384775 -1.629221678 -1.346506357 30.236234665 -0.003200447 -0.017803188 -0.002619658 0.999832988
1439803741.447276 -1.630977154 -1.348102570 30.277040482 -0.003819198 -0.018144619 -0.002617521 0.999824643
1439803741.509777 -1.632496834 -1.349911690 30.318216324 -0.004008439 -0.018401204 -0.002624316 0.999819219
1439803741.572278 -1.634451389 -1.352335691 30.358982086 -0.003935409 -0.018382996 -0.002068121 0.999821126
1439803741.634780 -1.635871530 -1.354412675 30.400482178 -0.003796919 -0.018517606 -0.001590869 0.999820054
1439803741.697280 -1.637208939 -1.356313586 30.442398071 -0.003598568 -0.018660974 -0.001527590 0.999818206
1439803741.759782 -1.639409423 -1.358622909 30.483547211 -0.004009434 -0.018902803 -0.001211690 0.999812543
1439803741.822284 -1.641351461 -1.360420227 30.526903152 -0.003962118 -0.019406838 -0.000796126 0.999803483
1439803741.884785 -1.643257976 -1.362893343 30.568363190 -0.003366423 -0.019772006 0.000139406 0.999798834
1439803741.947286 -1.645030260 -1.364872694 30.611423492 -0.002221334 -0.020018702 0.000135540 0.999797106
1439803742.009787 -1.647478580 -1.367061734 30.653848648 -0.000941048 -0.020108618 -0.000839931 0.999796987
1439803742.072291 -1.649738669 -1.369160056 30.697883606 -0.000110669 -0.020519599 -0.001793552 0.999787807
1439803742.134790 -1.652800441 -1.370819807 30.741079330 0.000121857 -0.021144267 -0.003116897 0.999771595
1439803742.197292 -1.655828357 -1.373211265 30.785453796 0.000168201 -0.021678291 -0.005274316 0.999751091
1439803742.259795 -1.658702731 -1.375395894 30.828695297 0.000300762 -0.021947788 -0.008164749 0.999725699
1439803742.322294 -1.661918521 -1.377361178 30.873710632 0.000111725 -0.022045948 -0.008908165 0.999717236
1439803742.384797 -1.664083600 -1.379664183 30.919082642 -0.000708232 -0.022297841 -0.008186818 0.999717593
1439803742.447302 -1.666318417 -1.382244825 30.964021683 -0.001732653 -0.022588769 -0.006627649 0.999721348
1439803742.509798 -1.667504191 -1.384484053 31.009464264 -0.002907186 -0.022862246 -0.005642027 0.999718487
1439803742.572300 -1.669821739 -1.386010528 31.056774139 -0.004192748 -0.022941956 -0.005248901 0.999714255
1439803742.634803 -1.672293782 -1.387780428 31.103307724 -0.005282997 -0.022962427 -0.004350096 0.999712884
1439803742.697304 -1.674992800 -1.389678478 31.149602890 -0.006050753 -0.023012092 -0.005138193 0.999703646
1439803742.759805 -1.678310871 -1.392747760 31.194097519 -0.006372680 -0.023137398 -0.006959023 0.999687731
1439803742.822307 -1.681342721 -1.394803286 31.240598679 -0.006447868 -0.023655714 -0.007677348 0.999669909
1439803742.884806 -1.683907986 -1.396677971 31.285970688 -0.006720312 -0.024478856 -0.006562918 0.999656200
1439803742.947307 -1.686339855 -1.398255110 31.333961487 -0.006749178 -0.025427138 -0.005372483 0.999639452
1439803743.009808 -1.688780904 -1.400253892 31.380235672 -0.006211549 -0.026166279 -0.004515330 0.999628127
1439803743.072310 -1.691265345 -1.402994514 31.426235199 -0.004868985 -0.026544375 -0.003430325 0.999629855
1439803743.134811 -1.694566607 -1.404976726 31.473762512 -0.003415588 -0.027050668 -0.002820059 0.999624252
1439803743.197313 -1.697783947 -1.407731295 31.520433426 -0.002748131 -0.027511396 -0.003281712 0.999612331
1439803743.259814 -1.701030731 -1.410124540 31.567493439 -0.001814933 -0.028090777 -0.003759862 0.999596655
1439803743.322315 -1.704167485 -1.412161708 31.613889694 -0.000561620 -0.028700650 -0.003858067 0.999580443
1439803743.384819 -1.707540989 -1.414521575 31.661075592 0.000467566 -0.029314877 -0.004727473 0.999558926
1439803743.447320 -1.711319685 -1.417109847 31.709991455 0.000806406 -0.029549414 -0.005163480 0.999549627
1439803743.509822 -1.714881301 -1.419696569 31.757650375 0.000332423 -0.029653074 -0.004463517 0.999550223
1439803743.572320 -1.718018293 -1.422273874 31.805936813 -0.000512489 -0.029760487 -0.004502183 0.999546826
1439803743.634822 -1.720887899 -1.424926400 31.855274200 -0.001153237 -0.029929321 -0.004356440 0.999541879
1439803743.697324 -1.723967433 -1.427524328 31.904050827 -0.001783680 -0.030088875 -0.003509867 0.999539495
1439803743.759825 -1.726854086 -1.430296421 31.952199936 -0.002497383 -0.030325683 -0.002520924 0.999533772
1439803743.822326 -1.729909778 -1.432737708 32.002548218 -0.002982286 -0.030194258 -0.003000957 0.999535084
1439803743.884827 -1.733017921 -1.435644984 32.050598145 -0.002994035 -0.030167518 -0.003634679 0.999533772
1439803743.947328 -1.736918211 -1.437556505 32.099880219 -0.002836118 -0.030184781 -0.003773474 0.999533176
1439803744.009829 -1.739748955 -1.440328360 32.149860382 -0.002826338 -0.030456580 -0.002858633 0.999527991
1439803744.072331 -1.743607044 -1.442778707 32.198154449 -0.003044034 -0.030352764 -0.003148374 0.999529660
1439803744.134833 -1.745907545 -1.445427060 32.249443054 -0.003376411 -0.030647289 -0.002723149 0.999520838
1439803744.197334 -1.749222755 -1.447441339 32.298343658 -0.003667857 -0.030653773 -0.001577442 0.999522090
1439803744.259837 -1.753039360 -1.449663162 32.347316742 -0.003976583 -0.030734120 -0.001345389 0.999518812
1439803744.322339 -1.756609678 -1.451794863 32.398593903 -0.003982521 -0.030880045 -0.002485036 0.999512076
1439803744.384837 -1.760516167 -1.454202294 32.448089600 -0.004035706 -0.030882573 -0.003417641 0.999509037
1439803744.447339 -1.763944387 -1.456622839 32.498600006 -0.004319850 -0.031203207 -0.003561640 0.999497414
1439803744.509840 -1.767729282 -1.458915830 32.549755096 -0.004512874 -0.031830560 -0.003512509 0.999476910
1439803744.572342 -1.771507263 -1.461613417 32.600139618 -0.004064334 -0.032512661 -0.002605164 0.999459684
1439803744.634843 -1.775172591 -1.463968515 32.651035309 -0.003128313 -0.033120785 -0.002009207 0.999444425
1439803744.697348 -1.778084278 -1.466815829 32.702667236 -0.002724110 -0.033826862 -0.000986145 0.999423504
1439803744.759846 -1.781712174 -1.469076991 32.754425049 -0.002833572 -0.034256343 -0.000376825 0.999408960
1439803744.822347 -1.786015749 -1.471402764 32.805107117 -0.003123839 -0.034658689 -0.001897068 0.999392509
1439803744.884848 -1.791702747 -1.473651886 32.857616425 -0.003629776 -0.035082735 -0.005430803 0.999363065
1439803744.947349 -1.797437429 -1.475668907 32.910346985 -0.003815138 -0.035640888 -0.006872014 0.999333739
1439803745.009851 -1.800781727 -1.478629470 32.960350037 -0.004460837 -0.036620758 -0.005790532 0.999302506
1439803745.072352 -1.804641008 -1.481053352 33.011306763 -0.005042365 -0.037103090 -0.004483637 0.999288678
1439803745.134867 -1.808156729 -1.484189272 33.063510895 -0.005437065 -0.037443664 -0.002504799 0.999280810
1439803745.197358 -1.811641812 -1.486493945 33.115985870 -0.005400738 -0.037638124 -0.000228118 0.999276817
1439803745.259856 -1.814931989 -1.489188194 33.168025970 -0.005188057 -0.037549753 0.001447691 0.999280214
1439803745.322358 -1.819096565 -1.491608024 33.219036102 -0.004434455 -0.036992725 0.001031024 0.999305129
1439803745.384858 -1.823596478 -1.494405627 33.272243500 -0.004106950 -0.036703125 0.000473403 0.999317646
1439803745.447362 -1.827417016 -1.496767163 33.324790955 -0.004280973 -0.036898114 0.000497097 0.999309778
1439803745.509861 -1.831983328 -1.499489903 33.376228333 -0.004038458 -0.036971685 0.000273442 0.999308109
1439803745.572364 -1.836039543 -1.501777530 33.427574158 -0.003379296 -0.037275799 0.001050031 0.999298751
1439803745.634864 -1.839381695 -1.504923105 33.479125977 -0.002474841 -0.037509013 0.002234706 0.999290705
1439803745.697367 -1.843673229 -1.507576108 33.531543732 -0.001525482 -0.037647799 0.002990177 0.999285460
1439803745.759868 -1.847977400 -1.510451555 33.582374573 -0.000937849 -0.037857682 0.002898067 0.999278486
1439803745.822369 -1.852347612 -1.513638020 33.634155273 -0.000220313 -0.038130324 0.002640604 0.999269247
1439803745.884872 -1.856849670 -1.515747786 33.685726166 0.000866188 -0.038406704 0.001823837 0.999260128
1439803745.947374 -1.861891508 -1.519224882 33.737468719 0.001451931 -0.038623583 0.000321106 0.999252737
1439803746.072371 -1.871291637 -1.525099874 33.840148926 0.000413145 -0.039363910 -0.002015658 0.999222815
1439803746.134871 -1.875684738 -1.527376771 33.892520905 -0.000460292 -0.039781973 -0.002289677 0.999205649
1439803746.197372 -1.880409002 -1.529941916 33.941837311 -0.001115891 -0.040142540 -0.003222636 0.999188125
1439803746.259874 -1.885728955 -1.532519817 33.993839264 -0.001756227 -0.040492605 -0.003452419 0.999172330
1439803746.322377 -1.890750885 -1.535143495 34.042907715 -0.003127244 -0.041028231 -0.004310526 0.999143779
1439803746.384877 -1.895912290 -1.537832379 34.094753265 -0.004766932 -0.041634120 -0.005564703 0.999106050
1439803746.509878 -1.905541658 -1.542667508 34.196216583 -0.006346900 -0.042416569 -0.005440707 0.999065042
1439803746.572381 -1.909855604 -1.544967532 34.246753693 -0.006270684 -0.043229520 -0.005748049 0.999028981
1439803746.634881 -1.914903760 -1.547755480 34.297863007 -0.006023866 -0.043890499 -0.004220650 0.999009252
1439803746.697385 -1.919738650 -1.550226688 34.348613739 -0.005071187 -0.044395700 -0.003488837 0.998995066
1439803746.759886 -1.924672484 -1.553112149 34.398738861 -0.003874413 -0.044956785 -0.003792749 0.998974204
1439803746.884884 -1.935435534 -1.559066296 34.499378204 -0.000747535 -0.046244062 -0.004384767 0.998920262
1439803746.947386 -1.940862179 -1.561049104 34.549152374 0.000576544 -0.046963360 -0.005353711 0.998882115
1439803747.009888 -1.947090030 -1.564061046 34.599720001 0.000982270 -0.047506485 -0.006982564 0.998846054
1439803747.072389 -1.951902032 -1.566603899 34.650119781 0.000542388 -0.048415173 -0.005532060 0.998811841
1439803747.197390 -1.962385893 -1.571673751 34.752838135 -0.002729613 -0.050115541 -0.002101320 0.998737514
1439803747.259891 -1.966932178 -1.574310303 34.801147461 -0.004268631 -0.050819486 -0.000925393 0.998698294
1439803747.322392 -1.972160935 -1.577074170 34.848499298 -0.005178355 -0.051227525 -0.000898818 0.998673201
1439803747.384894 -1.978737473 -1.579650521 34.900718689 -0.005139735 -0.051724456 -0.001874028 0.998646379
1439803747.447394 -1.985694647 -1.581455708 34.950176239 -0.004959069 -0.052035294 -0.003463323 0.998626947
1439803747.509894 -1.990662336 -1.585062027 34.997509003 -0.004655201 -0.052901179 -0.003381375 0.998583198
1439803747.572397 -1.996310711 -1.587408304 35.045520782 -0.003742705 -0.053822219 -0.003144150 0.998538554
1439803747.634895 -2.002228260 -1.590214252 35.095577240 -0.002876688 -0.054577980 -0.003294258 0.998499930
1439803747.697396 -2.008146763 -1.592060804 35.144794464 -0.002780329 -0.055388361 -0.002488843 0.998457909
1439803747.759899 -2.013986111 -1.593972206 35.192764282 -0.003200203 -0.056097943 -0.002716296 0.998416424
1439803747.822399 -2.020069122 -1.596017480 35.241451263 -0.003801468 -0.056601085 -0.002544170 0.998386383
1439803747.884897 -2.025997877 -1.598421335 35.290481567 -0.004406126 -0.057430331 -0.002365385 0.998336971
1439803747.947400 -2.032105446 -1.600666046 35.339107513 -0.006160440 -0.058103032 -0.002350671 0.998288810
1439803748.009899 -2.038399696 -1.602281570 35.386116028 -0.008309272 -0.058526609 -0.002809612 0.998247325
1439803748.072399 -2.044855595 -1.604376316 35.436786652 -0.009753966 -0.059061930 -0.003974524 0.998198748
1439803748.134901 -2.051056385 -1.606544495 35.483356476 -0.009789038 -0.059402123 -0.005149159 0.998172879
1439803748.259902 -2.063787460 -1.611766100 35.577308655 -0.006773650 -0.059560999 -0.007143086 0.998176157
1439803748.322406 -2.069788218 -1.614420295 35.625801086 -0.004982732 -0.059751559 -0.008041355 0.998168468
1439803748.384906 -2.076922894 -1.616283417 35.675659180 -0.003096402 -0.059746590 -0.008415364 0.998173296
1439803748.447406 -2.083240271 -1.618823290 35.720344543 -0.001580919 -0.059844151 -0.008199824 0.998172820
1439803748.509907 -2.088535547 -1.621195316 35.766799927 -0.000463074 -0.060044490 -0.007378927 0.998168290
1439803748.572409 -2.094005108 -1.623201489 35.814109802 0.000161309 -0.060092453 -0.006342928 0.998172641
1439803748.634909 -2.099811316 -1.625207424 35.861843109 0.000044119 -0.060083646 -0.005864885 0.998176098
1439803748.697412 -2.104993582 -1.627892494 35.908363342 -0.000851209 -0.060208399 -0.005846359 0.998168349
1439803748.759914 -2.110793591 -1.630789876 35.953784943 -0.002069955 -0.060322255 -0.005929992 0.998159170
1439803748.822414 -2.117463589 -1.633008003 36.002929688 -0.002977899 -0.059921272 -0.006804539 0.998175442
1439803748.884915 -2.123512506 -1.634768128 36.049900055 -0.003616425 -0.059724797 -0.007423142 0.998180747
1439803748.947416 -2.129544973 -1.636779785 36.096031189 -0.004264577 -0.059633221 -0.008079090 0.998178542
1439803749.009918 -2.135882139 -1.639680028 36.143264771 -0.004695662 -0.059750993 -0.007854013 0.998171329
1439803749.072419 -2.140537500 -1.641237736 36.190467834 -0.004626639 -0.059846111 -0.008101989 0.998163998
1439803749.134920 -2.147344828 -1.644466162 36.237869263 -0.004588446 -0.059592322 -0.007662692 0.998182833
1439803749.197422 -2.153806448 -1.646755934 36.286773682 -0.004634970 -0.059116863 -0.007735278 0.998210371
1439803749.259924 -2.159631252 -1.649188042 36.333225250 -0.004421284 -0.058796544 -0.007887816 0.998229027
1439803749.322424 -2.165728807 -1.651836514 36.380542755 -0.004333044 -0.058150124 -0.008327488 0.998263717
1439803749.384925 -2.171402931 -1.653463721 36.429050446 -0.003822215 -0.057388760 -0.008412600 0.998309135
1439803749.447427 -2.176969051 -1.655678272 36.476329803 -0.003486341 -0.056444008 -0.008238955 0.998365641
1439803749.509929 -2.182444096 -1.658368707 36.522823334 -0.003368772 -0.055175457 -0.008883665 0.998431444
1439803749.572432 -2.187148094 -1.660286903 36.571754456 -0.002902456 -0.054048091 -0.008561918 0.998497367
1439803749.634934 -2.192943811 -1.663180113 36.619186401 -0.002631048 -0.052349333 -0.009346815 0.998581588
1439803749.697436 -2.197453737 -1.665245175 36.668369293 -0.002257438 -0.050679546 -0.009109265 0.998670876
1439803749.759935 -2.201979160 -1.666900396 36.718372345 -0.002126538 -0.048773311 -0.009225260 0.998764992
1439803749.822436 -2.205753326 -1.670014143 36.765869141 -0.002242558 -0.046693936 -0.009472729 0.998861849
1439803749.884940 -2.210558414 -1.672139168 36.814052582 -0.002441784 -0.044251606 -0.009539494 0.998971939
1439803749.947438 -2.214362144 -1.675225258 36.862586975 -0.002587467 -0.041759674 -0.009510171 0.999079108
1439803750.009941 -2.215630054 -1.678299308 36.909599304 -0.002428453 -0.039509397 -0.008995636 0.999175787
1439803750.072443 -2.219865322 -1.679481149 36.959140778 -0.002576706 -0.036562629 -0.009331833 0.999284446
1439803750.134942 -2.222927094 -1.681652069 37.008563995 -0.003161735 -0.033448398 -0.010173266 0.999383688
1439803750.197443 -2.224939585 -1.684390783 37.056556702 -0.003743597 -0.030226350 -0.011412228 0.999470949
1439803750.259944 -2.227149725 -1.685932279 37.104213715 -0.004522992 -0.026807124 -0.013100430 0.999544561
1439803750.322446 -2.229693890 -1.688127398 37.152008057 -0.005078190 -0.022941977 -0.014696530 0.999615848
1439803750.384947 -2.230687380 -1.690423965 37.201007843 -0.005232709 -0.018852426 -0.015712047 0.999685109
1439803750.447448 -2.230586290 -1.692531824 37.248844147 -0.005092062 -0.014254507 -0.015588331 0.999763966
1439803750.509950 -2.230015993 -1.694912076 37.297267914 -0.004697704 -0.009182068 -0.014917774 0.999835551
1439803750.572451 -2.229006529 -1.697057843 37.344062805 -0.004408336 -0.003317607 -0.014709225 0.999876618
1439803750.634967 -2.226633549 -1.699970007 37.391090393 -0.004429475 0.002859697 -0.014458036 0.999881625
1439803750.697452 -2.223971128 -1.702729821 37.437118530 -0.004081301 0.010003947 -0.015404819 0.999822974
1439803750.759952 -2.220216274 -1.704591751 37.485969543 -0.003664999 0.017864292 -0.015439648 0.999714494
1439803750.822455 -2.216048956 -1.706583500 37.533260345 -0.005027504 0.026200075 -0.016221166 0.999512494
1439803750.884955 -2.209770679 -1.708416462 37.579608917 -0.006842352 0.034689236 -0.016247122 0.999242663
1439803750.947454 -2.203355789 -1.710561991 37.626430511 -0.008023166 0.043603513 -0.015312293 0.998899341
1439803751.009955 -2.195156336 -1.712898254 37.671882629 -0.008132289 0.053263485 -0.014077201 0.998448133
1439803751.072455 -2.185592651 -1.715795040 37.717494965 -0.007469166 0.063670754 -0.013659211 0.997849524
1439803751.134956 -2.174790859 -1.718139410 37.761833191 -0.006792428 0.074594542 -0.012295925 0.997115016
1439803751.197459 -2.162831783 -1.720538735 37.806808472 -0.006946338 0.085748225 -0.010002236 0.996242404
1439803751.259957 -2.149966717 -1.722040415 37.851490021 -0.007289191 0.097052976 -0.008736828 0.995214164
1439803751.322458 -2.135795116 -1.723948479 37.894523621 -0.006938071 0.108369775 -0.007775998 0.994056046
1439803751.384959 -2.121182442 -1.725766301 37.936729431 -0.006324989 0.119562000 -0.006465574 0.992785573
1439803751.509959 -2.089719772 -1.729662538 38.021461487 -0.006525761 0.142067388 -0.007725352 0.989805341
1439803751.572459 -2.072711945 -1.731090307 38.063343048 -0.007114240 0.153656766 -0.007464835 0.988070488
1439803751.634960 -2.054265022 -1.733511209 38.103588104 -0.008191001 0.165477335 -0.006670136 0.986157000
1439803751.697461 -2.034448624 -1.735800028 38.141975403 -0.008947774 0.177405015 -0.005572636 0.984081447
1439803751.759960 -2.014717102 -1.736727118 38.181358337 -0.008516637 0.190112799 -0.004963700 0.981712759
1439803751.822462 -1.992353439 -1.739154816 38.219429016 -0.007756236 0.202554837 -0.002638481 0.979236662
1439803751.884962 -1.968550682 -1.741018891 38.256660461 -0.006487163 0.215123594 0.000633783 0.976565063
1439803751.947463 -1.946157455 -1.742894888 38.292106628 -0.005941329 0.228113770 0.002347274 0.973613560
1439803752.009964 -1.920344353 -1.744159937 38.329376221 -0.005730020 0.240699276 0.003246976 0.970577419
1439803752.072463 -1.892830849 -1.743852258 38.364650726 -0.005288289 0.252680987 0.003366485 0.967529356
1439803752.134964 -1.869186401 -1.747306585 38.399040222 -0.006570047 0.265902132 0.004873006 0.963965297
1439803752.197466 -1.840354919 -1.748288870 38.434169769 -0.008133854 0.278937787 0.006408735 0.960253358
1439803752.259967 -1.811811447 -1.747918725 38.467185974 -0.009817239 0.292458385 0.008595450 0.956189215
1439803752.322468 -1.781864166 -1.748826742 38.498916626 -0.011070834 0.305872768 0.011596189 0.951937377
1439803752.384970 -1.752494812 -1.750369549 38.529766083 -0.012579967 0.319933832 0.013106345 0.947265685
1439803752.447471 -1.720256805 -1.751267910 38.560531616 -0.014473168 0.333987504 0.011857735 0.942391753
1439803752.509972 -1.688148499 -1.751739025 38.590744019 -0.016156901 0.348796368 0.010938210 0.936995387
1439803752.572474 -1.654413223 -1.752521634 38.619483948 -0.018101998 0.363823891 0.010643583 0.931231022
1439803752.634975 -1.620874405 -1.752444983 38.646171570 -0.019069251 0.379251897 0.010200788 0.925040722
1439803752.697475 -1.584867477 -1.752302527 38.671508789 -0.020023836 0.394477457 0.010762610 0.918624401
1439803752.759975 -1.547273636 -1.751817346 38.696365356 -0.020392302 0.409789205 0.013968650 0.911845326
1439803752.822478 -1.509550095 -1.751631498 38.718532562 -0.021057891 0.425059378 0.017790902 0.904745579
1439803752.884977 -1.469615936 -1.750356436 38.740558624 -0.021618523 0.440106362 0.020366423 0.897454321
1439803752.947477 -1.430274963 -1.749961257 38.761116028 -0.023319874 0.455571473 0.021050142 0.889644682
1439803753.009980 -1.390653610 -1.749658108 38.781036377 -0.024927113 0.470774949 0.020129709 0.881671309
1439803753.072481 -1.350954056 -1.749965787 38.799819946 -0.026307115 0.485716969 0.017877199 0.873537242
1439803753.134982 -1.310379982 -1.749964714 38.817806244 -0.027459996 0.500487924 0.015193509 0.865174532
1439803753.197487 -1.269043922 -1.749610305 38.834053040 -0.028314944 0.515055120 0.012872087 0.856592536
1439803753.259984 -1.227112770 -1.749300718 38.848854065 -0.029125445 0.529593527 0.011611155 0.847671866
1439803753.322486 -1.184318542 -1.749292135 38.861339569 -0.027774135 0.543816447 0.012999881 0.838643730
1439803753.384989 -1.140610695 -1.748840928 38.871437073 -0.025762536 0.557591021 0.014794577 0.829584002
1439803753.447487 -1.096174240 -1.748031378 38.881027222 -0.024222856 0.571132243 0.015765484 0.820349097
1439803753.509989 -1.051614761 -1.747423053 38.889259338 -0.023585489 0.584116995 0.017017253 0.811148226
1439803753.572488 -1.006040573 -1.746375561 38.896724701 -0.024267642 0.596366227 0.018154707 0.802140117
1439803753.634989 -0.960162163 -1.745248795 38.903823853 -0.026195226 0.608092129 0.018263636 0.793223917
1439803753.697491 -0.915424824 -1.744198322 38.910835266 -0.029481824 0.619204521 0.016710984 0.784498155
1439803753.759991 -0.868412018 -1.742890716 38.916713715 -0.031271979 0.629464746 0.016787380 0.776217997
1439803753.822494 -0.821718693 -1.742148519 38.920665741 -0.032090764 0.638489485 0.018430680 0.768740296
1439803753.884996 -0.775243759 -1.742342710 38.924110413 -0.034396447 0.647171855 0.018998327 0.761330783
1439803753.947495 -0.729007244 -1.741551280 38.927379608 -0.034328498 0.655416071 0.019450152 0.754236698
1439803754.009995 -0.682921886 -1.741361141 38.928028107 -0.031805214 0.663222969 0.020776764 0.747457087
1439803754.072497 -0.637629271 -1.741342068 38.928516388 -0.029991256 0.670871079 0.021600112 0.740652442
1439803754.134998 -0.591043234 -1.739833474 38.928333282 -0.029570118 0.678283989 0.021320332 0.733895004
1439803754.197499 -0.545173049 -1.738619328 38.928703308 -0.030262735 0.685580969 0.021216316 0.727057576
1439803754.260001 -0.498842180 -1.737498283 38.928264618 -0.031627189 0.692724943 0.020992281 0.720202267
1439803754.322501 -0.452750385 -1.736162901 38.926467896 -0.033180092 0.699713886 0.020118266 0.713368595
1439803754.385002 -0.406024694 -1.734452128 38.924072266 -0.034595083 0.706633329 0.019824253 0.706455588
1439803754.447505 -0.359341741 -1.733504295 38.920246124 -0.036105566 0.713447094 0.020399075 0.699480891
1439803754.510007 -0.316870213 -1.733632207 38.914985657 -0.037155129 0.720095515 0.020913808 0.692563772
1439803754.572508 -0.269226789 -1.732540846 38.907939911 -0.036602929 0.726521373 0.021930261 0.685817778
1439803754.635007 -0.224869490 -1.732180953 38.900848389 -0.035448357 0.733094275 0.022387410 0.678833544
1439803754.697509 -0.176652908 -1.731131792 38.893013000 -0.034226261 0.739837646 0.022512641 0.671537042
1439803754.760010 -0.130119801 -1.729853272 38.884624481 -0.033688355 0.746405065 0.022299943 0.664264441
1439803754.822513 -0.082071304 -1.727432966 38.874980927 -0.034312181 0.752721488 0.022076033 0.657073557
1439803754.885015 -0.035516739 -1.725426912 38.864597321 -0.035153713 0.759102702 0.022401536 0.649634898
1439803754.947515 0.009827614 -1.724307775 38.852939606 -0.034766380 0.765428543 0.023853896 0.642138124
1439803755.010015 0.057550907 -1.722662210 38.840499878 -0.033614911 0.771594346 0.024927096 0.634736776
1439803755.072516 0.103445530 -1.721231937 38.826908112 -0.031833306 0.777291775 0.026376732 0.627780497
1439803755.135016 0.149784088 -1.721043587 38.812393188 -0.030509012 0.782619119 0.027964896 0.621123493
1439803755.197518 0.195080757 -1.720332265 38.797595978 -0.029830327 0.787665427 0.029255429 0.614684820
1439803755.260020 0.240430832 -1.719050407 38.782836914 -0.029123746 0.792470872 0.029791169 0.608485162
1439803755.322521 0.286491394 -1.717443705 38.767429352 -0.028339792 0.797101498 0.030227134 0.602422118
1439803755.385022 0.331789970 -1.715914726 38.751518250 -0.027837154 0.801407278 0.030753138 0.596678853
1439803755.447523 0.377805710 -1.713875771 38.735023499 -0.027881207 0.805570602 0.031129858 0.591024160
1439803755.510023 0.423230171 -1.712450624 38.717220306 -0.027617959 0.809728503 0.031399388 0.585312724
1439803755.572525 0.467736244 -1.711365342 38.699630737 -0.027909659 0.813887954 0.031469300 0.579497278
1439803755.635025 0.515606880 -1.709141850 38.679916382 -0.027280742 0.818043828 0.032296039 0.573600054
1439803755.697527 0.560053825 -1.706845999 38.659988403 -0.025518658 0.822160602 0.033781864 0.567679167
1439803755.760029 0.605784416 -1.705586433 38.638881683 -0.024638066 0.826147676 0.035091851 0.561819792
1439803755.822530 0.650266647 -1.704060674 38.617198944 -0.024175534 0.830016673 0.036235746 0.556034863
1439803755.885031 0.696199417 -1.701592565 38.594863892 -0.023226811 0.834038615 0.037948336 0.549908996
1439803755.947532 0.741014481 -1.699409604 38.571315765 -0.022375181 0.837912738 0.039991647 0.543877006
1439803756.010034 0.784854889 -1.697901607 38.549766541 -0.023490775 0.841900945 0.041617576 0.537511885
1439803756.072537 0.830769539 -1.694701552 38.525306702 -0.024632182 0.845710635 0.043441251 0.531300008
1439803756.135036 0.874097824 -1.691874981 38.501319885 -0.026635939 0.849261701 0.045516845 0.525331616
1439803756.197538 0.919115067 -1.688170910 38.476188660 -0.029364504 0.852783382 0.046909004 0.519324362
1439803756.260039 0.962834358 -1.685049772 38.450771332 -0.031675834 0.856249154 0.048653316 0.513290167
1439803756.322540 1.006978035 -1.681091309 38.424789429 -0.033000391 0.859784544 0.050899040 0.507041156
1439803756.385042 1.050135612 -1.678012371 38.397315979 -0.034468733 0.863219917 0.053215280 0.500830710
1439803756.447543 1.093261719 -1.674795389 38.369720459 -0.035513654 0.866782010 0.054569799 0.494418740
1439803756.510045 1.136363983 -1.671122074 38.339073181 -0.034858536 0.870421648 0.055056863 0.487975210
1439803756.572546 1.177198410 -1.668891072 38.310497284 -0.034397323 0.874437332 0.054830141 0.480801255
1439803756.635050 1.221286774 -1.663624644 38.278572083 -0.035464615 0.878570795 0.053116605 0.473322600
1439803756.697549 1.262798309 -1.659692287 38.247627258 -0.037340377 0.882838368 0.051403202 0.465359896
1439803756.760050 1.304004669 -1.655709267 38.215026855 -0.038070574 0.887105405 0.050231587 0.457243294
1439803756.822552 1.345291138 -1.651909113 38.181453705 -0.038149089 0.891567230 0.049833462 0.448518783
1439803756.885053 1.384704590 -1.647557139 38.145828247 -0.037246421 0.895844638 0.050302122 0.439937264
1439803756.947554 1.424703598 -1.644627571 38.110290527 -0.037122361 0.900106966 0.051099498 0.431066394
1439803757.010055 1.463405609 -1.640300393 38.073089600 -0.037799872 0.904390275 0.051242761 0.421928376
1439803757.072556 1.502492905 -1.636979342 38.035171509 -0.038689930 0.908849478 0.051601984 0.412107944
1439803757.135057 1.539817810 -1.633234024 37.997257233 -0.039646551 0.913211226 0.052082539 0.402194947
1439803757.197559 1.577409744 -1.629273534 37.956848145 -0.039762866 0.917312026 0.053109869 0.392602682
1439803757.260067 1.614151001 -1.625546455 37.916175842 -0.040304754 0.921277046 0.053578984 0.383084118
1439803757.322562 1.649881363 -1.621616840 37.874111176 -0.040045734 0.925155818 0.053876210 0.373604566
1439803757.385063 1.684740067 -1.617801905 37.831668854 -0.039744627 0.929004729 0.053948708 0.363950700
1439803757.447564 1.718978882 -1.613976002 37.788734436 -0.038743407 0.932867050 0.053755753 0.354073912
1439803757.510066 1.751222610 -1.610170126 37.745338440 -0.039012946 0.936436474 0.053438131 0.344541788
1439803757.572567 1.785844803 -1.605765343 37.698795319 -0.039184861 0.939905345 0.053688440 0.334903002
1439803757.635069 1.818367004 -1.601386309 37.652603149 -0.039870210 0.943116903 0.054403014 0.325547457
1439803757.697572 1.850292206 -1.596790075 37.605690002 -0.039697479 0.946157753 0.055842467 0.316371977
1439803757.760074 1.880804062 -1.592366934 37.557006836 -0.039331365 0.948916495 0.057220872 0.307792544
1439803757.822572 1.911350250 -1.588220835 37.508869171 -0.040105406 0.951545537 0.058712963 0.299174726
1439803757.885074 1.941326141 -1.583394527 37.459087372 -0.040497243 0.954042017 0.059513796 0.290898591
1439803757.947576 1.970661163 -1.579101562 37.409374237 -0.040403835 0.956474662 0.059638273 0.282784402
1439803758.010077 1.999518394 -1.574720860 37.358467102 -0.040500510 0.958847106 0.058424782 0.274879217
1439803758.072584 2.027518272 -1.570877075 37.308403015 -0.041620478 0.961100578 0.056622751 0.267109156
1439803758.135079 2.054962158 -1.566353798 37.257633209 -0.042253971 0.963301957 0.054548863 0.259400040
1439803758.197583 2.081506729 -1.562279224 37.204872131 -0.042104349 0.965404868 0.053001214 0.251816481
1439803758.260082 2.108842850 -1.558348894 37.151630402 -0.043486767 0.967391312 0.051730271 0.244104356
1439803758.322584 2.133874893 -1.554366589 37.098804474 -0.044204589 0.969176769 0.051115446 0.236916721
1439803758.385084 2.158347130 -1.550203562 37.045425415 -0.045297273 0.970832527 0.051093221 0.229829967
1439803758.447586 2.183296204 -1.546251774 36.989467621 -0.045856033 0.972350299 0.051580500 0.223095447
1439803758.510088 2.206959724 -1.542460442 36.935112000 -0.046478283 0.973747432 0.052506976 0.216561183
1439803758.572590 2.230997086 -1.538484573 36.878707886 -0.046272028 0.975078940 0.052866552 0.210440040
1439803758.635090 2.253625870 -1.534139633 36.822898865 -0.045864623 0.976345301 0.052735202 0.204609990
1439803758.697592 2.276639938 -1.530903101 36.764728546 -0.044937856 0.977551281 0.052756328 0.198974580
1439803758.760092 2.298069000 -1.527520180 36.708847046 -0.044231545 0.978673756 0.052475553 0.193616942
1439803758.822594 2.320074081 -1.523247004 36.650295258 -0.044102531 0.979714513 0.051619813 0.188546628
1439803758.885095 2.340569496 -1.519449234 36.593669891 -0.043674704 0.980711281 0.051070523 0.183547392
1439803758.947597 2.361475945 -1.515464067 36.534732819 -0.043416761 0.981615305 0.050941121 0.178749666
1439803759.010098 2.381417274 -1.511814117 36.475605011 -0.043145739 0.982453287 0.050962593 0.174145803
1439803759.072599 2.400988579 -1.507875681 36.417240143 -0.042787787 0.983244836 0.051070489 0.169677839
1439803759.135101 2.420407295 -1.504566669 36.358001709 -0.042917829 0.983996451 0.051497553 0.165096998
1439803759.197602 2.439425468 -1.500550270 36.297267914 -0.042278714 0.984792769 0.051192231 0.160546318
1439803759.260103 2.457446098 -1.496709585 36.237319946 -0.041737709 0.985523164 0.050364137 0.156414598
1439803759.322607 2.476263046 -1.493680239 36.175823212 -0.040964704 0.986224294 0.049509197 0.152421549
1439803759.385106 2.493218422 -1.491042376 36.116218567 -0.040113885 0.986838996 0.048622951 0.148914352
1439803759.447608 2.511207581 -1.487378836 36.053947449 -0.038874052 0.987438738 0.047693539 0.145529449
1439803759.510109 2.528617859 -1.484686613 35.993331909 -0.038762171 0.987901866 0.046527270 0.142767549
1439803759.572610 2.546022415 -1.481466293 35.932567596 -0.039086044 0.988259971 0.045277245 0.140586480
1439803759.635111 2.563911438 -1.478026867 35.871524811 -0.040159754 0.988539279 0.044209611 0.138646543
1439803759.697613 2.581418037 -1.475315094 35.809848785 -0.041337587 0.988721132 0.043373395 0.137260318
1439803759.760114 2.598967552 -1.472768068 35.747764587 -0.041287113 0.988925040 0.042771902 0.135989472
1439803759.822615 2.615757942 -1.469777107 35.685131073 -0.041254293 0.989081204 0.043163460 0.134734571
1439803759.885117 2.632713318 -1.467018127 35.622524261 -0.040981375 0.989253283 0.043916624 0.133303300
1439803759.947618 2.650031090 -1.463810086 35.560382843 -0.040857065 0.989374101 0.044588070 0.132217318
1439803760.010119 2.668152809 -1.460783243 35.497447968 -0.040730447 0.989448190 0.045717046 0.131313309
1439803760.072621 2.684073448 -1.457703590 35.434562683 -0.039777864 0.989443541 0.046877712 0.131231427
1439803760.135122 2.700729370 -1.454361439 35.371315002 -0.038177300 0.989461899 0.047337890 0.131402910
1439803760.197623 2.718065262 -1.451764345 35.308971405 -0.036567949 0.989444494 0.047401585 0.131967515
1439803760.260125 2.735976219 -1.447847605 35.244487762 -0.036033217 0.989382863 0.047284137 0.132617638
1439803760.322625 2.753369331 -1.445670605 35.183773041 -0.035906278 0.989309967 0.047260467 0.133202732
1439803760.385128 2.771077156 -1.442182302 35.119571686 -0.035926614 0.989222288 0.046824932 0.133999735
1439803760.447628 2.789749146 -1.438645482 35.055961609 -0.035586573 0.989174962 0.046694145 0.134484902
1439803760.510132 2.808466911 -1.435492039 34.991432190 -0.035637777 0.989129424 0.046903610 0.134733111
1439803760.572632 2.826532364 -1.433048010 34.928390503 -0.035806410 0.989062369 0.047096781 0.135112584
1439803760.635132 2.844881058 -1.428821564 34.863189697 -0.035976950 0.989001036 0.047310155 0.135441482
1439803760.697634 2.863082886 -1.425677538 34.799785614 -0.035986442 0.988924086 0.047919337 0.135786265
1439803760.760135 2.881868362 -1.421760798 34.734321594 -0.035693031 0.988885581 0.047915801 0.136144668
1439803760.822636 2.901586533 -1.418971658 34.669727325 -0.036064770 0.988837361 0.047648612 0.136490077
1439803760.885138 2.919536591 -1.415459037 34.606014252 -0.035897017 0.988802910 0.047398616 0.136870459
1439803760.947639 2.938996315 -1.412710667 34.541999817 -0.036658868 0.988780141 0.046916764 0.136999279
1439803761.010140 2.956840515 -1.409036875 34.478279114 -0.037508551 0.988708675 0.046136867 0.137548834
1439803761.072642 2.977109909 -1.406070471 34.411502838 -0.038123015 0.988674581 0.045462035 0.137849122
1439803761.135143 2.996323586 -1.402229309 34.347522736 -0.038545221 0.988616943 0.045100715 0.138263077
1439803761.197645 3.015464783 -1.399178743 34.283309937 -0.038897708 0.988550305 0.045395233 0.138544321
1439803761.260148 3.034707069 -1.396113634 34.218338013 -0.038497608 0.988485157 0.046021495 0.138913661
1439803761.322650 3.053434372 -1.392364383 34.152301788 -0.038116332 0.988420904 0.046327151 0.139373809
1439803761.385148 3.072187424 -1.389825344 34.086605072 -0.038362592 0.988341570 0.046834916 0.139698938
1439803761.447650 3.090762138 -1.386198997 34.020938873 -0.038385060 0.988283932 0.047016554 0.140038714
1439803761.572650 3.133329391 -1.378610253 33.885894775 -0.037395850 0.988267183 0.047043964 0.140414983
1439803761.635150 3.152386665 -1.374935865 33.818962097 -0.036855388 0.988236845 0.046884954 0.140823960
1439803761.697654 3.172122002 -1.372895837 33.754447937 -0.036446773 0.988193214 0.047022600 0.141190395
1439803761.760151 3.192580223 -1.368377447 33.686386108 -0.036061708 0.988202214 0.046633858 0.141354844
1439803761.822652 3.212658882 -1.365137577 33.619312286 -0.035529148 0.988218904 0.046654332 0.141366199
1439803761.947657 3.252645493 -1.357944608 33.484600067 -0.035356097 0.988243759 0.046738278 0.141208291
1439803762.010154 3.273126602 -1.354475260 33.416976929 -0.035414308 0.988277853 0.046591330 0.141003340
1439803762.072654 3.292478561 -1.351786137 33.350036621 -0.034895446 0.988272548 0.046491273 0.141202703
1439803762.135155 3.312645912 -1.348057747 33.281555176 -0.034840234 0.988268733 0.046146013 0.141356170
1439803762.197655 3.333003998 -1.345090151 33.213306427 -0.034878090 0.988299787 0.045554154 0.141321883
1439803762.260155 3.353549004 -1.341864109 33.145114899 -0.034574982 0.988299668 0.045175768 0.141518638
1439803762.322659 3.375336647 -1.338224769 33.075870514 -0.034715265 0.988310874 0.045194279 0.141399696
1439803762.447656 3.415538788 -1.331429243 32.939823151 -0.034127943 0.988185823 0.045114085 0.142438501
1439803762.510157 3.436152458 -1.329023123 32.869472504 -0.033920154 0.988111138 0.045208424 0.142975539
1439803762.572659 3.456480026 -1.326379776 32.800804138 -0.033564493 0.987996101 0.045033157 0.143906817
1439803762.635161 3.477812767 -1.322731137 32.732147217 -0.033414565 0.987912595 0.044728536 0.144608021
1439803762.697662 3.498993874 -1.319218397 32.661193848 -0.033041373 0.987798929 0.044715106 0.145471856
1439803762.760161 3.522718430 -1.320362568 32.591396332 -0.033574834 0.987658381 0.045469727 0.146068767
1439803762.822662 3.535879135 -1.316876292 32.531303406 -0.033416729 0.987389147 0.045998283 0.147750512
1439803762.885162 3.558005333 -1.311907768 32.462512970 -0.033119518 0.987256408 0.045910805 0.148728043
1439803762.947663 3.580079079 -1.307885647 32.392986298 -0.032064293 0.987123489 0.046356432 0.149700433
