1439803827.636336 -0.001636421 -0.002363784 0.048207026 0.001026062 -0.006441249 -0.003133029 0.999973774
1439803827.698838 -0.002295775 -0.003103250 0.064604342 0.001185795 -0.007784918 -0.003660763 0.999962270
1439803827.761337 -0.002748818 -0.003937838 0.081470795 0.001073026 -0.009111717 -0.004408417 0.999948204
1439803827.823840 -0.003279735 -0.004828604 0.098479316 0.000535735 -0.010307336 -0.005330062 0.999932528
1439803827.886341 -0.003878114 -0.005834557 0.115592949 -0.000199588 -0.011213856 -0.005785686 0.999920368
1439803827.948845 -0.004692927 -0.006844842 0.132600099 -0.000853791 -0.011717014 -0.006282738 0.999911249
1439803828.011343 -0.005326422 -0.007732700 0.149692670 -0.001126872 -0.011808003 -0.006698186 0.999907196
1439803828.073845 -0.006027490 -0.008241151 0.167444497 -0.000834477 -0.011585838 -0.007263474 0.999906123
1439803828.136347 -0.006278713 -0.009314044 0.185010925 -0.000993929 -0.011660713 -0.007344311 0.999904513
1439803828.198847 -0.006887432 -0.010072750 0.202985942 -0.000948598 -0.011498841 -0.007306320 0.999906719
1439803828.261349 -0.007380236 -0.010917984 0.221062660 -0.001045489 -0.011426806 -0.006929378 0.999910176
1439803828.323852 -0.007752280 -0.011878387 0.239074796 -0.000955289 -0.011475175 -0.006316429 0.999913752
1439803828.386352 -0.008275437 -0.012711957 0.257143945 -0.000375847 -0.011464726 -0.006061347 0.999915838
1439803828.448852 -0.008854190 -0.013684355 0.275642842 0.000141635 -0.011329390 -0.005848086 0.999918699
1439803828.511353 -0.009425321 -0.014774949 0.294111103 0.000525699 -0.011070344 -0.005778242 0.999921918
1439803828.573854 -0.009933747 -0.015650272 0.312894017 0.000742221 -0.010952305 -0.005136948 0.999926567
1439803828.636357 -0.010362845 -0.016688474 0.331805050 0.000973816 -0.010920163 -0.004861823 0.999928117
1439803828.698856 -0.010770965 -0.017605802 0.350969255 0.001213161 -0.010994435 -0.004117707 0.999930322
1439803828.761358 -0.011202686 -0.018620443 0.370111108 0.000847194 -0.010865986 -0.003252263 0.999935329
1439803828.823860 -0.011529646 -0.019676091 0.389692336 0.000991160 -0.010885640 -0.001628439 0.999938905
1439803828.886360 -0.011951787 -0.020715429 0.408738256 0.000929907 -0.010798691 -0.001132779 0.999940634
1439803828.948866 -0.012486795 -0.021874839 0.428636104 0.000571549 -0.010801855 -0.001140480 0.999940872
1439803829.011364 -0.012965057 -0.023040237 0.448616862 0.000606172 -0.010649692 -0.000780907 0.999942839
1439803829.073868 -0.013417899 -0.024098933 0.468289763 0.001025318 -0.010482646 -0.000353002 0.999944448
1439803829.136365 -0.013952340 -0.025079485 0.488230050 0.001417240 -0.010471061 0.000306650 0.999944150
1439803829.198867 -0.003960780 -0.032008681 0.485709071 -0.002922795 -0.012052614 0.000158029 0.999923110
1439803829.261369 -0.014624504 -0.027481647 0.529055238 0.000712606 -0.010698431 0.001295376 0.999941707
1439803829.323870 -0.015251653 -0.028220743 0.549662709 0.000452580 -0.010268829 0.001875742 0.999945462
1439803829.386371 -0.015117029 -0.029664958 0.569670498 -0.000481431 -0.010464595 0.002501065 0.999942005
1439803829.448873 -0.015934654 -0.030606650 0.590988934 -0.000882886 -0.009962787 0.002682339 0.999946356
1439803829.511374 -0.016077369 -0.032209899 0.611565173 -0.001482217 -0.009570621 0.003139297 0.999948144
