0.103760 0.002749885 -0.001225323 0.068459183 0.001287836 0.021918209 0.000275969 0.999758899
0.207590 0.008719958 -0.002845434 0.136200726 0.003812245 0.044584375 0.002548393 0.998995125
0.311605 0.017453108 -0.004426870 0.203642353 0.005843308 0.067548156 0.002426079 0.997695982
0.415086 0.029271957 -0.006150850 0.271070570 0.007129373 0.090839624 0.001505810 0.995838881
0.518869 0.044441439 -0.008066554 0.337765038 0.007362065 0.114213437 0.003022341 0.993424356
0.622688 0.062527694 -0.010136206 0.403504074 0.008226912 0.137422711 0.003692712 0.990471423
0.726432 0.083961457 -0.012496753 0.468766004 0.009864626 0.160281569 0.005334402 0.987007618
0.830171 0.108443819 -0.014593860 0.531728506 0.011190154 0.182285488 0.006796667 0.983158469
0.933953 0.135682330 -0.017119681 0.592863500 0.011692470 0.204657674 0.006971118 0.978738964
1.037695 0.165771946 -0.019305687 0.655460596 0.011379080 0.227419287 0.007484275 0.973701715
1.141483 0.198539495 -0.021725770 0.714491487 0.011131872 0.250388473 0.007501746 0.968052387
1.245136 0.234256759 -0.024082627 0.773303568 0.010960269 0.273299813 0.008086829 0.961832464
1.348871 0.272392035 -0.026261915 0.829033911 0.011374960 0.295841753 0.008740645 0.955129266
1.452734 0.314059794 -0.028787103 0.883931398 0.011900960 0.318004459 0.010045839 0.947961271
1.556375 0.357348740 -0.031146441 0.935598731 0.012508581 0.339717269 0.010296396 0.940388083
1.660095 0.404562920 -0.033690393 0.987212121 0.012964291 0.361483335 0.012573205 0.932203650
1.763837 0.452674210 -0.036035359 1.035139084 0.013006851 0.383031011 0.012649373 0.923557341
1.867714 0.504311860 -0.038489237 1.082246065 0.013835051 0.404688478 0.012720192 0.914261460
1.971323 0.557473660 -0.040625762 1.126528025 0.015143317 0.426086456 0.014350701 0.904441833
2.074937 0.614847720 -0.042765498 1.169391513 0.015480404 0.446971178 0.014088011 0.894303501
2.178679 0.672288001 -0.044841632 1.208503246 0.017077981 0.467582315 0.014865657 0.883659542
2.282428 0.734447539 -0.046759836 1.246221304 0.019676704 0.487773031 0.015741216 0.872606695
2.386034 0.795542896 -0.049001612 1.280680656 0.020181714 0.507386744 0.016101504 0.861331582
2.489649 0.861436486 -0.050637297 1.313832879 0.021147124 0.525987923 0.018322518 0.850031674
2.593387 0.925966144 -0.052859444 1.342302799 0.021971989 0.543295205 0.019937703 0.839017332
2.697006 0.995560646 -0.054395329 1.370309353 0.023264810 0.559235632 0.019868789 0.828444004
2.800620 1.063877225 -0.055935040 1.395220518 0.022614786 0.574010730 0.020534664 0.818277836
2.904387 1.137207031 -0.057892188 1.418578863 0.022450112 0.588282764 0.022063870 0.808042467
3.008111 1.208517909 -0.059228208 1.438921332 0.022270717 0.602113962 0.022458531 0.797783434
3.111717 1.284101844 -0.060306560 1.458703279 0.021996070 0.615469038 0.020879699 0.787577331
3.215334 1.357890844 -0.061318487 1.475140095 0.022168197 0.627953529 0.020531287 0.777664065
3.319074 1.434634089 -0.062904552 1.489428639 0.022626268 0.639999568 0.021426532 0.767743111
3.422811 1.514405370 -0.064239711 1.501127005 0.022753060 0.651788950 0.022278603 0.757731557
3.526551 1.593905687 -0.065545082 1.511025190 0.021623312 0.663400590 0.022381863 0.747616947
3.630286 1.673269987 -0.066705234 1.518708706 0.021137679 0.674405396 0.022911232 0.737702966
3.733924 1.755093575 -0.067268945 1.524022102 0.022123620 0.684381008 0.024157537 0.728388309
3.837524 1.845306754 -0.067874618 1.526571274 0.023661869 0.693472326 0.025719145 0.719635129
3.941290 1.931346774 -0.067608088 1.526862144 0.025164226 0.701549649 0.027283346 0.711653352
4.044901 2.017901421 -0.068636000 1.526111126 0.026700653 0.708708346 0.029661860 0.704371870
4.148625 2.108198166 -0.068631321 1.522986293 0.027957302 0.714776516 0.031739894 0.698072791
4.252293 2.197319746 -0.068680912 1.518617868 0.028992722 0.720089555 0.033174895 0.692481041
4.355974 2.287992239 -0.069060571 1.513775349 0.029228704 0.725036919 0.034465592 0.687225819
4.459609 2.379669428 -0.068488002 1.507700801 0.028802020 0.729600370 0.035044495 0.682367623
4.563217 2.471002102 -0.068567276 1.500990152 0.028533664 0.733808517 0.035210811 0.677842915
4.666947 2.563765764 -0.067831732 1.491837382 0.029489104 0.737618983 0.034308966 0.673699856
4.770559 2.657223940 -0.067769758 1.482315660 0.030561794 0.741072536 0.033410445 0.669896424
4.874319 2.752907991 -0.067208342 1.471747041 0.031691317 0.744245827 0.032988951 0.666337430
4.977967 2.850548506 -0.066326335 1.460793972 0.031813487 0.746867657 0.032488413 0.663416207
5.081656 2.948825359 -0.066549957 1.448928356 0.031819046 0.748815179 0.032297458 0.661226332
5.185269 3.050566673 -0.066163309 1.435482979 0.032671317 0.750496984 0.032142710 0.659282744
5.288943 3.152761459 -0.065739088 1.422176838 0.032821406 0.752078652 0.031117234 0.657519698
5.392622 3.257370710 -0.066071004 1.408596992 0.033254810 0.753485799 0.031148769 0.655883431
5.496314 3.363227129 -0.065799363 1.394317389 0.032726727 0.754485071 0.031475320 0.654744685
5.600026 3.473050117 -0.065732114 1.377835274 0.032212835 0.755207717 0.032454725 0.653888583
5.703641 3.582152128 -0.064822264 1.363345027 0.031596858 0.756061256 0.032659419 0.652921438
5.807340 3.696054220 -0.064946391 1.344942570 0.032915901 0.756587267 0.033616424 0.652198017
5.910955 3.807683229 -0.064970702 1.329448700 0.032661863 0.756982744 0.033678748 0.651748478
6.014715 3.923616409 -0.064000130 1.311665535 0.033705201 0.757168710 0.033780813 0.651473999
6.118447 4.040243626 -0.063614599 1.293792486 0.033615112 0.757174432 0.033503868 0.651486278
6.221927 4.155079365 -0.064691320 1.277705789 0.034109622 0.757034421 0.033158276 0.651640952
6.325669 4.279495716 -0.064253271 1.257785082 0.034368429 0.756595671 0.033403013 0.652124226
6.429280 4.400981903 -0.063587449 1.240183234 0.033655111 0.756160378 0.033390231 0.652666748
6.533021 4.522594929 -0.063886032 1.223118305 0.034103230 0.755868196 0.033427604 0.652979970
6.636673 4.650779724 -0.063971147 1.204567909 0.034387551 0.755512893 0.033204813 0.653387427
6.740399 4.778052330 -0.064459160 1.186444402 0.035019297 0.755243540 0.033499651 0.653650224
6.844097 4.908773899 -0.063930973 1.167987823 0.034847666 0.754915237 0.033324368 0.654047549
6.947755 5.041461468 -0.063246392 1.148745656 0.034907106 0.754635155 0.034534950 0.654304624
7.051471 5.169983864 -0.063853271 1.132332802 0.034815378 0.754463971 0.035957154 0.654430330
7.155209 5.304636955 -0.063933797 1.113514662 0.035502385 0.754225016 0.036039934 0.654664218
7.258923 5.440638542 -0.063076437 1.093142033 0.036838695 0.753938556 0.036008790 0.654922068
7.362568 5.574981689 -0.063573062 1.075640202 0.036338020 0.753770411 0.035859704 0.655151725
7.466210 5.708591461 -0.065172866 1.059498310 0.036644969 0.753768921 0.036481220 0.655102015
7.569925 5.845600605 -0.065868884 1.041812181 0.036275245 0.753734589 0.037031174 0.655131280
7.673572 5.988513470 -0.065191343 1.020508885 0.036918283 0.753635824 0.037432544 0.655186117
7.777286 6.127963066 -0.065356478 1.002604008 0.037275646 0.753635705 0.038031794 0.655131578
7.881024 6.272229671 -0.064051218 0.980559826 0.037836790 0.753578246 0.037643898 0.655187845
7.984696 6.413227558 -0.063853070 0.963482618 0.037907384 0.753920913 0.037130143 0.654818773
8.088400 6.557630539 -0.063425325 0.944847882 0.037809175 0.754456401 0.036505826 0.654242516
8.192118 6.704137802 -0.063014880 0.922903299 0.037790604 0.754803061 0.035911892 0.653876603
8.295863 6.849709988 -0.059927903 0.903874576 0.036923528 0.755302072 0.035178687 0.653389573
8.399546 7.000258923 -0.063049287 0.880308390 0.037169773 0.755451739 0.036052465 0.653154910
8.503235 7.148650646 -0.062015243 0.858708620 0.035838883 0.755607963 0.035344496 0.653087258
8.606978 7.299656391 -0.064338058 0.839643240 0.036275465 0.756366551 0.035411175 0.652180791
8.710698 7.450968742 -0.063217640 0.816038132 0.036022272 0.757202566 0.034502301 0.651272833
8.814436 7.605084419 -0.063481122 0.794141412 0.036427196 0.758628368 0.034487393 0.649589598
8.918107 7.759219170 -0.064035088 0.769438624 0.035566643 0.760054111 0.034318428 0.647977591
9.021867 7.914317608 -0.065082654 0.745278001 0.034812368 0.761725664 0.034434609 0.646046758
9.125548 8.068762779 -0.064783625 0.720063686 0.034535334 0.763274074 0.033625886 0.644274294
9.229148 8.225048065 -0.067150995 0.692839146 0.035327334 0.764741957 0.033760440 0.642481089
9.332783 8.380928993 -0.068542257 0.667913437 0.035601605 0.766478360 0.033283666 0.640418410
9.436507 8.540693283 -0.069707021 0.638003349 0.035215266 0.768071413 0.032959957 0.638545036
9.540126 8.698436737 -0.071014240 0.610087037 0.034134217 0.769806743 0.032550402 0.636532009
9.643856 8.860448837 -0.069898024 0.578224778 0.033537980 0.771615744 0.032074027 0.634393871
9.747566 9.021080017 -0.069970399 0.547246218 0.032925509 0.773510277 0.032022692 0.632117450
9.851216 9.181629181 -0.070042759 0.515266657 0.032885358 0.775398076 0.032426044 0.629781663
9.954854 9.344142914 -0.068344496 0.480834961 0.033554453 0.777175188 0.031690124 0.627589464
10.058450 9.506524086 -0.067731515 0.445347905 0.033712376 0.779019833 0.031142881 0.625317276
10.162270 9.667155266 -0.065937281 0.412565708 0.033745188 0.781217813 0.030998711 0.622574508
10.265950 9.830863953 -0.061752815 0.377063513 0.033866894 0.783193827 0.030238941 0.620117784
10.369540 9.993885040 -0.059086744 0.338705063 0.033798069 0.785050035 0.029015657 0.617828548
10.473330 10.158157349 -0.063007876 0.303044558 0.033288013 0.787171245 0.029097874 0.615147650
10.577010 10.322584152 -0.063501388 0.258068085 0.033188343 0.788196206 0.029977838 0.613796830
10.680800 10.469811440 -0.084539890 0.219976902 0.032181002 0.788325310 0.035477828 0.613391340
10.784490 10.632545471 -0.081066281 0.179673672 0.032630675 0.789397776 0.035288960 0.611997545
10.888380 10.798258781 -0.074916497 0.137661934 0.033701051 0.790393293 0.034010943 0.610725701
10.992100 10.961905479 -0.077155516 0.093648195 0.033140477 0.791039884 0.034728527 0.609878361
11.096280 11.126789093 -0.073280469 0.050084352 0.033102077 0.792047799 0.033176236 0.608657479
