1439803697.883993 -0.002753013 -0.002390484 0.043250293 0.001242077 -0.018666089 0.000024337 0.999825001
1439803697.946494 -0.003524757 -0.003025676 0.054294635 0.002069661 -0.022522999 0.000613594 0.999743998
1439803698.008995 -0.004308295 -0.003522200 0.065507844 0.002915627 -0.025956256 0.000380749 0.999658763
1439803698.071496 -0.005347305 -0.004119831 0.076815121 0.003677327 -0.028587457 0.000100352 0.999584556
1439803698.134001 -0.006096035 -0.004903921 0.088604122 0.004082785 -0.030858357 -0.000545460 0.999515295
1439803698.196499 -0.007435308 -0.005538480 0.100024886 0.004376297 -0.032302983 -0.001807171 0.999466896
1439803698.259000 -0.008596756 -0.006241754 0.111875467 0.004471651 -0.033865005 -0.004090792 0.999408066
1439803698.321501 -0.009615865 -0.006991832 0.123717494 0.004516630 -0.035333011 -0.005382602 0.999350905
1439803698.384005 -0.010668161 -0.007668674 0.135610580 0.004500203 -0.036350008 -0.006072784 0.999310553
1439803698.446504 -0.011863153 -0.008367454 0.147755921 0.004179469 -0.036990073 -0.007006266 0.999282300
1439803698.509006 -0.012851685 -0.009074662 0.160108775 0.003679391 -0.037576720 -0.006499684 0.999265850
1439803698.571507 -0.013793189 -0.009774408 0.172435269 0.002922392 -0.038227670 -0.004771519 0.999253392
1439803698.634008 -0.014750817 -0.010476246 0.184899375 0.002135057 -0.038662888 -0.004613126 0.999239385
1439803698.696512 -0.015827078 -0.011183461 0.197509304 0.001261006 -0.038848139 -0.005402288 0.999229729
1439803698.759011 -0.017022928 -0.011887476 0.210270286 0.000855513 -0.038836081 -0.006485281 0.999224186
1439803698.821512 -0.018256938 -0.012526964 0.223173395 0.000963120 -0.038759533 -0.007849230 0.999217272
1439803698.884017 -0.019477885 -0.013217378 0.236080199 0.001290114 -0.038703185 -0.008984260 0.999209523
1439803698.946517 -0.020638958 -0.013984068 0.249023169 0.001721288 -0.038810015 -0.009323083 0.999201655
1439803699.009019 -0.021659590 -0.014631147 0.262113184 0.002222619 -0.038903434 -0.008945434 0.999200463
1439803699.071518 -0.022552343 -0.015373458 0.275398672 0.003027161 -0.039169613 -0.008131032 0.999194920
1439803699.134022 -0.023780219 -0.016132621 0.288795441 0.003427358 -0.039126400 -0.007841820 0.999197602
1439803699.196521 -0.024882907 -0.016918927 0.302097112 0.003202049 -0.039066374 -0.007937465 0.999199986
1439803699.259021 -0.025920281 -0.017603215 0.315622568 0.002955089 -0.039145187 -0.008900828 0.999189496
1439803699.321523 -0.027191261 -0.018483074 0.329195291 0.002638556 -0.038890198 -0.009745468 0.999192476
1439803699.384027 -0.028508769 -0.019291798 0.342973411 0.002211153 -0.038753401 -0.010797050 0.999188006
1439803699.446526 -0.029630935 -0.020016758 0.356839746 0.001563880 -0.038917121 -0.010786191 0.999182999
1439803699.509026 -0.030721070 -0.020850113 0.370676786 0.001451397 -0.039192196 -0.010601358 0.999174416
1439803699.571528 -0.031858936 -0.021732422 0.384541124 0.001892343 -0.039166983 -0.010268027 0.999178112
1439803699.634030 -0.032998420 -0.022536382 0.398355007 0.002378064 -0.039298814 -0.010024736 0.999174416
1439803699.696529 -0.034072433 -0.023295414 0.412480474 0.002661131 -0.039591350 -0.009974618 0.999162614
1439803699.759030 -0.035306916 -0.023996800 0.426479459 0.002732034 -0.039706279 -0.010039523 0.999157250
1439803699.821533 -0.036545191 -0.024864903 0.440702796 0.002469335 -0.039674681 -0.009891849 0.999160647
1439803699.884031 -0.037902780 -0.025697988 0.454852819 0.001994841 -0.039752997 -0.009421653 0.999163091
1439803699.946531 -0.038910102 -0.026455564 0.469045669 0.001728597 -0.040207442 -0.009518862 0.999144495
1439803700.009033 -0.040336084 -0.027540943 0.483449280 0.001913100 -0.040283550 -0.009582737 0.999140501
1439803700.071532 -0.041662529 -0.028342808 0.497758925 0.002143107 -0.040342033 -0.010433864 0.999129176
1439803700.134033 -0.043158509 -0.029300282 0.512243867 0.001976256 -0.040268496 -0.010540720 0.999131322
1439803700.196534 -0.044490427 -0.030013669 0.526740074 0.001453729 -0.040518124 -0.010913965 0.999118149
1439803700.259036 -0.045758080 -0.030780300 0.541245580 0.000550010 -0.040905260 -0.012042159 0.999090314
1439803700.321536 -0.047060154 -0.031587932 0.555848658 -0.000598179 -0.041158173 -0.011818364 0.999082565
1439803700.384040 -0.048431255 -0.032378923 0.570547223 -0.001376219 -0.041272301 -0.012048883 0.999074340
1439803700.446541 -0.049679831 -0.033195496 0.585071146 -0.001530369 -0.041558586 -0.011767247 0.999065578
1439803700.509040 -0.051003933 -0.034034576 0.599708378 -0.000994912 -0.041755486 -0.011422157 0.999062061
1439803700.571545 -0.052374560 -0.034959540 0.614284873 -0.000318309 -0.042005502 -0.011919465 0.999046206
1439803700.634047 -0.053700399 -0.035661489 0.629039884 0.000448791 -0.042478926 -0.012503367 0.999019027
1439803700.696546 -0.055120710 -0.036409359 0.643642724 0.000607580 -0.042836811 -0.013347550 0.998992741
1439803700.759048 -0.056667022 -0.037266191 0.658258438 0.000452988 -0.043010093 -0.013201049 0.998987317
1439803700.821550 -0.057978224 -0.037985209 0.672987282 -0.000027433 -0.043530539 -0.012877574 0.998969078
1439803700.884051 -0.059368432 -0.038726419 0.687710285 -0.000554078 -0.043989904 -0.011953639 0.998960316
1439803700.946552 -0.060751490 -0.039554898 0.702482462 -0.001044835 -0.044372316 -0.012391976 0.998937666
1439803701.009051 -0.062275730 -0.040359799 0.717215478 -0.001204556 -0.044428591 -0.013179080 0.998924911
1439803701.071552 -0.063800588 -0.041058205 0.731916189 -0.000989645 -0.044842739 -0.013470064 0.998902738
1439803701.134057 -0.065471299 -0.041925855 0.746657252 -0.000630305 -0.045033723 -0.014961285 0.998873234
1439803701.196557 -0.066846274 -0.042716682 0.761394322 -0.000068218 -0.045594633 -0.015991947 0.998831987
1439803701.259059 -0.068590142 -0.043504767 0.776234567 0.000345661 -0.045633107 -0.017347401 0.998807609
1439803701.321559 -0.070277557 -0.044079732 0.791086793 0.000765219 -0.045787260 -0.018769959 0.998774529
1439803701.384059 -0.071795546 -0.045147169 0.805823684 0.000308922 -0.046013560 -0.020610631 0.998728096
1439803701.446564 -0.073211037 -0.046051670 0.820322692 0.000381847 -0.046282597 -0.021454766 0.998697877
1439803701.509062 -0.074829847 -0.046827666 0.835438609 0.001087221 -0.046296403 -0.020625714 0.998714209
1439803701.571564 -0.076271608 -0.047885608 0.850081086 0.001348124 -0.046483602 -0.019899245 0.998719931
1439803701.634065 -0.077732891 -0.048559133 0.865040898 0.001976174 -0.046639476 -0.018993560 0.998729229
1439803701.696566 -0.079386532 -0.049468100 0.879709721 0.001974246 -0.046586774 -0.020504873 0.998701811
1439803701.759067 -0.081065796 -0.050214615 0.894654691 0.002044907 -0.046702337 -0.022528287 0.998652697
1439803701.821569 -0.082644135 -0.051142924 0.909344733 0.002106905 -0.047181603 -0.023209585 0.998614430
1439803701.884070 -0.084270291 -0.051971249 0.924256086 0.002500930 -0.047497727 -0.023409581 0.998593867
1439803701.946571 -0.085745595 -0.053002633 0.938819349 0.002540199 -0.048055980 -0.022023240 0.998598576
1439803702.009072 -0.087292038 -0.053799096 0.953836799 0.002868201 -0.048264444 -0.021506116 0.998598933
1439803702.071574 -0.088876136 -0.054609217 0.968530357 0.003317801 -0.048176497 -0.021022603 0.998612046
1439803702.134076 -0.090451777 -0.055565923 0.983403325 0.003311055 -0.048018295 -0.021170514 0.998616576
1439803702.196576 -0.092152514 -0.056488037 0.998035014 0.002946276 -0.047753632 -0.021901935 0.998614669
1439803702.259077 -0.093550839 -0.057381231 1.013018489 0.002960564 -0.047824852 -0.021155285 0.998627305
1439803702.321579 -0.095043540 -0.058290713 1.027698994 0.003359500 -0.047887877 -0.020577807 0.998635054
1439803702.384084 -0.096445084 -0.059249774 1.042294264 0.003786373 -0.048115667 -0.019593904 0.998642385
1439803702.446582 -0.097936459 -0.060115024 1.057046652 0.004211601 -0.048178788 -0.018493220 0.998658597
1439803702.509082 -0.099340305 -0.060993761 1.071655393 0.004290726 -0.048246358 -0.017859042 0.998666584
1439803702.571582 -0.100913562 -0.061882418 1.086575747 0.003971418 -0.048217185 -0.016867116 0.998686552
1439803702.634085 -0.102445640 -0.062796347 1.101240396 0.003866499 -0.048107527 -0.016649878 0.998695910
1439803702.696583 -0.104016997 -0.063712291 1.115949869 0.003836015 -0.048065849 -0.016914934 0.998693585
1439803702.759086 -0.105448335 -0.064651527 1.130449295 0.003823841 -0.048082631 -0.016039319 0.998707235
1439803702.821588 -0.106969930 -0.065611027 1.145238876 0.003929954 -0.048020046 -0.015532196 0.998717844
1439803702.884085 -0.108408593 -0.066536359 1.160058975 0.004546173 -0.048117388 -0.014589699 0.998724759
1439803702.946586 -0.109936140 -0.067489363 1.174668789 0.005458165 -0.048059214 -0.014174888 0.998728991
1439803703.009091 -0.111372955 -0.068411224 1.189257860 0.006449400 -0.048184842 -0.014096960 0.998718143
1439803703.071587 -0.112884052 -0.069397524 1.204018712 0.006489404 -0.048380829 -0.013484092 0.998716891
1439803703.134087 -0.114406012 -0.070339717 1.218516588 0.006405269 -0.048521761 -0.012527445 0.998723030
1439803703.196592 -0.115917228 -0.071384326 1.233355284 0.006342929 -0.048849579 -0.011954349 0.998714447
1439803703.259094 -0.117418118 -0.072341450 1.247789979 0.005678808 -0.049082693 -0.011003745 0.998717964
1439803703.321590 -0.118843071 -0.073344655 1.262552857 0.004836385 -0.049431745 -0.010089932 0.998714805
1439803703.384090 -0.120410584 -0.074362129 1.277277231 0.004532354 -0.049400110 -0.009866278 0.998720050
1439803703.446598 -0.121863268 -0.075235993 1.291619301 0.004810162 -0.049635299 -0.009943449 0.998706341
1439803703.509094 -0.123371616 -0.076186165 1.306169748 0.004784770 -0.049986966 -0.009656674 0.998691738
1439803703.571594 -0.125001267 -0.077047333 1.320770144 0.004244782 -0.050168987 -0.009893908 0.998682737
1439803703.634094 -0.126578525 -0.077989057 1.335429072 0.003656656 -0.050490327 -0.010084019 0.998666942
1439803703.696597 -0.128082111 -0.078921959 1.349979877 0.003335866 -0.050956439 -0.009380759 0.998651266
1439803703.759098 -0.129621565 -0.079766653 1.364679098 0.003029749 -0.051250257 -0.008924386 0.998641372
1439803703.821598 -0.131171361 -0.080672123 1.379111409 0.002659974 -0.051497240 -0.008901728 0.998629928
1439803703.884100 -0.132907942 -0.081592470 1.393940568 0.002756670 -0.051723920 -0.009111810 0.998616040
1439803703.946602 -0.134404570 -0.082549430 1.408176184 0.003502247 -0.052012257 -0.009189304 0.998598039
1439803704.009101 -0.136071295 -0.083368964 1.422745347 0.004204108 -0.052252769 -0.009191095 0.998582780
1439803704.071603 -0.137722373 -0.084283121 1.437270522 0.004552751 -0.052522112 -0.008789965 0.998570681
1439803704.134104 -0.139304072 -0.085268259 1.451709747 0.004552942 -0.052940447 -0.008301424 0.998552799
1439803704.196606 -0.140927806 -0.086203858 1.466161013 0.004807083 -0.053282030 -0.007898802 0.998536706
1439803704.259107 -0.142506957 -0.087022990 1.480808496 0.004536064 -0.053628094 -0.007405334 0.998523235
1439803704.321608 -0.144210845 -0.087979175 1.494987249 0.003617004 -0.053813219 -0.008185495 0.998510897
1439803704.384109 -0.145988241 -0.088850006 1.509488344 0.002912235 -0.054021139 -0.008635232 0.998498201
1439803704.446610 -0.147696584 -0.089753680 1.524209619 0.002816468 -0.054437928 -0.008463886 0.998477340
1439803704.509112 -0.149238944 -0.090775609 1.538466692 0.002609597 -0.054991148 -0.008156900 0.998450100
1439803704.571613 -0.150960296 -0.091705561 1.552902341 0.002759101 -0.055229958 -0.007638552 0.998440623
1439803704.634114 -0.152595103 -0.092543773 1.567079782 0.003258537 -0.055504970 -0.007926829 0.998421609
1439803704.696614 -0.154362172 -0.093390524 1.581526279 0.003698559 -0.055620562 -0.008938873 0.998405099
1439803704.759114 -0.156101659 -0.094274208 1.595862389 0.003589430 -0.055734836 -0.009843644 0.998390615
1439803704.821616 -0.157857060 -0.095164880 1.610133886 0.003802345 -0.055733494 -0.010664014 0.998381495
1439803704.884119 -0.159625739 -0.096092105 1.624419808 0.004273605 -0.055674311 -0.011139664 0.998377681
1439803704.946618 -0.161285162 -0.096987247 1.638700128 0.004927852 -0.055807214 -0.011743036 0.998360336
1439803705.009119 -0.163034633 -0.097966507 1.652835131 0.005334238 -0.055836417 -0.012249211 0.998350561
1439803705.071622 -0.164750576 -0.098898098 1.666998982 0.005990935 -0.055619475 -0.013235736 0.998346329
1439803705.134121 -0.166298389 -0.099886045 1.681105018 0.006368154 -0.055681121 -0.013143285 0.998341799
1439803705.196622 -0.168016374 -0.100866519 1.695212722 0.006197736 -0.055563815 -0.013625746 0.998342931
1439803705.259124 -0.169824719 -0.101814248 1.709579706 0.005709171 -0.055492289 -0.014769766 0.998333514
1439803705.321625 -0.171598718 -0.102785155 1.723926425 0.005650743 -0.055364314 -0.015089519 0.998336196
1439803705.384126 -0.173085675 -0.103684738 1.738040924 0.005754936 -0.055451177 -0.015232813 0.998328626
1439803705.446628 -0.174781427 -0.104721241 1.751905322 0.005501040 -0.055491298 -0.015554381 0.998322845
1439803705.509129 -0.176447272 -0.105620243 1.766063809 0.005505516 -0.055615775 -0.015449474 0.998317540
1439803705.571631 -0.178113833 -0.106562145 1.780258656 0.006253179 -0.055658229 -0.015102714 0.998316050
1439803705.634131 -0.179822028 -0.107697338 1.794327259 0.006660248 -0.055606488 -0.014536645 0.998324692
1439803705.696633 -0.181290358 -0.108598188 1.808476686 0.006777455 -0.055655397 -0.013219128 0.998339534
1439803705.759133 -0.183201462 -0.109704249 1.822510004 0.006847886 -0.055483896 -0.013068935 0.998350561
1439803705.821636 -0.184724033 -0.110531218 1.836478114 0.006993468 -0.055528257 -0.013301669 0.998344004
1439803705.884136 -0.186575383 -0.111597545 1.850430250 0.006452126 -0.055286098 -0.013609428 0.998356938
1439803705.946636 -0.188181400 -0.112526692 1.864189506 0.005671360 -0.055170007 -0.013936964 0.998363614
1439803706.009138 -0.189771786 -0.113618709 1.878431678 0.004190947 -0.055375494 -0.013513817 0.998365343
1439803706.071640 -0.191663548 -0.114494555 1.892816901 0.003189117 -0.055324547 -0.012822000 0.998381019
1439803706.134139 -0.193156123 -0.115513496 1.906607866 0.002485876 -0.055297256 -0.012339201 0.998390615
1439803706.196640 -0.194686770 -0.116436295 1.920710921 0.002641078 -0.055215638 -0.011636292 0.998403132
1439803706.259141 -0.196461722 -0.117345139 1.934411645 0.002756319 -0.054991663 -0.011355602 0.998418450
1439803706.321644 -0.197999477 -0.118242003 1.947969794 0.003271360 -0.054941375 -0.011073980 0.998422801
1439803706.384144 -0.199718818 -0.119190030 1.962101221 0.003993496 -0.054720461 -0.010918071 0.998434007
1439803706.446646 -0.201146573 -0.120077938 1.975732088 0.004479399 -0.054924566 -0.010801521 0.998422027
1439803706.509146 -0.202552363 -0.121023893 1.989083409 0.004482775 -0.055068441 -0.010388286 0.998418450
1439803706.571652 -0.204184055 -0.121895477 2.003203154 0.004403177 -0.055058680 -0.010278478 0.998420537
1439803706.634148 -0.205563486 -0.122824848 2.016799688 0.004136271 -0.055234171 -0.010062947 0.998414159
1439803706.696650 -0.207016811 -0.123655640 2.030330181 0.003798824 -0.055376921 -0.010514162 0.998402953
1439803706.759150 -0.208895579 -0.124642551 2.044605732 0.003487462 -0.055083804 -0.011641564 0.998407781
1439803706.821652 -0.210332289 -0.125597581 2.058073044 0.003388995 -0.055360794 -0.011714334 0.998391926
1439803706.884152 -0.211908758 -0.126403734 2.071761370 0.003651652 -0.055641066 -0.011767815 0.998374820
1439803706.946655 -0.213930190 -0.127264395 2.085987806 0.003976935 -0.055581674 -0.012076120 0.998373210
1439803707.009156 -0.215490550 -0.128070414 2.099535227 0.004854587 -0.056049157 -0.011273755 0.998352528
1439803707.071657 -0.217193663 -0.128973275 2.113238573 0.005820154 -0.056459520 -0.010881472 0.998328626
1439803707.134160 -0.218824595 -0.129910156 2.126689434 0.006294938 -0.056608785 -0.011645161 0.998308659
1439803707.196658 -0.220422566 -0.130893290 2.140234470 0.006264915 -0.056951322 -0.011946025 0.998285830
1439803707.259159 -0.222362801 -0.131620318 2.154272556 0.006538780 -0.057038426 -0.012755430 0.998269081
1439803707.321661 -0.223984331 -0.132463709 2.167076111 0.006427480 -0.057447337 -0.013413154 0.998237729
1439803707.384162 -0.225846887 -0.133570641 2.181051493 0.006166404 -0.057761077 -0.013379239 0.998221695
1439803707.446664 -0.227615356 -0.134335697 2.194538355 0.006252341 -0.058326412 -0.012890111 0.998194754
1439803707.509167 -0.229020774 -0.135402650 2.207779884 0.005988989 -0.059196047 -0.013079738 0.998142719
1439803707.571666 -0.230996072 -0.136246964 2.221438408 0.006061104 -0.059444927 -0.012463936 0.998135388
1439803707.634168 -0.232681811 -0.137020960 2.234703541 0.006616843 -0.059983417 -0.012787968 0.998095512
1439803707.696670 -0.234600767 -0.138149425 2.248253107 0.006891743 -0.060363088 -0.013070929 0.998067141
1439803707.759172 -0.236202672 -0.139129907 2.261358023 0.007007489 -0.061026487 -0.013593949 0.998018980
1439803707.821672 -0.237989604 -0.139973864 2.274437666 0.007252336 -0.061500728 -0.014420684 0.997976542
1439803707.884173 -0.239982903 -0.140933961 2.287729025 0.007617504 -0.061835285 -0.014746703 0.997948349
1439803707.946674 -0.241628528 -0.141780570 2.300559998 0.007774524 -0.062568232 -0.014360909 0.997907043
1439803708.009175 -0.243253097 -0.142707571 2.313762426 0.007600653 -0.063158303 -0.014534343 0.997868717
1439803708.071677 -0.245311394 -0.143720299 2.326855421 0.007275285 -0.063272543 -0.014728158 0.997861087
1439803708.134179 -0.246953636 -0.144607186 2.339683771 0.006995810 -0.063719884 -0.014564571 0.997837007
1439803708.196679 -0.248861939 -0.145535707 2.352586985 0.006788808 -0.063898072 -0.014388535 0.997829616
1439803708.259181 -0.250516117 -0.146413103 2.365410089 0.006620357 -0.064241864 -0.014564592 0.997806072
1439803708.321684 -0.252492309 -0.147271022 2.378307104 0.006357613 -0.064410746 -0.014626242 0.997795999
1439803708.384184 -0.254325867 -0.148220509 2.391382217 0.006197306 -0.064775839 -0.014406759 0.997776568
1439803708.446685 -0.256254852 -0.149106324 2.404131413 0.006160029 -0.064991571 -0.014759365 0.997757614
1439803708.509186 -0.257768333 -0.149926320 2.416757107 0.006368680 -0.065699615 -0.014858114 0.997708499
1439803708.571687 -0.259628326 -0.150901183 2.429577589 0.006216112 -0.066095598 -0.014295124 0.997691512
1439803708.634188 -0.261497170 -0.151658088 2.442292929 0.006191204 -0.066387869 -0.014844377 0.997664273
1439803708.696692 -0.263470292 -0.152772561 2.454922438 0.006016999 -0.066500127 -0.015366182 0.997649968
1439803708.759191 -0.265217543 -0.153631657 2.467390537 0.006245608 -0.066806868 -0.015456682 0.997626662
1439803708.821693 -0.267073452 -0.154435396 2.479890823 0.006708613 -0.066945784 -0.015746849 0.997609794
1439803708.884194 -0.268961787 -0.155271515 2.492363214 0.007042312 -0.067048237 -0.016414270 0.997589827
1439803708.946695 -0.270768940 -0.156207442 2.504712582 0.006996875 -0.067286514 -0.016964760 0.997564912
1439803709.009197 -0.272729814 -0.157042742 2.517077923 0.007098927 -0.067173593 -0.017829183 0.997556746
1439803709.071699 -0.274321258 -0.157894507 2.529367208 0.007358763 -0.067370549 -0.017959496 0.997539222
1439803709.134199 -0.276185066 -0.158770606 2.541688919 0.007349533 -0.067178629 -0.017897120 0.997553349
1439803709.196701 -0.277959585 -0.159683034 2.553993702 0.007224678 -0.066946812 -0.018028721 0.997567475
1439803709.259204 -0.279779255 -0.160466731 2.566448689 0.007337795 -0.066656329 -0.018343922 0.997580349
1439803709.321705 -0.281455517 -0.161276862 2.578742981 0.008052133 -0.066714883 -0.018200230 0.997573614
1439803709.384205 -0.283144891 -0.162181288 2.590966702 0.008419722 -0.066535480 -0.019141911 0.997564912
1439803709.446706 -0.285098970 -0.163097411 2.603405237 0.008663640 -0.066137642 -0.019980649 0.997572839
1439803709.509208 -0.286878109 -0.163903043 2.615709543 0.008931063 -0.065915540 -0.020035172 0.997584105
1439803709.571709 -0.288666338 -0.164795250 2.628250837 0.008893169 -0.065636665 -0.020726634 0.997588634
1439803709.634210 -0.290339381 -0.165699273 2.640627861 0.008773407 -0.065546103 -0.020972963 0.997590542
1439803709.696711 -0.292089731 -0.166536167 2.653084755 0.008765382 -0.065163746 -0.020701192 0.997621298
1439803709.759213 -0.293663472 -0.167408645 2.665423632 0.008807149 -0.064993948 -0.020981967 0.997626185
1439803709.821717 -0.295540184 -0.168265730 2.678063393 0.008553857 -0.064362384 -0.021420384 0.997660041
1439803709.884218 -0.297186494 -0.169147670 2.690500021 0.008017623 -0.063968763 -0.021875940 0.997679889
1439803709.946717 -0.298970878 -0.169977903 2.702883482 0.007791184 -0.063415043 -0.022915799 0.997693717
1439803710.009219 -0.300701767 -0.170874983 2.715395451 0.007842137 -0.062851094 -0.023946865 0.997704744
1439803710.071720 -0.302353680 -0.171779364 2.727771282 0.008755959 -0.062438734 -0.024281338 0.997714996
1439803710.134225 -0.304049373 -0.172680810 2.740337133 0.009664030 -0.061924122 -0.024490591 0.997733533
1439803710.196725 -0.305594683 -0.173632413 2.752681255 0.010076312 -0.061412241 -0.023968481 0.997773767
1439803710.259226 -0.307175636 -0.174500018 2.765238047 0.009954884 -0.060821235 -0.023584805 0.997820318
1439803710.321728 -0.308780491 -0.175398409 2.777795315 0.009769774 -0.060169075 -0.023962727 0.997852683
1439803710.384230 -0.310319036 -0.176221192 2.790203333 0.009628064 -0.059496451 -0.024258515 0.997887254
1439803710.446729 -0.311886251 -0.177119792 2.802725315 0.008863544 -0.058904871 -0.024446117 0.997924864
1439803710.509229 -0.313491702 -0.178060085 2.815207481 0.007674633 -0.058074310 -0.024180982 0.997989833
1439803710.571733 -0.314973414 -0.179044724 2.827589035 0.007137047 -0.057392120 -0.024197675 0.998032928
1439803710.634235 -0.316354215 -0.180031419 2.840059280 0.007382305 -0.056931119 -0.024072185 0.998060584
1439803710.696735 -0.317959070 -0.180858225 2.852697134 0.008337816 -0.056305155 -0.024581239 0.998076141
1439803710.759236 -0.319377035 -0.181725293 2.864946127 0.008703606 -0.055723879 -0.024664510 0.998103559
1439803710.821739 -0.320739955 -0.182456449 2.877445459 0.008881539 -0.055250704 -0.025295818 0.998112500
1439803710.884240 -0.322234303 -0.183229193 2.889784098 0.009186539 -0.054860812 -0.025874397 0.998116434
1439803710.946737 -0.323568016 -0.184071764 2.902145386 0.009093442 -0.054667395 -0.026289595 0.998117030
1439803711.009238 -0.325117916 -0.184983492 2.914538622 0.008907818 -0.054403745 -0.026012201 0.998140395
1439803711.071740 -0.326383531 -0.185902208 2.926904440 0.008519808 -0.054190274 -0.025763646 0.998161852
1439803711.134239 -0.327935994 -0.186832368 2.939163446 0.008755606 -0.053992040 -0.025455013 0.998178422
1439803711.196739 -0.329309821 -0.187726140 2.951644897 0.009325373 -0.053898577 -0.024512969 0.998201907
1439803711.259253 -0.330920547 -0.188529104 2.963947296 0.009849259 -0.053751133 -0.025689233 0.998175263
1439803711.321740 -0.332403719 -0.189484477 2.976108789 0.009943665 -0.053588361 -0.026177205 0.998170435
1439803711.384241 -0.333942235 -0.190186545 2.988457918 0.009988856 -0.053367242 -0.026516812 0.998172820
1439803711.446747 -0.335498512 -0.191152185 3.000399828 0.009787751 -0.053343885 -0.026488587 0.998176813
1439803711.509242 -0.336913168 -0.192039475 3.013495684 0.009849289 -0.053513106 -0.026325606 0.998171449
1439803711.571742 -0.338270426 -0.192982078 3.025579929 0.009704784 -0.053617027 -0.024609629 0.998211086
1439803711.634244 -0.339439929 -0.194017112 3.037868023 0.009463608 -0.053674404 -0.024291707 0.998218119
1439803711.696744 -0.340740710 -0.194919556 3.049667597 0.009231109 -0.053606704 -0.024860121 0.998209894
1439803711.759244 -0.342269391 -0.195530981 3.062601805 0.009536469 -0.053520974 -0.024793079 0.998213351
1439803711.821745 -0.343624383 -0.196601525 3.074668884 0.010334428 -0.053586233 -0.023642063 0.998229802
1439803711.884245 -0.344974399 -0.197478250 3.086985350 0.010575020 -0.053586710 -0.022766707 0.998247623
1439803711.946747 -0.346288115 -0.198343992 3.099399090 0.010529395 -0.053738426 -0.022780102 0.998239636
1439803712.009246 -0.347749114 -0.199245408 3.111633301 0.010179662 -0.053746115 -0.023121547 0.998235047
1439803712.071747 -0.349398464 -0.200039506 3.124347210 0.009980975 -0.053535249 -0.024801081 0.998208046
1439803712.134247 -0.350992292 -0.200902954 3.136141777 0.009076904 -0.053005602 -0.026198605 0.998209238
1439803712.196751 -0.352850348 -0.202183008 3.147295713 0.007263771 -0.052962933 -0.027618797 0.998188019
1439803712.259248 -0.354443848 -0.202869713 3.159966946 0.007045126 -0.053018581 -0.027782943 0.998182118
