1439803791.510675 0.001054655 -0.002605475 0.046808239 -0.000043501 0.007931295 0.000484918 0.999968410
1439803791.573179 0.001725532 -0.004019642 0.069972947 -0.000018473 0.011660523 0.001070896 0.999931455
1439803791.635681 0.002720867 -0.005365756 0.093600228 0.000032219 0.015146383 0.001411105 0.999884307
1439803791.698179 0.003846846 -0.006528279 0.117129184 -0.000261027 0.018393112 0.001811171 0.999829173
1439803791.760681 0.005062182 -0.007903438 0.140220627 -0.000446520 0.021271992 0.002659114 0.999770105
1439803791.823182 0.006440743 -0.009244094 0.163702682 -0.000541309 0.023935590 0.003629286 0.999706745
1439803791.885683 0.007896270 -0.010527887 0.187204838 -0.000899976 0.026398530 0.004541437 0.999640763
1439803791.948184 0.009480180 -0.011846416 0.210913852 -0.001063378 0.028817575 0.005253998 0.999570310
1439803792.010685 0.011192728 -0.013193930 0.234262809 -0.000701372 0.030903665 0.006495707 0.999500990
1439803792.073186 0.012956707 -0.014398130 0.258149892 -0.000597783 0.033081193 0.007758771 0.999422371
1439803792.135687 0.014947920 -0.015621684 0.281807959 -0.001272372 0.035115629 0.008871518 0.999343038
1439803792.198188 0.016841186 -0.016793888 0.305096269 -0.002443162 0.037236698 0.009949139 0.999253929
1439803792.260690 0.018821700 -0.017847829 0.328679770 -0.003825417 0.039400715 0.010212005 0.999163985
1439803792.323190 0.020787206 -0.019018337 0.352423012 -0.005369027 0.041692063 0.010167326 0.999064326
1439803792.385692 0.022834200 -0.020201392 0.375945538 -0.005960691 0.043829571 0.010018394 0.998970985
1439803792.448195 0.025176123 -0.021338463 0.399247408 -0.005471935 0.045642316 0.010075956 0.998892009
1439803792.510694 0.027544856 -0.022449711 0.422513217 -0.003870554 0.047597591 0.010166286 0.998807371
1439803792.573210 0.029985938 -0.023539843 0.445657432 -0.002616412 0.049614500 0.010240575 0.998712540
1439803792.635696 0.032154452 -0.024694301 0.468583256 -0.002021366 0.051722754 0.009735934 0.998611987
1439803792.698206 0.035044745 -0.025666952 0.492456913 -0.001749977 0.053648334 0.009618686 0.998512030
1439803792.760701 0.037602797 -0.026859427 0.515982926 -0.001977691 0.055466842 0.009630341 0.998412132
1439803792.823200 0.040439777 -0.028050963 0.539333224 -0.001913280 0.056913685 0.009647205 0.998330653
1439803792.885704 0.043309905 -0.029197641 0.562832057 -0.002090778 0.057985712 0.010369607 0.998261392
1439803792.948202 0.046157233 -0.030333439 0.585925519 -0.002211512 0.059147958 0.010797347 0.998188376
1439803793.010705 0.049078748 -0.031686392 0.609348118 -0.002415804 0.060346033 0.011155080 0.998112261
1439803793.073206 0.052005798 -0.032656550 0.633088887 -0.002628711 0.061491638 0.011144081 0.998041928
1439803793.135708 0.055134445 -0.033682618 0.656055808 -0.003579833 0.062457334 0.010756447 0.997983217
1439803793.198209 0.058124065 -0.034734547 0.679954529 -0.003928891 0.063339062 0.010579975 0.997928262
1439803793.260711 0.060936749 -0.035847664 0.703184128 -0.004485243 0.064223975 0.010856443 0.997866392
1439803793.323210 0.064486898 -0.037200980 0.726633787 -0.004993031 0.064780936 0.011429654 0.997821569
1439803793.385712 0.067966968 -0.038426213 0.750096858 -0.005372670 0.065534487 0.011392163 0.997770786
1439803793.448213 0.070556670 -0.039182913 0.773613751 -0.005253035 0.066685252 0.011846692 0.997689903
1439803793.510715 0.073589921 -0.040414531 0.798035681 -0.005044679 0.067820393 0.012072057 0.997611761
1439803793.573216 0.076662183 -0.041502796 0.821774662 -0.004986074 0.068797961 0.011913615 0.997547030
1439803793.635716 0.079454966 -0.042530261 0.845180631 -0.005046550 0.069998935 0.011796008 0.997464538
1439803793.698216 0.083394617 -0.043490633 0.868088722 -0.005191049 0.070494637 0.012089308 0.997425377
1439803793.760721 0.086744741 -0.044546045 0.891922116 -0.005472564 0.071406655 0.012336216 0.997355998
1439803793.823218 0.090034470 -0.045472205 0.914998293 -0.005996268 0.071994714 0.012013728 0.997314632
1439803793.885718 0.093841277 -0.046544652 0.938628793 -0.006006595 0.072560579 0.012035734 0.997273326
1439803793.948220 0.097174667 -0.047657989 0.962854207 -0.005788917 0.073241778 0.011735562 0.997228384
1439803794.010721 0.100579686 -0.048655055 0.986470938 -0.005265697 0.073873512 0.010974547 0.997193336
1439803794.073225 0.104307033 -0.049645372 1.010078907 -0.004325778 0.074232072 0.010864116 0.997172475
1439803794.135724 0.107844353 -0.050724916 1.032875061 -0.003504776 0.074693076 0.010408117 0.997146070
1439803794.198225 0.111139171 -0.051972631 1.056793451 -0.003322435 0.075433552 0.009679502 0.997098327
1439803794.260726 0.114536069 -0.053051874 1.080366254 -0.002917522 0.076062143 0.009526693 0.997053266
1439803794.323229 0.117971987 -0.054202285 1.104070783 -0.003008237 0.076655261 0.009135349 0.997011304
1439803794.385728 0.121547028 -0.055370960 1.128394485 -0.002942857 0.077235274 0.008725151 0.996970356
1439803794.448230 0.125175089 -0.056476887 1.151640177 -0.003161636 0.077625334 0.008096483 0.996944726
1439803794.510735 0.129026875 -0.057530962 1.175528646 -0.004100051 0.078137793 0.007406704 0.996906638
1439803794.573233 0.132582411 -0.058777671 1.199141741 -0.004388204 0.078470141 0.007673457 0.996877253
1439803794.635733 0.136415005 -0.059946276 1.222652078 -0.004105946 0.078774408 0.007269182 0.996857524
1439803794.698233 0.140463158 -0.061395064 1.246240139 -0.003274043 0.078953698 0.007081030 0.996847749
1439803794.760737 0.143407196 -0.062571056 1.268978238 -0.002953692 0.079501040 0.006394311 0.996809900
1439803794.823239 0.146939293 -0.063558392 1.292555451 -0.002480629 0.079764739 0.006415992 0.996789992
1439803794.885740 0.151138425 -0.064595707 1.316499829 -0.002960913 0.079975225 0.006104945 0.996773720
1439803794.948241 0.154278681 -0.065644726 1.340160131 -0.004108413 0.080490753 0.005984609 0.996728897
1439803795.010742 0.157913640 -0.066524327 1.363286495 -0.005197587 0.080752306 0.006773090 0.996697605
1439803795.073243 0.161454052 -0.067670979 1.386382222 -0.006224537 0.081100531 0.006167208 0.996667385
1439803795.135743 0.165376574 -0.069036588 1.409491897 -0.006467006 0.081367955 0.005813051 0.996646166
1439803795.198244 0.169574559 -0.070081726 1.432798743 -0.005641782 0.081541717 0.005986018 0.996635973
1439803795.260749 0.172518551 -0.071091473 1.456021786 -0.004204193 0.082138665 0.006399066 0.996591508
1439803795.323248 0.176382124 -0.072368562 1.478962898 -0.002624141 0.082319379 0.006540477 0.996581078
1439803795.385749 0.180124983 -0.073635638 1.501469970 -0.000754870 0.082600459 0.007511441 0.996554136
1439803795.448251 0.184061423 -0.074689701 1.524604321 -0.000050133 0.083017386 0.009136539 0.996506214
1439803795.510751 0.188114673 -0.075834289 1.547628999 -0.001313820 0.083319806 0.009129759 0.996480167
1439803795.573253 0.191770419 -0.076776400 1.570328712 -0.003233189 0.084014319 0.008248877 0.996425152
1439803795.635754 0.195509136 -0.077817626 1.593683243 -0.005061232 0.084895410 0.008233932 0.996343017
1439803795.698270 0.199381977 -0.079123810 1.616398215 -0.006502319 0.085389435 0.008705583 0.996288419
1439803795.760757 0.203383386 -0.080205590 1.639305234 -0.006994507 0.085787386 0.009221797 0.996246219
1439803795.823258 0.207245529 -0.081262931 1.661884427 -0.006001502 0.086257301 0.009865324 0.996205986
1439803795.885762 0.211472452 -0.082452334 1.684855103 -0.004822882 0.086698659 0.009703023 0.996175647
1439803795.948262 0.215026885 -0.083426937 1.707780480 -0.003790158 0.087308444 0.009329684 0.996130407
1439803796.010762 0.219105586 -0.084560685 1.729957581 -0.003178579 0.087358341 0.009172603 0.996129632
1439803796.073265 0.222976327 -0.085446939 1.753291726 -0.002796476 0.087932050 0.008963859 0.996082187
1439803796.135763 0.226780027 -0.086663917 1.775824785 -0.002864672 0.088138066 0.008562796 0.996067345
1439803796.198267 0.230871707 -0.087593012 1.798503399 -0.002887618 0.088363677 0.008627505 0.996046722
1439803796.260765 0.234793127 -0.088735610 1.820453763 -0.003106920 0.088674068 0.009137631 0.996013939
1439803796.323265 0.238669634 -0.089769922 1.843152046 -0.003022560 0.089050733 0.009641047 0.995975852
1439803796.385766 0.242697328 -0.090882190 1.865856409 -0.002881149 0.089397483 0.010174744 0.995939910
1439803796.448268 0.246562585 -0.092031106 1.887983918 -0.003233604 0.089859247 0.010198684 0.995896995
1439803796.510769 0.250795364 -0.093151554 1.910632730 -0.003234736 0.090220913 0.011337062 0.995851994
1439803796.573270 0.254932940 -0.094057694 1.933316708 -0.003047867 0.090513363 0.011514916 0.995823979
1439803796.635772 0.258636951 -0.095307373 1.955507874 -0.002880139 0.090963550 0.011011099 0.995789170
1439803796.698275 0.262768924 -0.096450105 1.977802873 -0.002746587 0.091146037 0.011402386 0.995768487
1439803796.760774 0.266856045 -0.097308502 2.000087738 -0.003040918 0.091298319 0.011995650 0.995746672
1439803796.823281 0.270986438 -0.098301321 2.022485971 -0.003322097 0.091680743 0.012665979 0.995702386
1439803796.885779 0.275188923 -0.099266633 2.044463396 -0.003690927 0.091966614 0.012938955 0.995671153
1439803796.948280 0.279399693 -0.100579023 2.066554070 -0.004465122 0.092191376 0.013096955 0.995645165
1439803797.010781 0.283616543 -0.101602271 2.088671207 -0.004755966 0.092419446 0.013462236 0.995617807
1439803797.073281 0.287432939 -0.102740154 2.111198902 -0.004919031 0.092746980 0.013940264 0.995579958
1439803797.135783 0.291362643 -0.103638902 2.133128643 -0.004997152 0.092980929 0.013458063 0.995564401
1439803797.198285 0.295275778 -0.104367502 2.155308485 -0.005157243 0.092978939 0.013262828 0.995566368
1439803797.260790 0.299349785 -0.105585605 2.177374840 -0.005670540 0.092855901 0.013063361 0.995577693
1439803797.323290 0.303468227 -0.106569424 2.199746132 -0.005795385 0.092683047 0.012878841 0.995595515
1439803797.385789 0.307744503 -0.107151285 2.222206116 -0.005616785 0.092532337 0.012956073 0.995609522
1439803797.448293 0.311492682 -0.108561777 2.243664265 -0.005876449 0.092513658 0.013275458 0.995605528
1439803797.510790 0.315312535 -0.109648034 2.265818119 -0.005858336 0.092679210 0.013225869 0.995590925
1439803797.573291 0.319732279 -0.110490203 2.288218260 -0.005980157 0.092664488 0.013523784 0.995587587
1439803797.635794 0.323804080 -0.111741439 2.309815407 -0.006739042 0.092517301 0.012791778 0.995606065
1439803797.698292 0.327801198 -0.112156391 2.331281424 -0.006621427 0.092200503 0.012208288 0.995643556
1439803797.760792 0.331976324 -0.113258019 2.352791548 -0.006825747 0.091893710 0.011262399 0.995681703
1439803797.823298 0.334502190 -0.114310108 2.373852253 -0.007217081 0.092231572 0.011324674 0.995647013
1439803797.885794 0.338423133 -0.114813462 2.395468473 -0.007393479 0.091830470 0.011685804 0.995678604
1439803797.948294 0.342155606 -0.115887240 2.417901754 -0.007249599 0.091811679 0.011707921 0.995681167
1439803798.010795 0.345817327 -0.116813615 2.438514709 -0.007385012 0.091757089 0.011153042 0.995691597
1439803798.073295 0.349612087 -0.117703788 2.460358143 -0.007491727 0.091794647 0.010779051 0.995691419
1439803798.135797 0.353532910 -0.118538454 2.482045650 -0.007390577 0.091854066 0.009939388 0.995695472
1439803798.198299 0.357459337 -0.119632915 2.503771305 -0.007105015 0.091538996 0.008933773 0.995736063
1439803798.260798 0.360855728 -0.120182127 2.525859594 -0.006745741 0.091852188 0.008138510 0.995716512
1439803798.323302 0.364545554 -0.120842487 2.548084736 -0.006970730 0.091930285 0.007214711 0.995714903
1439803798.385803 0.368209213 -0.121707395 2.569357157 -0.008396369 0.091749191 0.004519765 0.995736480
1439803798.448304 0.371871799 -0.122363359 2.591459990 -0.008730265 0.091571949 0.003026003 0.995755613
1439803798.510803 0.375696450 -0.123281933 2.612765551 -0.009183456 0.091320835 0.003281038 0.995773792
1439803798.573308 0.379369438 -0.124475613 2.634396791 -0.008539909 0.091196470 0.004196318 0.995787501
1439803798.635806 0.382983536 -0.125483438 2.656140089 -0.006234288 0.091331407 0.004401123 0.995791316
1439803798.698308 0.386965364 -0.126700938 2.676697016 -0.003756649 0.090922154 0.003479597 0.995844841
1439803798.760812 0.390743583 -0.128033921 2.698240280 -0.001976506 0.091098346 0.002772341 0.995836079
1439803798.823312 0.394319177 -0.128986746 2.719585896 -0.000376650 0.091178015 0.002675213 0.995830953
1439803798.885812 0.398260951 -0.129978389 2.740864038 -0.000119945 0.090478860 0.003201661 0.995893240
1439803798.948313 0.402077764 -0.131226078 2.762071848 -0.000813134 0.090069100 0.003986053 0.995927215
1439803799.010817 0.405853570 -0.132275715 2.783505917 -0.002050315 0.090036079 0.004131650 0.995927811
1439803799.073318 0.409680367 -0.133590132 2.804662228 -0.003509717 0.089919329 0.004461116 0.995932877
1439803799.135818 0.413259625 -0.134455383 2.825952053 -0.004238159 0.089911528 0.005175088 0.995927274
1439803799.198321 0.417088389 -0.135529786 2.847115278 -0.004538904 0.089724146 0.005852832 0.995939076
1439803799.260823 0.421124101 -0.136466965 2.867923975 -0.004492567 0.089399166 0.007680304 0.995956123
1439803799.323322 0.424792469 -0.137624949 2.888855934 -0.005123405 0.089252174 0.007855208 0.995964885
1439803799.385824 0.428057015 -0.138275936 2.910589457 -0.004705320 0.089669123 0.007709726 0.995930612
1439803799.448325 0.431822091 -0.139184117 2.931043386 -0.004138018 0.089479297 0.008401115 0.995944619
1439803799.510826 0.435587466 -0.140724123 2.953488827 -0.004685405 0.089774728 0.007439024 0.995923281
1439803799.573329 0.439543426 -0.141689777 2.974374056 -0.004453387 0.089447677 0.007612670 0.995952427
1439803799.635829 0.442302525 -0.142885327 2.994969368 -0.004297209 0.089446820 0.007264407 0.995955825
1439803799.698330 0.446893126 -0.143621907 3.016177177 -0.004373738 0.089074299 0.007205469 0.995989323
1439803799.760832 0.450582474 -0.144526631 3.037363052 -0.005073419 0.089159712 0.008050418 0.995971859
1439803799.823334 0.454255849 -0.145316154 3.058312893 -0.005866349 0.089160226 0.007732992 0.995970011
1439803799.885834 0.457908303 -0.146232218 3.079789877 -0.006108234 0.089220867 0.007799711 0.995962620
1439803799.948336 0.461372614 -0.147199705 3.101112366 -0.006209881 0.089524060 0.007694603 0.995935559
1439803800.010841 0.464981198 -0.148325443 3.121885538 -0.005897341 0.089507744 0.007570744 0.995939910
1439803800.073339 0.468575597 -0.149043411 3.143294334 -0.004578888 0.089658894 0.007165309 0.995936215
1439803800.135840 0.472131491 -0.149978042 3.163621902 -0.003653865 0.089578599 0.006835200 0.995949566
1439803800.198342 0.475574911 -0.151190251 3.184442997 -0.003210231 0.089708887 0.006606422 0.995940924
1439803800.260843 0.479164809 -0.152285084 3.204699516 -0.003184430 0.089718416 0.006077855 0.995943546
1439803800.323345 0.483767718 -0.152434900 3.226729155 -0.002822706 0.089604624 0.005896992 0.995955944
1439803800.385845 0.486399174 -0.153191745 3.246566534 -0.003905595 0.090360656 0.004273762 0.995892286
1439803800.448361 0.490397960 -0.154624224 3.267454863 -0.004647763 0.090092935 0.005148585 0.995909214
1439803800.510849 0.492085457 -0.154788256 3.287032366 -0.005462106 0.090965956 0.004542698 0.995828629
1439803800.573350 0.498817384 -0.154787123 3.310733795 -0.005012822 0.090658382 0.004545751 0.995859087
1439803800.635851 0.502543092 -0.156326592 3.331369638 -0.005223075 0.090934508 0.005300627 0.995829046
1439803800.698354 0.505709171 -0.158098713 3.351213932 -0.005175521 0.090911902 0.007633910 0.995816231
1439803800.760853 0.509780228 -0.159015492 3.372040987 -0.005365197 0.091156177 0.008262218 0.995787859
1439803800.823353 0.513591349 -0.159669682 3.392751455 -0.005184026 0.091218859 0.009692326 0.995770216
1439803800.885855 0.517875850 -0.160220414 3.414232492 -0.005354397 0.091656044 0.010116753 0.995724916
1439803800.948356 0.521860480 -0.161600113 3.435054302 -0.005994249 0.091786057 0.011243706 0.995697200
1439803801.010854 0.525942504 -0.162136257 3.455741882 -0.006353419 0.091981381 0.011541332 0.995673597
1439803801.073358 0.528432965 -0.163177222 3.475366116 -0.006747876 0.092289619 0.012090071 0.995635927
1439803801.135856 0.532352746 -0.164160624 3.496304989 -0.006824927 0.092496283 0.012598628 0.995609939
1439803801.198356 0.535626292 -0.165066317 3.517418861 -0.006673265 0.093139626 0.012960950 0.995546341
1439803801.260870 0.539612174 -0.165748358 3.537145615 -0.007028477 0.093085639 0.012540255 0.995554268
1439803801.323358 0.543095827 -0.167420983 3.558964729 -0.006962170 0.093602672 0.012964911 0.995500863
1439803801.385857 0.547673225 -0.167691350 3.579127312 -0.006021369 0.093433231 0.012995429 0.995522499
1439803801.448361 0.551052213 -0.169015452 3.600078344 -0.005318984 0.093611121 0.014627868 0.995487154
1439803801.510860 0.554422796 -0.168872043 3.620206594 -0.004414298 0.093448393 0.015162310 0.995498896
1439803801.573362 0.558044732 -0.169905812 3.639623642 -0.004466140 0.093164772 0.015580959 0.995518744
1439803801.635863 0.562104821 -0.170398459 3.661107302 -0.004146540 0.092913382 0.016299050 0.995532155
1439803801.698366 0.566102505 -0.171410322 3.681600571 -0.004534332 0.092479408 0.016649917 0.995565057
1439803801.760866 0.569026589 -0.172577143 3.701719284 -0.005235571 0.092338249 0.016973248 0.995569229
1439803801.823367 0.572517693 -0.173589438 3.721858263 -0.005948620 0.091896363 0.016481992 0.995614409
1439803801.885867 0.576225281 -0.174063534 3.742058277 -0.006303547 0.091316514 0.016076675 0.995672166
1439803801.948368 0.579448521 -0.175274402 3.762066364 -0.006661514 0.090913013 0.016450908 0.995700657
1439803802.010869 0.583669424 -0.176218852 3.783186197 -0.006220835 0.090004198 0.016888421 0.995778739
1439803802.073369 0.587092578 -0.177075922 3.803209305 -0.006050661 0.089527138 0.016363584 0.995831549
1439803802.135870 0.590683758 -0.177953795 3.823756218 -0.005938646 0.088990301 0.015946427 0.995887101
1439803802.198376 0.593990922 -0.178688318 3.843104362 -0.006192030 0.088272795 0.015188395 0.995961308
1439803802.260875 0.596448600 -0.179492384 3.863786221 -0.006259318 0.088383719 0.014305466 0.995964110
1439803802.323375 0.600357771 -0.180683926 3.883097172 -0.006701484 0.087203592 0.013749499 0.996073067
1439803802.385874 0.602607667 -0.181498170 3.903369904 -0.007159872 0.087129891 0.013198548 0.996083796
1439803802.448374 0.604953825 -0.181609064 3.923131227 -0.007492342 0.087027788 0.012422941 0.996100247
1439803802.510876 0.609628260 -0.182774812 3.944124699 -0.007857705 0.085631520 0.010955350 0.996235669
1439803802.573377 0.612467289 -0.183359131 3.963845253 -0.008123896 0.085222311 0.009581627 0.996282756
1439803802.635878 0.615688622 -0.183981121 3.983274698 -0.008630590 0.084259033 0.008370987 0.996371329
1439803802.698380 0.618895531 -0.184914321 4.004144192 -0.009446786 0.083843686 0.006697030 0.996411622
1439803802.760883 0.622052789 -0.185780481 4.023966789 -0.010135572 0.083033569 0.004856584 0.996483386
1439803802.823382 0.624971449 -0.186574101 4.043745995 -0.010565038 0.082268491 0.002412836 0.996551275
1439803802.885888 0.627908468 -0.187193036 4.064085484 -0.009307650 0.082024209 0.001657267 0.996585488
1439803802.948388 0.630986631 -0.188552856 4.083326817 -0.007088305 0.081656516 0.002934623 0.996631026
1439803803.010888 0.634341180 -0.189208969 4.104077816 -0.004105654 0.081423134 0.003534817 0.996664882
1439803803.073389 0.637369275 -0.190571085 4.122960567 -0.002896292 0.080948852 0.003123376 0.996709168
1439803803.135895 0.640185177 -0.191141486 4.142733574 -0.001807061 0.081212804 0.002313073 0.996692479
1439803803.198391 0.643100441 -0.191917330 4.162830353 -0.001956371 0.081588209 0.001475373 0.996663094
1439803803.260893 0.646155119 -0.192924619 4.182641983 -0.003653819 0.081544355 0.001126333 0.996662378
1439803803.323396 0.649388373 -0.193765923 4.202121258 -0.005471617 0.081160732 0.001471245 0.996684909
1439803803.385895 0.652396441 -0.194784224 4.221489429 -0.007178004 0.081364349 0.001807028 0.996656954
1439803803.448397 0.655877471 -0.196025014 4.240822792 -0.006642600 0.081188172 0.004260060 0.996667564
1439803803.510898 0.659297347 -0.196819514 4.260832787 -0.005022501 0.081413276 0.005626912 0.996651888
1439803803.573399 0.662316263 -0.197930098 4.279085636 -0.003271962 0.081610419 0.006119607 0.996640146
1439803803.635902 0.665411711 -0.199057236 4.297976971 -0.002135453 0.081842065 0.005955748 0.996625185
1439803803.698407 0.668677390 -0.199736401 4.317135811 -0.001357956 0.082059786 0.005888567 0.996609092
1439803803.760904 0.671420574 -0.200495377 4.336111069 -0.001234454 0.082305416 0.005871831 0.996589124
1439803803.823405 0.674682081 -0.201233581 4.355833530 -0.001168377 0.082330011 0.006887772 0.996580660
1439803803.885907 0.678543389 -0.201906666 4.375066757 -0.001671249 0.082017474 0.007740209 0.996599436
1439803803.948408 0.681299031 -0.203082711 4.396482944 -0.002558088 0.082412012 0.007881314 0.996563852
1439803804.010909 0.684539199 -0.204413563 4.415090084 -0.002965569 0.082413651 0.008665454 0.996556103
1439803804.073412 0.687615991 -0.205264270 4.432994843 -0.002493007 0.082582116 0.008871703 0.996541679
1439803804.135912 0.690951645 -0.206238151 4.452596664 -0.001787684 0.082657851 0.008979128 0.996535897
1439803804.198415 0.693902135 -0.207606852 4.471978664 -0.001736372 0.083024926 0.009820492 0.996497571
1439803804.260915 0.696607351 -0.208204210 4.490436077 -0.001415740 0.083198257 0.010255153 0.996479213
1439803804.323416 0.699782908 -0.209004417 4.509764671 -0.001529368 0.083160326 0.010415114 0.996480584
1439803804.385920 0.704214513 -0.209672078 4.525731087 -0.001696627 0.082270764 0.011517437 0.996542037
1439803804.448420 0.705692649 -0.210894659 4.546656132 -0.003028424 0.083235480 0.010455194 0.996470451
1439803804.510920 0.709406435 -0.211674079 4.565510750 -0.003305562 0.082896568 0.010860670 0.996493459
1439803804.573426 0.712202191 -0.213356256 4.583024979 -0.003839961 0.082677014 0.010947515 0.996508837
1439803804.635928 0.715693474 -0.213938698 4.600843430 -0.003810515 0.082020953 0.011426280 0.996557772
1439803804.698425 0.718644857 -0.214609712 4.619800568 -0.003555325 0.081834495 0.011599777 0.996572077
1439803804.760927 0.721749365 -0.215865850 4.636212826 -0.003114014 0.081093937 0.012465322 0.996623635
1439803804.823429 0.724458158 -0.215910360 4.656562328 -0.002834129 0.081259362 0.012338539 0.996612549
1439803804.885931 0.727988005 -0.217187941 4.673624039 -0.003451023 0.080652393 0.013056919 0.996650755
1439803804.948431 0.730906844 -0.218355715 4.692572594 -0.004657572 0.080406778 0.013221816 0.996663570
1439803805.010934 0.733500421 -0.218569368 4.710707664 -0.005666216 0.080138713 0.012818584 0.996685147
1439803805.073434 0.737256289 -0.219694316 4.728096485 -0.006982363 0.079732254 0.012049541 0.996719003
1439803805.135938 0.735448778 -0.221803576 4.741407394 -0.008184917 0.080541492 0.012409481 0.996640384
1439803805.198438 0.741761148 -0.220961064 4.763177872 -0.007914100 0.079065643 0.012205582 0.996763289
1439803805.260938 0.744448841 -0.222017676 4.780404091 -0.008311295 0.078899086 0.011203335 0.996784985
1439803805.323439 0.747119367 -0.222945243 4.797678947 -0.007577314 0.078493997 0.012171282 0.996811509
1439803805.385942 0.749146283 -0.223884732 4.813704967 -0.007230052 0.078304954 0.012217639 0.996828377
1439803805.448441 0.752116382 -0.225349098 4.830355167 -0.007067535 0.077897266 0.011902237 0.996865332
1439803805.510943 0.754819989 -0.225420058 4.847367287 -0.006499397 0.077527612 0.011960223 0.996897280
1439803805.573444 0.759153247 -0.224944904 4.864418030 -0.005466706 0.076617241 0.011954427 0.996973932
1439803805.635948 0.763511121 -0.225082770 4.875746727 -0.005364807 0.074704140 0.012583670 0.997111917
1439803805.698447 0.765246451 -0.226600081 4.891779900 -0.005957259 0.074736089 0.012244270 0.997110367
1439803805.760954 0.765318155 -0.227791563 4.912440300 -0.006622139 0.076170474 0.010694124 0.997015476
1439803805.823450 0.769321203 -0.228361964 4.928673267 -0.007080537 0.075209402 0.010293773 0.997089505
1439803805.885952 0.771385789 -0.228934124 4.944172859 -0.007533641 0.075097218 0.009246862 0.997104883
1439803805.948458 0.771811962 -0.230694190 4.958648682 -0.008030921 0.075038910 0.009599512 0.997102082
1439803806.010954 0.776231647 -0.231004447 4.974913597 -0.007751203 0.073712245 0.010050983 0.997198761
1439803806.073456 0.777296662 -0.231155545 4.989000797 -0.007414612 0.073591486 0.009720361 0.997213542
1439803806.135957 0.779972851 -0.232894436 5.002452374 -0.007927434 0.072712302 0.009362673 0.997277498
1439803806.198461 0.781222343 -0.233433485 5.019723415 -0.007907363 0.073209174 0.008808516 0.997246385
1439803806.260964 0.786260724 -0.233064324 5.035303116 -0.006848888 0.071396403 0.009005814 0.997383833
1439803806.323463 0.785443306 -0.233464971 5.047930241 -0.006708364 0.071399003 0.008920843 0.997385383
1439803806.385963 0.787371159 -0.234922647 5.061424255 -0.007248226 0.070346393 0.008269093 0.997462034
1439803806.448464 0.789505303 -0.235379562 5.075497150 -0.007178406 0.068912908 0.008114869 0.997563839
1439803806.510966 0.791142941 -0.236134648 5.089747429 -0.007834249 0.068017557 0.007105795 0.997628033
1439803806.573470 0.792682827 -0.236793190 5.104629040 -0.008567957 0.067183815 0.005917712 0.997686267
1439803806.635967 0.793993473 -0.237344861 5.119328976 -0.008866512 0.066582978 0.004709352 0.997730374
1439803806.698467 0.796480954 -0.238353834 5.130646229 -0.008900946 0.064459279 0.005297075 0.997866571
1439803806.760968 0.797183752 -0.238500059 5.144877911 -0.008522986 0.064300209 0.004263151 0.997885108
1439803806.823469 0.799296737 -0.239201814 5.158106327 -0.008152115 0.063151196 0.004695695 0.997959614
1439803806.885969 0.801226079 -0.239713341 5.171746731 -0.007643333 0.062389646 0.005463576 0.998007655
1439803806.948477 0.802664578 -0.240755096 5.184278011 -0.008652004 0.061794903 0.004481796 0.998041272
1439803807.010970 0.804437757 -0.241364524 5.197128773 -0.008624683 0.061098687 0.004104917 0.998086035
1439803807.073470 0.804322422 -0.241779536 5.210391998 -0.008749923 0.061345991 0.002824893 0.998074234
1439803807.135972 0.806308031 -0.242281914 5.222131252 -0.008700372 0.060598049 0.002090623 0.998122156
1439803807.198473 0.807474792 -0.242687643 5.234930515 -0.008786789 0.060501084 0.001205444 0.998128712
1439803807.260975 0.809036374 -0.243314743 5.247302055 -0.009497492 0.060428642 0.000341256 0.998127282
1439803807.323479 0.810207307 -0.243887752 5.259396076 -0.010391893 0.060624916 -0.000265611 0.998106480
1439803807.385976 0.811991572 -0.244329154 5.271078110 -0.011053056 0.060255483 0.000015549 0.998121798
1439803807.448476 0.813765585 -0.245002806 5.283239841 -0.011603835 0.060459532 -0.000346486 0.998103142
1439803807.510977 0.815279067 -0.245696008 5.293966770 -0.011845896 0.060335837 0.000002420 0.998107851
1439803807.635978 0.816869736 -0.246054441 5.316920757 -0.012468200 0.061390694 -0.002336908 0.998033166
1439803807.698477 0.817777038 -0.246726125 5.327951431 -0.013186595 0.061851818 -0.004159129 0.997989535
1439803807.760979 0.819104373 -0.247153744 5.338272095 -0.012966480 0.061621301 -0.004686960 0.998004377
1439803807.823481 0.820737302 -0.247959331 5.348319530 -0.012426973 0.061240718 -0.003369017 0.998039961
1439803807.885983 0.822219610 -0.248058498 5.359818935 -0.011420635 0.061637890 -0.002056083 0.998031080
1439803807.948489 0.823359728 -0.248886228 5.369854450 -0.010971175 0.061559711 -0.001239324 0.998042345
1439803808.010990 0.824684978 -0.248684376 5.380054951 -0.009800649 0.061568785 -0.001176127 0.998054028
1439803808.073493 0.825727105 -0.249246895 5.389886856 -0.009524516 0.061452817 -0.001778680 0.998062968
1439803808.135988 0.826991320 -0.249669299 5.399230957 -0.008864685 0.061111972 -0.001781310 0.998089969
1439803808.198492 0.827647686 -0.250166148 5.409192085 -0.008051625 0.061415911 -0.002899629 0.998075545
1439803808.260989 0.828859568 -0.250651658 5.418117046 -0.007133786 0.061238173 -0.003764492 0.998090625
1439803808.323489 0.829929829 -0.251019299 5.427559853 -0.005977864 0.061497688 -0.004121420 0.998080790
1439803808.385991 0.830674946 -0.251372695 5.436757088 -0.005385713 0.061966583 -0.004955977 0.998051345
1439803808.448491 0.832024038 -0.251869410 5.445344925 -0.004718825 0.061634220 -0.003773169 0.998080492
1439803808.510990 0.832975626 -0.252378255 5.454355240 -0.004953083 0.061825428 -0.003094573 0.998069882
1439803808.573493 0.834116936 -0.252653241 5.463179588 -0.004750831 0.061548155 -0.002012375 0.998090744
1439803808.635993 0.835266948 -0.253087223 5.472080708 -0.004881867 0.061544627 -0.001189934 0.998091698
1439803808.698492 0.836655736 -0.253366381 5.480437279 -0.004819612 0.061285999 -0.000149501 0.998108566
1439803808.760994 0.837623060 -0.253857940 5.488668442 -0.005087781 0.061507046 -0.000338957 0.998093605
1439803808.823494 0.838839769 -0.254423052 5.496685982 -0.005276508 0.061429646 -0.001057070 0.998096883
1439803808.885994 0.839598775 -0.254741192 5.505356789 -0.005497936 0.061826751 -0.001763171 0.998070180
1439803808.948497 0.840290308 -0.255087316 5.513152599 -0.005761917 0.061775897 -0.001748691 0.998071849
1439803809.010997 0.841232717 -0.255413175 5.521180153 -0.005933069 0.061752703 -0.001817293 0.998072207
1439803809.073498 0.842194617 -0.255718708 5.529063225 -0.005696794 0.061724521 -0.000599671 0.998076797
1439803809.136005 0.843221962 -0.256166011 5.536895752 -0.005645001 0.061750799 -0.000251694 0.998075604
1439803809.198500 0.844060600 -0.256517440 5.545130730 -0.005285074 0.061991230 0.000057861 0.998062670
1439803809.261000 0.845270753 -0.257103264 5.552525997 -0.005370353 0.061332811 0.000706332 0.998102665
1439803809.323501 0.846127093 -0.257477105 5.560170650 -0.005258520 0.061145816 0.000860906 0.998114645
1439803809.386004 0.846990108 -0.257708371 5.567943096 -0.005146276 0.061260935 0.000701876 0.998108268
1439803809.448503 0.847904086 -0.258149177 5.575473309 -0.004862505 0.061217338 0.000656521 0.998112381
1439803809.511005 0.848654687 -0.258551836 5.583240032 -0.004473086 0.061344407 0.000521347 0.998106480
1439803809.573506 0.849715710 -0.258848161 5.590769291 -0.004013894 0.061094139 0.000466877 0.998123825
1439803809.636006 0.850508094 -0.259377599 5.598264217 -0.003951452 0.061121177 0.000557443 0.998122394
1439803809.698507 0.851459503 -0.259660900 5.606109142 -0.003448863 0.061114997 0.000996950 0.998124301
1439803809.761009 0.852422893 -0.259986252 5.613763332 -0.003349645 0.060812712 0.001536278 0.998142421
1439803809.823512 0.853378952 -0.260480314 5.621454716 -0.002961738 0.060693372 0.001908390 0.998150229
1439803809.886012 0.854229689 -0.260888934 5.629423141 -0.002533387 0.060776442 0.002060036 0.998146057
1439803809.948513 0.854955673 -0.261196762 5.637516975 -0.002170738 0.060935419 0.002091577 0.998137176
1439803810.011014 0.856063962 -0.261597246 5.645250797 -0.001925337 0.060690906 0.002149097 0.998152435
1439803810.073520 0.856930971 -0.261991471 5.653332710 -0.001731827 0.060641412 0.002073051 0.998155951
1439803810.136017 0.857807696 -0.262288094 5.661430359 -0.001694280 0.060564842 0.001957494 0.998160899
1439803810.198518 0.858616233 -0.262794018 5.669645309 -0.002256586 0.060570598 0.001764793 0.998159826
1439803810.261023 0.859618783 -0.263152778 5.677794456 -0.002088639 0.060456149 0.002310096 0.998166025
1439803810.323525 0.860729814 -0.263443619 5.686283588 -0.001784879 0.060316809 0.002642218 0.998174191
1439803810.386025 0.861470461 -0.264041156 5.694281578 -0.001934827 0.060393013 0.002651922 0.998169243
1439803810.448527 0.862396181 -0.264523655 5.702650547 -0.002106858 0.060429949 0.003030089 0.998165607
1439803810.511025 0.863382936 -0.264967203 5.711218357 -0.002131989 0.060236182 0.003399119 0.998176098
1439803810.573527 0.864269912 -0.265321136 5.719458580 -0.002053898 0.060134869 0.003480255 0.998182058
1439803810.636029 0.865241647 -0.265746415 5.728113174 -0.001986276 0.060142148 0.003421595 0.998181999
1439803810.698532 0.866496623 -0.266149104 5.736144543 -0.001953043 0.059869267 0.004429820 0.998194516
1439803810.761035 0.867574453 -0.266733676 5.744467735 -0.002408960 0.059715509 0.004778783 0.998201072
1439803810.823532 0.868481517 -0.266926050 5.753488541 -0.002407114 0.059770517 0.004815994 0.998197615
1439803810.886035 0.869340122 -0.267331302 5.762380123 -0.002477270 0.059760105 0.005142743 0.998196483
1439803810.948536 0.870365262 -0.267818868 5.771183491 -0.002297622 0.059716035 0.005578606 0.998197138
1439803811.011035 0.871504605 -0.268553466 5.779708862 -0.002068642 0.059415229 0.005786267 0.998214483
1439803811.073535 0.872305632 -0.268862128 5.789038658 -0.001565307 0.059526686 0.005939730 0.998207808
1439803811.136037 0.873330951 -0.269121230 5.798143387 -0.001362163 0.059283886 0.006447254 0.998219430
1439803811.198537 0.874242544 -0.269716769 5.807326317 -0.001536415 0.058988165 0.006380146 0.998237073
1439803811.261037 0.875563800 -0.269969791 5.815984726 -0.001238796 0.058171488 0.007001196 0.998281300
1439803811.323538 0.876506090 -0.270518094 5.825278282 -0.001319942 0.057915092 0.007336673 0.998293698
1439803811.386038 0.877566695 -0.270856887 5.834660530 -0.001116064 0.057637125 0.007759505 0.998306811
1439803811.448538 0.878453135 -0.271471828 5.844254494 -0.000976296 0.057338953 0.008431296 0.998318672
1439803811.511040 0.879639447 -0.271973938 5.853530884 -0.000675303 0.056580503 0.009646870 0.998351216
1439803811.573542 0.880611062 -0.272417247 5.863398552 -0.000569384 0.056308266 0.009856005 0.998364627
1439803811.636043 0.881413519 -0.273010731 5.872924805 -0.000843673 0.055846740 0.009803952 0.998390853
1439803811.698548 0.882407546 -0.273252487 5.882951260 -0.000963200 0.055333573 0.009390796 0.998423278
1439803811.761051 0.883324504 -0.273706019 5.892654896 -0.001472454 0.054661412 0.009259776 0.998460948
1439803811.823550 0.884106278 -0.274062961 5.902769089 -0.002054167 0.054218765 0.008212077 0.998493195
1439803811.886048 0.884924889 -0.274689615 5.912899494 -0.002921712 0.053736560 0.007463654 0.998522937
1439803811.948552 0.885801256 -0.275089651 5.923021317 -0.003125636 0.053215984 0.007403292 0.998550713
1439803812.011053 0.886883974 -0.275590926 5.933114529 -0.003187142 0.052621409 0.007937788 0.998577893
1439803812.073553 0.887815058 -0.276095450 5.943270683 -0.003303050 0.052101448 0.008507118 0.998600125
1439803812.136058 0.888891160 -0.276677132 5.953499317 -0.003533278 0.051431712 0.009084472 0.998628914
1439803812.198557 0.889855862 -0.277252644 5.963717461 -0.003943434 0.050932176 0.009585598 0.998648345
1439803812.261058 0.890879750 -0.277707994 5.974141121 -0.004003132 0.050538234 0.009812580 0.998665869
1439803812.323558 0.891803741 -0.278199732 5.984439373 -0.003914215 0.050521731 0.009759174 0.998667598
1439803812.386060 0.892843902 -0.278606653 5.994722843 -0.003667214 0.050523203 0.009308228 0.998672783
1439803812.448562 0.893906593 -0.279029608 6.005516529 -0.003287397 0.050510909 0.009042027 0.998677135
1439803812.511063 0.895029306 -0.279570907 6.016036987 -0.002842120 0.050510436 0.009000591 0.998678923
1439803812.573565 0.895898700 -0.280072868 6.026675701 -0.002340234 0.050828762 0.008397121 0.998669326
1439803812.636064 0.896964073 -0.280564725 6.037621498 -0.001976508 0.051056661 0.008228105 0.998659909
1439803812.698564 0.898211658 -0.281060904 6.048279762 -0.001802100 0.051177513 0.008334511 0.998653173
1439803812.761066 0.899364829 -0.281705290 6.059163570 -0.001984071 0.051509067 0.008092709 0.998637736
1439803812.823567 0.900321186 -0.282300770 6.070547581 -0.002184982 0.052019618 0.007887500 0.998612523
1439803812.886070 0.901548207 -0.282852918 6.081689835 -0.002100968 0.052554119 0.007886190 0.998584747
1439803812.948570 0.902747631 -0.283402324 6.092872143 -0.001891780 0.053118717 0.008504272 0.998550177
1439803813.011086 0.904077828 -0.283951014 6.104335308 -0.001843083 0.053405009 0.008876884 0.998531759
1439803813.073573 0.905320704 -0.284585297 6.115623951 -0.001923392 0.053733177 0.008819349 0.998514533
1439803813.136076 0.906573296 -0.285107434 6.127168179 -0.001725615 0.053804755 0.009072310 0.998508751
1439803813.198575 0.907807887 -0.285673708 6.139263630 -0.001655785 0.053894483 0.008719399 0.998507202
1439803813.261076 0.908948064 -0.286251545 6.150781631 -0.002000085 0.053974483 0.008008830 0.998508215
1439803813.323577 0.910025895 -0.286821097 6.163228512 -0.002261941 0.054250438 0.007537934 0.998496354
1439803813.386077 0.911313176 -0.287350148 6.175272465 -0.002387808 0.054168642 0.007714068 0.998499155
1439803813.448578 0.912406147 -0.287968934 6.187240124 -0.002389109 0.054140750 0.008005782 0.998498380
1439803813.511078 0.913592458 -0.288662642 6.199772358 -0.002537744 0.054021496 0.007693707 0.998506904
1439803813.573579 0.915102601 -0.289323181 6.212093353 -0.002222300 0.053607207 0.008412923 0.998524189
1439803813.636080 0.916499853 -0.289813876 6.224773407 -0.002060738 0.053564120 0.008385775 0.998527110
1439803813.698580 0.917685449 -0.290497810 6.237253666 -0.002150579 0.053392950 0.008607468 0.998534143
1439803813.761083 0.918971419 -0.291104615 6.250126839 -0.002099503 0.053369924 0.008929794 0.998532653
1439803813.823587 0.920338154 -0.291581511 6.263319492 -0.002080890 0.053357646 0.008801663 0.998534501
1439803813.886086 0.921534598 -0.292057425 6.276006222 -0.001877218 0.053096224 0.008851585 0.998548388
1439803813.948587 0.922727346 -0.292844027 6.289208889 -0.001908119 0.053196501 0.008400676 0.998546898
1439803814.011087 0.924150527 -0.293344408 6.302799702 -0.001904295 0.053327065 0.008452059 0.998539507
1439803814.073588 0.925439894 -0.294010162 6.316048145 -0.002270713 0.053654004 0.008242854 0.998522997
1439803814.136092 0.927105784 -0.294394493 6.329006672 -0.002378497 0.053569477 0.009060817 0.998520195
1439803814.198591 0.928634882 -0.295094520 6.342594624 -0.002748997 0.053577613 0.009729017 0.998512506
1439803814.261105 0.930202723 -0.295643866 6.356657028 -0.003106338 0.053664453 0.009951389 0.998504579
1439803814.323597 0.931427121 -0.296253026 6.370375156 -0.003613585 0.053889859 0.010016018 0.998490095
1439803814.386098 0.932969213 -0.296860069 6.383756638 -0.004081382 0.053864583 0.009878132 0.998491049
1439803814.448601 0.934530854 -0.297328115 6.397654533 -0.004662071 0.053900395 0.009588003 0.998489439
1439803814.511100 0.935880184 -0.297905356 6.411947250 -0.005332517 0.054066606 0.009092159 0.998481691
1439803814.573602 0.937190771 -0.298436046 6.426506996 -0.005946958 0.054234758 0.008811838 0.998471618
1439803814.636101 0.938809514 -0.299120516 6.440735817 -0.006322484 0.054111402 0.009323921 0.998471379
1439803814.698602 0.939636827 -0.299519092 6.456018925 -0.006338977 0.054601386 0.009752214 0.998440504
1439803814.761105 0.941691101 -0.300240815 6.469423294 -0.006595606 0.054323480 0.009690434 0.998454571
1439803814.823605 0.943487167 -0.300927401 6.484054565 -0.006613103 0.054453339 0.009505566 0.998449147
1439803814.886107 0.944876194 -0.301606804 6.499141693 -0.006379431 0.054713264 0.009583817 0.998435736
1439803814.948611 0.946314037 -0.302013993 6.514016151 -0.005865592 0.054915611 0.009270483 0.998430729
1439803815.011112 0.946488023 -0.302234471 6.530360699 -0.005158166 0.055914301 0.008466182 0.998386383
1439803815.073609 0.949550629 -0.303315252 6.543544292 -0.004991368 0.054848406 0.008142385 0.998449028
1439803815.136109 0.950872600 -0.303867549 6.559029579 -0.004979089 0.055117968 0.007736713 0.998437464
1439803815.198613 0.952518940 -0.304643899 6.574914932 -0.005267042 0.055259731 0.007828616 0.998427451
1439803815.261112 0.954577565 -0.305320054 6.589854717 -0.005443336 0.054924250 0.007910186 0.998444378
1439803815.323610 0.956080079 -0.305615753 6.605082989 -0.005121448 0.054918267 0.007713485 0.998447895
1439803815.386112 0.957805097 -0.306173474 6.620769501 -0.004767207 0.054963857 0.007703290 0.998447239
1439803815.448612 0.959300578 -0.307048619 6.636089325 -0.004990723 0.055004392 0.007126466 0.998448193
1439803815.511115 0.960906506 -0.307615489 6.651970387 -0.004928066 0.055061694 0.006768007 0.998447835
1439803815.573616 0.962400794 -0.308409661 6.667367935 -0.004985996 0.055118866 0.006673020 0.998445034
1439803815.636117 0.964311838 -0.308783352 6.683394909 -0.004613721 0.054886524 0.006778371 0.998458922
1439803815.698617 0.965595007 -0.309490323 6.699279308 -0.004369148 0.054885685 0.006173479 0.998463988
1439803815.761119 0.967221677 -0.310244352 6.713747501 -0.004596669 0.054581109 0.005488656 0.998483658
1439803815.823619 0.968789101 -0.311194420 6.729627132 -0.004959361 0.054675296 0.005154559 0.998478532
1439803815.886120 0.970285654 -0.311933786 6.745585442 -0.005104975 0.054672562 0.004943325 0.998479068
1439803815.948622 0.972089291 -0.312641472 6.760925770 -0.005253785 0.054246061 0.004724700 0.998502553
1439803816.011125 0.973717749 -0.313271672 6.776813984 -0.005367340 0.054038137 0.004487326 0.998514354
1439803816.073625 0.975272477 -0.314099252 6.792098045 -0.005599407 0.053983733 0.004072397 0.998517811
1439803816.136126 0.976799488 -0.314772069 6.807846069 -0.005722729 0.053949926 0.003701280 0.998520374
1439803816.198627 0.978400588 -0.315216213 6.823746681 -0.005823881 0.053777393 0.003883552 0.998528421
1439803816.261129 0.979947686 -0.315836519 6.839343071 -0.005890128 0.053601865 0.003962961 0.998537123
1439803816.323630 0.981276870 -0.316552997 6.854606152 -0.005696504 0.053515650 0.003750488 0.998543739
1439803816.386131 0.982699394 -0.317144185 6.870469570 -0.005553194 0.053490758 0.002957868 0.998548508
1439803816.448633 0.984162033 -0.317822069 6.885709286 -0.005450855 0.053319208 0.002289925 0.998560011
1439803816.511134 0.985580325 -0.318622887 6.901058674 -0.005548283 0.053239219 0.001960540 0.998564482
1439803816.573636 0.987231851 -0.319141150 6.916324615 -0.005601646 0.052992318 0.001396412 0.998578250
1439803816.636137 0.988661051 -0.319789976 6.932831764 -0.005268785 0.052856613 0.001075280 0.998587608
1439803816.698638 0.989963770 -0.320471406 6.948900223 -0.005127854 0.052978981 0.000204448 0.998582423
1439803816.761143 0.991744459 -0.321153671 6.964325428 -0.005149658 0.052877784 -0.000207794 0.998587728
1439803816.823639 0.993237674 -0.321890980 6.980404854 -0.005374864 0.052861076 -0.001300962 0.998586535
1439803816.886140 0.994848192 -0.322711647 6.996236801 -0.005721115 0.052753545 -0.001546419 0.998589993
1439803816.948644 0.996436715 -0.323532015 7.012460232 -0.005773330 0.052838877 -0.002041750 0.998584270
1439803817.011141 0.997913122 -0.324086428 7.028163910 -0.005155385 0.052723281 -0.002624803 0.998592377
1439803817.073642 0.999548852 -0.324743807 7.044195652 -0.004825915 0.052696459 -0.002800571 0.998594999
1439803817.136146 1.001131296 -0.325488567 7.060421467 -0.004474082 0.052682422 -0.002591509 0.998597920
1439803817.198646 1.002706766 -0.326315612 7.076549053 -0.003927418 0.052592240 -0.002942493 0.998604000
1439803817.261148 1.004169226 -0.327262729 7.092694283 -0.003347229 0.052688759 -0.003615663 0.998598814
1439803817.323648 1.005784631 -0.327968121 7.108961582 -0.002820928 0.052514780 -0.003035271 0.998611569
1439803817.386147 1.007409811 -0.328607202 7.125424385 -0.003437717 0.052338928 -0.003087301 0.998618662
1439803817.448650 1.008861065 -0.329437703 7.141917229 -0.004267546 0.052289512 -0.003104560 0.998618007
1439803817.511151 1.010487199 -0.330016673 7.158372879 -0.004548272 0.052109599 -0.002317043 0.998628318
1439803817.573654 1.012241840 -0.330800593 7.174969673 -0.004437014 0.051901843 -0.001175979 0.998641670
1439803817.636165 1.013880014 -0.331573665 7.191565990 -0.004929168 0.051681504 -0.001434040 0.998650432
1439803817.698654 1.015477777 -0.332302392 7.208127499 -0.005369603 0.051415298 -0.001289982 0.998662114
1439803817.761159 1.016968131 -0.332832575 7.224900246 -0.005950759 0.051162966 -0.000586997 0.998672426
1439803817.823657 1.018658638 -0.333744824 7.241785049 -0.006085544 0.050701089 -0.000434999 0.998695254
1439803817.886158 1.020205259 -0.334437311 7.258531570 -0.005789270 0.050294656 -0.000527742 0.998717487
1439803817.948659 1.021889687 -0.335190326 7.275373936 -0.005427647 0.050016407 0.000668494 0.998733401
1439803818.011161 1.023497462 -0.336049795 7.292353153 -0.005068342 0.049715012 0.001750460 0.998749077
1439803818.073662 1.025260329 -0.336767554 7.309192657 -0.004501856 0.049262077 0.002248287 0.998773217
1439803818.136163 1.026784062 -0.337636977 7.325875759 -0.003789538 0.049014427 0.002514407 0.998787701
1439803818.198665 1.028373957 -0.338459283 7.342855453 -0.003074459 0.048833746 0.002462752 0.998799145
1439803818.261166 1.029915094 -0.339197010 7.359903812 -0.002512414 0.048724089 0.002052153 0.998807013
1439803818.323667 1.031369686 -0.340112537 7.376708031 -0.002654137 0.048463132 0.001905097 0.998819649
1439803818.386169 1.032903194 -0.340904713 7.394101143 -0.002732350 0.047928292 0.002318013 0.998844326
1439803818.448670 1.034576178 -0.341796637 7.411163807 -0.002829302 0.047419116 0.002618077 0.998867631
1439803818.511175 1.036193848 -0.342613518 7.428586960 -0.002547759 0.047106750 0.002745655 0.998882830
1439803818.573673 1.037527084 -0.343613774 7.445650101 -0.002394236 0.047060188 0.003234847 0.998883963
1439803818.636176 1.039093733 -0.344452709 7.463296890 -0.002488063 0.046807438 0.003594932 0.998894334
1439803818.698678 1.040531516 -0.345254511 7.480845451 -0.002233239 0.046597566 0.004037416 0.998903096
1439803818.761178 1.041978598 -0.346154273 7.498433113 -0.001668863 0.046387803 0.003995448 0.998914123
1439803818.823678 1.043655872 -0.346980035 7.515756607 -0.001157033 0.046008833 0.003671647 0.998933613
1439803818.886179 1.045117617 -0.347838312 7.533350468 -0.001240957 0.045880545 0.003470317 0.998940110
1439803818.948681 1.046613932 -0.348768353 7.551254749 -0.001384156 0.045891430 0.004090337 0.998937070
1439803819.011186 1.048092961 -0.349609166 7.568768501 -0.001161754 0.045650888 0.004187776 0.998947978
1439803819.073684 1.049762487 -0.350458711 7.586503029 -0.000927455 0.045523427 0.004558290 0.998952448
1439803819.136189 1.051260829 -0.351283073 7.604240417 -0.000999817 0.045436759 0.004878517 0.998954773
1439803819.198687 1.052883983 -0.352113903 7.622361183 -0.001441778 0.045394473 0.005077371 0.998955190
1439803819.261188 1.054564476 -0.353146315 7.640091896 -0.001754993 0.045097940 0.005950601 0.998963296
1439803819.323690 1.056096077 -0.353802860 7.658050537 -0.001621287 0.045020133 0.006419333 0.998964131
1439803819.386205 1.057501793 -0.354759753 7.675947666 -0.002108980 0.045207575 0.006247334 0.998955846
1439803819.448693 1.058960319 -0.355632573 7.694228649 -0.002915098 0.045263261 0.005600404 0.998955131
1439803819.511194 1.060558558 -0.356432676 7.711874485 -0.003771705 0.045029499 0.005406937 0.998963892
1439803819.573695 1.062059879 -0.357150793 7.730010509 -0.004578380 0.044846747 0.005179891 0.998969972
1439803819.636197 1.063548446 -0.358147353 7.747704506 -0.005266509 0.044611461 0.004921000 0.998978376
1439803819.698697 1.065005183 -0.358785480 7.766105175 -0.005765380 0.044654854 0.004498230 0.998975694
1439803819.761199 1.066487551 -0.359620214 7.783901215 -0.006085819 0.044576198 0.004085757 0.998979092
1439803819.823703 1.067731857 -0.360410869 7.801692486 -0.006464651 0.044738401 0.004067562 0.998969555
1439803819.886204 1.069519639 -0.361133605 7.819994926 -0.006488653 0.044739448 0.004268119 0.998968482
1439803819.948703 1.071179867 -0.361971200 7.837529659 -0.006367993 0.044783596 0.003957112 0.998968542
1439803820.011205 1.072407722 -0.362709492 7.855562210 -0.006414699 0.045518678 0.003033342 0.998938262
1439803820.073706 1.074152231 -0.363425314 7.872807980 -0.006192114 0.045624100 0.002792508 0.998935580
1439803820.136209 1.075525641 -0.364187598 7.891100883 -0.005807946 0.046240043 0.002086594 0.998911262
1439803820.198708 1.077095866 -0.365109891 7.908480167 -0.005726987 0.046348210 0.001252925 0.998908162
1439803820.261210 1.078734636 -0.365824968 7.925821304 -0.005332860 0.046590742 0.001274728 0.998899043
1439803820.323712 1.080302954 -0.366622388 7.943336964 -0.004851162 0.046704538 0.001329451 0.998896062
1439803820.386213 1.081808209 -0.367578238 7.960460663 -0.004370602 0.046917599 0.001362604 0.998888314
1439803820.448715 1.083257079 -0.368436873 7.977916718 -0.004063984 0.047248475 0.001211680 0.998874187
1439803820.511214 1.084917307 -0.368957639 7.995340824 -0.004024404 0.047406580 0.001673154 0.998866200
1439803820.573714 1.086514115 -0.369999647 8.013110161 -0.004877668 0.047949061 0.000376552 0.998837769
1439803820.636216 1.088008165 -0.370914131 8.030251503 -0.005296106 0.048214283 0.000295041 0.998822927
1439803820.698716 1.089553833 -0.371748656 8.046539307 -0.005720495 0.048206370 0.000616789 0.998820841
1439803820.761217 1.091319561 -0.372748733 8.062951088 -0.005996650 0.047696061 0.001460766 0.998842835
1439803820.823720 1.092877388 -0.373189211 8.080473900 -0.005984487 0.047518432 0.002079157 0.998850286
1439803820.886218 1.094284058 -0.374315381 8.097318649 -0.006455052 0.047025725 0.002082487 0.998870671
1439803820.948722 1.095586419 -0.375002384 8.113988876 -0.006789594 0.046409011 0.001747204 0.998897910
1439803821.011219 1.096810937 -0.375810713 8.130217552 -0.007158353 0.045728143 0.001922040 0.998926401
1439803821.073719 1.098231077 -0.376855016 8.145917892 -0.007555746 0.045082927 0.001255620 0.998953879
1439803821.136219 1.100306988 -0.377344996 8.161322594 -0.007107876 0.044003330 0.001003642 0.999005556
1439803821.198722 1.101487756 -0.378195912 8.177031517 -0.007016185 0.043409802 0.000852711 0.999032319
1439803821.261221 1.102986217 -0.378814220 8.192980766 -0.006832572 0.042804249 0.000386416 0.999060035
1439803821.323722 1.103502750 -0.379782140 8.207507133 -0.007053153 0.042441178 -0.000306854 0.999074042
1439803821.386223 1.105377078 -0.380698115 8.222740173 -0.006409698 0.041600838 -0.000388532 0.999113679
1439803821.448722 1.105605483 -0.381248236 8.237015724 -0.005614316 0.041310567 -0.000552210 0.999130428
1439803821.511223 1.106368899 -0.381865025 8.252058983 -0.005314943 0.041099224 -0.000822541 0.999140620
1439803821.573725 1.107613683 -0.382436842 8.266222000 -0.005413931 0.040338583 -0.000563601 0.999171257
1439803821.636228 1.108802676 -0.383004546 8.280853271 -0.005378502 0.039581660 0.000448341 0.999201775
1439803821.698727 1.110009551 -0.383553416 8.294880867 -0.005204781 0.038876351 0.001288885 0.999229670
1439803821.761229 1.110542774 -0.384382188 8.309216499 -0.005838294 0.038879156 0.000208928 0.999226868
1439803821.823729 1.111523867 -0.384788483 8.323008537 -0.006013074 0.038436778 0.000671111 0.999242723
1439803821.886232 1.112132549 -0.385431886 8.336967468 -0.006371748 0.038258344 0.000691793 0.999247313
1439803821.948732 1.113355994 -0.386164904 8.350049019 -0.006699335 0.037626676 0.000608024 0.999269187
1439803822.011234 1.114567399 -0.387135357 8.362670898 -0.007058125 0.037004560 0.000807547 0.999289870
1439803822.073737 1.115759373 -0.387917399 8.375261307 -0.007054540 0.036922760 0.001081868 0.999292612
1439803822.136237 1.116318941 -0.388359964 8.391379356 -0.006468174 0.037522759 0.001147573 0.999274194
1439803822.198740 1.117414474 -0.389022589 8.404166222 -0.006374749 0.037575606 0.001397030 0.999272466
1439803822.261239 1.118573308 -0.389821589 8.417199135 -0.006371237 0.037368629 0.001628562 0.999279916
1439803822.323743 1.119515419 -0.389642894 8.429940224 -0.005456626 0.037215684 0.002550177 0.999289095
1439803822.386243 1.120664120 -0.391004145 8.442769051 -0.005326069 0.037065193 0.003245330 0.999293387
1439803822.448743 1.121266484 -0.391467959 8.457993507 -0.004628666 0.037556514 0.004036199 0.999275625
1439803822.511247 1.122211218 -0.391963124 8.471008301 -0.004404930 0.037483584 0.004259986 0.999278486
1439803822.573748 1.122988224 -0.392943621 8.483833313 -0.004586203 0.037329506 0.004607918 0.999281883
1439803822.636248 1.124112725 -0.393359840 8.497066498 -0.004273348 0.036870908 0.005063386 0.999298036
1439803822.698750 1.125209928 -0.394029140 8.509328842 -0.003773660 0.036242127 0.005657097 0.999319911
1439803822.761255 1.125489950 -0.394460380 8.523223877 -0.003033011 0.036031619 0.006488302 0.999324977
1439803822.823756 1.126869202 -0.395386130 8.535072327 -0.003262269 0.035037406 0.006594956 0.999358892
1439803822.886255 1.127506256 -0.395646781 8.549574852 -0.003353392 0.034448657 0.006859617 0.999377310
1439803822.948759 1.128504276 -0.396284819 8.561929703 -0.003011670 0.033247273 0.007738160 0.999412656
1439803823.011256 1.128829479 -0.397023678 8.575209618 -0.003026687 0.032412972 0.007635837 0.999440849
1439803823.073757 1.129666567 -0.397513390 8.587495804 -0.003091147 0.031158989 0.008001592 0.999477625
1439803823.136259 1.130324125 -0.398164928 8.599454880 -0.003505906 0.029794471 0.008331873 0.999515176
1439803823.198761 1.130824685 -0.398722708 8.611863136 -0.003798294 0.028099818 0.008178828 0.999564409
1439803823.261277 1.131151319 -0.399403989 8.624749184 -0.003667054 0.026550651 0.008357266 0.999605834
1439803823.323763 1.131683230 -0.400111020 8.636519432 -0.003596855 0.024396742 0.008409310 0.999660492
1439803823.386264 1.131958485 -0.400743902 8.648283958 -0.003573517 0.022051070 0.009256965 0.999707580
1439803823.448768 1.132200241 -0.401103139 8.659981728 -0.003951930 0.019157786 0.009706828 0.999761581
1439803823.511267 1.132413983 -0.401606768 8.671303749 -0.004704076 0.015737114 0.010371883 0.999811292
1439803823.573768 1.132128358 -0.402403712 8.683343887 -0.004855421 0.012147723 0.010596576 0.999858260
1439803823.636270 1.131871939 -0.402962744 8.694587708 -0.003997846 0.007969303 0.010718013 0.999902785
1439803823.698772 1.131480336 -0.403665900 8.705793381 -0.003397603 0.003270259 0.010971862 0.999928653
1439803823.761272 1.131130815 -0.404182076 8.717020988 -0.002607431 -0.002115356 0.011296644 0.999930561
1439803823.823774 1.129697919 -0.404820681 8.728764534 -0.002738996 -0.007526837 0.010960779 0.999907851
1439803823.886275 1.128535390 -0.405427337 8.740100861 -0.002923935 -0.014030462 0.010715347 0.999839842
1439803823.948776 1.127263308 -0.406145781 8.751213074 -0.002827308 -0.021062210 0.010960354 0.999714077
1439803824.011280 1.125846624 -0.406582028 8.762181282 -0.002172388 -0.028798444 0.011678362 0.999514639
1439803824.073779 1.123890996 -0.407052279 8.773240089 -0.001597194 -0.036768615 0.011444771 0.999256968
1439803824.136281 1.121805549 -0.407759219 8.784293175 -0.001143680 -0.045494564 0.011010157 0.998903275
1439803824.198785 1.119805098 -0.408497363 8.794501305 -0.000447599 -0.054655906 0.011304433 0.998441160
1439803824.261285 1.117235780 -0.409384787 8.804846764 -0.000018571 -0.064029783 0.010822065 0.997889280
1439803824.323785 1.114479184 -0.409906089 8.815695763 0.000941778 -0.074106708 0.010684293 0.997192681
1439803824.386289 1.111379504 -0.410513133 8.826100349 0.001973806 -0.084552705 0.011125143 0.996354938
1439803824.448790 1.108221769 -0.411291450 8.836098671 0.002909392 -0.095426470 0.011511635 0.995365679
1439803824.511289 1.104662180 -0.412168950 8.846227646 0.003868647 -0.106470026 0.011427258 0.994242728
1439803824.573791 1.100834608 -0.412960470 8.856264114 0.004458888 -0.118161291 0.011587228 0.992916822
1439803824.636292 1.096593618 -0.413684756 8.866110802 0.005100589 -0.130117029 0.011203256 0.991422236
1439803824.698794 1.092390299 -0.414499998 8.875576019 0.006295816 -0.142772689 0.011773434 0.989665449
1439803824.761295 1.087682009 -0.415191770 8.885045052 0.007308603 -0.155830339 0.011989727 0.987684011
1439803824.823797 1.082543135 -0.415971577 8.894225121 0.007926143 -0.169147685 0.011174278 0.985495508
1439803824.886298 1.077310801 -0.416760653 8.903362274 0.008125539 -0.183044538 0.011860427 0.982999504
1439803824.948800 1.071620941 -0.417569280 8.912332535 0.007866770 -0.196989641 0.010847570 0.980313957
1439803825.011302 1.065534115 -0.418287456 8.920808792 0.007764186 -0.211546063 0.008954101 0.977296174
1439803825.073801 1.059327364 -0.419102490 8.929107666 0.007603068 -0.226773724 0.008549056 0.973880291
1439803825.136303 1.052953720 -0.419792116 8.937565804 0.008205649 -0.242421120 0.008096894 0.970102608
1439803825.198805 1.046256781 -0.420716107 8.945191383 0.008816685 -0.258360714 0.008379401 0.965971947
1439803825.261306 1.039141417 -0.421586394 8.952887535 0.009608358 -0.274645358 0.008738672 0.961457849
1439803825.323806 1.031639338 -0.422448725 8.960147858 0.010395293 -0.291403711 0.008572508 0.956505299
1439803825.386306 1.023727417 -0.423264444 8.967344284 0.011228781 -0.309035897 0.007983604 0.950950563
1439803825.448807 1.015547037 -0.424051821 8.973739624 0.011916510 -0.327235907 0.006298204 0.944846511
1439803825.511307 1.007210255 -0.424782991 8.979835510 0.012718532 -0.345894665 0.004388128 0.938176870
1439803825.573808 0.998451233 -0.425575078 8.985626221 0.013179461 -0.364538550 0.003232321 0.931089401
1439803825.636309 0.989410400 -0.426101595 8.991179466 0.013664971 -0.383054733 0.001694812 0.923623025
1439803825.698809 0.980155706 -0.426845253 8.996213913 0.013733728 -0.401437670 -0.000103015 0.915783346
1439803825.761309 0.970574141 -0.427518010 9.001146317 0.014171497 -0.419555217 -0.002062596 0.907616854
1439803825.823813 0.960787535 -0.428230405 9.005551338 0.015171275 -0.437242299 -0.003910603 0.899207234
1439803825.886313 0.950800896 -0.429035634 9.009521484 0.015743397 -0.454649270 -0.005261764 0.890515864
1439803825.948811 0.940471649 -0.429704547 9.013425827 0.016220663 -0.471909374 -0.006736293 0.881472111
1439803826.011317 0.929867506 -0.430537164 9.017092705 0.016320702 -0.488949686 -0.008426871 0.872118592
1439803826.073813 0.918967724 -0.431105584 9.020399094 0.017135674 -0.505184174 -0.010277425 0.862780213
1439803826.136312 0.908183575 -0.432095259 9.022674561 0.017918456 -0.520246446 -0.012404666 0.853738070
1439803826.198814 0.895173311 -0.432792366 9.024108887 0.019073632 -0.533384204 -0.015157749 0.845522165
1439803826.261320 0.882594109 -0.432671487 9.027719498 0.020076053 -0.547711849 -0.015315752 0.836285889
1439803826.323816 0.871442080 -0.434357762 9.027324677 0.019532038 -0.559603631 -0.016880976 0.828358233
1439803826.386316 0.857772112 -0.435919583 9.029332161 0.018963004 -0.571453691 -0.016665312 0.820245922
1439803826.448818 0.854023695 -0.438588709 9.038131714 0.018070607 -0.588814616 -0.019386256 0.807833493
