1439803790.698170 0.002784926 -0.003955944 0.076783150 -0.001242901 0.020916235 0.000401279 0.999780357
1439803790.760667 0.003579799 -0.004851970 0.092249878 -0.001539933 0.025420025 -0.000140709 0.999675632
1439803790.823168 0.004756404 -0.005632491 0.108327121 -0.001898111 0.029767739 -0.000710129 0.999554753
1439803790.885669 0.005962238 -0.006364359 0.125141993 -0.001737185 0.034323886 -0.001694386 0.999407828
1439803790.948174 0.007419925 -0.007039818 0.140479401 -0.001970057 0.038837772 -0.002719456 0.999239862
1439803791.010673 0.008564328 -0.007812827 0.153227165 -0.002538132 0.043336701 -0.003022387 0.999052703
1439803791.073171 0.010186220 -0.008615049 0.168394089 -0.002865615 0.047891039 -0.003365567 0.998842776
1439803791.135672 0.012302807 -0.009176156 0.184114322 -0.002870870 0.052343193 -0.002905802 0.998620808
1439803791.198173 0.013891563 -0.010107746 0.199452594 -0.002914626 0.057105746 -0.002981653 0.998359442
1439803791.260673 0.015954033 -0.010857111 0.213945746 -0.002837427 0.061665721 -0.002665831 0.998089254
1439803791.323177 0.018302452 -0.011686676 0.228763252 -0.003022909 0.065945856 -0.002316500 0.997815907
1439803791.385674 0.020733882 -0.012547775 0.244056687 -0.003032091 0.070087865 -0.002502541 0.997533083
1439803791.448175 0.022802209 -0.013278067 0.259624213 -0.003069683 0.074449830 -0.002448363 0.997217059
1439803791.510675 0.025449499 -0.013977100 0.274716347 -0.003051028 0.078381822 -0.002463757 0.996915698
1439803791.573179 0.028059822 -0.014785949 0.288773537 -0.002940936 0.081872784 -0.001543554 0.996637225
1439803791.635681 0.030753659 -0.015470585 0.304227710 -0.002709436 0.085467108 -0.001207669 0.996336579
1439803791.698179 0.033563323 -0.016239466 0.319268852 -0.003159134 0.088797115 -0.000998094 0.996044219
1439803791.760681 0.036658626 -0.016893601 0.334323287 -0.003231892 0.091700137 -0.000220191 0.995781422
1439803791.823182 0.040124431 -0.018023329 0.349203825 -0.003323873 0.094102621 0.000883007 0.995556533
1439803791.885683 0.042154372 -0.017863685 0.363641113 -0.003355307 0.097011641 0.001329360 0.995276690
1439803791.948184 0.045475345 -0.018475419 0.378877133 -0.003394159 0.099444695 0.001963508 0.995035350
1439803792.010685 0.048860569 -0.019243650 0.393786132 -0.002836572 0.101410784 0.003229102 0.994835317
1439803792.073186 0.051471505 -0.020137867 0.408272088 -0.002616987 0.103592075 0.005059456 0.994603574
1439803792.135687 0.054760601 -0.021355962 0.423318326 -0.003312209 0.105716430 0.006714329 0.994368136
1439803792.198188 0.059293915 -0.020940680 0.439371884 -0.004209896 0.107801221 0.006270194 0.994143784
1439803792.260690 0.061787188 -0.021523809 0.453406930 -0.005655725 0.110192306 0.006660477 0.993871868
1439803792.323190 0.065036342 -0.022352204 0.468498588 -0.007103148 0.112503491 0.007070014 0.993600786
1439803792.385692 0.068306819 -0.022996154 0.483065218 -0.007474878 0.114474878 0.007528270 0.993369520
1439803792.448195 0.071476802 -0.023779778 0.497684240 -0.007151870 0.116579637 0.007350809 0.993128359
1439803792.510694 0.075827152 -0.024356905 0.512112737 -0.005633776 0.118224666 0.007039255 0.992945910
1439803792.573210 0.079516537 -0.024986677 0.526955485 -0.004235875 0.120227493 0.007178874 0.992711365
1439803792.635696 0.083326049 -0.025620885 0.541662574 -0.003699556 0.122194499 0.006533623 0.992477775
1439803792.698206 0.087150566 -0.026247475 0.556552589 -0.003444840 0.124170721 0.006427096 0.992234051
1439803792.760701 0.090680607 -0.027070286 0.571523786 -0.003801438 0.126174882 0.006384291 0.991980195
1439803792.823200 0.094637282 -0.027641492 0.585750759 -0.003700507 0.127539203 0.006152395 0.991807520
1439803792.885704 0.098240271 -0.028476845 0.600764930 -0.003963047 0.128968418 0.006975943 0.991616249
1439803792.948202 0.102177814 -0.029100813 0.615537345 -0.003996918 0.130185261 0.007395726 0.991454005
1439803793.010705 0.106304303 -0.029702678 0.630355775 -0.003950235 0.131252676 0.007810606 0.991310298
1439803793.073206 0.110581592 -0.030432004 0.644972265 -0.004324675 0.132232636 0.007737054 0.991179049
1439803793.135708 0.114292465 -0.030804381 0.659734964 -0.005189520 0.133499876 0.007353003 0.991007984
1439803793.198209 0.118543141 -0.031623773 0.674455106 -0.005674184 0.134267285 0.007203184 0.990902722
1439803793.260711 0.122659490 -0.032180220 0.688951135 -0.006147544 0.134912252 0.007465641 0.990810335
1439803793.323210 0.126769617 -0.033122469 0.703512371 -0.006648793 0.135595381 0.008234479 0.990707755
1439803793.385712 0.130800858 -0.033510942 0.719055533 -0.006694281 0.136815235 0.008262930 0.990539491
1439803793.448213 0.135244519 -0.033923000 0.733254969 -0.006671001 0.137578577 0.008500778 0.990431905
1439803793.510715 0.138746351 -0.034541700 0.747717500 -0.006434844 0.138758585 0.008692209 0.990267158
1439803793.573216 0.143073946 -0.035216026 0.762325883 -0.006162500 0.139556259 0.009023019 0.990153849
1439803793.635716 0.147070557 -0.036112808 0.777641177 -0.006415268 0.140856504 0.008887637 0.989969313
1439803793.698216 0.151339889 -0.036115043 0.791255057 -0.006431216 0.141413525 0.008707353 0.989891410
1439803793.760721 0.155714676 -0.036940269 0.806653917 -0.006829767 0.142331302 0.009000596 0.989754558
1439803793.823218 0.160058469 -0.037450358 0.820531905 -0.007203043 0.142713815 0.008879967 0.989697933
1439803793.885718 0.165071368 -0.038424015 0.835203588 -0.007627128 0.143169031 0.008704384 0.989630580
1439803793.948220 0.169588983 -0.039198667 0.849463284 -0.007572363 0.143446594 0.008409627 0.989593327
1439803794.010721 0.174154133 -0.039635435 0.864257276 -0.006907714 0.143888205 0.007695854 0.989539921
1439803794.073225 0.178123593 -0.040181447 0.878904223 -0.005974134 0.144573301 0.007397854 0.989448369
1439803794.135724 0.182477534 -0.040728237 0.894227207 -0.004887230 0.145455331 0.006979805 0.989328146
1439803794.198225 0.186994672 -0.041388743 0.908857882 -0.005059300 0.146001592 0.005546204 0.989255846
1439803794.260726 0.191066816 -0.042145398 0.923465312 -0.004596775 0.146807283 0.005614746 0.989138484
1439803794.323229 0.195771173 -0.043055963 0.937496364 -0.004630107 0.146891505 0.005822806 0.989124596
1439803794.385728 0.200201795 -0.043713726 0.951902926 -0.004610523 0.147166073 0.005467572 0.989085972
1439803794.448230 0.204774767 -0.044275336 0.966234326 -0.004820993 0.147339240 0.004776427 0.989062726
1439803794.510735 0.209173203 -0.044895533 0.981177449 -0.005810717 0.148009330 0.004143365 0.988960207
1439803794.573233 0.213140845 -0.045496613 0.996370673 -0.006135088 0.148908243 0.004221432 0.988822937
1439803794.635733 0.217266187 -0.046159588 1.011131525 -0.005827414 0.149562046 0.003826368 0.988727748
1439803794.698233 0.221772835 -0.047067005 1.025207162 -0.005113234 0.149720535 0.003520006 0.988708854
1439803794.760737 0.226215541 -0.047592040 1.039445639 -0.004649023 0.149959996 0.002658088 0.988677561
1439803794.823239 0.230254069 -0.048438542 1.054274082 -0.004634918 0.150433168 0.002633400 0.988605797
1439803794.885740 0.234572574 -0.048999202 1.068879724 -0.005052247 0.150876790 0.002272557 0.988537014
1439803794.948241 0.239265591 -0.049643192 1.083521605 -0.006078528 0.150960460 0.002532884 0.988517880
1439803795.010742 0.243573964 -0.050099708 1.097493529 -0.007029193 0.151131883 0.003407571 0.988482714
1439803795.073243 0.247790843 -0.050930977 1.110996723 -0.008018394 0.151061356 0.003783487 0.988484621
1439803795.135743 0.252169669 -0.051396139 1.125555038 -0.008224735 0.151751548 0.002768865 0.988380551
1439803795.198244 0.257018328 -0.052283421 1.141085863 -0.007613770 0.152187690 0.002685307 0.988318622
1439803795.260749 0.261393309 -0.052950662 1.155588627 -0.006045843 0.152509406 0.003278605 0.988278091
1439803795.323248 0.265997350 -0.053732678 1.169508815 -0.004456130 0.152483016 0.003258698 0.988290668
1439803795.385749 0.270353079 -0.054421216 1.184126377 -0.002457967 0.153125197 0.004091197 0.988195300
1439803795.448251 0.274743497 -0.055068690 1.198451281 -0.001994584 0.153677240 0.005123860 0.988105834
1439803795.510751 0.279143244 -0.055644169 1.212250352 -0.003158384 0.154022634 0.005348749 0.988047779
1439803795.573253 0.284351945 -0.056581203 1.226926088 -0.005246584 0.154429227 0.004692937 0.987978756
1439803795.635754 0.288347095 -0.057038158 1.241238713 -0.007178997 0.155568495 0.004539217 0.987788558
1439803795.698270 0.293574601 -0.057759225 1.255565286 -0.008570009 0.155678302 0.005044205 0.987757742
1439803795.760757 0.298313200 -0.058481317 1.269198418 -0.009075087 0.155725196 0.005577905 0.987742960
1439803795.823258 0.302709669 -0.059289407 1.283611178 -0.008167014 0.156515688 0.006105322 0.987622857
1439803795.885762 0.307210147 -0.059637919 1.297775626 -0.006462302 0.156981513 0.006137824 0.987561345
1439803795.948262 0.311549604 -0.060424469 1.311949253 -0.005598391 0.157478288 0.005878133 0.987489104
1439803796.010762 0.316316664 -0.060952313 1.325924516 -0.004979495 0.157591119 0.005423520 0.987477005
1439803796.073265 0.320599526 -0.061431810 1.340009212 -0.004561129 0.158170879 0.005251208 0.987387240
1439803796.135763 0.325149089 -0.062381133 1.354162097 -0.004762332 0.158445269 0.004980592 0.987343729
1439803796.198267 0.329723567 -0.062802643 1.368047118 -0.004818351 0.158566207 0.004933793 0.987324238
1439803796.260765 0.334230065 -0.063390508 1.382229924 -0.004848574 0.159053162 0.005196150 0.987244427
1439803796.323265 0.338846058 -0.063834004 1.396201968 -0.004583305 0.159334093 0.005989204 0.987195909
1439803796.385766 0.343339205 -0.064584345 1.410168290 -0.004385911 0.159683987 0.006463881 0.987137258
1439803796.448268 0.347767115 -0.065115631 1.424266338 -0.004451378 0.160287783 0.006720804 0.987037420
1439803796.510769 0.352558136 -0.065835595 1.437772274 -0.004779334 0.160405710 0.007225679 0.987013161
1439803796.573270 0.357542366 -0.066385269 1.452144027 -0.004663480 0.160625488 0.007213441 0.986978054
1439803796.635772 0.361714333 -0.067104600 1.465761542 -0.004312687 0.161054611 0.007179883 0.986909986
1439803796.698275 0.366040647 -0.067541309 1.478735089 -0.004224313 0.161102399 0.007200726 0.986902356
1439803796.760774 0.371221304 -0.068182856 1.493120432 -0.004353142 0.161252469 0.008020903 0.986871004
1439803796.823281 0.375760943 -0.068927735 1.506573915 -0.005073023 0.161520183 0.008352466 0.986821055
1439803796.885779 0.380163133 -0.069665223 1.520151258 -0.005387357 0.161846146 0.009152727 0.986758828
1439803796.948280 0.384831965 -0.070241988 1.533724070 -0.006025137 0.162080258 0.008735070 0.986720502
1439803797.010781 0.389541000 -0.070823923 1.547787666 -0.006429907 0.162568972 0.008854168 0.986636519
1439803797.073281 0.394130021 -0.071498945 1.561552882 -0.006340697 0.162460700 0.009619250 0.986647725
1439803797.135783 0.398589015 -0.071964577 1.575137734 -0.006441626 0.162968397 0.009007412 0.986569166
1439803797.198285 0.402684391 -0.072782964 1.588815928 -0.006760597 0.163038284 0.009465426 0.986551166
1439803797.260790 0.407439053 -0.073414177 1.602533817 -0.007319259 0.162860349 0.008911220 0.986581743
1439803797.323290 0.411932737 -0.073705874 1.616310000 -0.007328836 0.162801564 0.008446204 0.986595452
1439803797.385789 0.416913033 -0.074430346 1.630571365 -0.007163334 0.162672326 0.009108986 0.986612082
1439803797.448293 0.421096236 -0.074893042 1.643130064 -0.007219518 0.162683710 0.009252368 0.986608505
1439803797.510790 0.425594270 -0.075563185 1.656769514 -0.007099453 0.162619948 0.009636981 0.986616135
1439803797.573291 0.430182725 -0.075864613 1.670698404 -0.007114575 0.162950322 0.009680027 0.986561120
1439803797.635794 0.435800642 -0.076417908 1.684361815 -0.007566262 0.162203565 0.009164512 0.986685753
1439803797.698292 0.438622415 -0.076956794 1.696913481 -0.007927276 0.162689328 0.008602113 0.986608028
1439803797.760792 0.443282247 -0.077415749 1.709011316 -0.007632447 0.161835507 0.008110832 0.986754894
1439803797.823298 0.447736382 -0.078082994 1.722107410 -0.008143873 0.161433101 0.007908029 0.986818314
1439803797.885794 0.451896846 -0.078477189 1.735522985 -0.008112422 0.161236346 0.008436718 0.986846447
1439803797.948294 0.456200719 -0.079787888 1.749710679 -0.009025670 0.161563709 0.008063674 0.986788034
1439803798.010795 0.461528271 -0.080394015 1.762444258 -0.009391862 0.160543129 0.007077330 0.986958742
1439803798.073295 0.465152383 -0.080466673 1.775948882 -0.008638318 0.161171004 0.007634328 0.986859143
1439803798.135797 0.469687492 -0.080834121 1.789371252 -0.008143442 0.160942674 0.007384975 0.986902475
1439803798.198299 0.474057645 -0.081832103 1.802274823 -0.008539841 0.160791129 0.006063816 0.986932874
1439803798.260798 0.478580594 -0.082248040 1.815901279 -0.007800280 0.160418376 0.005860909 0.987000883
1439803798.323302 0.482603878 -0.082490057 1.829434633 -0.008448446 0.160891458 0.003968281 0.986927927
1439803798.385803 0.486771315 -0.083298981 1.842670798 -0.010286928 0.160754532 0.001828738 0.986939132
1439803798.448304 0.491079837 -0.083907351 1.856016517 -0.010945387 0.160410166 0.000659236 0.986989558
1439803798.510803 0.495223641 -0.083962508 1.869580030 -0.010789009 0.160489634 0.000830220 0.986978173
1439803798.573308 0.499490917 -0.084588230 1.882970214 -0.009692287 0.160498410 0.001778772 0.986986876
1439803798.635806 0.503843963 -0.085293293 1.896530986 -0.007704842 0.160571277 0.001615266 0.986992836
1439803798.698308 0.508214593 -0.086023733 1.909180522 -0.005105171 0.160469159 0.000775608 0.987027347
1439803798.760812 0.512163818 -0.086620808 1.921959877 -0.002962909 0.160481900 -0.000207044 0.987034321
1439803798.823312 0.516471744 -0.087418541 1.935071230 -0.001801942 0.160382971 -0.000502212 0.987053096
1439803798.885812 0.520877481 -0.087944761 1.948495030 -0.001293926 0.160023391 0.000011609 0.987112343
1439803798.948313 0.525101483 -0.088770330 1.961047292 -0.002059768 0.159454301 0.000950619 0.987202704
1439803799.010817 0.529430807 -0.089509718 1.974103928 -0.003341116 0.159259439 0.001509892 0.987229943
1439803799.073318 0.533755541 -0.090277158 1.987159967 -0.004399106 0.159115419 0.002501186 0.987247050
1439803799.135818 0.537835598 -0.090755977 2.000497341 -0.005100873 0.159131929 0.003131794 0.987239182
1439803799.198321 0.541958988 -0.091321371 2.013373613 -0.005339433 0.159268335 0.003638730 0.987214208
1439803799.260823 0.546269357 -0.092114560 2.025994062 -0.005656056 0.158878818 0.004951849 0.987269461
1439803799.323322 0.550619066 -0.092749685 2.039098501 -0.005851117 0.158618107 0.005557912 0.987307012
1439803799.385824 0.554788768 -0.093305603 2.052004099 -0.005722035 0.158595204 0.005793715 0.987310112
1439803799.448325 0.559163213 -0.093789190 2.064760923 -0.005166736 0.158468932 0.006220265 0.987330854
1439803799.510826 0.563396692 -0.094405852 2.077888966 -0.005128142 0.158472508 0.006014904 0.987331748
1439803799.573329 0.567583740 -0.095052965 2.090794325 -0.004701308 0.158159316 0.006370398 0.987381876
1439803799.635829 0.571883678 -0.095665157 2.103464842 -0.004472606 0.157947123 0.006106090 0.987418532
1439803799.698330 0.575977147 -0.096094400 2.116500378 -0.004674070 0.158016205 0.005567616 0.987409770
1439803799.760832 0.579778552 -0.096932068 2.128108740 -0.005349243 0.157565892 0.007098695 0.987468481
1439803799.823334 0.584185600 -0.097358733 2.142223358 -0.006103420 0.157937199 0.006925939 0.987405956
1439803799.885834 0.588214636 -0.097863138 2.154857635 -0.006325561 0.157837763 0.007035484 0.987419724
1439803799.948336 0.592157006 -0.098477326 2.168273687 -0.006824848 0.158527464 0.006230375 0.987311304
1439803800.010841 0.596187353 -0.099086583 2.180896282 -0.006490852 0.158479691 0.005959026 0.987322927
1439803800.073339 0.600327551 -0.099545918 2.193262577 -0.004926029 0.158399403 0.006321408 0.987342596
1439803800.135840 0.604359806 -0.099935442 2.206479073 -0.003856588 0.158690318 0.005659517 0.987304688
1439803800.198342 0.608613372 -0.100688979 2.218247652 -0.003196549 0.158156797 0.005829100 0.987391591
1439803800.260843 0.613040447 -0.101962596 2.230313540 -0.003611090 0.157886565 0.005462297 0.987435520
1439803800.323345 0.617643356 -0.101883724 2.243185997 -0.003090671 0.157727227 0.005518612 0.987462461
1439803800.385845 0.621479869 -0.102175131 2.256042004 -0.003411192 0.158112094 0.005308521 0.987401009
1439803800.448361 0.626423538 -0.103301905 2.268801451 -0.004610315 0.157759234 0.005441507 0.987451851
1439803800.510849 0.631114066 -0.103310287 2.281690359 -0.004466793 0.157368213 0.006188109 0.987510502
1439803800.573350 0.634895742 -0.104228467 2.293767452 -0.004955838 0.157575741 0.006781842 0.987471163
1439803800.635851 0.638222516 -0.105465099 2.306412697 -0.005407166 0.158289090 0.007367441 0.987350523
1439803800.698354 0.642963827 -0.106034122 2.318734884 -0.005338117 0.158200279 0.008082395 0.987359524
1439803800.760853 0.646417439 -0.105890885 2.331671000 -0.005427735 0.159308165 0.007865149 0.987182617
1439803800.823353 0.651234984 -0.106190532 2.344112873 -0.005025702 0.158972755 0.009232028 0.987227023
1439803800.885855 0.655684412 -0.107005328 2.357413292 -0.005165371 0.159386516 0.010438807 0.987147510
1439803800.948356 0.659227848 -0.107897699 2.369306564 -0.006179501 0.159809053 0.011148343 0.987065673
1439803801.010854 0.663351893 -0.108385213 2.381893396 -0.006537176 0.159980908 0.011696927 0.987029135
1439803801.073358 0.667467058 -0.109017044 2.394613504 -0.006983100 0.160282016 0.011647575 0.986977816
1439803801.135856 0.671575665 -0.109621108 2.407115936 -0.007097994 0.160419643 0.012263410 0.986947179
1439803801.198356 0.675851882 -0.109887511 2.419910669 -0.006460980 0.160513043 0.013051738 0.986926258
1439803801.260870 0.680451214 -0.110574245 2.432174206 -0.006673828 0.160093859 0.013090429 0.986992419
1439803801.323358 0.683880746 -0.111110277 2.445541143 -0.006543499 0.161155194 0.013123667 0.986820102
1439803801.385857 0.687820077 -0.112266883 2.456973553 -0.006878783 0.161099136 0.013380591 0.986823499
1439803801.448361 0.691666067 -0.111973234 2.469101906 -0.005253380 0.161443859 0.013912793 0.986769855
1439803801.510860 0.695994198 -0.112536065 2.481848240 -0.004561886 0.161316663 0.014825665 0.986780822
1439803801.573362 0.699765027 -0.113180563 2.493905783 -0.004700240 0.161225691 0.015071242 0.986791313
1439803801.635863 0.704307556 -0.113436148 2.507598400 -0.004143612 0.161142454 0.015682278 0.986797869
1439803801.698366 0.708038032 -0.114109144 2.518736601 -0.004576558 0.160354689 0.016615536 0.986908972
1439803801.760866 0.712086201 -0.114731759 2.531002522 -0.005251312 0.159834921 0.016701680 0.986988485
1439803801.823367 0.716059327 -0.115221970 2.543531895 -0.005817508 0.159561157 0.016060602 0.987040222
1439803801.885867 0.719860435 -0.115763083 2.555985451 -0.006443835 0.159253180 0.015787715 0.987090468
1439803801.948368 0.724086642 -0.116412729 2.568037748 -0.006576997 0.158292100 0.016312880 0.987235665
1439803802.010869 0.728010595 -0.117016479 2.580403566 -0.006288668 0.157668069 0.016482858 0.987334549
1439803802.073369 0.731949508 -0.117464542 2.592640638 -0.005899853 0.157097936 0.016269417 0.987431407
1439803802.135870 0.736017346 -0.118021496 2.604575157 -0.006016306 0.156140715 0.015794838 0.987590194
1439803802.198376 0.739961028 -0.118396014 2.617391348 -0.005976919 0.155769229 0.015078196 0.987660289
1439803802.260875 0.743873000 -0.118899241 2.629604340 -0.005938153 0.155112058 0.014459698 0.987773240
1439803802.323375 0.747523308 -0.119355217 2.642922401 -0.006185891 0.155297428 0.013532443 0.987755716
1439803802.385874 0.751468539 -0.119941942 2.654218197 -0.006817526 0.153827220 0.013330103 0.987984300
1439803802.448374 0.755507827 -0.120333567 2.666543245 -0.006912739 0.152830094 0.013201818 0.988140106
1439803802.510876 0.759187222 -0.120748706 2.678610802 -0.007041926 0.152052954 0.011948520 0.988275051
1439803802.573377 0.762861252 -0.121373847 2.690749645 -0.007849952 0.151399568 0.010455638 0.988386154
1439803802.635878 0.766225815 -0.121934883 2.703111649 -0.008924946 0.151247710 0.008752712 0.988416851
1439803802.698380 0.769705534 -0.122502565 2.715587378 -0.010083647 0.151001081 0.007047233 0.988457024
1439803802.760883 0.773416281 -0.122801840 2.727718353 -0.010091699 0.149941608 0.005969819 0.988625348
1439803802.823382 0.776878536 -0.123239443 2.740213156 -0.010575239 0.149502948 0.003410491 0.988698840
1439803802.885888 0.780495167 -0.123766169 2.751941681 -0.009600173 0.148811966 0.002946070 0.988814533
1439803802.948388 0.784190357 -0.124357000 2.763982296 -0.006913953 0.148416489 0.004052606 0.988892496
1439803803.010888 0.787864804 -0.125004336 2.775996208 -0.004291091 0.148216233 0.004238052 0.988936603
1439803803.073389 0.791264951 -0.125670910 2.787570238 -0.002786307 0.147846207 0.003947084 0.988998592
1439803803.135895 0.794802427 -0.126319945 2.799632788 -0.002288219 0.147944540 0.002717915 0.988989294
1439803803.198391 0.798223257 -0.126691490 2.811584711 -0.002403168 0.148229405 0.002085170 0.988947868
1439803803.260893 0.801719725 -0.127275124 2.823537588 -0.004029734 0.148082867 0.002011219 0.988964677
1439803803.323396 0.805373490 -0.127735943 2.835650206 -0.005868320 0.147899836 0.002277511 0.988982320
1439803803.385895 0.809081852 -0.128377542 2.847753763 -0.007037087 0.147905260 0.003501494 0.988970280
1439803803.448397 0.812688887 -0.128998727 2.859321356 -0.006651366 0.147895604 0.005288043 0.988966465
1439803803.510898 0.816379368 -0.129677966 2.871106863 -0.005053413 0.148083568 0.006664332 0.988939464
1439803803.573399 0.819874763 -0.130281359 2.882433891 -0.003256877 0.148223758 0.006790205 0.988925159
1439803803.635902 0.823587596 -0.130904064 2.894379377 -0.002103298 0.148518950 0.006404448 0.988886595
1439803803.698407 0.827090800 -0.131463304 2.905866385 -0.001465833 0.148772269 0.006481023 0.988849163
1439803803.760904 0.830497444 -0.131965563 2.917382717 -0.001230561 0.149041235 0.006785157 0.988806903
1439803803.823405 0.834287941 -0.132422507 2.929257393 -0.001140935 0.148877382 0.007577068 0.988825977
1439803803.885907 0.837926805 -0.133155152 2.941138983 -0.001935497 0.148894891 0.008337164 0.988815963
1439803803.948408 0.841286778 -0.133771390 2.951940060 -0.002811532 0.148837298 0.008714723 0.988819301
1439803804.010909 0.844841957 -0.134365439 2.964026451 -0.003059361 0.149167985 0.009078941 0.988765419
1439803804.073412 0.848358929 -0.135029510 2.974852085 -0.002381895 0.149113461 0.009879725 0.988767862
1439803804.135912 0.851924062 -0.135519937 2.987288237 -0.001793878 0.149633437 0.009489064 0.988694370
1439803804.198415 0.855387688 -0.136276454 2.998323202 -0.001731488 0.149711058 0.009934994 0.988678396
1439803804.260915 0.858673990 -0.136793256 3.008757830 -0.001309937 0.149448782 0.010881676 0.988708735
1439803804.323416 0.862147391 -0.137450308 3.020041466 -0.001693040 0.149524197 0.010875573 0.988696814
1439803804.385920 0.865767539 -0.138029277 3.031063557 -0.002229685 0.149385497 0.011052706 0.988714755
1439803804.448420 0.869184852 -0.138418049 3.042605877 -0.002621248 0.149401814 0.011688228 0.988704026
1439803804.510920 0.872524023 -0.139025569 3.053653002 -0.003445271 0.149355605 0.011426124 0.988711536
1439803804.573426 0.875860572 -0.139600173 3.065018654 -0.003593522 0.149240226 0.011649236 0.988725781
1439803804.635928 0.879332066 -0.140320659 3.075831175 -0.003897293 0.148710161 0.011715976 0.988803744
1439803804.698425 0.882819831 -0.140791804 3.087244272 -0.003729628 0.148414075 0.012038305 0.988844991
1439803804.760927 0.886146784 -0.141350284 3.098392010 -0.003168374 0.148136988 0.012379293 0.988884270
1439803804.823429 0.889361918 -0.141918600 3.109124422 -0.003104644 0.147891343 0.012691165 0.988917291
1439803804.885931 0.892788053 -0.142302141 3.120275259 -0.003403959 0.147526354 0.013416503 0.988961279
1439803804.948431 0.895995796 -0.142725855 3.131412983 -0.004653929 0.147379234 0.013292416 0.988979757
1439803805.010934 0.899204195 -0.143220365 3.142550230 -0.005817224 0.147139356 0.013093073 0.989012003
1439803805.073434 0.902395725 -0.143660173 3.153083324 -0.006749769 0.146901816 0.012940390 0.989043415
1439803805.135938 0.905615151 -0.144209370 3.163670301 -0.007498278 0.146451011 0.012873585 0.989105761
1439803805.198438 0.908710837 -0.144663662 3.174241066 -0.008027360 0.146041498 0.012880347 0.989162028
1439803805.260938 0.911974192 -0.145092696 3.184741020 -0.007837216 0.145495847 0.012834719 0.989244580
1439803805.323439 0.915082574 -0.145671442 3.194965601 -0.007253252 0.145092443 0.013423261 0.989300430
1439803805.385942 0.917921543 -0.145996287 3.205173016 -0.006689483 0.144904107 0.013551101 0.989330292
1439803805.448441 0.920604050 -0.146645531 3.214622498 -0.006666770 0.144740611 0.012681752 0.989365876
1439803805.510943 0.923562944 -0.147085533 3.224520445 -0.006380018 0.144471094 0.012745408 0.989406347
1439803805.573444 0.926372290 -0.147407174 3.234773159 -0.006033223 0.144301116 0.012506004 0.989436388
1439803805.635948 0.929550767 -0.147967070 3.244448900 -0.005943416 0.143744141 0.012678268 0.989515841
1439803805.698447 0.932170510 -0.148408502 3.254010677 -0.006342268 0.143528804 0.012290395 0.989549458
1439803805.760954 0.934669256 -0.148897380 3.263636589 -0.006910936 0.143349022 0.011625349 0.989579797
1439803805.823450 0.937737286 -0.149147391 3.273167610 -0.007370167 0.142739862 0.011010762 0.989671528
1439803805.885952 0.940284431 -0.149706751 3.282453537 -0.007873114 0.142443851 0.010739541 0.989713311
1439803805.948458 0.942750096 -0.150158405 3.291898727 -0.008174064 0.142154917 0.010517494 0.989754796
1439803806.010954 0.945342124 -0.150448054 3.300662756 -0.007887750 0.141408578 0.011164363 0.989856899
1439803806.073456 0.947853923 -0.150678277 3.309965611 -0.007632155 0.141058609 0.010797597 0.989912927
1439803806.135957 0.950404704 -0.151103377 3.319015980 -0.007729009 0.140650004 0.010299789 0.989975631
1439803806.198461 0.952761590 -0.151741147 3.328019619 -0.007906139 0.140385836 0.010196575 0.990012765
1439803806.260964 0.955689371 -0.152148575 3.336810589 -0.007625769 0.139464244 0.009895271 0.990148306
1439803806.323463 0.958100319 -0.152648076 3.345476866 -0.007736479 0.138865560 0.009324688 0.990237117
1439803806.385963 0.960438848 -0.152905285 3.354097843 -0.007593027 0.137900636 0.009087121 0.990375280
1439803806.448464 0.962681055 -0.153327465 3.362546444 -0.007834643 0.136740327 0.008512540 0.990539372
1439803806.510966 0.965066791 -0.153872371 3.370907545 -0.008600460 0.135480091 0.007842026 0.990711689
1439803806.573470 0.967045844 -0.154201508 3.379401684 -0.009347337 0.134631917 0.006921102 0.990827441
1439803806.635967 0.969351530 -0.154409379 3.387948990 -0.009503348 0.133487090 0.006253598 0.990985274
1439803806.698467 0.971176326 -0.154958144 3.396220684 -0.009846326 0.132750720 0.005654805 0.991084397
1439803806.760968 0.973463058 -0.155259535 3.404914856 -0.009356715 0.131902829 0.005538777 0.991203010
1439803806.823469 0.975415170 -0.155423790 3.412783861 -0.008724298 0.131137311 0.005694623 0.991309464
1439803806.885969 0.977327108 -0.156176731 3.421375990 -0.009148535 0.130873039 0.005408682 0.991342187
1439803806.948477 0.979112744 -0.156564608 3.429193258 -0.009647880 0.130461693 0.004944751 0.991394103
1439803807.010970 0.981378913 -0.156722367 3.437276602 -0.009403850 0.129658163 0.004756324 0.991502762
1439803807.073470 0.983169854 -0.157084525 3.444839478 -0.009328499 0.129207924 0.004182824 0.991564810
1439803807.135972 0.985187531 -0.157502621 3.452134848 -0.009326469 0.128655940 0.003552770 0.991639078
1439803807.198473 0.987087488 -0.157785684 3.459543943 -0.009585661 0.128464580 0.002578787 0.991664410
1439803807.260975 0.988902569 -0.157966927 3.467033625 -0.010079918 0.128515050 0.002001084 0.991654336
1439803807.323479 0.990743279 -0.158285171 3.474291086 -0.010912071 0.128464118 0.001461852 0.991653025
1439803807.385976 0.992560506 -0.158621833 3.481443882 -0.011752102 0.128474116 0.001377281 0.991642237
1439803807.448476 0.994488657 -0.158861756 3.488776207 -0.012100079 0.128640726 0.001530058 0.991616249
1439803807.510977 0.996420085 -0.159187406 3.495497942 -0.012341801 0.128530905 0.001619898 0.991627395
1439803807.635978 0.999851465 -0.159538552 3.509415388 -0.013058124 0.129086241 -0.000170688 0.991547406
1439803807.698477 1.001377583 -0.159828991 3.516309500 -0.013640786 0.129548103 -0.002015567 0.991477251
1439803807.760979 1.003138304 -0.160234153 3.522604227 -0.013768540 0.129384011 -0.002611866 0.991495550
1439803807.823481 1.004829288 -0.160421312 3.529152155 -0.012762710 0.129431188 -0.001570630 0.991505027
1439803807.885983 1.006602764 -0.160668030 3.535509348 -0.011933650 0.129546270 -0.000276284 0.991501510
1439803807.948489 1.008357286 -0.161035210 3.542001963 -0.011159910 0.129687458 0.000459287 0.991492033
1439803808.010990 1.009874225 -0.161342889 3.547451735 -0.010503094 0.129368201 0.000879477 0.991540611
1439803808.073493 1.011416435 -0.161645204 3.553341627 -0.010099886 0.129050404 0.000350935 0.991586506
1439803808.135988 1.012912512 -0.161870033 3.559188843 -0.009368978 0.128821567 0.000318447 0.991623461
1439803808.198492 1.014222741 -0.162165672 3.564917803 -0.008744786 0.128870368 -0.000715377 0.991622627
1439803808.260989 1.015557528 -0.162401885 3.570792913 -0.007781476 0.129311070 -0.001891028 0.991571724
1439803808.323489 1.017169118 -0.162670106 3.576245070 -0.006525713 0.129217178 -0.001998833 0.991592824
1439803808.385991 1.018414617 -0.162941948 3.581898212 -0.006050430 0.129684269 -0.002770686 0.991532981
1439803808.448491 1.020038128 -0.163216144 3.587233067 -0.005455087 0.129483804 -0.001932332 0.991564631
1439803808.510990 1.021236539 -0.163432881 3.592749357 -0.005541100 0.129697874 -0.001317840 0.991537213
1439803808.573493 1.022591710 -0.163720042 3.598049879 -0.005666565 0.129608482 -0.000693907 0.991548777
1439803808.635993 1.024115682 -0.163917214 3.603318453 -0.005505584 0.129391789 0.000398277 0.991578162
1439803808.698492 1.025603056 -0.164022177 3.608561993 -0.005242638 0.129354388 0.001310196 0.991583705
1439803808.760994 1.026814461 -0.164397091 3.613406897 -0.005865180 0.129799128 0.000920804 0.991522551
1439803808.823494 1.028380513 -0.164610341 3.618433237 -0.005646159 0.129640222 0.000937599 0.991544604
1439803808.885994 1.029507041 -0.164854407 3.623503447 -0.005951755 0.129914343 -0.000112452 0.991507351
1439803808.948497 1.030762792 -0.165191382 3.628035545 -0.006375646 0.129572868 -0.000071902 0.991549432
1439803809.010997 1.032038927 -0.165357918 3.633227348 -0.006650186 0.129601479 -0.000019334 0.991543889
1439803809.073498 1.033315063 -0.165494978 3.637978077 -0.006545085 0.129668698 0.000530574 0.991535604
1439803809.136005 1.034640551 -0.165773064 3.642596960 -0.006214363 0.129501790 0.001508113 0.991558552
1439803809.198500 1.035811424 -0.165990800 3.647335768 -0.005718464 0.129480511 0.001808594 0.991563797
1439803809.261000 1.037112117 -0.166227251 3.652071476 -0.005673718 0.129269525 0.002287201 0.991590619
1439803809.323501 1.038342714 -0.166460946 3.656642914 -0.005555966 0.129018649 0.002528022 0.991623342
1439803809.386004 1.039484262 -0.166685626 3.661466122 -0.005558511 0.129253462 0.002421509 0.991593063
1439803809.448503 1.040812969 -0.166918308 3.665740728 -0.005362195 0.128817439 0.002452937 0.991650760
1439803809.511005 1.041868448 -0.167188093 3.670627594 -0.004997666 0.129122794 0.002011150 0.991613984
1439803809.573506 1.043038011 -0.167379171 3.675321341 -0.004725764 0.129209101 0.001569386 0.991604865
1439803809.636006 1.044345617 -0.167608514 3.679932833 -0.004402744 0.128914505 0.001967993 0.991643965
1439803809.698507 1.045550942 -0.167808414 3.684469223 -0.004070123 0.128866404 0.002291610 0.991650939
1439803809.761009 1.046669483 -0.168066323 3.689278126 -0.003933190 0.128904298 0.002640059 0.991645694
1439803809.823512 1.047863960 -0.168302000 3.694071054 -0.003335509 0.128852710 0.003167355 0.991653085
1439803809.886012 1.049130678 -0.168496951 3.698772192 -0.002831660 0.128756344 0.003401740 0.991666377
1439803809.948513 1.050276279 -0.168946087 3.703408957 -0.002862986 0.128850088 0.003371224 0.991654217
1439803810.011014 1.051656723 -0.169024870 3.708216429 -0.002361983 0.128620803 0.003414179 0.991685152
1439803810.073520 1.052850366 -0.169364929 3.713011026 -0.002380941 0.128566638 0.003282852 0.991692543
1439803810.136017 1.054073453 -0.169521645 3.717994452 -0.002366331 0.128550246 0.003081882 0.991695344
1439803810.198518 1.055348873 -0.169726327 3.722994089 -0.002718734 0.128481507 0.003092806 0.991703331
1439803810.261023 1.056639910 -0.169918448 3.727950096 -0.002507129 0.128389642 0.003499483 0.991714478
1439803810.323525 1.057966948 -0.170211151 3.732860088 -0.002348784 0.128243193 0.003876230 0.991732359
1439803810.386025 1.059216976 -0.170549199 3.737839222 -0.002353969 0.128154412 0.003995570 0.991743386
1439803810.448527 1.060451150 -0.170830384 3.742877722 -0.002591477 0.128203079 0.004282647 0.991735339
1439803810.511025 1.061864257 -0.171024069 3.748070955 -0.002280089 0.127944782 0.004929191 0.991766393
1439803810.573527 1.063091755 -0.171307713 3.752940655 -0.002289883 0.127811909 0.004896228 0.991783738
1439803810.636029 1.064459205 -0.171591550 3.758085251 -0.002167415 0.127676249 0.005109417 0.991800368
1439803810.698532 1.065840244 -0.171866715 3.763219357 -0.002391064 0.127642199 0.005524974 0.991802037
1439803810.761035 1.067273378 -0.172136709 3.768313646 -0.002517655 0.127433583 0.006298507 0.991823912
1439803810.823532 1.068552732 -0.172345400 3.773596048 -0.002846717 0.127461672 0.005970681 0.991821468
1439803810.886035 1.069968939 -0.172572970 3.778921366 -0.002843172 0.127272442 0.006467647 0.991842628
1439803810.948536 1.071235776 -0.172834888 3.784312487 -0.002598223 0.127417088 0.006916062 0.991821706
1439803811.011035 1.072571039 -0.173095718 3.789732218 -0.002005992 0.127374500 0.007004233 0.991827905
1439803811.073535 1.074165940 -0.173425376 3.794949770 -0.001672138 0.126851410 0.007245706 0.991893828
1439803811.136037 1.075429440 -0.173628539 3.800588369 -0.001513399 0.126671553 0.007647941 0.991914093
1439803811.198537 1.076782823 -0.174042866 3.805979490 -0.001905532 0.126321420 0.007592286 0.991958499
1439803811.261037 1.078279376 -0.174262047 3.811446667 -0.001628188 0.125674337 0.008311804 0.992035389
1439803811.323538 1.079642296 -0.174433619 3.817522526 -0.001249075 0.125697106 0.008706403 0.992029667
1439803811.386038 1.081056356 -0.174661160 3.823267221 -0.001010365 0.125536501 0.008960097 0.992048025
1439803811.448538 1.082547784 -0.175073981 3.828931570 -0.000936939 0.125072926 0.009718726 0.992099524
1439803811.511040 1.084014058 -0.175342277 3.834780931 -0.000570969 0.124460906 0.010934602 0.992164075
1439803811.573542 1.085362434 -0.175598219 3.840662003 -0.000393402 0.124174297 0.011104939 0.992198229
1439803811.636043 1.086833596 -0.175954551 3.846593142 -0.000721523 0.123498231 0.011078746 0.992282689
1439803811.698548 1.088203073 -0.176210269 3.852545023 -0.001110431 0.123003662 0.010766783 0.992347181
1439803811.761051 1.089595556 -0.176469535 3.858579397 -0.001820479 0.122402735 0.010254069 0.992425859
1439803811.823550 1.091030002 -0.176729634 3.864577293 -0.002290722 0.121720307 0.009755157 0.992513895
1439803811.886048 1.092360735 -0.176981345 3.870799541 -0.003036338 0.121318482 0.008878906 0.992569268
1439803811.948552 1.093742967 -0.177350879 3.876971245 -0.003408866 0.120868951 0.008955871 0.992622197
1439803812.011053 1.095212936 -0.177682802 3.883053541 -0.003471222 0.120293155 0.009478047 0.992687106
1439803812.073553 1.096784830 -0.177998200 3.889101267 -0.003524952 0.119482167 0.010069763 0.992779016
1439803812.136058 1.098201632 -0.178364590 3.895657539 -0.003799325 0.119120881 0.010546035 0.992816448
1439803812.198557 1.099658966 -0.178659290 3.901881933 -0.004114859 0.118591584 0.011141518 0.992872119
1439803812.261058 1.101234317 -0.178950191 3.908132792 -0.004149952 0.118085563 0.011366715 0.992929697
1439803812.323558 1.102595568 -0.179220751 3.914467573 -0.004077611 0.118059516 0.011210833 0.992934883
1439803812.386060 1.104162931 -0.179458410 3.920850754 -0.003830535 0.118100360 0.010796821 0.992935598
1439803812.448562 1.105721712 -0.179732740 3.927103519 -0.003436036 0.118006967 0.010688475 0.992949307
1439803812.511063 1.107158661 -0.179949343 3.933583736 -0.002881187 0.118188128 0.010502727 0.992931485
1439803812.573565 1.108788133 -0.180248708 3.940077305 -0.002397587 0.118312068 0.010182361 0.992921352
1439803812.636064 1.110295653 -0.180546835 3.946831465 -0.002107129 0.118658401 0.009697521 0.992885530
1439803812.698564 1.111979246 -0.180839345 3.953273773 -0.002006675 0.118804500 0.009700004 0.992868245
1439803812.761066 1.113511086 -0.181159809 3.959960461 -0.002073347 0.119203866 0.009351378 0.992823601
1439803812.823567 1.115174294 -0.181302041 3.966955900 -0.001919267 0.119663768 0.009672835 0.992765486
1439803812.886070 1.116912961 -0.181883618 3.973599195 -0.002190067 0.120045736 0.009631132 0.992719233
1439803812.948570 1.118537426 -0.182259113 3.980345726 -0.002096225 0.120582037 0.009954765 0.992651224
1439803813.011086 1.120241404 -0.182546988 3.987203598 -0.001895236 0.120913193 0.010463989 0.992606103
1439803813.073573 1.122054577 -0.182881966 3.994208813 -0.001844784 0.121216409 0.010401600 0.992569923
1439803813.136076 1.123779058 -0.183191687 4.001393795 -0.001815998 0.121430181 0.010333014 0.992544532
1439803813.198575 1.125425935 -0.183587551 4.008446217 -0.002001172 0.121548422 0.009705181 0.992536068
1439803813.261076 1.127343178 -0.183844283 4.015465260 -0.002237685 0.121379830 0.009263465 0.992560387
1439803813.323577 1.128996968 -0.184160978 4.023125648 -0.002441977 0.121741749 0.008974859 0.992518246
1439803813.386077 1.130819201 -0.184572399 4.030127048 -0.002599772 0.121496879 0.009233688 0.992545485
1439803813.448578 1.132537007 -0.184995696 4.037711143 -0.002573304 0.121510275 0.009612497 0.992540300
1439803813.511078 1.134373784 -0.185212582 4.045402050 -0.002431663 0.121350527 0.009540362 0.992560923
1439803813.573579 1.136227965 -0.185578495 4.052749634 -0.002255104 0.121012904 0.009983392 0.992598176
1439803813.636080 1.137983561 -0.186033681 4.060041904 -0.002257153 0.120902255 0.010058668 0.992610872
1439803813.698580 1.139814496 -0.186269164 4.067823410 -0.002156152 0.120763026 0.010185504 0.992626727
1439803813.761083 1.141737461 -0.186689556 4.075680733 -0.002097769 0.120722480 0.010526902 0.992628276
1439803813.823587 1.143642306 -0.187023371 4.083454132 -0.002081778 0.120582752 0.010510189 0.992645442
1439803813.886086 1.145270467 -0.187526613 4.091588974 -0.002286022 0.120706722 0.010240780 0.992632747
1439803813.948587 1.147215128 -0.187738761 4.099582672 -0.002202599 0.120723031 0.009769646 0.992635727
1439803814.011087 1.149131656 -0.188292146 4.107151985 -0.002492375 0.120649546 0.009735197 0.992644310
1439803814.073588 1.151297212 -0.188423663 4.115481377 -0.002490762 0.120816343 0.009991506 0.992621481
1439803814.136092 1.153276682 -0.188921869 4.123594284 -0.002796230 0.121024638 0.010378149 0.992591321
1439803814.198591 1.155324459 -0.189122140 4.132079601 -0.002908368 0.121162951 0.011077680 0.992566526
1439803814.261105 1.157454491 -0.189507931 4.140456676 -0.003344600 0.121043019 0.011558504 0.992574334
1439803814.323597 1.159441948 -0.189922392 4.148819923 -0.003763905 0.121197872 0.011717749 0.992552042
1439803814.386098 1.161622047 -0.190282479 4.157415390 -0.004322146 0.121345282 0.011450185 0.992534876
1439803814.448601 1.163604259 -0.190675586 4.165773392 -0.004986528 0.121501178 0.011160675 0.992516041
1439803814.511100 1.165689468 -0.191020787 4.174763203 -0.005727002 0.121760614 0.010494396 0.992487490
1439803814.573602 1.167775631 -0.191277564 4.183708668 -0.006178727 0.121736445 0.010610435 0.992486537
1439803814.636101 1.169646502 -0.191395521 4.192529202 -0.006415648 0.121943831 0.010907192 0.992456317
1439803814.698602 1.171731830 -0.191594794 4.201754570 -0.006224444 0.122163527 0.011533854 0.992423475
1439803814.761105 1.173969746 -0.192217410 4.210734844 -0.006541985 0.122395806 0.011446769 0.992393792
1439803814.823605 1.176516652 -0.192591965 4.219228268 -0.006711804 0.122204758 0.011148588 0.992419600
1439803814.886107 1.178887486 -0.192800164 4.228114128 -0.006358316 0.122206859 0.011043068 0.992422879
1439803814.948611 1.180969477 -0.193587214 4.237231731 -0.006373323 0.122454517 0.010710172 0.992395878
1439803815.011112 1.183205724 -0.193558186 4.247099400 -0.005180138 0.122844703 0.010311848 0.992358804
1439803815.073609 1.185166121 -0.193917185 4.255096436 -0.005007003 0.122581102 0.009802683 0.992397487
1439803815.136109 1.187461734 -0.194081679 4.264826298 -0.004755030 0.122705244 0.009701428 0.992384374
1439803815.198613 1.189455748 -0.194688052 4.274368763 -0.005311098 0.123155460 0.009566597 0.992327094
1439803815.261112 1.192026138 -0.195003152 4.283444405 -0.005248898 0.122798853 0.009853064 0.992368817
1439803815.323610 1.194464207 -0.195289388 4.292738438 -0.005035939 0.122532599 0.009751598 0.992403805
1439803815.386112 1.196825266 -0.195751727 4.302164078 -0.004853091 0.122670613 0.009571975 0.992389381
1439803815.448612 1.199439168 -0.196022734 4.312108517 -0.004667745 0.122700326 0.009294098 0.992389262
1439803815.511115 1.201597691 -0.196532875 4.321226120 -0.004960863 0.122611061 0.008669268 0.992404521
1439803815.573616 1.203786492 -0.196995273 4.331066132 -0.004778957 0.122788295 0.008774584 0.992382586
1439803815.636117 1.206345201 -0.197142914 4.340585709 -0.004604785 0.122579165 0.008612910 0.992410660
1439803815.698617 1.208511591 -0.197811157 4.350012779 -0.004714250 0.122457214 0.007925977 0.992430925
1439803815.761119 1.210735440 -0.198228121 4.359862328 -0.005161698 0.122690275 0.006871551 0.992407799
1439803815.823619 1.213171482 -0.198875904 4.369135380 -0.005433502 0.122401461 0.006846835 0.992442191
1439803815.886120 1.215609550 -0.199155197 4.378506660 -0.005295645 0.121919930 0.007038380 0.992500842
1439803815.948622 1.217716336 -0.199437588 4.388236523 -0.005368535 0.121948779 0.006594891 0.992500007
1439803816.011125 1.219904184 -0.199760348 4.398342133 -0.005593226 0.122125186 0.005852771 0.992481709
1439803816.073625 1.222190022 -0.200403452 4.407466412 -0.005992007 0.121900328 0.005511067 0.992508948
1439803816.136126 1.224537015 -0.200702995 4.417104244 -0.006018270 0.121856101 0.005287490 0.992515445
1439803816.198627 1.226836801 -0.200938582 4.426661015 -0.006151485 0.121600844 0.005418398 0.992545247
1439803816.261129 1.229082227 -0.201318562 4.436336517 -0.006154021 0.121486969 0.005618696 0.992558062
1439803816.323630 1.231274843 -0.201749504 4.445665359 -0.005971888 0.121383205 0.005345262 0.992573380
1439803816.386131 1.233497143 -0.202157408 4.455338001 -0.005874368 0.121324658 0.004684862 0.992584467
1439803816.448633 1.235703468 -0.202553675 4.464791298 -0.005907779 0.121258281 0.003790896 0.992596149
1439803816.511134 1.237906098 -0.202946410 4.474108219 -0.005976089 0.121085860 0.003557280 0.992617667
1439803816.573636 1.240364790 -0.203324527 4.484107018 -0.005849508 0.120844267 0.003313482 0.992648721
1439803816.636137 1.242671967 -0.203796998 4.493752480 -0.005817035 0.120626859 0.002692749 0.992677212
1439803816.698638 1.244892240 -0.204169780 4.503471375 -0.005638293 0.120718442 0.001807572 0.992669165
1439803816.761143 1.247204423 -0.204654112 4.513128281 -0.005681042 0.120790176 0.001397004 0.992660820
1439803816.823639 1.249462008 -0.205079257 4.522969723 -0.006148062 0.120871849 0.000158713 0.992649078
1439803816.886140 1.251781583 -0.205489844 4.532662868 -0.006302040 0.120804429 -0.000017373 0.992656350
1439803816.948644 1.254155278 -0.205934465 4.542500496 -0.006225053 0.120756321 -0.000398884 0.992662549
1439803817.011141 1.256528497 -0.206359267 4.552206039 -0.005723296 0.120599106 -0.000968071 0.992684305
1439803817.073642 1.258820057 -0.206768960 4.561968327 -0.005416031 0.120679177 -0.001114093 0.992676198
1439803817.136146 1.261219978 -0.207282573 4.572017670 -0.005297539 0.120699778 -0.001120407 0.992674291
1439803817.198646 1.263579607 -0.207796589 4.581859589 -0.004796027 0.120654710 -0.001501126 0.992681801
1439803817.261148 1.265919089 -0.208227336 4.591898918 -0.003863853 0.120675296 -0.002038559 0.992682397
1439803817.323648 1.268289804 -0.208694637 4.601794243 -0.003557259 0.120602898 -0.001742237 0.992692947
1439803817.386147 1.270719051 -0.209147394 4.611656189 -0.004195100 0.120356023 -0.001701060 0.992720485
1439803817.448650 1.272927642 -0.209524542 4.621670723 -0.004814391 0.120327391 -0.001634705 0.992721260
1439803817.511151 1.275520563 -0.209987819 4.631967068 -0.005232515 0.120108105 -0.000691003 0.992746770
1439803817.573654 1.278005958 -0.210390151 4.642046452 -0.004813079 0.119850442 0.000519730 0.992780149
1439803817.636165 1.280398130 -0.210916623 4.652190208 -0.005293538 0.119579658 0.000483883 0.992810369
1439803817.698654 1.282791257 -0.211339191 4.662341595 -0.005941517 0.119366810 0.000240168 0.992832422
1439803817.761159 1.285139680 -0.211765856 4.672484875 -0.006699970 0.119025566 0.000818969 0.992868245
1439803817.823657 1.287714958 -0.212101996 4.682607174 -0.006495817 0.118455745 0.001361731 0.992937148
1439803817.886158 1.290012479 -0.212628216 4.692999840 -0.006261803 0.118331864 0.001269534 0.992953539
1439803817.948659 1.292443156 -0.213169470 4.703120708 -0.005924179 0.117976166 0.002361467 0.992995977
1439803818.011161 1.294842362 -0.213549614 4.713667393 -0.005371112 0.117846556 0.003403713 0.993011415
1439803818.073662 1.297250748 -0.214102596 4.723804951 -0.005011952 0.117501371 0.003727627 0.993053079
1439803818.136163 1.299647927 -0.214545801 4.734360695 -0.004224309 0.117390685 0.003710695 0.993069887
1439803818.198665 1.302060962 -0.215045929 4.744493008 -0.003440819 0.117098056 0.003875326 0.993106842
1439803818.261166 1.304426551 -0.215498447 4.755137920 -0.003127329 0.117064945 0.002911244 0.993115067
1439803818.323667 1.306839585 -0.215992004 4.765368938 -0.003033378 0.116631173 0.003256894 0.993165314
1439803818.386169 1.309289813 -0.216465473 4.775876999 -0.003052359 0.116058417 0.003454624 0.993231714
1439803818.448670 1.311790466 -0.216960698 4.786424160 -0.003092006 0.115626872 0.003670162 0.993281126
1439803818.511175 1.314058423 -0.217508793 4.797079563 -0.002792100 0.115553506 0.003990686 0.993289292
1439803818.573673 1.316500187 -0.218059659 4.807581425 -0.002585679 0.115398042 0.004476521 0.993305862
1439803818.636176 1.318838835 -0.218700543 4.817677975 -0.002784076 0.115093671 0.004689023 0.993339717
1439803818.698678 1.321341515 -0.219097942 4.828639030 -0.002503198 0.114808664 0.005437519 0.993369579
1439803818.761178 1.323698759 -0.219656274 4.838948250 -0.001967436 0.114544392 0.005247735 0.993402302
1439803818.823678 1.326041102 -0.220239520 4.849698544 -0.001569049 0.114437118 0.004784444 0.993417740
1439803818.886179 1.328567624 -0.220618993 4.860427380 -0.001454766 0.114260793 0.004686326 0.993438661
1439803818.948681 1.331061363 -0.221165121 4.870961666 -0.001653990 0.113939755 0.005262830 0.993472338
1439803819.011186 1.333539844 -0.221617028 4.881643295 -0.001269536 0.113821238 0.005568552 0.993484855
1439803819.073684 1.335956216 -0.222335637 4.892712593 -0.001214104 0.113854587 0.005801572 0.993479729
1439803819.136189 1.338329077 -0.222820520 4.903404713 -0.001298594 0.113841452 0.005890718 0.993480623
1439803819.198687 1.340738058 -0.223428681 4.913839340 -0.001749578 0.113761336 0.006340072 0.993486345
1439803819.261188 1.343146324 -0.223972529 4.924672604 -0.001902584 0.113780811 0.007068612 0.993478894
1439803819.323690 1.345766068 -0.224469349 4.936105251 -0.001918668 0.113658182 0.007439603 0.993490219
1439803819.386205 1.348219037 -0.224907324 4.946958065 -0.002292849 0.113624595 0.007369709 0.993493736
1439803819.448693 1.350741982 -0.225498319 4.957861900 -0.003262866 0.113446757 0.006731572 0.993515909
1439803819.511194 1.353141546 -0.225953847 4.969034195 -0.004007272 0.113497704 0.006691759 0.993507624
1439803819.573695 1.355589986 -0.226420254 4.979841232 -0.004882258 0.113356180 0.006551343 0.993520796
1439803819.636197 1.358069658 -0.226911724 4.990703583 -0.005490390 0.113170415 0.006417347 0.993539691
1439803819.698697 1.360538125 -0.227318525 5.001645088 -0.006059761 0.113123186 0.005913886 0.993544877
1439803819.761199 1.362924933 -0.227937415 5.012721539 -0.006641962 0.113057911 0.005319787 0.993551970
1439803819.823703 1.365328312 -0.228361368 5.023690224 -0.006964894 0.113155499 0.005237024 0.993539095
1439803819.886204 1.367774487 -0.228940666 5.034315109 -0.007172196 0.113174707 0.005518904 0.993533909
1439803819.948703 1.370097280 -0.229335442 5.045260429 -0.006950156 0.113576338 0.005146560 0.993491650
1439803820.011205 1.372419000 -0.229750335 5.056169987 -0.006991461 0.114060849 0.004218947 0.993440211
1439803820.073706 1.374823093 -0.230209917 5.066734314 -0.006831761 0.114498205 0.004030278 0.993391812
1439803820.136209 1.377259612 -0.230605483 5.077463627 -0.006381916 0.114818722 0.003421176 0.993360102
1439803820.198708 1.379556656 -0.231059134 5.088202953 -0.006188721 0.115123190 0.002552700 0.993328691
1439803820.261210 1.382019401 -0.231569767 5.098560333 -0.006091774 0.115295537 0.002276018 0.993309915
1439803820.323712 1.384557486 -0.231950477 5.109538555 -0.005555282 0.115582794 0.002320142 0.993279576
1439803820.386213 1.386979699 -0.232524112 5.119915009 -0.005158768 0.115719929 0.002184380 0.993266046
1439803820.448715 1.389449000 -0.232966825 5.130684853 -0.004618281 0.116048977 0.002371450 0.993229926
1439803820.511214 1.391893387 -0.233417332 5.141204357 -0.004924899 0.116325192 0.002027794 0.993196905
1439803820.573714 1.394311905 -0.233919561 5.151731491 -0.005566835 0.116692901 0.001310702 0.993151605
1439803820.636216 1.396682978 -0.234443605 5.162094116 -0.005901337 0.116983429 0.001401251 0.993115366
1439803820.698716 1.399095416 -0.234888405 5.172240257 -0.006153838 0.116909578 0.002006716 0.993121445
1439803820.761217 1.401465178 -0.235341638 5.182291031 -0.006336083 0.116724342 0.002640867 0.993140638
1439803820.823720 1.403852701 -0.235706970 5.192535400 -0.006319817 0.116329208 0.003316464 0.993185043
1439803820.886218 1.406139970 -0.236186832 5.202565670 -0.006619643 0.115826674 0.003314444 0.993241847
1439803820.948722 1.408370018 -0.236783460 5.212462902 -0.007123371 0.115064114 0.003124691 0.993327618
1439803821.011219 1.410578847 -0.237227783 5.222412109 -0.007497368 0.114393190 0.003234744 0.993402004
1439803821.073719 1.412618399 -0.237643197 5.232200146 -0.007762117 0.113845624 0.002555913 0.993464828
1439803821.136219 1.414743185 -0.238033444 5.241835594 -0.007445677 0.113345832 0.002213718 0.993525207
1439803821.198722 1.416848779 -0.238491505 5.251433849 -0.007405831 0.112744465 0.001872581 0.993594646
1439803821.261221 1.418764949 -0.238968849 5.260874748 -0.007523406 0.112349905 0.001259654 0.993639410
1439803821.323722 1.420622230 -0.239436984 5.270091534 -0.007451766 0.111715525 0.000900503 0.993711889
1439803821.386223 1.422522306 -0.239879012 5.279297829 -0.006757164 0.111213140 0.000608906 0.993773401
1439803821.448722 1.424226761 -0.240317136 5.288411617 -0.006048901 0.110752672 0.000572693 0.993829429
1439803821.511223 1.426024914 -0.240663379 5.297503471 -0.005728142 0.110346712 0.000508964 0.993876517
1439803821.573725 1.427888155 -0.241015598 5.306468964 -0.005743814 0.109874055 0.000704725 0.993928671
1439803821.636228 1.429816246 -0.241408646 5.315364361 -0.005613420 0.109303236 0.001481728 0.993991494
1439803821.698727 1.431684494 -0.241853267 5.324136734 -0.005921517 0.108789295 0.001589717 0.994045913
1439803821.761229 1.433512926 -0.242312059 5.332765579 -0.006212841 0.108330987 0.001561834 0.994094253
1439803821.823729 1.435348988 -0.242622375 5.341300488 -0.006348563 0.107798710 0.002129643 0.994150221
1439803821.886232 1.437080145 -0.243021578 5.349936962 -0.006806070 0.107590720 0.002034366 0.994169891
1439803821.948732 1.438856840 -0.243592829 5.358193398 -0.007280548 0.107173637 0.001942937 0.994211733
1439803822.011234 1.440796494 -0.243946046 5.366479874 -0.007210894 0.106735900 0.002243484 0.994258702
1439803822.073737 1.442552328 -0.244399190 5.374808311 -0.007124706 0.106803745 0.002370893 0.994251788
1439803822.136237 1.444281816 -0.244723111 5.383197308 -0.006741181 0.106995724 0.002512061 0.994233429
1439803822.198740 1.446134329 -0.245246291 5.391142368 -0.006683112 0.107003666 0.002819393 0.994232178
1439803822.261239 1.447873712 -0.245529518 5.399326801 -0.006603723 0.107117280 0.002994218 0.994219959
1439803822.323743 1.449549437 -0.245649815 5.408072948 -0.005861975 0.107370719 0.003480732 0.994195700
1439803822.386243 1.451294899 -0.246029630 5.416067123 -0.005147141 0.107288159 0.004423293 0.994204819
1439803822.448743 1.453135967 -0.246509194 5.423915386 -0.004753360 0.107141480 0.005016293 0.994219780
1439803822.511247 1.454791784 -0.246885911 5.431911945 -0.004696900 0.107204467 0.004857390 0.994214058
1439803822.573748 1.456566811 -0.247314766 5.439897060 -0.004592652 0.106944814 0.005681986 0.994238079
1439803822.636248 1.458287954 -0.247654870 5.448398113 -0.004341377 0.106707454 0.005769525 0.994264245
1439803822.698750 1.460041046 -0.248119801 5.456360340 -0.003934047 0.106238112 0.006297205 0.994313002
1439803822.761255 1.461497426 -0.248342872 5.464983463 -0.003264503 0.106114544 0.006749508 0.994325638
1439803822.823756 1.463234901 -0.248816416 5.472536564 -0.003338009 0.105126016 0.007129572 0.994427741
1439803822.886255 1.464964151 -0.249115735 5.480678082 -0.003242261 0.104258418 0.007645312 0.994515598
1439803822.948759 1.466449142 -0.249599814 5.488482952 -0.003088160 0.103379719 0.008097221 0.994604230
1439803823.011256 1.468102932 -0.249963760 5.496291161 -0.003004757 0.102267995 0.008146702 0.994719028
1439803823.073757 1.469654799 -0.250192165 5.504154682 -0.002880442 0.101129524 0.008730045 0.994830787
1439803823.136259 1.470980287 -0.250564724 5.511601448 -0.003295687 0.099846154 0.009018577 0.994956553
1439803823.198761 1.472565770 -0.250943363 5.519374371 -0.003326575 0.098082922 0.009135329 0.995130777
1439803823.261277 1.473747849 -0.251381725 5.526748657 -0.003368317 0.096423559 0.009181974 0.995292366
1439803823.323763 1.475030422 -0.251660347 5.534302235 -0.003021166 0.094414286 0.009391519 0.995484114
1439803823.386264 1.476240396 -0.252100080 5.541407108 -0.003085213 0.092092931 0.009979564 0.995695651
1439803823.448768 1.477356791 -0.252466589 5.548684597 -0.003626905 0.089304917 0.010508494 0.995942295
1439803823.511267 1.478472710 -0.252823561 5.555954456 -0.004354414 0.085958794 0.011133890 0.996226966
1439803823.573768 1.479398727 -0.253214329 5.563018322 -0.004314585 0.082194880 0.011515147 0.996540427
1439803823.636270 1.480156898 -0.253583550 5.570094109 -0.003750922 0.078151397 0.011397998 0.996869266
1439803823.698772 1.480940580 -0.253986478 5.577033997 -0.002873110 0.073451795 0.011575278 0.997227430
1439803823.761272 1.481487751 -0.254356503 5.584091187 -0.002400418 0.068390071 0.011543465 0.997588992
1439803823.823774 1.481906772 -0.254740924 5.591227531 -0.002281319 0.062619887 0.011645196 0.997966886
1439803823.886275 1.482146740 -0.255139709 5.598313332 -0.002447091 0.056109663 0.011335458 0.998357236
1439803823.948776 1.482294559 -0.255504638 5.605299950 -0.002226609 0.049072433 0.011710799 0.998724043
1439803824.011280 1.482441187 -0.255851507 5.612289429 -0.001621705 0.041254964 0.012139446 0.999073565
1439803824.073779 1.482203841 -0.256274909 5.619227886 -0.001208938 0.033210129 0.011815813 0.999377787
1439803824.136281 1.481903672 -0.256602764 5.626193523 -0.000559978 0.024574066 0.011603769 0.999630511
1439803824.198785 1.481478214 -0.257131666 5.632829189 -0.000154209 0.015444097 0.011691780 0.999812305
1439803824.261285 1.480743051 -0.257461518 5.639729500 0.000601972 0.006119195 0.011429468 0.999915779
1439803824.323785 1.479984641 -0.257877618 5.646527290 0.001405847 -0.003914403 0.010998113 0.999930859
1439803824.386289 1.478978395 -0.258357972 5.653250217 0.002310114 -0.014406297 0.011149755 0.999831378
1439803824.448790 1.477881670 -0.258837700 5.659669399 0.003284896 -0.025343902 0.011319803 0.999609292
1439803824.511289 1.476637363 -0.259398252 5.666146755 0.004191128 -0.036501344 0.011332253 0.999260545
1439803824.573791 1.475139737 -0.259752005 5.672660828 0.005035718 -0.048294339 0.011924182 0.998749316
1439803824.636292 1.473384738 -0.260265768 5.678943634 0.005578746 -0.060410880 0.011294940 0.998094082
1439803824.698794 1.471610308 -0.260694027 5.685252666 0.006932264 -0.073062904 0.011756968 0.997233927
1439803824.761295 1.469397306 -0.261192143 5.691471577 0.007864766 -0.086052619 0.011700782 0.996190846
1439803824.823797 1.467064738 -0.261617631 5.697560310 0.008563272 -0.099561661 0.011017730 0.994933546
1439803824.886298 1.464620113 -0.262175053 5.703721523 0.008623536 -0.113375269 0.011606636 0.993447006
1439803824.948800 1.461894274 -0.262668431 5.709771156 0.008370050 -0.127619863 0.010851754 0.991728485
1439803825.011302 1.458912492 -0.263068795 5.715682507 0.008140134 -0.142553598 0.009045563 0.989712298
1439803825.073801 1.455746651 -0.263656229 5.721302032 0.007876824 -0.157811716 0.008585056 0.987400472
1439803825.136303 1.452533841 -0.264101833 5.727104187 0.008501895 -0.173747674 0.008311434 0.984718382
1439803825.198805 1.448918581 -0.264648378 5.732427120 0.009127546 -0.189748093 0.008254943 0.981755674
1439803825.261306 1.445310593 -0.265234828 5.737763882 0.009878388 -0.206403837 0.008714058 0.978378236
1439803825.323806 1.441311002 -0.265803784 5.742997169 0.010718213 -0.223529741 0.008408432 0.974601924
1439803825.386306 1.437230349 -0.266272753 5.747844696 0.011536304 -0.241533801 0.007809449 0.970292389
1439803825.448807 1.432759762 -0.266794652 5.752510071 0.011990222 -0.260103017 0.005961297 0.965488017
1439803825.511307 1.428152323 -0.267265499 5.757098198 0.012639835 -0.279244751 0.004168024 0.960127711
1439803825.573808 1.423168182 -0.267780989 5.761470795 0.012959630 -0.298337519 0.002458706 0.954369307
1439803825.636309 1.418193340 -0.268112153 5.765553951 0.013430005 -0.317332298 0.001354784 0.948218346
1439803825.698809 1.412946939 -0.268531442 5.769592285 0.013351170 -0.336295068 0.000051562 0.941662014
1439803825.761309 1.407369852 -0.268920362 5.773442745 0.013832438 -0.354899079 -0.002514333 0.934798896
1439803825.823813 1.401710272 -0.269421637 5.776982307 0.014600686 -0.373120964 -0.004523919 0.927656770
1439803825.886313 1.395792961 -0.269824147 5.780395508 0.015300129 -0.391024470 -0.005915734 0.920234084
1439803825.948811 1.389804840 -0.270234227 5.783745766 0.015670344 -0.409013301 -0.007228163 0.912365258
1439803826.011317 1.383540154 -0.270755291 5.786904335 0.015693786 -0.426541954 -0.009034148 0.904286504
1439803826.073813 1.377088785 -0.271111131 5.790001392 0.016339762 -0.443453133 -0.010812204 0.896083355
1439803826.136312 1.370726824 -0.271570355 5.792749405 0.017010871 -0.459563762 -0.011970147 0.887901187
1439803826.198814 1.363124967 -0.272208303 5.794235706 0.017667202 -0.473227680 -0.014388436 0.880645454
1439803826.261320 1.356374145 -0.272909164 5.793864727 0.017796502 -0.486155808 -0.016262963 0.873539567
1439803826.323816 1.348807096 -0.274519861 5.795335293 0.015972819 -0.498789161 -0.014506435 0.866454780
1439803826.386316 1.340579510 -0.275342315 5.798026085 0.015928484 -0.511285365 -0.015812382 0.859117866
1439803826.448818 1.333686948 -0.275090247 5.797428608 0.016421383 -0.521427393 -0.016421845 0.852979600
