1439803787.135607 0.000119924 -0.002274769 0.044785582 -0.000193731 0.001853092 0.000203158 0.999998212
1439803787.198108 0.000587323 -0.004735664 0.089102827 -0.000779704 0.003174358 0.000959717 0.999994218
1439803787.260608 0.001254299 -0.007087426 0.133590132 -0.001516747 0.004141816 0.002808775 0.999986351
1439803787.323109 0.002070787 -0.009396963 0.178717062 -0.002246778 0.004897597 0.004204153 0.999976635
1439803787.448109 0.003195279 -0.013336040 0.268656433 -0.004167646 0.006668868 0.004330980 0.999959707
1439803787.510612 0.003556201 -0.015581358 0.314145684 -0.005392564 0.007568500 0.003649134 0.999950171
1439803787.573112 0.003969681 -0.017283816 0.359948039 -0.005705796 0.008396237 0.004038449 0.999940336
1439803787.635613 0.005024431 -0.019453347 0.404948622 -0.005854581 0.008960230 0.004204684 0.999933839
1439803787.698114 0.005772540 -0.021145480 0.450524479 -0.005297410 0.009632820 0.004549226 0.999929190
1439803787.760615 0.006635787 -0.023027578 0.496564865 -0.004917375 0.010531367 0.004551090 0.999922097
1439803787.823117 0.007497483 -0.024911596 0.542501628 -0.005126656 0.011440083 0.004174536 0.999912679
1439803787.885617 0.008459372 -0.026637670 0.588780820 -0.005860143 0.012253596 0.003861072 0.999900281
1439803787.948117 0.009546966 -0.028469017 0.635109782 -0.006960941 0.013076753 0.002418272 0.999887347
1439803788.010619 0.010207073 -0.030241180 0.681837142 -0.007774844 0.014161678 -0.000058356 0.999869466
1439803788.073119 0.011295483 -0.032190852 0.728144109 -0.008465230 0.015412659 -0.001759552 0.999843836
1439803788.135619 0.012543376 -0.033939768 0.774754167 -0.008511544 0.017046241 -0.002198836 0.999816060
1439803788.198120 0.014412981 -0.035886679 0.821080029 -0.008108386 0.018857256 -0.001815427 0.999787629
1439803788.260621 0.016333895 -0.037763141 0.867589772 -0.007999791 0.021119433 -0.002099678 0.999742746
1439803788.323121 0.018313143 -0.039461929 0.914810181 -0.007998536 0.023468759 -0.002844310 0.999688566
1439803788.385622 0.020543106 -0.041137628 0.961703479 -0.007716783 0.025599599 -0.003697574 0.999635637
1439803788.448122 0.023236878 -0.043104246 1.008689761 -0.007672048 0.027605813 -0.003443485 0.999583483
1439803788.510622 0.026028503 -0.044933058 1.056625843 -0.007534511 0.029592164 -0.003566876 0.999527335
1439803788.573123 0.029433973 -0.047468185 1.103552580 -0.007040104 0.031710077 -0.002707710 0.999468625
1439803788.635625 0.033133253 -0.049523156 1.151700497 -0.005586471 0.034167971 -0.001483003 0.999399364
