1439803791.510675 0.001051960 -0.002655270 0.046940386 -0.000056556 0.007969939 0.000532087 0.999968052
1439803791.573179 0.001695916 -0.004009434 0.070268095 0.000016162 0.011744309 0.001100010 0.999930382
1439803791.635681 0.002712574 -0.005362703 0.094578795 0.000055948 0.015304907 0.001405973 0.999881864
1439803791.698179 0.003812581 -0.006537698 0.118311495 -0.000261653 0.018615596 0.001764755 0.999825120
1439803791.760681 0.005080526 -0.007898267 0.140531883 -0.000443312 0.021349946 0.002623430 0.999768496
1439803791.823182 0.006431058 -0.009138859 0.164079964 -0.000440402 0.024036475 0.003656898 0.999704301
1439803791.885683 0.007877553 -0.010383387 0.187769786 -0.000854673 0.026554193 0.004429898 0.999637187
1439803791.948184 0.009703103 -0.011536066 0.211147666 -0.000866125 0.028735209 0.005289992 0.999572694
1439803792.010685 0.010897516 -0.013089919 0.234451190 -0.000757628 0.031202408 0.006241396 0.999493301
1439803792.073186 0.012772892 -0.014320224 0.257937133 -0.000619045 0.033141129 0.007737247 0.999420524
1439803792.135687 0.014782378 -0.015576155 0.281118840 -0.001283895 0.035138492 0.008979562 0.999341249
1439803792.198188 0.016554581 -0.016716527 0.304874212 -0.002571138 0.037420698 0.009630510 0.999249876
1439803792.260690 0.018644568 -0.017801488 0.328645408 -0.003913120 0.039582081 0.009979667 0.999158800
1439803792.323190 0.020542558 -0.018718680 0.351910025 -0.005374259 0.041794866 0.009782757 0.999063849
1439803792.385692 0.022842187 -0.019984253 0.375366300 -0.005999387 0.043802809 0.009771342 0.998974383
1439803792.448195 0.025004018 -0.021410849 0.398820192 -0.005693232 0.045762107 0.009791151 0.998888135
1439803792.510694 0.027462529 -0.022468260 0.422057390 -0.004090800 0.047697596 0.009808945 0.998805285
1439803792.573210 0.029969638 -0.023493910 0.445339113 -0.002681001 0.049692795 0.010007264 0.998710811
1439803792.635696 0.032465436 -0.024569569 0.468729913 -0.002061384 0.051764555 0.009393200 0.998613000
1439803792.698206 0.034943782 -0.025537610 0.492874920 -0.001789070 0.053861368 0.009256794 0.998503923
1439803792.760701 0.037416805 -0.026794028 0.516126275 -0.002041302 0.055725478 0.009366750 0.998400092
1439803792.823200 0.040363513 -0.027869901 0.539060235 -0.001941980 0.056999788 0.009264029 0.998329341
1439803792.885704 0.043554511 -0.029153742 0.562669575 -0.002188530 0.058010664 0.010078087 0.998262703
1439803792.948202 0.045808304 -0.030143466 0.585871160 -0.002225223 0.059388492 0.010579180 0.998176396
1439803793.010705 0.048965350 -0.031332418 0.609288633 -0.002346465 0.060450822 0.010947344 0.998108387
1439803793.073206 0.051912185 -0.032510437 0.632963657 -0.002659378 0.061602764 0.011035993 0.998036206
1439803793.135708 0.054719433 -0.033220928 0.656443298 -0.003466480 0.062789209 0.010527997 0.997965276
1439803793.198209 0.057680763 -0.034449741 0.680435002 -0.003866007 0.063679181 0.010425610 0.997908473
1439803793.260711 0.060490914 -0.035646304 0.703541458 -0.004441501 0.064522088 0.010731369 0.997848690
1439803793.323210 0.063838586 -0.036570057 0.726574898 -0.004764544 0.065140441 0.011194547 0.997801900
1439803793.385712 0.066980436 -0.037754666 0.750974000 -0.005071369 0.066094778 0.011407482 0.997735262
1439803793.448213 0.070155069 -0.038888410 0.774239600 -0.005187559 0.067093611 0.011572557 0.997666121
1439803793.510715 0.073485263 -0.039961454 0.796845555 -0.004978187 0.067916095 0.011817981 0.997608662
1439803793.573216 0.076484568 -0.041007638 0.821257710 -0.004909674 0.069044165 0.011528523 0.997534871
1439803793.635716 0.079938971 -0.042065226 0.844889939 -0.004975272 0.069943734 0.011477123 0.997472465
1439803793.698216 0.083437942 -0.043015294 0.868009329 -0.005048779 0.070660912 0.011832697 0.997417450
1439803793.760721 0.086532697 -0.044467278 0.891549706 -0.005606119 0.071513668 0.011999099 0.997351706
1439803793.823218 0.090204984 -0.045202639 0.914278209 -0.005931545 0.071957991 0.011917927 0.997318804
1439803793.885718 0.093668759 -0.046227057 0.938294053 -0.006058042 0.072863095 0.011567765 0.997256458
1439803793.948220 0.097432956 -0.047315702 0.961281478 -0.005849290 0.073140934 0.011407977 0.997239232
1439803794.010721 0.100890696 -0.048133090 0.984507382 -0.005051787 0.073583595 0.011038800 0.997215152
1439803794.073225 0.104651563 -0.049125377 1.007506371 -0.004345923 0.073981911 0.010415559 0.997195721
1439803794.135724 0.107904717 -0.050460104 1.031360626 -0.003759290 0.074737124 0.009694875 0.997149050
1439803794.198225 0.111487672 -0.051593296 1.054638624 -0.003502343 0.075275578 0.008909709 0.997116804
1439803794.260726 0.115380146 -0.052280612 1.077814937 -0.002986084 0.075539231 0.008743514 0.997100055
1439803794.323229 0.118000999 -0.053516969 1.102311015 -0.002934185 0.076707810 0.008617038 0.997012079
1439803794.385728 0.121230975 -0.054821841 1.126266003 -0.002927801 0.077275015 0.008242918 0.996971428
1439803794.448230 0.124543570 -0.056004606 1.149313331 -0.003188501 0.077753015 0.007783847 0.996937156
1439803794.510735 0.128240258 -0.056749180 1.172983646 -0.003869914 0.078263231 0.007011982 0.996900499
1439803794.573233 0.131699830 -0.058033552 1.196630239 -0.004515527 0.078799859 0.006823670 0.996856868
1439803794.635733 0.135491863 -0.059153885 1.219660521 -0.003888360 0.078869998 0.007239166 0.996851027
1439803794.698233 0.139473557 -0.060298234 1.242424607 -0.002926109 0.078983307 0.006891126 0.996847808
1439803794.760737 0.142936662 -0.061191253 1.265570998 -0.002493944 0.079388991 0.006123623 0.996821761
1439803794.823239 0.146420419 -0.062358934 1.288803220 -0.002091672 0.079495497 0.006179005 0.996813893
1439803794.885740 0.150405139 -0.063893430 1.313512206 -0.002934905 0.080087043 0.005391577 0.996768951
1439803794.948241 0.153912514 -0.064904541 1.336759448 -0.003918359 0.080330521 0.005730572 0.996744096
1439803795.010742 0.157154366 -0.065892406 1.360601187 -0.005001609 0.081000425 0.006480976 0.996680439
1439803795.073243 0.160977602 -0.066875294 1.383599639 -0.005967699 0.081234060 0.005932749 0.996659517
1439803795.135743 0.164591074 -0.067948580 1.406346798 -0.005926406 0.081459381 0.005688659 0.996642828
1439803795.198244 0.168848842 -0.069368951 1.429331779 -0.005325540 0.081546053 0.005844559 0.996638179
1439803795.260749 0.172658563 -0.070871979 1.451794982 -0.004275389 0.081658259 0.006156319 0.996632218
1439803795.323248 0.176353306 -0.072163060 1.475051761 -0.002423975 0.081894770 0.006699349 0.996615529
1439803795.385749 0.179720446 -0.073193096 1.496891260 -0.000560826 0.082173184 0.007498174 0.996589720
1439803795.448251 0.183330745 -0.074069671 1.519941688 0.000251165 0.082714140 0.009203753 0.996530771
1439803795.510751 0.187311560 -0.075113699 1.543210149 -0.001185778 0.083365053 0.008575857 0.996481478
1439803795.573253 0.191315681 -0.076200865 1.565799594 -0.002984084 0.083767764 0.008152810 0.996447504
1439803795.635754 0.194538593 -0.076985292 1.588874578 -0.004698967 0.084841721 0.008102456 0.996350408
1439803795.698270 0.198667139 -0.078000486 1.611378789 -0.005980724 0.085167512 0.008730006 0.996310472
1439803795.760757 0.202242225 -0.078931838 1.634685397 -0.006424809 0.085969195 0.008993104 0.996236503
1439803795.823258 0.206565142 -0.080434307 1.657009363 -0.005925174 0.086241223 0.009175668 0.996214390
1439803795.885762 0.210066557 -0.081664607 1.679389954 -0.004775428 0.086879842 0.009052596 0.996166229
1439803795.948262 0.214454845 -0.082508639 1.702156186 -0.003531364 0.087015279 0.008929064 0.996160686
1439803796.010762 0.218176126 -0.083526969 1.723991513 -0.002864193 0.087247029 0.008591764 0.996145546
1439803796.073265 0.222368538 -0.084485956 1.747437716 -0.002486630 0.087663159 0.008514755 0.996110678
1439803796.135763 0.226294190 -0.085771091 1.769873381 -0.002517424 0.087827742 0.008238393 0.996098459
1439803796.198267 0.230228841 -0.086843461 1.791907191 -0.002713358 0.087989889 0.008318193 0.996082902
1439803796.260765 0.234179318 -0.087946869 1.814089298 -0.002758407 0.088279165 0.008832264 0.996052802
1439803796.323265 0.238146052 -0.088716500 1.837120771 -0.002754770 0.088665500 0.009291828 0.996014297
1439803796.385766 0.242061660 -0.089769587 1.859609962 -0.002484957 0.088955417 0.009824898 0.995984077
1439803796.448268 0.245856881 -0.091221228 1.881672025 -0.002846908 0.089513108 0.009970614 0.995931685
1439803796.510769 0.250329196 -0.091985129 1.904106617 -0.002818777 0.089673243 0.010668133 0.995910108
1439803796.573270 0.253974497 -0.093307614 1.926121831 -0.003220955 0.090056203 0.010462941 0.995876491
1439803796.635772 0.257514268 -0.094478093 1.948597550 -0.002695781 0.090619683 0.010295139 0.995828688
1439803796.698275 0.261897266 -0.095618933 1.971108913 -0.002704569 0.090768211 0.010507133 0.995812953
1439803796.760774 0.265738189 -0.096674047 1.993385196 -0.003022570 0.091125190 0.010974629 0.995774388
1439803796.823281 0.269673347 -0.097512312 2.015110731 -0.003431353 0.091358721 0.011596219 0.995744586
1439803796.885779 0.273801088 -0.098411322 2.037091017 -0.003641095 0.091547839 0.012282871 0.995718241
1439803796.948280 0.277514130 -0.099380642 2.058481216 -0.004253025 0.091988027 0.012267260 0.995675445
1439803797.010781 0.281612694 -0.100547031 2.080657959 -0.004659098 0.092315897 0.012532737 0.995639980
1439803797.073281 0.285627693 -0.101581298 2.104054451 -0.004678931 0.092790678 0.012507696 0.995596111
1439803797.135783 0.289455235 -0.102565505 2.125595331 -0.004774320 0.092964850 0.012237875 0.995582700
1439803797.198285 0.293547571 -0.103552729 2.147692680 -0.005116787 0.092661917 0.012404226 0.995607197
1439803797.260790 0.297076672 -0.104536720 2.169512987 -0.005457222 0.092740014 0.012021182 0.995602846
1439803797.323290 0.301260233 -0.105349846 2.191819191 -0.005439353 0.092645533 0.012064501 0.995611191
1439803797.385789 0.305400670 -0.106199697 2.213682890 -0.005341389 0.092500262 0.012449851 0.995620489
1439803797.448293 0.309594274 -0.107045628 2.236154556 -0.005230299 0.092480056 0.013116567 0.995614409
1439803797.510790 0.313270122 -0.108156376 2.257662058 -0.005214050 0.092606649 0.013108007 0.995602846
1439803797.573291 0.317287385 -0.108899765 2.279036045 -0.005250486 0.092547305 0.013432578 0.995603859
1439803797.635794 0.321387619 -0.109946258 2.300561905 -0.005538568 0.092264757 0.013336420 0.995629787
1439803797.698292 0.325418293 -0.110779114 2.322379112 -0.005880532 0.092145368 0.012195422 0.995653510
1439803797.760792 0.329072267 -0.111898035 2.344633818 -0.005960008 0.092241921 0.011479049 0.995652616
1439803797.823298 0.332566947 -0.112668179 2.365909815 -0.006276303 0.092136189 0.011052230 0.995665312
1439803797.885794 0.336528838 -0.113385305 2.387587786 -0.006596800 0.092065059 0.010696684 0.995673656
1439803797.948294 0.339864492 -0.115259007 2.409188032 -0.007140563 0.092014208 0.010958239 0.995671749
1439803798.010795 0.344166547 -0.116269134 2.431658983 -0.006851863 0.091808707 0.011010739 0.995692194
1439803798.073295 0.348394573 -0.115762874 2.452719450 -0.006651043 0.091520503 0.009295157 0.995737612
1439803798.135797 0.351130903 -0.117870569 2.474508524 -0.007163841 0.092356138 0.009114529 0.995658517
1439803798.198299 0.354750663 -0.119134799 2.496115685 -0.007013395 0.092314646 0.008000804 0.995673060
1439803798.260798 0.358804911 -0.120138682 2.518543959 -0.006659102 0.092258029 0.007670043 0.995683312
1439803798.323302 0.362254202 -0.120635241 2.540572882 -0.007042239 0.092455313 0.006093259 0.995673299
1439803798.385803 0.365952373 -0.121260598 2.561506987 -0.008158355 0.092288733 0.003736652 0.995691836
1439803798.448304 0.369948655 -0.122329012 2.582970142 -0.008932043 0.091780357 0.002001080 0.995737195
1439803798.510803 0.373625606 -0.123452611 2.605247974 -0.009369350 0.091995023 0.002885876 0.995711207
1439803798.573308 0.377554238 -0.124338359 2.626313686 -0.008297565 0.091797300 0.003838409 0.995735765
1439803798.635806 0.381396562 -0.124838144 2.647592068 -0.005997486 0.091395259 0.003617000 0.995790064
1439803798.698308 0.385096252 -0.126073197 2.668426991 -0.003459704 0.091396727 0.002819109 0.995804548
1439803798.760812 0.388697416 -0.127318904 2.690157175 -0.001346282 0.091945209 0.002111152 0.995760918
1439803798.823312 0.392133772 -0.128275245 2.712162971 0.000441004 0.092219368 0.002526972 0.995735407
1439803798.885812 0.395976275 -0.129358977 2.732651234 0.000370129 0.091343097 0.002439642 0.995816410
1439803798.948313 0.400110871 -0.130682185 2.753418684 -0.000402458 0.090714075 0.003054120 0.995872200
1439803799.010817 0.403622985 -0.132146716 2.775039434 -0.001855082 0.090863131 0.003627742 0.995855033
1439803799.073318 0.407589078 -0.133364603 2.796069622 -0.002919139 0.090580925 0.004658026 0.995873928
1439803799.135818 0.411035329 -0.134142622 2.817013264 -0.003715512 0.090644203 0.005031291 0.995863676
1439803799.198321 0.414820790 -0.135091394 2.838590145 -0.004131880 0.090656541 0.005293965 0.995859563
1439803799.260823 0.418645561 -0.136131331 2.859452486 -0.004321367 0.090686023 0.006607071 0.995848238
1439803799.323322 0.422392488 -0.137183160 2.880572319 -0.004359774 0.090651207 0.007473883 0.995845079
1439803799.385824 0.426473528 -0.137935400 2.901050568 -0.004222653 0.090329133 0.007482057 0.995874882
1439803799.448325 0.430134177 -0.139040098 2.921170712 -0.004042383 0.090110332 0.007553068 0.995894909
1439803799.510826 0.434021950 -0.140437052 2.941822290 -0.003744899 0.089860693 0.008301384 0.995912671
1439803799.573329 0.437819839 -0.141040236 2.963243246 -0.003269447 0.089791574 0.008313777 0.995920539
1439803799.635829 0.440771967 -0.142137751 2.984368086 -0.003189693 0.090170756 0.007823567 0.995890439
1439803799.698330 0.444847316 -0.143044770 3.004470348 -0.003462907 0.089605235 0.007451785 0.995943427
1439803799.760832 0.448304713 -0.143940702 3.025465250 -0.004255488 0.089847483 0.008010646 0.995914221
1439803799.823334 0.452171952 -0.145104006 3.045961380 -0.005133766 0.089578085 0.008339664 0.995931625
1439803799.885834 0.455910951 -0.145924732 3.066872835 -0.005217381 0.089577496 0.008453455 0.995930314
1439803799.948336 0.459393412 -0.147021309 3.087787151 -0.005498494 0.089762293 0.008043315 0.995915592
1439803800.010841 0.463370055 -0.147968128 3.108341455 -0.004934646 0.089668520 0.008157128 0.995926082
1439803800.073339 0.466883510 -0.148861498 3.129535437 -0.003777234 0.089888103 0.007744776 0.995914578
1439803800.135840 0.469844937 -0.149787277 3.149169445 -0.002966806 0.090166666 0.006956854 0.995897949
1439803800.198342 0.473160952 -0.150819510 3.169883728 -0.002387283 0.090425394 0.006642038 0.995878220
1439803800.260843 0.476832926 -0.151757270 3.190154314 -0.002343175 0.090467513 0.005860596 0.995879412
1439803800.323345 0.481338382 -0.152211517 3.211194038 -0.002117109 0.090263322 0.005873310 0.995898366
1439803800.385845 0.484262288 -0.152776092 3.231292486 -0.002910276 0.090773486 0.004798085 0.995855749
1439803800.448361 0.487747461 -0.154771701 3.251059055 -0.004097836 0.090637900 0.005457861 0.995860517
1439803800.510849 0.492237985 -0.155405015 3.273786783 -0.004350063 0.091010928 0.005440059 0.995825529
1439803800.573350 0.496117175 -0.156362772 3.293657780 -0.004520605 0.090995058 0.006034111 0.995822787
1439803800.635851 0.499702513 -0.158430710 3.314028502 -0.004843013 0.091280170 0.007295040 0.995786726
1439803800.698354 0.501513541 -0.159281895 3.332529068 -0.005320353 0.092154108 0.007274153 0.995703995
1439803800.760853 0.506685555 -0.159180135 3.353252411 -0.004350465 0.091738403 0.008880534 0.995734036
1439803800.823353 0.510834932 -0.159779131 3.375135899 -0.004240969 0.092187725 0.009617278 0.995686114
1439803800.885855 0.514428020 -0.160405084 3.393685579 -0.004621342 0.092096403 0.010506288 0.995683968
1439803800.948356 0.518355489 -0.162209570 3.414544582 -0.005218926 0.092374802 0.011981517 0.995638549
1439803801.010854 0.521216989 -0.162792802 3.434751987 -0.005497626 0.092935748 0.012565637 0.995577633
1439803801.073358 0.525193095 -0.163673475 3.454972982 -0.005828650 0.093011655 0.012508073 0.995569348
1439803801.135856 0.528943479 -0.164420635 3.475653648 -0.005682252 0.093286507 0.013237126 0.995535076
1439803801.198356 0.533231556 -0.165499255 3.496214390 -0.005520277 0.093234174 0.013874746 0.995532215
1439803801.260870 0.536947966 -0.166611969 3.516931534 -0.005835124 0.093588263 0.013572586 0.995501339
1439803801.323358 0.542414427 -0.167443648 3.537101984 -0.005464006 0.092810631 0.013843493 0.995572507
1439803801.385857 0.544874012 -0.168429375 3.558357954 -0.005130788 0.093954168 0.013809167 0.995467544
1439803801.448361 0.547893465 -0.169262961 3.576281786 -0.004481715 0.093818188 0.014915891 0.995467544
1439803801.510860 0.552288890 -0.170088142 3.596641541 -0.003856625 0.093538597 0.015664697 0.995484948
1439803801.573362 0.555816889 -0.171242177 3.616675854 -0.004150138 0.093570098 0.015804101 0.995478630
1439803801.635863 0.558724046 -0.172378182 3.636415958 -0.004140986 0.093456037 0.016884545 0.995471597
1439803801.698366 0.562497973 -0.172681719 3.655727863 -0.004140766 0.092818022 0.017384999 0.995522678
1439803801.760866 0.566064000 -0.173701435 3.675552130 -0.004850933 0.092384756 0.017297413 0.995561302
1439803801.823367 0.569517970 -0.174562037 3.695820332 -0.005441335 0.092128731 0.016683392 0.995592475
1439803801.885867 0.572778642 -0.175350368 3.715722561 -0.005890856 0.091709957 0.016433429 0.995632708
1439803801.948368 0.576451302 -0.176389903 3.735373259 -0.006343582 0.091192596 0.016478749 0.995676696
1439803802.010869 0.579952478 -0.177286908 3.755847931 -0.005595177 0.090646245 0.016970456 0.995722830
1439803802.073369 0.583484232 -0.177879691 3.776046276 -0.005222357 0.090174980 0.016364276 0.995777786
1439803802.135870 0.586937189 -0.178970397 3.795872450 -0.005347026 0.089651749 0.016149012 0.995827854
1439803802.198376 0.590055585 -0.179821357 3.815327406 -0.005911998 0.089227721 0.014774834 0.995884120
1439803802.260875 0.593727767 -0.181388751 3.834917545 -0.005800578 0.088395514 0.014919357 0.995956838
1439803802.323375 0.596146703 -0.181310281 3.855056286 -0.005418764 0.088456683 0.014097534 0.995965540
1439803802.385874 0.599314213 -0.182238430 3.875267982 -0.005772765 0.088003173 0.013858826 0.996007085
1439803802.448374 0.603351295 -0.184048355 3.893826008 -0.007157935 0.086400524 0.013278326 0.996146262
1439803802.510876 0.606455326 -0.184749901 3.913421154 -0.007209034 0.085657828 0.012093846 0.996225119
1439803802.573377 0.609781623 -0.185976177 3.932334423 -0.008273627 0.084727108 0.010254009 0.996317089
1439803802.635878 0.612503231 -0.186512545 3.952650785 -0.008417347 0.084594905 0.009106430 0.996338248
1439803802.698380 0.615512729 -0.186977953 3.972495794 -0.009042829 0.084037691 0.007645294 0.996392190
1439803802.760883 0.618512988 -0.187646270 3.991948366 -0.009502796 0.083258942 0.005870564 0.996465325
1439803802.823382 0.621169209 -0.188320428 4.011801720 -0.009782331 0.082810141 0.003287990 0.996511936
1439803802.885888 0.624166310 -0.189317226 4.031153202 -0.008835058 0.082426704 0.002565742 0.996554673
1439803802.948388 0.627226770 -0.190233648 4.050156116 -0.006403045 0.081927381 0.003892025 0.996610105
1439803803.010888 0.630342603 -0.191180408 4.069510460 -0.003725170 0.081713930 0.004300057 0.996639609
1439803803.073389 0.633351743 -0.192332968 4.088341713 -0.002160457 0.081273474 0.004056001 0.996681273
1439803803.135895 0.636297524 -0.193270192 4.107553959 -0.001511873 0.081363812 0.002914975 0.996679068
1439803803.198391 0.638934135 -0.194090277 4.127122879 -0.001745438 0.081861556 0.002284610 0.996639550
1439803803.260893 0.642056167 -0.194809273 4.146141529 -0.003197252 0.081581734 0.001891442 0.996659756
1439803803.323396 0.645005524 -0.195806324 4.165113449 -0.005283273 0.081340156 0.002053550 0.996670306
1439803803.385895 0.648078203 -0.196661308 4.184257984 -0.006486011 0.081371762 0.003246914 0.996657431
1439803803.448397 0.651136816 -0.197646931 4.203162670 -0.006190474 0.081515186 0.004877564 0.996640921
1439803803.510898 0.654467225 -0.198583871 4.221831322 -0.004504798 0.081605703 0.006697433 0.996631980
1439803803.573399 0.657494187 -0.199556291 4.240379333 -0.002701099 0.081802666 0.006917840 0.996620893
1439803803.635902 0.660673916 -0.200621113 4.259172440 -0.001613498 0.081994601 0.006671992 0.996609092
1439803803.698407 0.663669765 -0.201369226 4.278076172 -0.000865414 0.082388513 0.006763681 0.996576965
1439803803.760904 0.666697681 -0.202334329 4.296607494 -0.000665770 0.082576826 0.006681314 0.996562064
1439803803.823405 0.669684529 -0.203441307 4.315325737 -0.000956441 0.082566731 0.007444401 0.996557236
1439803803.885907 0.672868967 -0.204391271 4.333478928 -0.001808525 0.082343176 0.008337156 0.996567488
1439803803.948408 0.675853372 -0.205107480 4.352169037 -0.002399836 0.082469776 0.008910374 0.996550858
1439803804.010909 0.678894877 -0.206191823 4.370614529 -0.002723567 0.082613043 0.009145908 0.996536016
1439803804.073412 0.681989729 -0.207194492 4.388370514 -0.002155134 0.082554415 0.010098939 0.996533036
1439803804.135912 0.684762597 -0.208267316 4.406735897 -0.001583035 0.083011769 0.009778197 0.996499360
1439803804.198415 0.688209236 -0.208966345 4.425484657 -0.001103984 0.082850181 0.010970124 0.996501029
1439803804.260915 0.691188455 -0.210100636 4.443106651 -0.001119130 0.082800210 0.011269238 0.996501803
1439803804.323416 0.694203138 -0.211032465 4.461086273 -0.001534891 0.082889937 0.010944172 0.996497452
1439803804.385920 0.697515011 -0.211798817 4.478546619 -0.001967555 0.082627609 0.011282422 0.996514678
1439803804.448420 0.700192511 -0.212314725 4.497990608 -0.002460463 0.082870796 0.011689994 0.996488690
1439803804.510920 0.703048408 -0.213173419 4.515866756 -0.003033506 0.082838595 0.011638019 0.996490419
1439803804.573426 0.705991626 -0.214757591 4.532630444 -0.003414461 0.082386650 0.012206751 0.996519804
1439803804.635928 0.708962798 -0.215765372 4.550575733 -0.003676577 0.082023770 0.012101603 0.996550143
1439803804.698425 0.711669266 -0.216652632 4.568191051 -0.003580394 0.081774808 0.012276243 0.996568799
1439803804.760927 0.714687884 -0.217337310 4.585640907 -0.002792372 0.081282668 0.013259529 0.996598959
1439803804.823429 0.717502594 -0.218060523 4.602952480 -0.002837139 0.080999359 0.013341069 0.996620834
1439803804.885931 0.719945312 -0.218730807 4.621257782 -0.003230896 0.081044026 0.013733050 0.996610641
1439803804.948431 0.722774208 -0.219472378 4.638250351 -0.004469464 0.080551617 0.013815130 0.996644676
1439803805.010934 0.725377560 -0.220420897 4.656010628 -0.005762170 0.080375358 0.013141450 0.996661365
1439803805.073434 0.729012609 -0.221249938 4.673796177 -0.006552991 0.079688095 0.013663183 0.996704698
1439803805.135938 0.731641412 -0.221998423 4.690886974 -0.007258704 0.079314791 0.013444087 0.996732533
1439803805.198438 0.734257936 -0.222826272 4.707859516 -0.007784668 0.078887783 0.013582768 0.996760547
1439803805.260938 0.736769319 -0.223403901 4.724318504 -0.007677141 0.078428291 0.013116690 0.996803880
1439803805.323439 0.739187837 -0.224457353 4.740258694 -0.007284167 0.078067861 0.013679394 0.996827543
1439803805.385942 0.742234290 -0.224723220 4.757362366 -0.006607473 0.077720538 0.013594202 0.996860623
1439803805.448441 0.744621694 -0.225708514 4.773633003 -0.006324800 0.077613562 0.013010950 0.996878564
1439803805.510943 0.746443212 -0.226662412 4.787600040 -0.006330653 0.077269308 0.013025193 0.996905088
1439803805.573444 0.749367476 -0.227186352 4.805246830 -0.005776715 0.077027149 0.012938663 0.996928334
1439803805.635948 0.751788318 -0.227959633 4.821178913 -0.005757595 0.076732226 0.013131583 0.996948659
1439803805.698447 0.754014075 -0.228835836 4.836471558 -0.006056434 0.076307982 0.012915755 0.996982217
1439803805.760954 0.756595433 -0.229272082 4.851852417 -0.006283382 0.075772516 0.012535629 0.997026563
1439803805.823450 0.759680688 -0.229676440 4.867352962 -0.006673735 0.075072423 0.011964989 0.997083962
1439803805.885952 0.761389136 -0.229766250 4.883490086 -0.006877911 0.075091653 0.011128303 0.997090816
1439803805.948458 0.763296783 -0.231139228 4.897289276 -0.007357016 0.074413896 0.011499217 0.997133970
1439803806.010954 0.765266359 -0.231408715 4.912777901 -0.006892753 0.073950157 0.012165021 0.997163951
1439803806.073456 0.766965568 -0.233004689 4.926652431 -0.007351349 0.073647566 0.011214195 0.997194171
1439803806.135957 0.768763065 -0.233772039 4.941529751 -0.007493273 0.073499918 0.010749055 0.997209132
1439803806.198461 0.770816445 -0.234436885 4.955868721 -0.007413222 0.072953410 0.010638471 0.997251034
1439803806.260964 0.772576392 -0.235069901 4.970002651 -0.007240619 0.072468251 0.010075622 0.997293532
1439803806.323463 0.774764180 -0.235713422 4.984622478 -0.007004137 0.071784407 0.010044913 0.997344971
1439803806.385963 0.776698828 -0.236537874 4.999048710 -0.007115869 0.070888713 0.009538174 0.997413278
1439803806.448464 0.778160810 -0.237181380 5.012975216 -0.007164516 0.069919758 0.009170261 0.997484744
1439803806.510966 0.779529274 -0.237995923 5.027188778 -0.007814170 0.069073208 0.008503398 0.997544765
1439803806.573470 0.781586349 -0.237568557 5.041170120 -0.007922216 0.067687288 0.007437247 0.997647405
1439803806.635967 0.782393694 -0.238761246 5.053722858 -0.008685124 0.066983841 0.006441663 0.997695446
1439803806.698467 0.784247041 -0.239783347 5.066340923 -0.008801077 0.065679520 0.006149978 0.997783005
1439803806.760968 0.785742342 -0.240176708 5.079634666 -0.008534475 0.064923845 0.005751763 0.997837126
1439803806.823469 0.786824763 -0.240883961 5.092041492 -0.008131559 0.064296827 0.006187262 0.997878492
1439803806.885969 0.788925111 -0.241169497 5.104916096 -0.007786164 0.063268431 0.006304673 0.997946262
1439803806.948477 0.791159451 -0.242119730 5.116812706 -0.008291226 0.062090177 0.006267166 0.998016417
1439803807.010970 0.791896701 -0.242473766 5.130516052 -0.008258062 0.062036693 0.005679996 0.998023510
1439803807.073470 0.793038726 -0.243348479 5.143383026 -0.008218716 0.061719298 0.005140209 0.998046458
1439803807.135972 0.794703245 -0.243908793 5.154325008 -0.008247712 0.060952470 0.004391659 0.998096943
1439803807.198473 0.795805514 -0.244232357 5.166640759 -0.008436936 0.061125133 0.003113259 0.998089612
1439803807.260975 0.797303319 -0.244361430 5.179027557 -0.008591761 0.061028983 0.002593089 0.998095632
1439803807.323479 0.798502743 -0.244966909 5.190351963 -0.009377945 0.061085925 0.002239093 0.998085916
1439803807.385976 0.800328493 -0.245632425 5.201542854 -0.010142653 0.060557071 0.002258011 0.998110652
1439803807.448476 0.802392542 -0.246161997 5.211576462 -0.010475527 0.059949961 0.002933282 0.998142123
1439803807.510977 0.802458286 -0.246558279 5.224438667 -0.010879882 0.061378766 0.002362581 0.998052418
1439803807.635978 0.805853307 -0.246970043 5.246408463 -0.011047605 0.061175302 0.000883003 0.998065531
1439803807.698477 0.806055009 -0.247671872 5.257857323 -0.012124470 0.062353563 -0.001719359 0.997978985
1439803807.760979 0.807512462 -0.248617008 5.267682076 -0.012320054 0.062052730 -0.002476721 0.997993708
1439803807.823481 0.808767021 -0.248770371 5.278301239 -0.011339752 0.062126469 -0.001215020 0.998003125
1439803807.885983 0.810103774 -0.249244243 5.288427830 -0.010654577 0.062277012 0.000017519 0.998002052
1439803807.948489 0.811697721 -0.249789357 5.298359394 -0.009931319 0.062073719 0.001189942 0.998021483
1439803808.010990 0.812670469 -0.250707686 5.307545185 -0.009446481 0.062030740 0.001561639 0.998028278
1439803808.073493 0.813737035 -0.250720739 5.317495346 -0.008865620 0.062055334 0.000702740 0.998033047
1439803808.135988 0.814673901 -0.250941247 5.326967716 -0.008009110 0.061858151 0.000407190 0.998052716
1439803808.198492 0.815889180 -0.251609951 5.335813999 -0.007404851 0.061524753 -0.000422664 0.998077989
1439803808.260989 0.816868126 -0.252061546 5.344897747 -0.006349693 0.061721463 -0.001320677 0.998072326
1439803808.323489 0.817590117 -0.252437174 5.354157925 -0.005353223 0.062292621 -0.002040282 0.998041511
1439803808.385991 0.818739712 -0.252899826 5.363186359 -0.004675936 0.062492106 -0.002195135 0.998032093
1439803808.448491 0.819839537 -0.253306866 5.372091293 -0.004288305 0.062552713 -0.001715250 0.998030961
1439803808.510990 0.820756853 -0.253829718 5.380607128 -0.004307942 0.062689997 -0.000653921 0.998023510
1439803808.573493 0.821879923 -0.253904074 5.389410496 -0.004016778 0.062390625 0.000262615 0.998043716
1439803808.635993 0.823045552 -0.254402757 5.397657394 -0.004346196 0.062241513 0.001070482 0.998051107
1439803808.698492 0.824100137 -0.254831940 5.405874252 -0.004538484 0.062318366 0.001639600 0.998044670
1439803808.760994 0.825264156 -0.255222678 5.414191246 -0.004585716 0.062582247 0.001678722 0.998027861
1439803808.823494 0.826176703 -0.255614758 5.422271252 -0.004542517 0.062779926 0.000954650 0.998016596
1439803808.885994 0.827208877 -0.256045848 5.430155277 -0.004688246 0.062621631 0.000501561 0.998026192
1439803808.948497 0.828071892 -0.256491840 5.437936306 -0.005015360 0.062553212 0.000440339 0.998028934
1439803809.010997 0.829194009 -0.256771535 5.445892811 -0.005160325 0.062306102 0.000741374 0.998043478
1439803809.073498 0.830314994 -0.257218957 5.453544140 -0.005262664 0.062164247 0.001716816 0.998050570
1439803809.136005 0.831233740 -0.257645428 5.461339474 -0.005082404 0.062334508 0.002244284 0.998039842
1439803809.198500 0.832189500 -0.257995337 5.468754768 -0.004614543 0.062129572 0.002749763 0.998053610
1439803809.261000 0.833042860 -0.258401990 5.476347446 -0.004526635 0.062108818 0.003342047 0.998053551
1439803809.323501 0.833941460 -0.258855194 5.483654976 -0.004574602 0.061981276 0.003449336 0.998060882
1439803809.386004 0.834481359 -0.258840859 5.492031097 -0.004125777 0.062505342 0.003196754 0.998030961
1439803809.448503 0.835599422 -0.259481430 5.498978615 -0.004235909 0.062141854 0.003162642 0.998053312
1439803809.511005 0.836457789 -0.259964466 5.506317139 -0.003762176 0.062013224 0.003285442 0.998062849
1439803809.573506 0.837440908 -0.260290265 5.513863564 -0.003392917 0.062008176 0.002979890 0.998065412
1439803809.636006 0.838363111 -0.260700345 5.521421432 -0.003103975 0.061951261 0.003290211 0.998068929
1439803809.698507 0.839214444 -0.261130393 5.528507710 -0.002975392 0.061788693 0.003630414 0.998078227
1439803809.761009 0.840244710 -0.261431098 5.536150455 -0.002649620 0.061421618 0.004148344 0.998099744
1439803809.823512 0.841257393 -0.261932880 5.543370724 -0.002375728 0.061260976 0.004418829 0.998109162
1439803809.886012 0.842085958 -0.262358397 5.550964832 -0.001928895 0.061375037 0.004690886 0.998101890
1439803809.948513 0.842995942 -0.262687325 5.558644772 -0.001535673 0.061328959 0.004767947 0.998105049
1439803810.011014 0.844049156 -0.263195604 5.566238880 -0.001522932 0.061205801 0.004593627 0.998113453
1439803810.073520 0.844802618 -0.263465703 5.574264050 -0.001163405 0.061272085 0.004469826 0.998110414
1439803810.136017 0.845786870 -0.263773650 5.582181931 -0.001084916 0.061148692 0.004625396 0.998117387
1439803810.198518 0.846718252 -0.264155477 5.590144634 -0.001418703 0.061026622 0.004710236 0.998124003
1439803810.261023 0.847667634 -0.264435291 5.598197937 -0.001304121 0.060948968 0.004977830 0.998127639
1439803810.323525 0.848595440 -0.264763832 5.606477261 -0.001046344 0.060991280 0.005318239 0.998123586
1439803810.386025 0.849493623 -0.265267372 5.614280224 -0.000967870 0.060850982 0.005450406 0.998131514
1439803810.448527 0.850446939 -0.265768200 5.622445107 -0.001218331 0.060863651 0.005811564 0.998128414
1439803810.511025 0.851368368 -0.266245633 5.630559921 -0.001075420 0.060676593 0.006519950 0.998135626
1439803810.573527 0.852293491 -0.266648650 5.638500214 -0.001096591 0.060478374 0.006206676 0.998149633
1439803810.636029 0.853447974 -0.267199785 5.646605492 -0.001126631 0.060257014 0.006465822 0.998161316
1439803810.698532 0.854305327 -0.267700940 5.654889107 -0.001516950 0.060436770 0.006756085 0.998148024
1439803810.761035 0.855457783 -0.268035471 5.663439751 -0.001527443 0.060285561 0.007508867 0.998151779
1439803810.823532 0.856475294 -0.268456459 5.671466827 -0.001926488 0.059947073 0.007173644 0.998173892
1439803810.886035 0.857102454 -0.268818408 5.680543900 -0.001833917 0.060275588 0.007896920 0.998148859
1439803810.948536 0.858466923 -0.269356370 5.688873768 -0.001703178 0.059959471 0.008279005 0.998165071
1439803811.011035 0.859431505 -0.269814014 5.697474480 -0.001124378 0.059839398 0.008475488 0.998171389
1439803811.073535 0.860452771 -0.270221949 5.706355572 -0.000727125 0.059772663 0.008698658 0.998173833
1439803811.136037 0.861406326 -0.270503193 5.715098858 -0.000541548 0.059382223 0.009124283 0.998193443
1439803811.198537 0.862316012 -0.271100044 5.724022865 -0.000765642 0.059116654 0.009042148 0.998209834
1439803811.261037 0.863373399 -0.271573871 5.732902050 -0.000729154 0.058661263 0.009541871 0.998232067
1439803811.323538 0.864242554 -0.272114724 5.741950989 -0.000751506 0.058495872 0.009873454 0.998238504
1439803811.386038 0.865244627 -0.272287667 5.751176834 -0.000366576 0.058200806 0.010146458 0.998253286
1439803811.448538 0.866293192 -0.272976786 5.760348797 -0.000272822 0.057719596 0.011054122 0.998271585
1439803811.511040 0.867346287 -0.273633420 5.769725800 -0.000188449 0.057248455 0.012203845 0.998285353
1439803811.573542 0.868249357 -0.273963630 5.779259682 0.000097974 0.056944706 0.012571740 0.998298168
1439803811.636043 0.869260430 -0.274531603 5.788352489 -0.000358569 0.056342419 0.012326791 0.998335361
1439803811.698548 0.870087266 -0.274951339 5.798002243 -0.000596702 0.055865977 0.011945752 0.998366594
1439803811.761051 0.870863318 -0.275367975 5.807977676 -0.001142160 0.055415891 0.011634625 0.998394907
1439803811.823550 0.871710360 -0.275688559 5.817687035 -0.001578017 0.054774139 0.010885877 0.998438179
1439803811.886048 0.872566104 -0.276179135 5.827455044 -0.002293238 0.054279830 0.010266271 0.998470366
1439803811.948552 0.873349249 -0.276609927 5.837446213 -0.002526250 0.053854279 0.010154020 0.998493969
1439803812.011053 0.874441862 -0.277212173 5.847113132 -0.002703950 0.053227201 0.010574820 0.998522818
1439803812.073553 0.875572681 -0.277789295 5.856765270 -0.002890300 0.052435532 0.011278233 0.998556435
1439803812.136058 0.876491547 -0.278381377 5.866497040 -0.003090570 0.051851191 0.011758612 0.998580813
1439803812.198557 0.877522111 -0.278809428 5.877088070 -0.003417995 0.051399607 0.012274408 0.998596907
1439803812.261058 0.878380895 -0.279334128 5.887113571 -0.003549345 0.051116887 0.012322642 0.998610377
1439803812.323558 0.879368901 -0.279802442 5.897056580 -0.003483054 0.050977744 0.012232150 0.998618841
1439803812.386060 0.880403876 -0.280119628 5.907379150 -0.003221341 0.051081318 0.011550852 0.998622537
1439803812.448562 0.881498337 -0.280672640 5.917386055 -0.002884259 0.050962877 0.011746014 0.998627305
1439803812.511063 0.882363796 -0.281269699 5.927727699 -0.002565673 0.051198080 0.011497410 0.998619020
1439803812.573565 0.883372188 -0.281703889 5.938023090 -0.002024359 0.051345721 0.011062420 0.998617589
1439803812.636064 0.884539425 -0.282258093 5.948196888 -0.001715994 0.051537395 0.010789439 0.998611331
1439803812.698564 0.885729969 -0.282665372 5.958738327 -0.001533731 0.051686648 0.010979551 0.998601794
1439803812.761066 0.886533976 -0.283171684 5.970037460 -0.001603282 0.052278478 0.010350876 0.998577595
1439803812.823567 0.887642503 -0.283616185 5.981001854 -0.001705684 0.052752491 0.010529197 0.998550653
1439803812.886070 0.888947427 -0.284166276 5.991732121 -0.001450113 0.053142391 0.010896782 0.998526454
1439803812.948570 0.890286684 -0.284878790 6.002399921 -0.001497313 0.053521659 0.011167574 0.998503149
1439803813.011086 0.891445935 -0.285398245 6.013487816 -0.001389487 0.053961117 0.011504372 0.998475790
1439803813.073573 0.892628789 -0.286086738 6.024693489 -0.001448987 0.054289289 0.011430538 0.998458803
1439803813.136076 0.893909931 -0.286484331 6.036047935 -0.001179787 0.054360095 0.011732293 0.998451769
1439803813.198575 0.894819438 -0.286863536 6.047638893 -0.001185340 0.054704867 0.011072001 0.998440444
1439803813.261076 0.896206915 -0.287425309 6.059001446 -0.001484923 0.054552928 0.010355146 0.998456061
1439803813.323577 0.897125959 -0.288108796 6.070232391 -0.001767776 0.054799814 0.010115725 0.998444557
1439803813.386077 0.898285449 -0.288682491 6.081291676 -0.001995871 0.054621652 0.010215590 0.998452902
1439803813.448578 0.899739861 -0.289382190 6.094038486 -0.001888850 0.054624632 0.010762947 0.998447180
1439803813.511078 0.900743723 -0.289642304 6.105861664 -0.001866741 0.054509744 0.010519085 0.998456120
1439803813.573579 0.902578473 -0.290719807 6.117648602 -0.001641574 0.053889029 0.011409683 0.998480380
1439803813.636080 0.903764546 -0.291252762 6.130052567 -0.001551408 0.053910356 0.011351433 0.998480022
1439803813.698580 0.905316651 -0.292063594 6.142073631 -0.001667519 0.053644247 0.011587850 0.998491466
1439803813.761083 0.906405330 -0.292556286 6.154682159 -0.001617560 0.053699255 0.011715295 0.998487115
1439803813.823587 0.907812536 -0.292520642 6.167488098 -0.001344359 0.053610411 0.011591589 0.998493731
1439803813.886086 0.908735454 -0.293631315 6.179403305 -0.001678245 0.053483117 0.011321104 0.998503149
1439803813.948587 0.910156369 -0.294018835 6.192412376 -0.001277077 0.053331092 0.011565511 0.998509109
1439803814.011087 0.911358833 -0.294455290 6.205197334 -0.001354738 0.053619638 0.011223238 0.998497427
1439803814.073588 0.913027763 -0.295206696 6.217584610 -0.001556073 0.053484764 0.011774991 0.998498023
1439803814.136092 0.914287806 -0.295814484 6.230497360 -0.001797704 0.053707585 0.012204790 0.998480499
1439803814.198591 0.915922284 -0.296498209 6.243751526 -0.002285914 0.053827319 0.012462863 0.998469889
1439803814.261105 0.917274117 -0.297510505 6.256783485 -0.002865001 0.053653225 0.013156905 0.998468816
1439803814.323597 0.918561459 -0.297838330 6.270411015 -0.003060293 0.053854316 0.013427816 0.998453796
1439803814.386098 0.920351505 -0.298802733 6.283575535 -0.003715743 0.053823896 0.013216509 0.998456061
1439803814.448601 0.921466053 -0.299157798 6.297114849 -0.004175391 0.054005124 0.012967270 0.998447716
1439803814.511100 0.923168421 -0.300177813 6.310245037 -0.005289512 0.053931251 0.012218384 0.998455882
1439803814.573602 0.924082875 -0.300090045 6.324990273 -0.005405454 0.054196198 0.012283095 0.998440146
1439803814.636101 0.925171614 -0.300864041 6.339716911 -0.006032579 0.054585032 0.012317184 0.998414934
1439803814.698602 0.927292407 -0.301969767 6.353004456 -0.006582785 0.054255180 0.012615040 0.998425722
1439803814.761105 0.929552555 -0.301742077 6.367937088 -0.005996780 0.054298118 0.012607890 0.998427153
1439803814.823605 0.930910289 -0.302654803 6.381201744 -0.005993233 0.054204043 0.013084404 0.998426199
1439803814.886107 0.931387603 -0.303106546 6.395685673 -0.006008492 0.055007320 0.012547878 0.998389006
1439803814.948611 0.932598591 -0.304753304 6.410062790 -0.005794805 0.055025958 0.012955855 0.998384058
1439803815.011112 0.934533179 -0.304872334 6.425258160 -0.005142805 0.055249367 0.011862736 0.998388886
1439803815.073609 0.936488926 -0.305525362 6.439358234 -0.004714113 0.055027578 0.011478326 0.998407722
1439803815.136109 0.938178718 -0.305468231 6.454454899 -0.004328705 0.055048868 0.011194624 0.998411536
1439803815.198613 0.939921260 -0.306274056 6.469012260 -0.004592207 0.054805525 0.011383085 0.998421609
1439803815.261112 0.941303790 -0.306987286 6.483910084 -0.004760763 0.054908678 0.011588733 0.998412788
1439803815.323610 0.942885220 -0.307368189 6.498793125 -0.004584690 0.054891083 0.011414964 0.998416543
1439803815.386112 0.944403887 -0.308172524 6.514005184 -0.004375080 0.055037078 0.011249351 0.998411357
1439803815.448612 0.946132600 -0.308642030 6.529442787 -0.004478414 0.055165075 0.010448992 0.998412490
1439803815.511115 0.947503328 -0.309560001 6.544673920 -0.004530382 0.055382527 0.010156902 0.998403251
1439803815.573616 0.949052453 -0.310384929 6.559636593 -0.004473490 0.055233020 0.010129640 0.998412073
1439803815.636117 0.950742722 -0.310757786 6.575279713 -0.004079359 0.055179864 0.010467363 0.998413205
1439803815.698617 0.952370644 -0.311446518 6.590326309 -0.003924265 0.054998443 0.009677111 0.998431802
1439803815.761119 0.953891993 -0.312220544 6.605683327 -0.004239051 0.055000857 0.008734884 0.998439074
1439803815.823619 0.955431104 -0.313051581 6.620874405 -0.004652379 0.055007365 0.008317816 0.998440504
1439803815.886120 0.957159936 -0.313930690 6.635765553 -0.004819479 0.054620109 0.008192063 0.998461962
1439803815.948622 0.958640516 -0.314340889 6.651554585 -0.004726370 0.054448441 0.007948356 0.998473763
1439803816.011125 0.960296690 -0.314863712 6.666844845 -0.004677326 0.054131061 0.008077736 0.998490214
1439803816.073625 0.961766899 -0.315485656 6.682072639 -0.004633163 0.054123394 0.007761233 0.998493373
1439803816.136126 0.963283420 -0.316215366 6.697084427 -0.004954699 0.053963527 0.007121637 0.998505235
1439803816.198627 0.964827120 -0.316814899 6.712992191 -0.005202293 0.054039299 0.007192019 0.998499393
1439803816.261129 0.966211081 -0.317351103 6.728537560 -0.005115457 0.054028835 0.007404429 0.998498797
1439803816.323630 0.967632532 -0.318070322 6.743182182 -0.005013829 0.053782042 0.007037538 0.998515308
1439803816.386131 0.968953252 -0.318761528 6.758131504 -0.004961540 0.053718943 0.006228574 0.998524368
1439803816.448633 0.970795035 -0.319690049 6.774278641 -0.004878377 0.053678032 0.005560373 0.998530865
1439803816.511134 0.972414255 -0.320489675 6.789336205 -0.004932506 0.053509593 0.005295406 0.998541117
1439803816.573636 0.973787487 -0.320958018 6.804472446 -0.004710031 0.053184144 0.005300778 0.998559535
1439803816.636137 0.975231230 -0.321889937 6.819987297 -0.004784338 0.053109791 0.004494777 0.998567104
1439803816.698638 0.976807415 -0.322362781 6.835873604 -0.004542628 0.053187605 0.003652753 0.998567522
1439803816.761143 0.978319287 -0.323220521 6.851148605 -0.004736456 0.053199258 0.003107777 0.998567879
1439803816.823639 0.979756713 -0.323953718 6.867163658 -0.004812676 0.053336248 0.002290081 0.998562396
1439803816.886140 0.981555820 -0.324624330 6.882364273 -0.005093913 0.053072918 0.002114439 0.998575389
1439803816.948644 0.983083606 -0.325138569 6.898042202 -0.004905036 0.053116769 0.001442923 0.998575211
1439803817.011141 0.984701216 -0.325865656 6.913655758 -0.004388281 0.052981947 0.000776760 0.998585522
1439803817.073642 0.986228347 -0.326567173 6.928992271 -0.003942213 0.053003103 0.000890881 0.998586178
1439803817.136146 0.987665176 -0.327299058 6.944736958 -0.003864012 0.053048052 0.000726182 0.998584211
1439803817.198646 0.989247322 -0.328137606 6.960384846 -0.003328924 0.052956298 0.000353236 0.998591244
1439803817.261148 0.990638614 -0.329218388 6.975564480 -0.002866232 0.052895859 -0.000472639 0.998595774
1439803817.323648 0.992117941 -0.329852313 6.991688728 -0.002421090 0.052994318 0.000076465 0.998591900
1439803817.386147 0.993988991 -0.330422908 7.007964611 -0.002798957 0.052768931 0.000244240 0.998602808
1439803817.448650 0.995468378 -0.331089109 7.024130344 -0.003569567 0.052694693 0.000170829 0.998604298
1439803817.511151 0.997157454 -0.331718147 7.040166378 -0.003759146 0.052544020 0.001055678 0.998610973
1439803817.573654 0.998854458 -0.332559884 7.055843830 -0.003712767 0.052149665 0.002175183 0.998629987
1439803817.636165 1.000599742 -0.333363473 7.071908951 -0.004058358 0.051825412 0.002366320 0.998645127
1439803817.698654 1.001922250 -0.334157974 7.088256836 -0.004800219 0.051838260 0.002079028 0.998641789
1439803817.761159 1.003350258 -0.334814996 7.104349136 -0.005467012 0.051509298 0.002500918 0.998654425
1439803817.823657 1.005077362 -0.335604191 7.120670795 -0.005331653 0.051074330 0.003297663 0.998675168
1439803817.886158 1.006727934 -0.336217880 7.136682034 -0.005117210 0.050584469 0.002930992 0.998702347
1439803817.948659 1.008335114 -0.337136537 7.153022289 -0.004856159 0.050293121 0.003979720 0.998714745
1439803818.011161 1.010041952 -0.337767959 7.169154644 -0.004325930 0.049828984 0.005221139 0.998734772
1439803818.073662 1.011633277 -0.338619262 7.185455322 -0.003951844 0.049555410 0.005603741 0.998747826
1439803818.136163 1.013256073 -0.339451313 7.202073574 -0.003306335 0.049327899 0.005921185 0.998759568
1439803818.198665 1.014625788 -0.340247780 7.217929840 -0.002552326 0.049122799 0.005774106 0.998772800
1439803818.261166 1.016254187 -0.340945780 7.234468460 -0.001994321 0.048918441 0.005385563 0.998786271
1439803818.323667 1.017848253 -0.341748983 7.250748158 -0.001934158 0.048475116 0.005682756 0.998806357
1439803818.386169 1.019013286 -0.342365086 7.267630100 -0.001947104 0.048282839 0.005598047 0.998816133
1439803818.448670 1.020717025 -0.343114197 7.283979416 -0.001791451 0.047661882 0.006371839 0.998841584
1439803818.511175 1.022263288 -0.344256043 7.300642967 -0.001900841 0.047408670 0.006059269 0.998855352
1439803818.573673 1.023723125 -0.345151484 7.316797256 -0.001777365 0.047310926 0.006587234 0.998856902
1439803818.636176 1.025083303 -0.345999271 7.333836079 -0.001853099 0.047140155 0.006828774 0.998863220
1439803818.698678 1.026621580 -0.346971780 7.350585461 -0.001712944 0.046824463 0.007501425 0.998873472
1439803818.761178 1.027835846 -0.347750783 7.366718769 -0.001108674 0.046666469 0.007296919 0.998883247
1439803818.823678 1.029448271 -0.348533213 7.384021282 -0.000586033 0.046471752 0.006804539 0.998896241
1439803818.886179 1.030959725 -0.349384576 7.400362015 -0.000772867 0.046189602 0.006458564 0.998911500
1439803818.948681 1.032577276 -0.350039572 7.417688847 -0.000714744 0.045992110 0.007241402 0.998915315
1439803819.011186 1.033949614 -0.351194531 7.434879780 -0.000653379 0.045956861 0.007477817 0.998915195
1439803819.073684 1.035571575 -0.352048069 7.451941013 -0.000469304 0.045778576 0.007836751 0.998920739
1439803819.136189 1.037028670 -0.352819502 7.469347477 -0.000554091 0.045727417 0.008108112 0.998920918
1439803819.198687 1.038535714 -0.353603512 7.486219406 -0.000866098 0.045588985 0.008319424 0.998925269
1439803819.261188 1.039888144 -0.354734093 7.503630161 -0.001182289 0.045669723 0.009121371 0.998914242
1439803819.323690 1.041297436 -0.355573654 7.520978451 -0.001232144 0.045659147 0.009473293 0.998911440
1439803819.386205 1.042961478 -0.356351435 7.537707329 -0.001689016 0.045492906 0.009336431 0.998919606
1439803819.448693 1.044280767 -0.357297659 7.555134773 -0.002530723 0.045520391 0.008863701 0.998920858
1439803819.511194 1.045755386 -0.357940018 7.572816849 -0.003308933 0.045478500 0.008310110 0.998925269
1439803819.573695 1.047220945 -0.358744115 7.589891911 -0.004253490 0.045324340 0.008213777 0.998929501
1439803819.636197 1.048757792 -0.359399468 7.607557774 -0.004805839 0.045096733 0.008000353 0.998939037
1439803819.698697 1.050119519 -0.360416472 7.624416828 -0.005454854 0.045082767 0.007528268 0.998939991
1439803819.761199 1.051576376 -0.361136824 7.641549587 -0.005741145 0.044956665 0.007153581 0.998946786
1439803819.823703 1.052983165 -0.361902803 7.658417702 -0.005982204 0.044964768 0.007378502 0.998943388
1439803819.886204 1.054522038 -0.362551719 7.675575256 -0.006030989 0.045039270 0.007382729 0.998939753
1439803819.948703 1.055871964 -0.363415033 7.692948818 -0.006027200 0.045509692 0.006879834 0.998922050
1439803820.011205 1.057241440 -0.364384919 7.710233212 -0.006261826 0.046051160 0.005990034 0.998901486
1439803820.073706 1.058806896 -0.365101814 7.726729393 -0.006143606 0.046297349 0.005749596 0.998892248
1439803820.136209 1.060122728 -0.365410507 7.743875980 -0.005384028 0.046748631 0.004835964 0.998880446
1439803820.198708 1.061504722 -0.366257966 7.760430813 -0.005294793 0.046895992 0.003938241 0.998878002
1439803820.261210 1.063412070 -0.367051572 7.776977062 -0.004955553 0.046843920 0.004041852 0.998881757
1439803820.323712 1.064902425 -0.367672205 7.793949604 -0.004278830 0.046952520 0.004198155 0.998879135
1439803820.386213 1.066223383 -0.368576467 7.810884953 -0.004000407 0.047610506 0.003926352 0.998850226
1439803820.448715 1.067629695 -0.369308829 7.827644825 -0.003483711 0.047909372 0.004253731 0.998836577
1439803820.511214 1.069260836 -0.369978875 7.844032764 -0.003647626 0.048050858 0.004161467 0.998829544
1439803820.573714 1.070743918 -0.370994478 7.860577106 -0.004514533 0.048426479 0.003049203 0.998811901
1439803820.636216 1.072134495 -0.371941000 7.876639366 -0.005033696 0.048677597 0.002907359 0.998797596
1439803820.698716 1.073788524 -0.372660100 7.892841816 -0.005239417 0.048505343 0.003704478 0.998802304
1439803820.761217 1.075344324 -0.373533428 7.908852577 -0.005620755 0.048356239 0.004082041 0.998806000
1439803820.823720 1.076699972 -0.374029309 7.925145626 -0.005571986 0.048160464 0.004455254 0.998814106
1439803820.886218 1.078115463 -0.374986649 7.940542221 -0.006063608 0.047521897 0.004728843 0.998840570
1439803820.948722 1.079433680 -0.375557184 7.956201553 -0.006254872 0.046824288 0.004532089 0.998873293
1439803821.011219 1.080681801 -0.376402467 7.971382141 -0.006782288 0.046106458 0.004516582 0.998903275
1439803821.073719 1.081960678 -0.377264470 7.987231255 -0.007047353 0.045538776 0.003743314 0.998930693
1439803821.136219 1.083508015 -0.378191829 8.001928329 -0.006952384 0.044773180 0.003313929 0.998967469
1439803821.198722 1.084417105 -0.378840566 8.017181396 -0.006834499 0.044401735 0.003025270 0.998985767
1439803821.261221 1.085371256 -0.379403353 8.032227516 -0.006716582 0.043958150 0.002319190 0.999008119
1439803821.323722 1.086249709 -0.380195796 8.046641350 -0.006827180 0.043451827 0.001596755 0.999030888
1439803821.386223 1.087309241 -0.380843997 8.061265945 -0.005999702 0.042957358 0.001534744 0.999057710
1439803821.448722 1.088088751 -0.381520659 8.075760841 -0.005206396 0.042500388 0.001593148 0.999081612
1439803821.511223 1.088984847 -0.381962270 8.090216637 -0.004692071 0.042136490 0.001870783 0.999099076
1439803821.573725 1.089660525 -0.382548153 8.104752541 -0.004780355 0.041842308 0.001898321 0.999110997
1439803821.636228 1.090793967 -0.383181810 8.118814468 -0.004693427 0.041288413 0.002656620 0.999132693
1439803821.698727 1.091659784 -0.383964807 8.132366180 -0.005114138 0.040979158 0.002380124 0.999144077
1439803821.761229 1.092774034 -0.384523690 8.146399498 -0.005191029 0.040303145 0.002699104 0.999170363
1439803821.823729 1.093780518 -0.385137051 8.159766197 -0.005538788 0.039957698 0.002987176 0.999181569
1439803821.886232 1.094596028 -0.385931849 8.173245430 -0.006052274 0.039785363 0.002838810 0.999185860
1439803821.948732 1.095571876 -0.386474729 8.186721802 -0.006055200 0.039202284 0.003154947 0.999207973
1439803822.011234 1.096599579 -0.387028873 8.199749947 -0.006077536 0.038908195 0.003381195 0.999218583
1439803822.073737 1.097644091 -0.387755603 8.212524414 -0.005858058 0.038907252 0.003958308 0.999217808
1439803822.136237 1.098215461 -0.388227701 8.226174355 -0.005632197 0.039407168 0.003852483 0.999199927
1439803822.198740 1.099379301 -0.388931602 8.238888741 -0.005554160 0.039447695 0.003886764 0.999198616
1439803822.261239 1.100681186 -0.389667511 8.252092361 -0.005569379 0.039245088 0.004255838 0.999204993
1439803822.323743 1.102039337 -0.390327573 8.264483452 -0.005105667 0.039019313 0.004857406 0.999213636
1439803822.386243 1.102785707 -0.390866965 8.277714729 -0.004497457 0.039140180 0.005791080 0.999206781
1439803822.448743 1.104019403 -0.391609132 8.290071487 -0.004048141 0.038988538 0.006462256 0.999210536
1439803822.511247 1.104718804 -0.392159313 8.302716255 -0.003817992 0.039044913 0.006709324 0.999207616
1439803822.573748 1.105740428 -0.392771006 8.315871239 -0.003806408 0.038846947 0.007038355 0.999213159
1439803822.636248 1.106986523 -0.393521875 8.327974319 -0.003754367 0.038282316 0.007309448 0.999233186
1439803822.698750 1.107867002 -0.394270211 8.340600967 -0.003388299 0.037960880 0.007927520 0.999242008
1439803822.761255 1.108469725 -0.394355297 8.354049683 -0.002561889 0.037627149 0.008461477 0.999252737
1439803822.823756 1.109123945 -0.395192623 8.366356850 -0.002670818 0.036962558 0.008795299 0.999274373
1439803822.886255 1.109970093 -0.395657241 8.379371643 -0.002624180 0.036139246 0.009314748 0.999299884
1439803822.948759 1.110938072 -0.396303356 8.390945435 -0.002238980 0.034909241 0.010200458 0.999335945
1439803823.011256 1.111771464 -0.396936476 8.403403282 -0.002243024 0.033847537 0.010214505 0.999372303
1439803823.073757 1.112168789 -0.397488654 8.416081429 -0.002365215 0.032929212 0.010492901 0.999399781
1439803823.136259 1.112676382 -0.397980511 8.427993774 -0.002688301 0.031681225 0.010678489 0.999437332
1439803823.198761 1.113314629 -0.398742795 8.439491272 -0.003009464 0.029888816 0.010564787 0.999492884
1439803823.261277 1.113769293 -0.399466336 8.450728416 -0.003011459 0.028069379 0.010667246 0.999544501
1439803823.323763 1.114059210 -0.399998426 8.462970734 -0.002718472 0.026262915 0.010909632 0.999591827
1439803823.386264 1.114565015 -0.400567055 8.474120140 -0.002667111 0.023750955 0.011545511 0.999647677
1439803823.448768 1.114651799 -0.401061118 8.485588074 -0.003118612 0.020976335 0.012136989 0.999701440
1439803823.511267 1.114787102 -0.401641995 8.496768951 -0.003941726 0.017693073 0.012544740 0.999756992
1439803823.573768 1.114817142 -0.402264029 8.507698059 -0.003935244 0.013846990 0.012895760 0.999813199
1439803823.636270 1.114358306 -0.403023660 8.519100189 -0.003396029 0.009919669 0.012747723 0.999863803
1439803823.698772 1.114062786 -0.403573513 8.529770851 -0.002577386 0.005231747 0.012916954 0.999899566
1439803823.761272 1.113574386 -0.404119372 8.540747643 -0.001979020 0.000106444 0.013027374 0.999913156
1439803823.823774 1.112674713 -0.404729575 8.551815987 -0.001898076 -0.005771096 0.013195475 0.999894500
1439803823.886275 1.111592650 -0.405421823 8.562685013 -0.002018147 -0.012263501 0.012880843 0.999839783
1439803823.948776 1.110385180 -0.406065136 8.573550224 -0.001832130 -0.019346729 0.013224103 0.999723673
1439803824.011280 1.108950853 -0.406558603 8.584326744 -0.001255189 -0.027039180 0.013855562 0.999537528
1439803824.073779 1.107221484 -0.407225370 8.594863892 -0.000727710 -0.035129234 0.013527866 0.999290943
1439803824.136281 1.105366111 -0.407828838 8.605376244 -0.000151736 -0.043828130 0.013447449 0.998948574
1439803824.198785 1.103206158 -0.408409536 8.615591049 0.000561776 -0.052856062 0.013538066 0.998510182
1439803824.261285 1.100788832 -0.409183681 8.625522614 0.001155597 -0.062201574 0.013141241 0.997976422
1439803824.323785 1.098246813 -0.409893304 8.635610580 0.001900602 -0.072264172 0.012695189 0.997302949
1439803824.386289 1.095271945 -0.410612345 8.645711899 0.002798160 -0.082687028 0.012990788 0.996486962
1439803824.448790 1.092081189 -0.411334872 8.655637741 0.003873147 -0.093577512 0.013324910 0.995515287
1439803824.511289 1.088962436 -0.412265122 8.664853096 0.004777201 -0.104813695 0.013393437 0.994390249
1439803824.573791 1.085036159 -0.412873715 8.674932480 0.005584201 -0.116326727 0.013623046 0.993101835
1439803824.636292 1.081152916 -0.413643658 8.684258461 0.006200203 -0.128455117 0.013236496 0.991607547
1439803824.698794 1.077029705 -0.414398074 8.693389893 0.007385470 -0.140869007 0.013883475 0.989903331
1439803824.761295 1.072634220 -0.415054470 8.702491760 0.008594440 -0.154037923 0.013825185 0.987930834
1439803824.823797 1.067835331 -0.415907085 8.710968018 0.009134185 -0.167298704 0.013239148 0.985775054
1439803824.886298 1.062724829 -0.416702807 8.719916344 0.009267095 -0.180939510 0.013698254 0.983355165
1439803824.948800 1.057301998 -0.417385608 8.728584290 0.009267140 -0.195100263 0.012764573 0.980656445
1439803825.011302 1.051728725 -0.418195128 8.736821175 0.009072226 -0.209964499 0.011092918 0.977603972
1439803825.073801 1.045808315 -0.419053376 8.744644165 0.008933291 -0.225017816 0.010598287 0.974256039
1439803825.136303 1.039610386 -0.419681460 8.752752304 0.009798120 -0.240660191 0.010200795 0.970506370
1439803825.198805 1.032979012 -0.420713872 8.760210037 0.010272967 -0.256415576 0.010199125 0.966458201
1439803825.261306 1.026168585 -0.421833217 8.767502785 0.010796500 -0.272519588 0.010462798 0.962032735
1439803825.323806 1.019007444 -0.422482610 8.774940491 0.011952988 -0.289612532 0.010504823 0.957011640
1439803825.386306 1.011545897 -0.423299491 8.781428337 0.012766322 -0.307064027 0.010169170 0.951548874
1439803825.448807 1.003583670 -0.424071550 8.788016319 0.013486694 -0.325447321 0.008185855 0.945428550
1439803825.511307 0.995416164 -0.424887538 8.793851852 0.014268979 -0.343864053 0.006275933 0.938890040
1439803825.573808 0.987077951 -0.425738156 8.799474716 0.014769970 -0.362649560 0.004650027 0.931796908
1439803825.636309 0.978442430 -0.426287413 8.804899216 0.015240707 -0.381281316 0.003255042 0.924327672
1439803825.698809 0.969547987 -0.426992089 8.809955597 0.015373086 -0.399742484 0.001633589 0.916497111
1439803825.761309 0.960371494 -0.427775502 8.814522743 0.015756914 -0.417817354 -0.000524867 0.908394277
1439803825.823813 0.950975418 -0.428543806 8.818869591 0.016726280 -0.435590029 -0.002391363 0.899986565
1439803825.886313 0.941175461 -0.429199934 8.822992325 0.017489325 -0.453080982 -0.003662487 0.891290247
1439803825.948811 0.931167603 -0.429979175 8.826680183 0.018016066 -0.470244288 -0.005695466 0.882333994
1439803826.011317 0.921108007 -0.430711627 8.830240250 0.018196981 -0.487394661 -0.006819528 0.872965515
1439803826.073813 0.910621405 -0.431494772 8.833485603 0.018809320 -0.503596663 -0.008739914 0.863689899
1439803826.136312 0.900156736 -0.432165116 8.836382866 0.019728631 -0.519096315 -0.010013604 0.854429305
1439803826.198814 0.888162374 -0.433364630 8.837312698 0.020340707 -0.532250762 -0.012353551 0.846252203
1439803826.261320 0.877736568 -0.434932142 8.835990906 0.020339787 -0.544895113 -0.014589683 0.838130534
1439803826.323816 0.866774321 -0.437701851 8.836887360 0.018190514 -0.557449758 -0.012354540 0.829919398
1439803826.386316 0.853799343 -0.437310100 8.839352608 0.019978717 -0.569497347 -0.015408132 0.821605921
