0.104128 0.002904974 -0.001085383 0.051367860 -0.000950466 -0.001325405 0.000430803 0.999998569
0.208254 -0.001175586 -0.000657934 0.093431383 -0.000596998 -0.000054612 0.000764960 0.999999523
0.312504 -0.001116703 -0.001707199 0.140568927 -0.000176570 -0.000159590 0.001396160 0.999998987
0.416625 -0.003384698 -0.002766304 0.186521992 -0.000313930 0.000887320 0.001400433 0.999998569
0.520755 -0.001477662 -0.003310703 0.234844849 -0.000643265 -0.000075379 0.001732039 0.999998271
0.625004 -0.003124427 -0.003777111 0.281406015 -0.001085390 0.000768533 0.002225614 0.999996603
0.729128 -0.004877454 -0.004222260 0.328245252 -0.001162475 0.001486974 0.002040207 0.999996126
0.833252 -0.001978023 -0.005500382 0.377367020 -0.000641797 -0.000321947 0.001725884 0.999998271
0.937506 -0.003078878 -0.006303313 0.424426913 0.000400461 0.000032018 0.000333943 0.999999881
1.041630 -0.002785348 -0.007071631 0.472566515 0.000869274 -0.000264194 -0.001459271 0.999998510
1.145875 -0.003733778 -0.008005373 0.520145953 0.000841271 0.000120824 -0.002511341 0.999996483
1.250003 -0.003680995 -0.008685485 0.568622351 0.000556235 -0.000145399 -0.003222236 0.999994636
1.354255 -0.003956096 -0.009553817 0.616959810 -0.000863640 0.000093997 -0.002019103 0.999997556
1.458401 -0.003796338 -0.010230599 0.665171027 -0.001643670 0.000057008 -0.000031833 0.999998629
1.562526 -0.004238656 -0.010924253 0.713284791 -0.000502177 0.000067485 0.000938733 0.999999404
1.666754 -0.004139775 -0.011782108 0.761719227 0.000464977 -0.000037195 0.001633246 0.999998510
1.771007 -0.004743109 -0.012548225 0.810044169 0.001408830 0.000353890 0.000335410 0.999998868
1.875129 -0.005305022 -0.013316187 0.858973742 0.000367174 0.000904184 -0.000994184 0.999999046
1.979377 -0.004703590 -0.013973626 0.908024073 -0.001462194 0.000778185 -0.001166466 0.999997973
2.083502 -0.005211561 -0.014661551 0.956939280 -0.002546278 0.001257427 -0.000061084 0.999995947
2.187759 -0.004954777 -0.015288221 1.005132079 -0.001565830 0.000972544 0.002293592 0.999995708
2.291881 -0.005122280 -0.016070943 1.053784490 -0.000446295 0.001047242 0.002397081 0.999996483
2.396132 -0.004831561 -0.017077236 1.102897763 0.000691711 0.001187897 0.002560843 0.999995768
2.500257 -0.005177666 -0.017860260 1.151778817 0.001134567 0.001643870 0.000828646 0.999997675
2.604383 -0.005558818 -0.019096116 1.200235128 0.002076213 0.002003355 0.000345100 0.999995768
2.708628 -0.005714716 -0.019969773 1.250234127 0.001854971 0.001963428 -0.000087592 0.999996364
2.812757 -0.005051964 -0.020773184 1.300887704 0.001324052 0.001648384 0.000015162 0.999997795
2.916881 -0.005682507 -0.021805011 1.350953102 0.000534320 0.001575656 -0.000629350 0.999998450
3.021006 -0.006371462 -0.022694744 1.400326133 0.000336232 0.001819064 -0.002065923 0.999996185
3.125256 -0.005345811 -0.023824573 1.450567722 0.000447957 0.001466890 -0.002937586 0.999994516
3.229379 -0.005885889 -0.024474062 1.500322223 0.000397803 0.001592317 -0.004478411 0.999988616
3.333502 -0.005779077 -0.025116971 1.550539136 0.000372767 0.001394349 -0.004917709 0.999986887
3.437629 -0.005388915 -0.026414931 1.600842237 0.000342605 0.000939181 -0.004160007 0.999990821
3.541754 -0.005693540 -0.027440002 1.651676655 0.000502823 0.000607794 -0.003887126 0.999992132
3.645880 -0.005988996 -0.028535757 1.702157259 0.000367874 0.000234937 -0.003984598 0.999992013
3.750007 -0.006060884 -0.029443268 1.752668023 -0.000182995 -0.000251645 -0.004129536 0.999991417
3.854131 -0.006309198 -0.030050673 1.804328442 -0.000010937 -0.000882336 -0.003772718 0.999992490
3.958276 -0.006956931 -0.030885000 1.855245590 -0.000215451 -0.001315019 -0.004282318 0.999989927
4.062383 -0.006856845 -0.031792637 1.906737804 -0.000673243 -0.002019234 -0.004003123 0.999989688
4.166506 -0.007709136 -0.032553352 1.957223892 -0.001114767 -0.002319612 -0.002950596 0.999992311
4.270633 -0.008314255 -0.033291519 2.007843018 -0.001203373 -0.002460385 -0.002343811 0.999993503
4.374756 -0.008413143 -0.034086417 2.059018612 -0.000794529 -0.002645788 -0.001280011 0.999995351
4.478884 -0.008761856 -0.035076801 2.110385180 -0.000988580 -0.002755080 -0.000512622 0.999995589
4.583132 -0.009935312 -0.036111500 2.162269592 -0.001440358 -0.002518075 -0.000195533 0.999995768
4.687259 -0.010753012 -0.036899373 2.213946342 -0.001687379 -0.002113890 0.000213042 0.999996305
4.791384 -0.010862689 -0.037469361 2.264573097 -0.001503134 -0.002009372 0.001401405 0.999995887
4.895505 -0.011406448 -0.038473397 2.316154957 -0.001114068 -0.001738305 0.001764311 0.999996305
4.999630 -0.011504915 -0.039034367 2.367063522 -0.000847068 -0.001556851 0.001745525 0.999996901
5.103758 -0.012129274 -0.039974459 2.417889357 -0.000763185 -0.001075361 0.000947449 0.999998689
5.207869 -0.012917317 -0.040828690 2.469131470 -0.001428879 -0.000795475 -0.000301675 0.999998629
5.311998 -0.013799091 -0.041326202 2.519483805 -0.001939492 -0.000406718 -0.001942546 0.999996126
5.416245 -0.013654091 -0.042472251 2.570527077 -0.002203605 -0.000242053 -0.004075039 0.999989212
5.520244 -0.014107763 -0.043492440 2.620869875 -0.002189002 0.000048051 -0.006126973 0.999978840
5.624505 -0.015830383 -0.044212788 2.670968056 -0.001611357 0.000685127 -0.008403243 0.999963164
5.728633 -0.015328394 -0.045420066 2.721116304 -0.001742482 0.000815365 -0.008860673 0.999958873
5.832639 -0.015479109 -0.046778630 2.770335674 -0.001894327 0.001114841 -0.009618487 0.999951303
5.936757 -0.014214101 -0.047484308 2.818924904 -0.001673322 0.001073622 -0.009641925 0.999951541
6.040889 -0.014574651 -0.049773104 2.868921995 -0.001461857 0.001132677 -0.009584339 0.999952376
6.145012 -0.014401224 -0.049916636 2.918709993 -0.001247781 0.001022114 -0.009264240 0.999955773
6.249010 -0.014722172 -0.050753321 2.968176603 -0.001415320 0.000887768 -0.009145929 0.999956787
6.353135 -0.012961011 -0.052349418 3.016493320 -0.001056109 0.000364390 -0.009852933 0.999950826
6.457260 -0.013833012 -0.053127289 3.066753864 -0.001299474 0.000172936 -0.009781089 0.999951303
6.561386 -0.015519948 -0.053203251 3.119286537 -0.001661689 -0.000288378 -0.008920695 0.999958754
6.665511 -0.016583700 -0.054085549 3.170803547 -0.002043602 -0.000754113 -0.008046838 0.999965250
6.769636 -0.015334435 -0.055104714 3.218412161 -0.002226774 -0.001513300 -0.007513161 0.999968171
6.873636 -0.015716072 -0.056487046 3.268492937 -0.002380304 -0.001709878 -0.006602130 0.999973893
6.977759 -0.016370198 -0.056624927 3.318480492 -0.002137293 -0.002194912 -0.005386362 0.999980807
7.081885 -0.016729651 -0.057408813 3.367696524 -0.001885913 -0.002190662 -0.005080494 0.999982893
7.186013 -0.017834945 -0.058407638 3.417578697 -0.001422969 -0.002223826 -0.005442865 0.999981701
7.290011 -0.017759070 -0.059606116 3.466175795 -0.001263409 -0.002201779 -0.005583856 0.999981165
7.394135 -0.018131502 -0.061087925 3.512349367 -0.001063236 -0.001896205 -0.006374009 0.999977350
7.498256 -0.019494759 -0.061658613 3.563554525 -0.001273326 -0.001890009 -0.006557161 0.999975920
7.602386 -0.020053826 -0.062627465 3.612911940 -0.001975378 -0.001745967 -0.007125491 0.999971151
7.706383 -0.020405605 -0.063422017 3.661141396 -0.002689625 -0.001718524 -0.007583673 0.999966145
7.810511 -0.021545576 -0.064040743 3.708971500 -0.001925294 -0.001374920 -0.007336298 0.999970257
7.914632 -0.021824170 -0.064427063 3.758654594 -0.000597338 -0.001321445 -0.007237565 0.999972761
8.018763 -0.021366883 -0.066127069 3.807636023 -0.000210281 -0.001755270 -0.006995821 0.999973953
8.122760 -0.021958180 -0.066016786 3.857349157 -0.000629800 -0.001652517 -0.005844315 0.999981344
8.226883 -0.021982528 -0.067262761 3.905911446 -0.001694927 -0.001386355 -0.004748744 0.999986291
8.331011 -0.022818014 -0.068239801 3.954685450 -0.001911430 -0.000792546 -0.004454568 0.999987960
8.435138 -0.022827161 -0.068858430 4.003027439 -0.001236098 -0.000406240 -0.003756437 0.999992073
8.539282 -0.023559025 -0.069138281 4.051330566 -0.000235192 -0.000137104 -0.004230733 0.999991000
8.643387 -0.023039253 -0.070245050 4.099974632 0.001053839 0.000189099 -0.005668543 0.999983370
8.747509 -0.023291245 -0.071359120 4.148778439 0.000911441 0.000928672 -0.007236931 0.999972999
8.851635 -0.024037242 -0.072147109 4.198584080 0.000083373 0.001679885 -0.007838138 0.999967873
8.955763 -0.023900148 -0.072858803 4.245618343 -0.001090615 0.002255290 -0.007857618 0.999966025
9.059886 -0.023157284 -0.074370176 4.295275211 -0.001521431 0.002340597 -0.007189263 0.999970257
9.164012 -0.023446290 -0.075168401 4.344052315 -0.001311293 0.002941152 -0.007357360 0.999967754
9.268135 -0.023391757 -0.075595565 4.392647743 -0.000992807 0.003535488 -0.008078105 0.999960601
9.372259 -0.022062976 -0.076405659 4.440357685 -0.000653955 0.003892485 -0.009287227 0.999949098
9.476392 -0.022633061 -0.077158980 4.491285801 -0.000131608 0.004425223 -0.009595378 0.999944150
9.580513 -0.022001080 -0.078269497 4.540158272 0.000158603 0.004857020 -0.010111461 0.999937057
9.684640 -0.022520121 -0.078506976 4.589354515 0.000546784 0.005555072 -0.010075083 0.999933660
9.788784 -0.021222178 -0.079764925 4.638809681 -0.000113879 0.005831384 -0.010001717 0.999932945
9.892888 -0.021480046 -0.080023117 4.686903477 -0.000474317 0.006335180 -0.008972353 0.999939561
9.997010 -0.021546315 -0.080865987 4.735542774 -0.000621092 0.006508899 -0.008464443 0.999942839
10.101140 -0.021293491 -0.081324391 4.784583092 -0.000580389 0.006636155 -0.007511357 0.999949574
10.205260 -0.021253765 -0.082138471 4.834178448 -0.000937460 0.006639447 -0.007102058 0.999952316
10.309390 -0.019658279 -0.082609706 4.883584023 -0.000522687 0.006079799 -0.006467748 0.999960482
10.413390 -0.019368351 -0.083314493 4.932379723 -0.000427352 0.005553988 -0.005629740 0.999968648
10.517510 -0.018750358 -0.084348686 4.982601643 -0.000806216 0.004860681 -0.005175871 0.999974489
10.621640 -0.018551733 -0.084426552 5.031455517 -0.000757398 0.004235937 -0.004499624 0.999980628
10.725760 -0.018906217 -0.085754551 5.080716610 -0.001000221 0.003671616 -0.003664823 0.999986053
10.829890 -0.018314905 -0.086645380 5.129398823 -0.000638615 0.002930505 -0.003733992 0.999988496
10.934020 -0.018133862 -0.087665170 5.178389549 -0.000633378 0.002436881 -0.003426046 0.999990940
11.038140 -0.017725250 -0.088553250 5.228001595 0.000564123 0.001806562 -0.002332598 0.999995470
11.142270 -0.017928237 -0.089399166 5.275981903 0.000812260 0.001361785 0.000310445 0.999998689
11.246390 -0.017943200 -0.090260722 5.323967934 -0.000281396 0.000962048 0.003661761 0.999992788
11.350520 -0.017329087 -0.091096692 5.371639252 -0.001038477 0.000090602 0.007356815 0.999972403
11.454640 -0.017425474 -0.092093982 5.421433449 0.000683539 -0.000516506 0.008642953 0.999962270
11.558780 -0.017822776 -0.093491144 5.469681263 0.002082118 -0.000249337 0.008418404 0.999962389
11.663020 -0.018094616 -0.094670892 5.518419266 0.003071314 0.000013716 0.006896887 0.999971509
11.767160 -0.018347077 -0.095718771 5.565357208 0.003226805 0.000601535 0.006782782 0.999971628
11.871260 -0.018496141 -0.096888877 5.613719940 0.001485950 0.001009814 0.008518504 0.999962091
11.975390 -0.018615652 -0.098139755 5.663296700 0.000002205 0.001153876 0.011199195 0.999936640
12.079640 -0.018757176 -0.098740704 5.711414814 -0.000591051 0.001387439 0.013034003 0.999913931
12.183770 -0.018264432 -0.099649437 5.760134697 -0.000589895 0.001259592 0.014002888 0.999900997
12.287890 -0.018048463 -0.100717694 5.809235096 -0.000993229 0.001577445 0.012995714 0.999913812
12.392020 -0.018291414 -0.101281367 5.858864784 -0.000528120 0.002112885 0.011118353 0.999935806
12.496260 -0.020024396 -0.102289319 5.905281067 0.000634726 0.002972197 0.008996801 0.999954879
12.600390 -0.020107731 -0.102867611 5.953739166 0.000994753 0.003407423 0.007333034 0.999966800
12.704520 -0.019830603 -0.103953071 6.003242970 0.000305179 0.003496341 0.006623776 0.999971867
12.808640 -0.019569747 -0.104722038 6.052219391 0.000579297 0.003397663 0.005670281 0.999978006
12.912790 -0.019867431 -0.105951801 6.100692272 0.001639980 0.003168275 0.004811090 0.999982059
13.016890 -0.019899543 -0.106937706 6.150004864 0.003321862 0.002928893 0.002310749 0.999987543
13.121140 -0.019845493 -0.108041853 6.198980331 0.003927294 0.002772157 -0.000169042 0.999988437
13.225270 -0.020298857 -0.109171472 6.248109341 0.003323213 0.003011078 -0.002242297 0.999987423
13.329390 -0.020849027 -0.110243082 6.297291756 0.002138174 0.003382437 -0.003253182 0.999986708
13.433520 -0.020790089 -0.111236960 6.347078323 0.001001248 0.003469460 -0.003469402 0.999987423
13.537640 -0.021086484 -0.112173751 6.396718502 0.000572772 0.003113303 -0.002058263 0.999992847
13.641770 -0.021294657 -0.113095984 6.445222378 0.000514551 0.002399689 -0.000948445 0.999996543
13.745910 -0.020803422 -0.114409126 6.495309353 0.002748440 0.001283462 -0.001584735 0.999994159
13.850020 -0.021265587 -0.115628541 6.544951439 0.004830643 0.000548091 -0.001893912 0.999986351
13.954150 -0.021567076 -0.116770282 6.595367432 0.005245584 0.000340017 -0.004768984 0.999974787
14.058400 -0.022158446 -0.117930733 6.644851685 0.004844295 0.000265291 -0.006463999 0.999967337
14.162520 -0.023244884 -0.119756758 6.697288036 0.003118212 0.000582766 -0.007999090 0.999962986
14.266640 -0.022796052 -0.120079316 6.748724461 0.002072785 0.000363565 -0.007696201 0.999968171
14.370770 -0.023593582 -0.121296816 6.799817562 0.001573323 0.000657647 -0.007726616 0.999968708
14.474890 -0.023850106 -0.121891260 6.850837231 0.001315185 0.000568155 -0.006665963 0.999976754
14.579010 -0.024278469 -0.122748822 6.900380611 0.001265196 0.000835542 -0.005942632 0.999981165
14.683140 -0.024749424 -0.123717703 6.953231812 0.001275253 0.000909057 -0.004861169 0.999986947
14.787290 -0.024758317 -0.125066593 7.003628254 0.000675691 0.001134538 -0.003275964 0.999993742
14.891390 -0.022352196 -0.126221687 7.054118156 -0.000260858 0.000834319 -0.000852185 0.999999225
14.995520 -0.022854200 -0.126983315 7.104867935 -0.000193344 0.001231820 0.000362720 0.999999166
15.099640 -0.022366077 -0.128075466 7.156667709 0.001894098 0.001063043 -0.000424802 0.999997556
15.203790 -0.023775568 -0.129244968 7.207722187 0.004502110 0.001505275 -0.004338197 0.999979317
15.308020 -0.024662983 -0.130968660 7.258693695 0.004416373 0.002327600 -0.009204156 0.999945164
15.412140 -0.024417806 -0.131627083 7.311971188 0.002693602 0.002724895 -0.012667319 0.999912381
15.516270 -0.024945159 -0.132607609 7.363942146 0.001616991 0.003248445 -0.013219918 0.999906003
15.620390 -0.025005244 -0.133414149 7.415524960 0.001430202 0.003022209 -0.012328099 0.999918401
15.724520 -0.025094125 -0.134580567 7.467248440 0.001561643 0.002486790 -0.011159876 0.999933422
15.828640 -0.024538288 -0.136099696 7.520530701 0.001698742 0.001896934 -0.009730440 0.999949396
15.932650 -0.024756946 -0.137282729 7.572700977 0.001882140 0.001642791 -0.009839245 0.999948442
16.036770 -0.025106013 -0.138123900 7.624804497 0.001854344 0.001603551 -0.010764104 0.999939024
16.140900 -0.025132397 -0.139782548 7.677087307 0.001294713 0.001484217 -0.011398688 0.999933064
16.245020 -0.025634961 -0.140801609 7.729646683 0.001559864 0.001347193 -0.010886353 0.999938607
16.349140 -0.025711654 -0.141905710 7.784459591 0.002109306 0.001169674 -0.011108813 0.999935389
16.453270 -0.026187843 -0.142723173 7.837473392 0.002404441 0.001138581 -0.010885024 0.999937236
16.557390 -0.025884677 -0.144202262 7.890928268 0.002282853 0.000730992 -0.010779430 0.999939024
16.661520 -0.026322292 -0.145302981 7.942769051 0.002492152 0.000627618 -0.011308359 0.999932766
16.765650 -0.026761176 -0.145881101 7.998065948 0.002726993 0.000633412 -0.010930701 0.999936342
16.869650 -0.026854020 -0.147115290 8.050765038 0.002831787 0.000463367 -0.011601442 0.999928534
16.973770 -0.028079446 -0.148370564 8.105025291 0.002921168 0.000536348 -0.011374081 0.999930859
17.077890 -0.027515640 -0.149648562 8.158824921 0.002818184 0.000048625 -0.011489509 0.999930024
17.182030 -0.028033793 -0.150783136 8.213829041 0.002848913 0.000084094 -0.010930574 0.999936163
17.286140 -0.028515145 -0.152238742 8.267878532 0.002806155 0.000237143 -0.010147841 0.999944568
17.390270 -0.028937997 -0.153357476 8.322314262 0.002708441 0.000254170 -0.009386909 0.999952197
17.494400 -0.029965047 -0.154664710 8.376277924 0.002336521 0.000682707 -0.009108803 0.999955535
17.598420 -0.029406911 -0.155601427 8.431689262 0.002393565 0.000198407 -0.009085293 0.999955833
17.702520 -0.030084047 -0.156962425 8.486371040 0.002529033 0.000330049 -0.009501452 0.999951601
17.806640 -0.030535523 -0.158236504 8.540933609 0.002794502 0.000535668 -0.009815517 0.999947786
17.910650 -0.030339297 -0.159331039 8.596043587 0.002393970 0.000456890 -0.010084002 0.999946177
18.014770 -0.030362979 -0.160683081 8.651282310 0.001190872 0.000658286 -0.010207571 0.999946952
18.118900 -0.031428874 -0.161548406 8.705389977 0.001098861 0.001218803 -0.009980829 0.999948859
18.223020 -0.031152654 -0.162621468 8.760896683 0.001996116 0.001431774 -0.010286480 0.999944091
18.327020 -0.031417049 -0.164178565 8.815954208 0.002482182 0.001720561 -0.010527329 0.999940038
18.431150 -0.031710107 -0.164864764 8.871631622 0.002492559 0.001915498 -0.011039616 0.999934137
18.535360 -0.031638678 -0.166142613 8.925983429 0.001909582 0.001853060 -0.010761247 0.999938548
18.639420 -0.031853177 -0.167289123 8.981006622 0.001686736 0.001665408 -0.011068867 0.999935925
18.743480 -0.032142498 -0.168684334 9.036648750 0.001605520 0.001642818 -0.011058019 0.999936223
18.847540 -0.032602891 -0.169909775 9.091141701 0.001393425 0.001854820 -0.011729155 0.999928534
18.951650 -0.033042926 -0.170696735 9.146398544 0.001598070 0.002126605 -0.012413267 0.999919415
19.055650 -0.033120442 -0.171861708 9.202248573 0.001516008 0.001999033 -0.012600656 0.999917448
19.159650 -0.033030782 -0.173094153 9.257603645 0.001310960 0.001843467 -0.011775134 0.999928117
19.263770 -0.033379715 -0.173980758 9.312964439 0.001128389 0.002119013 -0.011217178 0.999934196
19.367870 -0.033047177 -0.174408555 9.369163513 0.000952932 0.001824850 -0.009688769 0.999950945
19.471780 -0.032614835 -0.175368860 9.423829079 0.001250737 0.001577945 -0.008762846 0.999959588
19.575900 -0.033007305 -0.176562652 9.478756905 0.001719081 0.001552541 -0.007970093 0.999965549
19.679910 -0.032804813 -0.177624583 9.533974648 0.000923151 0.001835171 -0.007405705 0.999970436
19.784020 -0.032681216 -0.178579867 9.589448929 -0.000037271 0.001988883 -0.006176397 0.999978960
19.888070 -0.032665104 -0.179665431 9.645224571 0.000453850 0.002060718 -0.005608403 0.999982059
19.992130 -0.032746427 -0.180637866 9.700080872 0.000997513 0.002286587 -0.005641381 0.999980986
20.096150 -0.032920644 -0.181792825 9.755872726 0.001139730 0.002689160 -0.006042008 0.999977469
20.200150 -0.033201464 -0.183152482 9.812138557 0.001027391 0.003086700 -0.007105221 0.999969482
20.304270 -0.033688284 -0.183958367 9.867321968 0.001512702 0.003796129 -0.008032865 0.999959409
20.408270 -0.033549123 -0.185285404 9.922893524 0.001447463 0.004270481 -0.008597293 0.999952853
20.512310 -0.033363573 -0.186346263 9.979439735 0.001626839 0.004519499 -0.008953112 0.999948382
20.616400 -0.033384614 -0.187627301 10.035082817 0.001964105 0.004746399 -0.008967089 0.999946594
20.720420 -0.032770872 -0.188906312 10.090736389 0.002254670 0.005173638 -0.008934160 0.999944150
20.824520 -0.032511905 -0.189927727 10.145564079 0.002157126 0.005678463 -0.008615504 0.999944448
20.928690 -0.032489590 -0.190910622 10.201084137 0.001753845 0.006055566 -0.008029220 0.999947906
21.032780 -0.032105163 -0.192743555 10.256095886 0.001348031 0.006297912 -0.007642611 0.999950051
21.136780 -0.031808347 -0.194064781 10.312057495 0.002491400 0.006386342 -0.007326992 0.999949634
21.240880 -0.031873271 -0.195601046 10.369125366 0.003654871 0.006297772 -0.007100638 0.999948263
21.344920 -0.030568369 -0.196866915 10.422928810 0.003595300 0.005753282 -0.007281824 0.999950469
21.448900 -0.030304492 -0.198104620 10.478192329 0.003542878 0.005474301 -0.006479660 0.999957740
21.552900 -0.029869027 -0.199198350 10.534703255 0.003737414 0.004829166 -0.006475630 0.999960423
21.657020 -0.029390223 -0.200737476 10.590743065 0.003932377 0.004424673 -0.007016449 0.999957860
21.761020 -0.029704317 -0.202007443 10.647582054 0.003724654 0.004255155 -0.007064873 0.999959052
21.865030 -0.029519148 -0.203299984 10.703536987 0.003545847 0.003713466 -0.006481674 0.999965787
21.969150 -0.028997622 -0.205165714 10.758686066 0.002703313 0.003249262 -0.006109028 0.999972403
22.073170 -0.028439604 -0.206348985 10.816381454 0.002067804 0.002845340 -0.006833547 0.999970436
22.177150 -0.028338529 -0.207380429 10.873374939 0.002050286 0.003173406 -0.007040256 0.999968052
22.281150 -0.027542770 -0.208894223 10.930605888 0.001966426 0.003433499 -0.006656446 0.999970019
22.385270 -0.027480148 -0.209913909 10.988947868 0.002155585 0.003726095 -0.006557584 0.999969244
22.489270 -0.027073272 -0.210962713 11.046681404 0.002723236 0.003727928 -0.005404578 0.999974728
22.593280 -0.026777513 -0.212451845 11.104160309 0.003746910 0.003912291 -0.004852120 0.999973536
22.697420 -0.026407920 -0.213926002 11.162652969 0.004153238 0.003695918 -0.004606399 0.999973953
22.801400 -0.026109844 -0.215524331 11.220728874 0.004608606 0.002525925 -0.005194221 0.999972701
22.905400 -0.026293227 -0.217062443 11.279109955 0.004235432 0.001371312 -0.005469099 0.999975085
23.009400 -0.026492916 -0.218807146 11.336989403 0.002429748 0.001135049 -0.005737156 0.999979913
23.113490 -0.026980247 -0.218828022 11.395217896 0.001237674 0.001653900 -0.005278128 0.999983966
23.217420 -0.027124081 -0.219580188 11.454662323 0.001097526 0.001660411 -0.004890332 0.999986053
23.321400 -0.027080674 -0.221043482 11.512900352 0.001685410 0.001656452 -0.004448877 0.999987304
23.425400 -0.027296674 -0.221982926 11.572098732 0.001820737 0.001792394 -0.004061823 0.999988496
23.529550 -0.027365208 -0.223823845 11.627915382 0.001290602 0.002214277 -0.003702014 0.999989867
23.633550 -0.027258355 -0.224908441 11.686936378 0.001387492 0.002343098 -0.003751906 0.999989271
23.737530 -0.027548738 -0.226163462 11.746719360 0.001953652 0.002552605 -0.004828055 0.999983191
23.841660 -0.028763264 -0.226856649 11.803786278 0.002340505 0.003113069 -0.005035522 0.999979734
23.945650 -0.027196325 -0.229028091 11.861285210 0.001175877 0.003295415 -0.004332879 0.999984503
24.049650 -0.027262144 -0.230498761 11.919492722 0.000593885 0.003443343 -0.003738787 0.999986887
24.153670 -0.026968084 -0.231755674 11.977419853 0.001275715 0.003352913 -0.003459408 0.999987602
24.257780 -0.027011901 -0.233297706 12.036159515 0.001243596 0.003284942 -0.004309883 0.999984562
24.361780 -0.026813798 -0.234487519 12.091938019 0.002031927 0.003204004 -0.004635927 0.999982059
24.465780 -0.026445746 -0.235693768 12.150868416 0.003524507 0.002661658 -0.005565157 0.999974728
24.569780 -0.026777044 -0.237182990 12.208869934 0.003227179 0.002234848 -0.006101143 0.999973655
24.673900 -0.026915379 -0.238345608 12.266016960 0.001608546 0.001863627 -0.006838286 0.999973595
24.777900 -0.027504966 -0.239686191 12.323352814 0.000105709 0.001487373 -0.007143976 0.999973357
24.882030 -0.028073201 -0.240875632 12.380705833 0.000765927 0.000934218 -0.007530974 0.999970913
24.986020 -0.028218914 -0.241866887 12.438246727 0.001522696 0.000057542 -0.007076856 0.999973774
25.090170 -0.028465755 -0.243213221 12.493751526 0.000756175 -0.000853042 -0.006580621 0.999977708
25.194150 -0.028939910 -0.244181737 12.550169945 0.000548046 -0.001168425 -0.005776715 0.999982476
25.298280 -0.029467233 -0.245522127 12.607467651 0.000929599 -0.001386204 -0.005669826 0.999982536
25.402400 -0.029823193 -0.246512622 12.665060043 0.001374420 -0.001660362 -0.005210204 0.999984086
25.506530 -0.030826502 -0.247345567 12.722321510 0.001588573 -0.001492319 -0.005171131 0.999984264
25.610540 -0.031400859 -0.249202296 12.778846741 0.001400184 -0.001488172 -0.005056976 0.999985099
25.714650 -0.031092897 -0.249822497 12.835809708 0.001934465 -0.001757897 -0.004512432 0.999986410
25.818650 -0.031645171 -0.251025379 12.892267227 0.002336843 -0.001877141 -0.004402052 0.999985814
25.922780 -0.032044977 -0.252219170 12.949474335 0.002293110 -0.001887458 -0.004091556 0.999987185
26.026980 -0.032371957 -0.253735334 13.005584717 0.002559358 -0.001774989 -0.004249407 0.999986112
26.130900 -0.032897398 -0.255177915 13.062227249 0.003237494 -0.001785954 -0.003866141 0.999985695
26.235050 -0.033225227 -0.256487548 13.118803978 0.002335461 -0.001667342 -0.003362492 0.999990225
26.339150 -0.033687368 -0.257461488 13.175410271 0.001908140 -0.001776142 -0.002106399 0.999994397
26.443290 -0.034262542 -0.258683234 13.231726646 0.002343255 -0.001709723 -0.001753109 0.999994218
26.547800 -0.034800120 -0.259748131 13.287994385 0.002658990 -0.001603676 -0.002284743 0.999992549
26.651410 -0.034759060 -0.261245728 13.345452309 0.002243692 -0.001575958 -0.003110465 0.999991417
26.757930 -0.035457209 -0.262367457 13.402496338 0.001851116 -0.001298469 -0.003671906 0.999990702
26.862580 -0.036217436 -0.263756514 13.458897591 0.001804206 -0.000983030 -0.003983860 0.999989927
26.963660 -0.035965588 -0.265122056 13.517033577 0.002154350 -0.001244061 -0.003368318 0.999991238
27.067820 -0.036894239 -0.266092956 13.573808670 0.002571859 -0.000875396 -0.003983258 0.999988377
27.171920 -0.037412040 -0.267326474 13.630966187 0.002574367 -0.000697146 -0.003976691 0.999988496
27.276060 -0.037917316 -0.268622100 13.687907219 0.002441181 -0.000516175 -0.004642959 0.999986112
27.380140 -0.038430206 -0.269580543 13.745434761 0.002340274 -0.000093151 -0.005440451 0.999982476
27.484700 -0.038679313 -0.270867497 13.803951263 0.002792957 -0.000125462 -0.006202407 0.999976873
27.588410 -0.038819581 -0.272270560 13.860356331 0.003019022 0.000000889 -0.006989291 0.999971032
27.692530 -0.039348152 -0.273066729 13.918642044 0.003250524 0.000206342 -0.007403756 0.999967277
27.796540 -0.039581530 -0.274350584 13.975664139 0.002733320 0.000433772 -0.008051787 0.999963760
27.900670 -0.040416643 -0.275847048 14.032287598 0.002658280 0.000953925 -0.008732921 0.999957860
28.005230 -0.040827177 -0.276989073 14.091180801 0.002882040 0.001071470 -0.009175229 0.999953210
28.108940 -0.041394327 -0.278088391 14.148766518 0.002971306 0.001401447 -0.009623237 0.999948323
