1439803830.198885 -0.000256789 -0.003819692 0.061618526 0.006870253 0.000658569 0.000015779 0.999976158
1439803830.261384 -0.000422698 -0.004666943 0.077464014 0.007261494 0.000522854 0.000150779 0.999973476
1439803830.323884 -0.000443289 -0.005668400 0.093075916 0.007103686 0.000161761 0.000243201 0.999974728
1439803830.386386 -0.001029849 -0.007016213 0.112207726 0.006617956 0.000351145 0.000471393 0.999977946
1439803830.448888 -0.001313376 -0.007812504 0.128857359 0.006130956 0.000322966 0.000452887 0.999981046
1439803830.511389 -0.000717759 -0.008666266 0.141109928 0.005655416 -0.000503134 0.001051759 0.999983311
1439803830.573892 -0.000936044 -0.010022236 0.161727041 0.005739068 -0.000873433 0.001472073 0.999982059
1439803830.636390 -0.000967455 -0.010835572 0.172632039 0.005651166 -0.000805441 0.001220253 0.999982953
1439803830.698891 -0.001404049 -0.012052130 0.189068258 0.005389929 -0.000765382 0.000769132 0.999984860
1439803830.761392 -0.001413720 -0.013487369 0.207709432 0.005230360 -0.001272467 0.001094366 0.999984920
1439803830.823894 -0.001571639 -0.013981666 0.224795192 0.005777609 -0.001582273 0.001676927 0.999980628
1439803830.886395 -0.001314177 -0.014859794 0.236942649 0.005961085 -0.001317181 0.001237909 0.999980569
1439803830.948897 -0.002511829 -0.016363198 0.257978350 0.005987109 -0.001312410 0.001913061 0.999979377
1439803831.011400 -0.002495938 -0.017163754 0.275013715 0.006097745 -0.001425389 0.002054746 0.999978244
1439803831.073901 -0.002073526 -0.018129250 0.287876546 0.005413953 -0.001516415 0.001859733 0.999982417
1439803831.136401 -0.002299269 -0.019231310 0.303907782 0.004908639 -0.001377468 0.002135226 0.999984741
1439803831.198903 -0.003084935 -0.020464381 0.321144044 0.004590566 -0.001015617 0.002545805 0.999985695
1439803831.261404 -0.002242628 -0.021458376 0.337215453 0.004712036 -0.001395460 0.002889150 0.999983728
1439803831.323905 -0.002345080 -0.022504421 0.354388058 0.005126634 -0.001331696 0.002802867 0.999981999
1439803831.386411 -0.002402778 -0.023651354 0.370925128 0.005103322 -0.001333955 0.002883594 0.999981880
1439803831.448908 -0.002303012 -0.024245750 0.384876490 0.005030466 -0.001465986 0.003128223 0.999981403
1439803831.511410 -0.002414781 -0.025320383 0.401524156 0.004410310 -0.001942299 0.003532788 0.999982119
1439803831.573911 -0.002725055 -0.026514752 0.418676645 0.003549886 -0.002280267 0.003827508 0.999983788
1439803831.636412 -0.002638525 -0.027105190 0.435476899 0.002982631 -0.002684616 0.004343250 0.999982536
1439803831.698914 -0.002443536 -0.027901821 0.452542394 0.002626526 -0.003159675 0.004378859 0.999981999
1439803831.761415 -0.003001293 -0.028996902 0.470163792 0.002143234 -0.003134093 0.004641670 0.999981999
1439803831.823916 -0.003515313 -0.029997010 0.487494677 0.002119652 -0.003121068 0.004745821 0.999981642
1439803831.886419 -0.003746329 -0.030843118 0.504892528 0.002468524 -0.003526838 0.005229450 0.999977052
1439803831.948919 -0.003804131 -0.032136787 0.521035850 0.002487957 -0.003709159 0.005427603 0.999975324
1439803832.011419 -0.004179970 -0.033200942 0.538422048 0.002846077 -0.003978807 0.006180028 0.999968946
1439803832.073922 -0.004118694 -0.034173667 0.555634499 0.003351936 -0.004358278 0.006387517 0.999964476
1439803832.136423 -0.004719463 -0.035055242 0.572892904 0.003448174 -0.004494412 0.006607237 0.999962091
1439803832.198925 -0.004983048 -0.036061727 0.590361953 0.003402195 -0.004635487 0.006819003 0.999960244
1439803832.261426 -0.005117833 -0.037020490 0.608097494 0.003603560 -0.004812577 0.007100670 0.999956727
1439803832.323927 -0.004859686 -0.038094338 0.624957860 0.003771078 -0.004986701 0.006754702 0.999957621
1439803832.386428 -0.005032247 -0.039097708 0.642543614 0.004085255 -0.005158764 0.006472348 0.999957383
1439803832.448930 -0.005584949 -0.040241398 0.660549641 0.004525211 -0.005277210 0.006336464 0.999955714
1439803832.511430 -0.005867466 -0.041367132 0.677761614 0.004785815 -0.005331023 0.005722100 0.999957979
1439803832.573932 -0.005765266 -0.042785760 0.695417643 0.004572506 -0.005744855 0.005454240 0.999958158
1439803832.636434 -0.006248133 -0.044070564 0.713257074 0.004423101 -0.005918684 0.005252462 0.999958873
1439803832.698935 -0.006500654 -0.044892661 0.730956674 0.004184848 -0.006318357 0.004562214 0.999960840
1439803832.761436 -0.006732247 -0.045806486 0.748543680 0.003517321 -0.006821559 0.004212447 0.999961674
1439803832.823938 -0.006914381 -0.046949506 0.766544700 0.003601963 -0.007140168 0.004539332 0.999957681
1439803832.886439 -0.007136763 -0.048234250 0.784355283 0.003880600 -0.007345018 0.005049523 0.999952734
1439803832.948945 -0.007505990 -0.049622066 0.801863194 0.004481916 -0.007622099 0.005045258 0.999948144
1439803833.011446 -0.008022406 -0.050330695 0.819059610 0.006105332 -0.008076717 0.006149622 0.999929845
1439803833.073944 -0.008185297 -0.051716909 0.836790442 0.006664934 -0.008670547 0.007060143 0.999915302
1439803833.136445 -0.008515494 -0.052959427 0.854226172 0.006691748 -0.009137717 0.007304118 0.999909163
1439803833.198946 -0.009357121 -0.054025121 0.872238338 0.006432592 -0.009167234 0.007187139 0.999911427
1439803833.261447 -0.009572659 -0.055246174 0.889694691 0.005357962 -0.009253440 0.006650698 0.999920726
1439803833.323951 -0.010140337 -0.056389995 0.907624245 0.004202712 -0.009196021 0.006414792 0.999928296
1439803833.386451 -0.010909217 -0.057622079 0.926348805 0.003233623 -0.008996208 0.006084432 0.999935746
1439803833.448952 -0.010986403 -0.058758926 0.943708599 0.002692020 -0.008904065 0.006054076 0.999938369
1439803833.511453 -0.011416536 -0.059151698 0.961378515 0.002737692 -0.008754242 0.006223073 0.999938607
1439803833.573957 -0.011324324 -0.060927425 0.978393018 0.002660617 -0.008584446 0.006160305 0.999940634
1439803833.636455 -0.011721059 -0.062349323 0.996179223 0.002889738 -0.008277697 0.006500851 0.999940395
1439803833.698957 -0.012540378 -0.062960453 1.013952494 0.003698911 -0.007906860 0.006911284 0.999937952
1439803833.761459 -0.012764273 -0.064125739 1.031186104 0.004002655 -0.007638617 0.006951111 0.999938607
1439803833.823960 -0.013157021 -0.065466009 1.048741817 0.003893630 -0.007391346 0.007630770 0.999935985
1439803833.886462 -0.013091741 -0.066498242 1.065322161 0.003701650 -0.007214965 0.007602012 0.999938190
1439803833.948964 -0.014376129 -0.067763202 1.083827972 0.003586047 -0.006700980 0.007958014 0.999939442
1439803834.011464 -0.014418744 -0.068896264 1.100245595 0.002949700 -0.006477062 0.008994807 0.999934196
1439803834.073967 -0.015278010 -0.069911413 1.119070888 0.002941337 -0.006093636 0.009756761 0.999929488
1439803834.136467 -0.015892275 -0.070975602 1.136863947 0.002564496 -0.005719703 0.010079702 0.999929547
1439803834.198971 -0.016374830 -0.071779810 1.154583573 0.001740107 -0.005363284 0.009715507 0.999936879
1439803834.261469 -0.017078279 -0.072681934 1.171409726 0.000462147 -0.004976882 0.008568255 0.999950767
1439803834.323971 -0.018222172 -0.073906407 1.188278794 -0.000412280 -0.004553966 0.008212114 0.999955833
1439803834.386474 -0.018674936 -0.074783772 1.205511570 0.000085453 -0.004513982 0.010116557 0.999938607
1439803834.448973 -0.018460352 -0.076123863 1.222080588 0.001665770 -0.004770148 0.012940327 0.999903500
1439803834.511472 -0.018199010 -0.077138484 1.240558147 0.004191923 -0.004820049 0.013999067 0.999881625
1439803834.573978 -0.018519916 -0.078339413 1.257597089 0.006046793 -0.004391765 0.013824758 0.999876499
1439803834.636474 -0.019045025 -0.079321757 1.274875402 0.007311055 -0.004100615 0.013274581 0.999876738
1439803834.698974 -0.019500643 -0.080326051 1.291821241 0.007217697 -0.004012531 0.013891187 0.999869406
1439803834.761480 -0.019909538 -0.081868283 1.309527397 0.006344295 -0.004040930 0.013549902 0.999879897
1439803834.823976 -0.019613780 -0.082916528 1.325800300 0.005310167 -0.004247238 0.013469080 0.999886155
1439803834.886476 -0.020229870 -0.084051967 1.342892051 0.004435217 -0.004174059 0.013278329 0.999893308
1439803834.948977 -0.020822324 -0.084959276 1.359783173 0.004365827 -0.003872807 0.013054138 0.999897778
1439803835.011477 -0.020954877 -0.085966572 1.376491547 0.004404965 -0.003630201 0.012933098 0.999900103
1439803835.073978 -0.021127529 -0.087078616 1.393764853 0.004485623 -0.003297965 0.012129616 0.999910951
1439803835.136479 -0.021304067 -0.088099055 1.410727978 0.004986447 -0.002921048 0.011878651 0.999912739
1439803835.198979 -0.021091614 -0.089374386 1.427006960 0.005258243 -0.002711719 0.011537480 0.999915957
1439803835.261479 -0.021181745 -0.090241477 1.442893147 0.005423758 -0.002368201 0.011647473 0.999914646
1439803835.323983 -0.020819195 -0.091195635 1.458684921 0.005197519 -0.001931480 0.011835400 0.999914587
1439803835.386481 -0.021424560 -0.092510775 1.476683140 0.005067891 -0.001174158 0.011810241 0.999916732
1439803835.448981 -0.021721117 -0.093698017 1.493843555 0.004869064 -0.000515901 0.012201135 0.999913573
1439803835.511483 -0.021595655 -0.094705291 1.512443066 0.004700033 -0.000234592 0.012854827 0.999906301
1439803835.573983 -0.022869401 -0.096357532 1.530244112 0.004777507 0.000519220 0.013006989 0.999903858
1439803835.636484 -0.023802187 -0.097813547 1.546558738 0.004832172 0.001286844 0.012521615 0.999909103
1439803835.698984 -0.024307512 -0.099874742 1.563958883 0.004625830 0.001667795 0.013375707 0.999898434
1439803835.761485 -0.024263244 -0.101523601 1.579889178 0.004424385 0.002030375 0.013126510 0.999902010
1439803835.823986 -0.022999501 -0.101234220 1.593040586 0.004484378 0.001859973 0.013095210 0.999902487
1439803835.886489 -0.022603329 -0.101775862 1.609388232 0.004267160 0.002329183 0.013622170 0.999895394
1439803835.948988 -0.022386789 -0.103056818 1.625648260 0.003820953 0.002716842 0.013524367 0.999897540
1439803836.011490 -0.020865247 -0.103499688 1.642557621 0.004048382 0.002741421 0.013441631 0.999897718
1439803836.073990 -0.020685341 -0.104665950 1.657778859 0.003759848 0.003133702 0.013695991 0.999894202
1439803836.136491 -0.021881212 -0.106372245 1.674008846 0.003194232 0.003961533 0.014366567 0.999883831
1439803836.198993 -0.021775056 -0.107203692 1.688835859 0.002975765 0.004190627 0.015414105 0.999867976
1439803836.261495 -0.021330189 -0.108655393 1.704382777 0.002406386 0.004506685 0.015433555 0.999867857
1439803836.323997 -0.019888807 -0.109003708 1.721603513 0.002382484 0.004471721 0.015505534 0.999866903
1439803836.386498 -0.019535286 -0.110152259 1.737488031 0.002600609 0.004755784 0.016676055 0.999846220
1439803836.448999 -0.019579554 -0.110758871 1.753647804 0.003510108 0.005238461 0.017561803 0.999825895
1439803836.511499 -0.019192604 -0.111621276 1.769476652 0.004414179 0.005687272 0.018151131 0.999809325
1439803836.574002 -0.019535897 -0.112368271 1.785790920 0.005050654 0.006448706 0.018347075 0.999798119
1439803836.636504 -0.019127732 -0.114260927 1.801268101 0.004535303 0.007002512 0.018288719 0.999797940
1439803836.699007 -0.019233270 -0.114653222 1.819064021 0.004342908 0.007548833 0.018458122 0.999791682
1439803836.761505 -0.018959951 -0.115719065 1.834532857 0.003125062 0.008041834 0.018198043 0.999797165
1439803836.824007 -0.018915959 -0.116727233 1.850575209 0.002384865 0.008862337 0.017003881 0.999813318
1439803836.886508 -0.021956455 -0.117515348 1.868438721 0.002093292 0.010894959 0.016054228 0.999809563
1439803836.949010 -0.019080851 -0.118556052 1.882794499 0.001880499 0.011218104 0.015299882 0.999818265
1439803837.011511 -0.018902902 -0.119781591 1.899019241 0.002193156 0.012714659 0.016439140 0.999781609
1439803837.074012 -0.017556500 -0.120539933 1.916031837 0.003204916 0.013867741 0.015897676 0.999772310
1439803837.136513 -0.017722711 -0.122212991 1.931587219 0.003469682 0.015655050 0.015033455 0.999758363
1439803837.199014 -0.016811877 -0.123627417 1.946549177 0.003246772 0.016778326 0.014496357 0.999748826
1439803837.261517 -0.015642054 -0.123584501 1.964367747 0.003472236 0.017752687 0.014685947 0.999728501
1439803837.324017 -0.015383631 -0.124422774 1.980045915 0.002884914 0.018816542 0.015067139 0.999705255
1439803837.386519 -0.014653288 -0.125640750 1.995643973 0.002416071 0.019490372 0.015206995 0.999691427
1439803837.449025 -0.015121080 -0.125873983 2.012787342 0.003050144 0.020995319 0.014838016 0.999664843
1439803837.511524 -0.013852619 -0.126707926 2.028892279 0.004280124 0.021432215 0.015022283 0.999648273
1439803837.574024 -0.012458555 -0.128541782 2.042809486 0.005380103 0.021784827 0.014319135 0.999645650
1439803837.636525 -0.012001902 -0.129298329 2.059979677 0.006698888 0.022578266 0.013153867 0.999636114
1439803837.699027 -0.011109091 -0.130482316 2.077821970 0.007044708 0.022820028 0.013318259 0.999626040
1439803837.761530 -0.010604039 -0.130878240 2.091663837 0.007316269 0.023027610 0.013058618 0.999622762
1439803837.824029 -0.009913117 -0.132498607 2.107496262 0.006761323 0.022880575 0.013098291 0.999629557
1439803837.886531 -0.009486854 -0.133495107 2.123348951 0.006238053 0.022711599 0.013261802 0.999634683
1439803837.949032 -0.008780360 -0.135055900 2.139412642 0.005723206 0.022103567 0.013549450 0.999647498
1439803838.011534 -0.008458510 -0.136137694 2.155745745 0.005864013 0.021578014 0.013602454 0.999657393
1439803838.074041 -0.007693484 -0.136832505 2.171537161 0.006224388 0.020546585 0.013736511 0.999675155
1439803838.136537 -0.007134832 -0.137915358 2.187874556 0.006666891 0.019584829 0.014191667 0.999685228
1439803838.199037 -0.006587163 -0.138738856 2.203890085 0.007780980 0.018429946 0.014420126 0.999695897
1439803838.261537 -0.006176949 -0.139939874 2.220861197 0.008728695 0.017539397 0.014150110 0.999707937
1439803838.324042 -0.005487897 -0.141018704 2.236839056 0.009514809 0.016500430 0.014185560 0.999717951
1439803838.386539 -0.004890934 -0.142134622 2.252680540 0.010101317 0.015451782 0.013880379 0.999733210
1439803838.449039 -0.004960373 -0.143227488 2.269236565 0.010374018 0.014735924 0.013981042 0.999739826
1439803838.511542 -0.004200652 -0.144590259 2.285912514 0.009816799 0.013626169 0.013277415 0.999770820
1439803838.574041 -0.003584050 -0.145984724 2.301218510 0.009387827 0.012278276 0.013193309 0.999793470
1439803838.636541 -0.004224766 -0.147368446 2.316786051 0.008717001 0.011630133 0.013329880 0.999805510
1439803838.699044 -0.004296049 -0.148432314 2.333214045 0.008626246 0.010887414 0.013017555 0.999818802
1439803838.761542 -0.003944814 -0.149520651 2.350014448 0.009010599 0.009747877 0.013357681 0.999822676
1439803838.824042 -0.004151158 -0.150834531 2.366199493 0.009206602 0.008780884 0.013167315 0.999832332
1439803838.886546 -0.004224665 -0.151748449 2.382656813 0.009370369 0.007937328 0.012884148 0.999841571
1439803838.949046 -0.004243903 -0.152680129 2.398878336 0.009236548 0.006956798 0.013360199 0.999843895
1439803839.011550 -0.003580902 -0.154104903 2.416124582 0.008614187 0.005132808 0.014319791 0.999847174
1439803839.074050 -0.003545193 -0.155096531 2.432902575 0.008286042 0.003825271 0.014620286 0.999851465
1439803839.136553 -0.003629560 -0.156429708 2.449137926 0.007370703 0.002559900 0.015727259 0.999845862
1439803839.199054 -0.003680737 -0.157716393 2.465908766 0.006752199 0.001486517 0.015650410 0.999853611
1439803839.261554 -0.003917603 -0.158838928 2.481862545 0.006303458 0.000140616 0.016069684 0.999850988
1439803839.324055 -0.003596386 -0.159939066 2.499150753 0.006223284 -0.001796348 0.016594086 0.999841332
1439803839.386555 -0.004053997 -0.161059678 2.515380144 0.006102587 -0.002982927 0.017274998 0.999827683
1439803839.449058 -0.004488047 -0.161902100 2.531612158 0.006665125 -0.004264523 0.017681574 0.999812365
1439803839.511560 -0.004824301 -0.162670404 2.547992468 0.007250125 -0.005836333 0.018563155 0.999784350
1439803839.574059 -0.005231416 -0.163930818 2.564418077 0.007639368 -0.007121331 0.018739808 0.999769866
1439803839.636560 -0.005633965 -0.165057719 2.580450296 0.007899571 -0.008352533 0.019460650 0.999744475
1439803839.699062 -0.006231286 -0.166030318 2.597447872 0.008446137 -0.009750021 0.019520702 0.999726236
1439803839.761563 -0.006848738 -0.167242661 2.613541842 0.008579508 -0.010920423 0.019120304 0.999720752
1439803839.824068 -0.007318042 -0.168307304 2.629563570 0.008818234 -0.012380723 0.019206015 0.999700010
1439803839.886566 -0.007714942 -0.169371277 2.645520449 0.009023965 -0.013891259 0.018958256 0.999683022
1439803839.949070 -0.008113414 -0.170439839 2.661462307 0.009404520 -0.015352983 0.018595301 0.999664962
1439803840.011569 -0.008843578 -0.171616569 2.677153587 0.009615099 -0.016580556 0.017523397 0.999662697
1439803840.074072 -0.009705372 -0.172461182 2.693743229 0.010132399 -0.017812390 0.016979685 0.999645829
1439803840.136571 -0.010425739 -0.173699915 2.710050106 0.010917331 -0.019204192 0.016500782 0.999619782
1439803840.199075 -0.010944180 -0.175082028 2.725527048 0.011740654 -0.020645604 0.015950171 0.999590635
1439803840.261574 -0.012063578 -0.176226795 2.741937399 0.012932336 -0.021361412 0.016041908 0.999559462
1439803840.324076 -0.012700014 -0.177975938 2.758002281 0.013635791 -0.022474879 0.015740875 0.999530494
1439803840.386577 -0.013387166 -0.178541258 2.773678064 0.014529141 -0.023392757 0.015631642 0.999498546
1439803840.449080 -0.014388569 -0.179961398 2.789409876 0.012436287 -0.024114707 0.014544772 0.999526024
1439803840.511580 -0.015555605 -0.181069255 2.805722952 0.009406949 -0.024734611 0.013244099 0.999562025
1439803840.574084 -0.016724005 -0.181940064 2.822057009 0.006335907 -0.025424201 0.012124915 0.999583125
1439803840.636589 -0.017545730 -0.183379486 2.838452339 0.003121841 -0.025997266 0.011753500 0.999588013
1439803840.699084 -0.018235445 -0.184908926 2.853889465 0.001074908 -0.026318524 0.011471072 0.999587238
1439803840.761586 -0.019354731 -0.185568079 2.870860338 0.001535813 -0.026833398 0.012392391 0.999561906
1439803840.824087 -0.020119518 -0.186629370 2.886304855 0.001824849 -0.027445294 0.011051876 0.999560595
1439803840.886588 -0.021360785 -0.187361181 2.902269363 0.002663305 -0.027818171 0.009778662 0.999561608
1439803840.949090 -0.022742316 -0.188353643 2.919265509 0.003208699 -0.028189640 0.008766178 0.999558985
1439803841.011591 -0.023595303 -0.189450234 2.934943676 0.003203735 -0.029178046 0.007774557 0.999538839
1439803841.074093 -0.024897978 -0.190361992 2.950828314 0.003464860 -0.030026373 0.007351047 0.999516070
1439803841.136594 -0.025992289 -0.191216901 2.966627121 0.003988834 -0.030997932 0.006701911 0.999489009
1439803841.199094 -0.027464509 -0.192282096 2.982591152 0.004161965 -0.031770550 0.006027289 0.999468327
1439803841.261594 -0.028550461 -0.193345100 2.999188900 0.003918487 -0.033039674 0.005913061 0.999428868
1439803841.324095 -0.029893875 -0.194371670 3.015073061 0.003762553 -0.033946108 0.004417442 0.999406815
1439803841.386595 -0.031276152 -0.195480317 3.031790257 0.003753462 -0.035105567 0.003975245 0.999368668
1439803841.449095 -0.032457769 -0.196696818 3.047668457 0.003646988 -0.036288265 0.004201336 0.999325871
1439803841.511600 -0.033884078 -0.197729811 3.064021826 0.004031923 -0.037422135 0.004579495 0.999280930
1439803841.574102 -0.035245001 -0.198737308 3.080128431 0.004661002 -0.038499508 0.005063865 0.999234915
1439803841.636601 -0.036768854 -0.199818894 3.096323967 0.005766165 -0.039606139 0.004590511 0.999188185
1439803841.699103 -0.038232073 -0.200976834 3.112273932 0.007042647 -0.040585008 0.003997134 0.999143243
1439803841.761602 -0.039836451 -0.202146173 3.128201246 0.008623174 -0.041489474 0.002711806 0.999098003
1439803841.824105 -0.041440904 -0.203312993 3.144324064 0.009947306 -0.042718828 0.002263090 0.999035060
1439803841.886605 -0.042938024 -0.204625994 3.160252094 0.010723102 -0.044074077 0.002491993 0.998967588
1439803841.949108 -0.044808328 -0.205649152 3.176676035 0.010052012 -0.045313083 0.003258471 0.998916984
1439803842.011609 -0.046408087 -0.206794202 3.192974329 0.008246511 -0.046797160 0.003505925 0.998864233
1439803842.074110 -0.048121572 -0.208086058 3.208417177 0.006193045 -0.048228730 0.003507849 0.998810947
1439803842.136611 -0.049905181 -0.209091172 3.225604296 0.004766930 -0.049620852 0.002633075 0.998753309
1439803842.199112 -0.051579118 -0.210775599 3.241171598 0.003818447 -0.051275644 0.002911465 0.998673022
1439803842.261614 -0.053960800 -0.211545303 3.258093834 0.004925872 -0.052643191 0.001844630 0.998599529
1439803842.324116 -0.056040347 -0.212311700 3.274107456 0.006631168 -0.054407146 0.001549174 0.998495638
1439803842.386617 -0.058146149 -0.213835537 3.290588617 0.007630497 -0.056097470 0.000737421 0.998395860
1439803842.449120 -0.060366929 -0.214887649 3.306814194 0.008257187 -0.057619963 -0.000035798 0.998304427
1439803842.511621 -0.062584102 -0.216112033 3.323164940 0.008316386 -0.059259985 -0.001244099 0.998207152
1439803842.574121 -0.064928770 -0.217001706 3.339050531 0.008518564 -0.060842097 -0.002528067 0.998107851
1439803842.636623 -0.067463964 -0.218580455 3.355331421 0.008696221 -0.062313862 -0.003838218 0.998011351
1439803842.699123 -0.069789171 -0.219492286 3.371985435 0.009404903 -0.063758150 -0.004239476 0.997912049
1439803842.761625 -0.072125614 -0.220798552 3.387811661 0.009771575 -0.065208212 -0.004305515 0.997814536
1439803842.824126 -0.074756950 -0.222037524 3.404087543 0.010174184 -0.066521287 -0.004676962 0.997722149
1439803842.886628 -0.076995403 -0.223156810 3.420084715 0.010193990 -0.068019174 -0.005063588 0.997619092
1439803842.949129 -0.079765230 -0.224427611 3.436399698 0.010056994 -0.069251075 -0.005237400 0.997534811
1439803843.011630 -0.082315177 -0.225665987 3.452494860 0.009655628 -0.070786409 -0.006801791 0.997421563
1439803843.074132 -0.084913582 -0.226778001 3.468810797 0.009105437 -0.072386004 -0.007137163 0.997309566
1439803843.136633 -0.087590426 -0.228008434 3.484595776 0.008428896 -0.073608011 -0.008427945 0.997216046
1439803843.199135 -0.090176493 -0.229144827 3.500787497 0.008253595 -0.074790023 -0.008118898 0.997132123
1439803843.261638 -0.092471510 -0.230442226 3.516725540 0.008235987 -0.076003894 -0.007907216 0.997042179
1439803843.324138 -0.095237553 -0.231594965 3.532859802 0.009069558 -0.076588266 -0.008554298 0.996984899
1439803843.386639 -0.098064989 -0.232920527 3.549100876 0.010249916 -0.076895684 -0.008427769 0.996950805
1439803843.449140 -0.100658327 -0.234182507 3.564970493 0.011488765 -0.077422947 -0.007580367 0.996903360
1439803843.511641 -0.103367031 -0.235589072 3.580974102 0.012103915 -0.077984206 -0.006312527 0.996861100
1439803843.574143 -0.105701953 -0.236991882 3.596789837 0.011927288 -0.078716353 -0.005145433 0.996812403
1439803843.636647 -0.108718485 -0.238008708 3.613328457 0.011817469 -0.079215810 -0.004472635 0.996777415
1439803843.699146 -0.111322641 -0.239268690 3.629572153 0.010539850 -0.079999186 -0.003217687 0.996734023
1439803843.761647 -0.113870919 -0.240559697 3.645424604 0.010259734 -0.080755599 -0.000818074 0.996680796
1439803843.824147 -0.116482347 -0.241919354 3.661403894 0.010792216 -0.081367292 -0.000174166 0.996625721
1439803843.886648 -0.119213998 -0.243227169 3.677425623 0.011686367 -0.082029581 -0.000051236 0.996561348
1439803843.949149 -0.121804595 -0.244467154 3.693220139 0.012351661 -0.082474262 -0.000310728 0.996516585
1439803844.011649 -0.124547601 -0.245748669 3.708903313 0.013392989 -0.082743056 -0.000618275 0.996480703
1439803844.074149 -0.127789378 -0.246927947 3.725495815 0.013030201 -0.082736254 -0.001261410 0.996485472
1439803844.136650 -0.130275577 -0.248167187 3.741461754 0.011049778 -0.083209343 -0.001607697 0.996469498
1439803844.199151 -0.133240283 -0.249645770 3.757251024 0.008958878 -0.083275251 -0.001562784 0.996485054
1439803844.261650 -0.135960996 -0.250908345 3.773469210 0.007968638 -0.083638743 0.000491851 0.996464133
1439803844.324152 -0.138811767 -0.252423376 3.789527178 0.007609379 -0.083720729 0.001656264 0.996458828
1439803844.386652 -0.141467363 -0.253392279 3.805649519 0.008553587 -0.084042929 0.001958265 0.996423483
1439803844.449152 -0.144589067 -0.254822373 3.821339369 0.010277939 -0.083807886 0.001848552 0.996427238
1439803844.511654 -0.147379518 -0.255917847 3.837221622 0.011957052 -0.083859488 0.001434724 0.996404827
1439803844.574154 -0.150231153 -0.257498264 3.853383780 0.012335640 -0.084198326 0.001798327 0.996371031
1439803844.636654 -0.153066605 -0.258412510 3.869305372 0.012173429 -0.084623352 0.002702544 0.996334970
1439803844.699157 -0.155859649 -0.259956896 3.885220528 0.011439222 -0.084971517 0.003115121 0.996312857
1439803844.761655 -0.158943385 -0.260992646 3.901229143 0.011289303 -0.085159197 0.002704491 0.996299744
1439803844.824156 -0.162086219 -0.262399554 3.917251825 0.010773160 -0.085344665 0.001814797 0.996291578
1439803844.886657 -0.165337116 -0.263864964 3.933465481 0.010028169 -0.085261628 0.001238784 0.996307373
1439803844.949159 -0.168778211 -0.265545189 3.950015783 0.009097665 -0.085515171 0.000948925 0.996294856
1439803845.011660 -0.171797097 -0.266804934 3.965780735 0.008229514 -0.085751303 0.000690022 0.996282339
1439803845.074161 -0.175273895 -0.268365949 3.982143641 0.006939588 -0.085736588 0.001033662 0.996293128
1439803845.136661 -0.178041399 -0.269723833 3.998286963 0.006406454 -0.086151026 -0.000062541 0.996261477
1439803845.199162 -0.181302249 -0.270768702 4.014261723 0.006140335 -0.086145557 -0.000013521 0.996263623
1439803845.261662 -0.184100628 -0.272052109 4.030221462 0.005804528 -0.086692803 0.000320852 0.996218145
1439803845.324162 -0.187123179 -0.273198217 4.046251297 0.005587147 -0.086986147 0.000772571 0.996193588
1439803845.386663 -0.190179408 -0.274140149 4.062539101 0.006069558 -0.087293535 0.000767927 0.996163845
1439803845.449164 -0.192692399 -0.274960011 4.078004360 0.006094154 -0.087935969 0.001080239 0.996106863
1439803845.511664 -0.195835114 -0.276000857 4.094463348 0.006075150 -0.088194519 0.001391635 0.996083796
1439803845.574165 -0.198543191 -0.276748508 4.110518932 0.005901288 -0.088852927 0.002157066 0.996024907
1439803845.636667 -0.201553643 -0.277687043 4.126597404 0.005599232 -0.089216813 0.002364205 0.995993674
1439803845.699168 -0.204218090 -0.278246105 4.142665863 0.005785951 -0.089789741 0.002353986 0.995941162
1439803845.761669 -0.207114160 -0.279182553 4.158641815 0.005850339 -0.090116136 0.002391104 0.995911241
1439803845.824172 -0.210258603 -0.280295610 4.174763680 0.005907601 -0.090495482 0.002494636 0.995876193
1439803845.886671 -0.213183045 -0.281103075 4.190752029 0.006212662 -0.090908200 0.002431837 0.995836914
1439803845.949173 -0.215904891 -0.281973898 4.206885338 0.006713150 -0.091535792 0.002135332 0.995776892
1439803846.011675 -0.219025373 -0.283161789 4.222685337 0.006818677 -0.091948211 0.002559243 0.995737135
1439803846.074177 -0.222473741 -0.284682274 4.238667488 0.007004702 -0.092067093 0.002283064 0.995725572
1439803846.136679 -0.225442290 -0.285793900 4.253933430 0.007241616 -0.092205077 0.002161102 0.995711386
1439803846.199180 -0.228599072 -0.286687851 4.270187855 0.008123419 -0.092729196 0.002016132 0.995656192
1439803846.261681 -0.231606364 -0.287995011 4.285748005 0.008611864 -0.093134992 0.001790879 0.995614648
1439803846.324179 -0.234707534 -0.289094985 4.301242352 0.008933782 -0.093481272 0.002414482 0.995578051
1439803846.386681 -0.238347352 -0.290914208 4.317525864 0.009144120 -0.093752690 0.001558123 0.995552301
1439803846.449181 -0.241355538 -0.291884184 4.332724094 0.009504982 -0.094016209 0.001584142 0.995524049
1439803846.511684 -0.245074272 -0.293792725 4.348794460 0.008816581 -0.094225235 0.001183658 0.995511115
1439803846.574185 -0.248676002 -0.295014828 4.364443779 0.008353712 -0.094304472 0.000697158 0.995508134
1439803846.636685 -0.251725793 -0.295920998 4.379804611 0.007829402 -0.094805859 0.000585747 0.995464861
1439803846.699188 -0.255034149 -0.297180414 4.395811558 0.007245358 -0.095340304 0.000078891 0.995418370
1439803846.761689 -0.258319616 -0.298096448 4.411379814 0.007111524 -0.095666394 -0.000694962 0.995387793
1439803846.824190 -0.261432648 -0.299118936 4.426784992 0.007085051 -0.096124232 -0.001554308 0.995342910
1439803846.886694 -0.264805317 -0.300603241 4.442510128 0.007077197 -0.096393451 -0.001947980 0.995316267
1439803846.949195 -0.267973840 -0.301435739 4.458008289 0.008212948 -0.096713036 -0.002837774 0.995274365
1439803847.011692 -0.271138608 -0.302583486 4.473648548 0.008653199 -0.097156420 -0.003787632 0.995224297
1439803847.074196 -0.274432242 -0.303575337 4.489334106 0.009140815 -0.097549930 -0.004427872 0.995178819
1439803847.136697 -0.277841032 -0.304843664 4.504564762 0.009224818 -0.097912729 -0.004692524 0.995141208
1439803847.199198 -0.280797184 -0.305879503 4.520606995 0.009252554 -0.098686464 -0.005441514 0.995060682
1439803847.261699 -0.284247458 -0.307025641 4.536192417 0.008700656 -0.098866075 -0.005701630 0.995046377
1439803847.324200 -0.287621379 -0.308031827 4.551863194 0.008304398 -0.099049613 -0.005924468 0.995030224
1439803847.386701 -0.290838540 -0.309503108 4.567609787 0.007285784 -0.099459507 -0.005788947 0.994998097
1439803847.449204 -0.294054687 -0.310346305 4.582628250 0.007421810 -0.099941179 -0.005729127 0.994949162
1439803847.511706 -0.297401667 -0.311312586 4.598076820 0.007381822 -0.100223362 -0.006270776 0.994917810
1439803847.574208 -0.300723851 -0.312629163 4.613432884 0.007281378 -0.100340098 -0.006257451 0.994906902
1439803847.636712 -0.304087162 -0.313517392 4.628758907 0.007534371 -0.100105889 -0.006442248 0.994927406
1439803847.699213 -0.307226121 -0.314581901 4.644101143 0.007229811 -0.099990763 -0.006188445 0.994942844
1439803847.761711 -0.310440719 -0.315554470 4.659297466 0.007095568 -0.099616386 -0.006276470 0.994980812
1439803847.824211 -0.313189149 -0.316531479 4.675477505 0.007259843 -0.099919602 -0.006275982 0.994949222
1439803847.886712 -0.316873610 -0.317854613 4.689986706 0.007094077 -0.099084601 -0.006900989 0.995029807
1439803847.949216 -0.320088089 -0.319045871 4.705470085 0.006748053 -0.098885208 -0.007105205 0.995050609
1439803848.011717 -0.323329687 -0.320114464 4.720610619 0.006853322 -0.098602965 -0.007060909 0.995078266
1439803848.074219 -0.326399803 -0.321202964 4.735483646 0.007076996 -0.098325536 -0.006586917 0.995107353
1439803848.136718 -0.329464674 -0.322313875 4.750833988 0.007434084 -0.097947478 -0.005692661 0.995147526
1439803848.199220 -0.332445860 -0.323490262 4.765935421 0.007599628 -0.097740576 -0.005601287 0.995167136
1439803848.261721 -0.335581362 -0.324558973 4.780726433 0.007983534 -0.097226843 -0.006009725 0.995212078
1439803848.324222 -0.338656306 -0.325714767 4.795655251 0.008004163 -0.096894845 -0.006450073 0.995241523
1439803848.386725 -0.341774940 -0.326722383 4.810559273 0.007819569 -0.096626848 -0.007135662 0.995264411
1439803848.449230 -0.344711125 -0.327778876 4.825833797 0.007306035 -0.096723936 -0.006862578 0.995260835
1439803848.511726 -0.347855389 -0.328860849 4.840505600 0.006920813 -0.096413277 -0.006956869 0.995293021
1439803848.574230 -0.350736916 -0.329972357 4.855706692 0.006710686 -0.096367143 -0.006106554 0.995304465
1439803848.636731 -0.353693187 -0.331120998 4.870630264 0.006728949 -0.095959105 -0.005528836 0.995347142
1439803848.699232 -0.356612563 -0.332170129 4.885391712 0.007184548 -0.095619299 -0.005401178 0.995377421
1439803848.761731 -0.359600902 -0.333269119 4.899994373 0.007423965 -0.095156796 -0.005514360 0.995419323
1439803848.824235 -0.362606823 -0.334407836 4.914736748 0.007380029 -0.094735652 -0.005191202 0.995461583
1439803848.886737 -0.365398228 -0.335321397 4.929797173 0.007201760 -0.094502792 -0.005081343 0.995485604
1439803848.949239 -0.368404329 -0.336286783 4.944502831 0.006881871 -0.094039492 -0.004723051 0.995533466
1439803849.011737 -0.371135652 -0.337331951 4.958909512 0.006192892 -0.093777508 -0.004895146 0.995561898
1439803849.074241 -0.374075651 -0.338030219 4.973463535 0.005462424 -0.093433753 -0.004366451 0.995600939
1439803849.136755 -0.376907766 -0.339028895 4.988101959 0.004817226 -0.093098536 -0.003931042 0.995637476
1439803849.199242 -0.379533589 -0.340082228 5.002703190 0.004471346 -0.092891790 -0.003860643 0.995658696
1439803849.261743 -0.382270873 -0.341057152 5.016603947 0.004285484 -0.092376254 -0.003761534 0.995707870
1439803849.324244 -0.385054171 -0.341912180 5.030799866 0.004080631 -0.091836475 -0.003411406 0.995759904
1439803849.386749 -0.387515008 -0.343474150 5.045206070 0.003460191 -0.091708213 -0.002834840 0.995775878
1439803849.449248 -0.390063167 -0.343798935 5.059310913 0.003847865 -0.091472559 -0.002233652 0.995797634
1439803849.511751 -0.393095672 -0.344895661 5.073266029 0.003720990 -0.090735830 -0.002314955 0.995865345
1439803849.574253 -0.395987034 -0.345663100 5.087445259 0.004062410 -0.090181544 -0.001920031 0.995915234
1439803849.636753 -0.398018837 -0.347063363 5.100700855 0.004278935 -0.090058029 -0.001876008 0.995925546
1439803849.699256 -0.400382400 -0.348055780 5.114284039 0.004933749 -0.089797400 -0.001341137 0.995946944
1439803849.761755 -0.402831674 -0.348986387 5.127663136 0.005429684 -0.089484915 -0.000918083 0.995972931
1439803849.824256 -0.405254006 -0.349964827 5.141320229 0.005541624 -0.089582093 -0.000036217 0.995963991
1439803849.886762 -0.407379985 -0.351079822 5.154339790 0.005233917 -0.089695156 -0.000116659 0.995955527
1439803849.949264 -0.410134137 -0.351937652 5.168206215 0.005270232 -0.089626238 -0.000012252 0.995961487
1439803850.011762 -0.412439525 -0.352947176 5.181302071 0.004448666 -0.089778818 0.000560433 0.995951653
1439803850.074264 -0.414811432 -0.353249252 5.194104671 0.004500977 -0.089685269 0.001189878 0.995959282
1439803850.136764 -0.417056501 -0.354386151 5.207283497 0.003990679 -0.089807309 0.001735126 0.995949686
1439803850.199266 -0.419394612 -0.354853213 5.220263958 0.004561487 -0.090202488 0.002889886 0.995908797
1439803850.261765 -0.421117544 -0.356033653 5.232686520 0.004763717 -0.090885147 0.002150174 0.995847642
1439803850.324269 -0.423590243 -0.356955826 5.245594501 0.005419633 -0.091002047 0.002520113 0.995832741
1439803850.386768 -0.426804006 -0.358009607 5.258625031 0.006193724 -0.090469800 0.002905651 0.995875716
1439803850.449272 -0.428388298 -0.358855009 5.270694733 0.006688675 -0.091620445 0.002686768 0.995767891
1439803850.511772 -0.430703700 -0.359849334 5.282777786 0.007086939 -0.092039533 0.002949050 0.995725751
1439803850.574272 -0.433446586 -0.360665560 5.295566082 0.007325340 -0.092260025 0.003653116 0.995701253
1439803850.636778 -0.435702443 -0.361729652 5.307874680 0.007195010 -0.092574321 0.003848420 0.995672345
1439803850.699277 -0.438257992 -0.362536430 5.320049286 0.007456981 -0.092691533 0.003740697 0.995659888
1439803850.761779 -0.440583348 -0.363755435 5.332304955 0.007429326 -0.093182497 0.003226438 0.995616078
1439803850.824278 -0.442886531 -0.363899827 5.343815804 0.008372604 -0.093129635 0.003396749 0.995612979
1439803850.886781 -0.444936693 -0.364914238 5.355273247 0.008011490 -0.093324341 0.003056831 0.995598853
1439803850.949281 -0.447056055 -0.365691662 5.367119312 0.008260011 -0.093721919 0.003216578 0.995558918
1439803851.011785 -0.449774921 -0.366430640 5.379092216 0.008617304 -0.093940757 0.003544351 0.995534182
1439803851.074289 -0.451498747 -0.367292792 5.390277386 0.008592685 -0.094400324 0.002702637 0.995493591
1439803851.136788 -0.453761160 -0.367937684 5.401759624 0.008721699 -0.094386101 0.002270987 0.995494843
1439803851.199289 -0.456034064 -0.368708611 5.413007259 0.008516124 -0.094446301 0.002275163 0.995490909
1439803851.261787 -0.458242178 -0.369592756 5.424511433 0.008725150 -0.094724774 0.001840898 0.995463550
1439803851.324291 -0.460301638 -0.370281994 5.435652733 0.009152999 -0.094931141 0.001549414 0.995440543
1439803851.386792 -0.461900353 -0.370945722 5.446836948 0.009262759 -0.095595658 0.001156542 0.995376468
1439803851.449294 -0.463825166 -0.371795684 5.457942486 0.008996470 -0.095848456 0.000945950 0.995354831
1439803851.511796 -0.465690374 -0.372374296 5.469168663 0.009283247 -0.096171774 0.000548452 0.995321274
1439803851.574296 -0.467921674 -0.373270124 5.480438232 0.009430524 -0.096162446 0.000283581 0.995320916
1439803851.636797 -0.469701350 -0.374084413 5.491569042 0.009760901 -0.096726142 -0.000300481 0.995263100
1439803851.699300 -0.471727729 -0.375721991 5.499970436 0.008844475 -0.096917532 -0.000505134 0.995252967
1439803851.761799 -0.473480999 -0.375920355 5.510400295 0.009444019 -0.097705647 -0.000129544 0.995170534
1439803851.824300 -0.475847483 -0.376932442 5.521930695 0.009199487 -0.097316958 -0.001048070 0.995210350
1439803851.886802 -0.478218853 -0.377070010 5.532028675 0.009930297 -0.097313032 -0.000932158 0.995203853
1439803851.949305 -0.480581939 -0.377883404 5.543670177 0.010293728 -0.097307071 -0.001072984 0.995200574
1439803852.074307 -0.485272110 -0.378249794 5.563555717 0.010872968 -0.096866287 -0.001045562 0.995237470
1439803852.136805 -0.487734318 -0.378320456 5.573715210 0.010582366 -0.096661665 -0.000988057 0.995260537
1439803852.199308 -0.490365386 -0.378453404 5.583509922 0.010375438 -0.096242741 -0.001863217 0.995302081
1439803852.261808 -0.492994130 -0.378693312 5.593135834 0.010329286 -0.096015342 -0.001792833 0.995324612
1439803852.324310 -0.495829999 -0.378623307 5.602347851 0.010831756 -0.095361106 -0.001539422 0.995382607
1439803852.449310 -0.502149165 -0.378858626 5.621191025 0.011121839 -0.093823239 -0.003326675 0.995521188
1439803852.511811 -0.503106117 -0.378862798 5.633034229 0.011410310 -0.094267331 -0.003353579 0.995475888
1439803852.574312 -0.505147517 -0.379486591 5.645443439 0.011376545 -0.094014324 -0.004177944 0.995497048
1439803852.636812 -0.503812015 -0.379584014 5.655128956 0.011808258 -0.096701026 -0.002933435 0.995239079
1439803852.699312 -0.505702019 -0.380107224 5.667189121 0.012864708 -0.096389450 -0.004126484 0.995252013
1439803852.824313 -0.511829913 -0.387455523 5.685369492 0.007582917 -0.095047913 0.000429705 0.995443702
1439803852.886813 -0.514718473 -0.389302790 5.696136475 0.005933258 -0.094424441 0.001181175 0.995513678
1439803852.949315 -0.515708506 -0.389542878 5.705424786 0.006018371 -0.095561579 0.001404080 0.995404303
1439803853.011817 -0.517725170 -0.390250087 5.715434074 0.006319562 -0.095630981 0.001285153 0.995395958
1439803853.074318 -0.520139575 -0.390493363 5.725559235 0.007150679 -0.095391385 0.002581788 0.995410800
1439803853.199315 -0.523939669 -0.392413825 5.745955944 0.006397324 -0.095679536 0.001778807 0.995390058
1439803853.261818 -0.526392460 -0.393169761 5.756542206 0.006622911 -0.095888339 0.002445251 0.995367110
1439803853.324318 -0.528182268 -0.393752843 5.766411304 0.006854518 -0.096330836 0.003572102 0.995319366
1439803853.386820 -0.530559123 -0.394253075 5.776988029 0.007029473 -0.096043654 0.003727746 0.995345294
1439803853.449322 -0.532208383 -0.395088196 5.787049770 0.006849873 -0.096575037 0.004232012 0.995293140
1439803853.574326 -0.536654770 -0.396826267 5.807298183 0.006683879 -0.097065985 0.002439106 0.995252490
1439803853.636826 -0.538916707 -0.397706151 5.817662716 0.007623916 -0.097406290 0.001801918 0.995213866
1439803853.699325 -0.541093826 -0.398235857 5.827841282 0.008060412 -0.097776078 0.001938485 0.995173931
1439803853.761829 -0.543232262 -0.398996949 5.838213921 0.008289205 -0.098273754 0.002594843 0.995121479
1439803853.824329 -0.545200884 -0.400034308 5.848539829 0.008902979 -0.098884337 0.002864157 0.995054960
1439803853.886830 -0.547351182 -0.400928944 5.858665466 0.009527454 -0.099343404 0.003381983 0.995001853
1439803853.949332 -0.549559236 -0.401818633 5.869528294 0.010054719 -0.099687964 0.003673754 0.994961143
1439803854.011834 -0.551824689 -0.402461648 5.880106926 0.010334629 -0.099831007 0.002728733 0.994946957
1439803854.074333 -0.554091036 -0.403337777 5.890742302 0.009372743 -0.100156642 0.002381461 0.994924664
1439803854.136838 -0.556218565 -0.404179454 5.901206493 0.008818247 -0.100652546 0.002187009 0.994880140
1439803854.199336 -0.558490038 -0.405134261 5.911818504 0.008379342 -0.101170927 0.001873284 0.994831979
1439803854.261840 -0.560681641 -0.405775070 5.922139168 0.007958084 -0.101660118 0.001910660 0.994785547
1439803854.324341 -0.562771142 -0.406395316 5.932878494 0.007551176 -0.102211401 0.002568105 0.994730711
1439803854.386842 -0.565246880 -0.407033205 5.943504810 0.007404560 -0.102327324 0.002663309 0.994719625
1439803854.449342 -0.567350090 -0.407794148 5.953866005 0.007425830 -0.102635860 0.002905144 0.994687021
1439803854.511846 -0.569595575 -0.408370763 5.964461803 0.007706000 -0.103053585 0.003181139 0.994640887
1439803854.574348 -0.571745336 -0.409325421 5.975019932 0.007749708 -0.103521757 0.002644303 0.994593501
1439803854.636848 -0.574072778 -0.409674883 5.985340118 0.007741657 -0.103888951 0.002359067 0.994556010
1439803854.699349 -0.576653540 -0.409997761 5.996047974 0.007777283 -0.103888765 0.002877924 0.994554341
1439803854.761851 -0.578837276 -0.410609335 6.006069660 0.007357587 -0.104034565 0.003156752 0.994541466
1439803854.824352 -0.581386387 -0.412233770 6.016752720 0.006115373 -0.103925027 0.002849585 0.994562268
1439803854.886850 -0.583587527 -0.413311571 6.027399063 0.005441541 -0.104174279 0.003612967 0.994537592
1439803854.949353 -0.585849941 -0.413879097 6.037848949 0.005291129 -0.104398191 0.004262326 0.994512379
1439803855.011851 -0.588179588 -0.414788902 6.048400402 0.004848830 -0.104427755 0.004718618 0.994509459
1439803855.074351 -0.590352714 -0.415347606 6.058596611 0.004732808 -0.104388013 0.005447446 0.994510472
1439803855.136856 -0.592816710 -0.415884852 6.069080830 0.004703280 -0.104224592 0.006881988 0.994518876
1439803855.199355 -0.594954193 -0.416599900 6.079536438 0.004090059 -0.104163259 0.008832954 0.994512618
1439803855.261853 -0.597029805 -0.417494267 6.089948654 0.003155176 -0.104446940 0.010978801 0.994464874
1439803855.324357 -0.598973870 -0.417422771 6.099979877 0.003889304 -0.104268566 0.011016186 0.994480550
1439803855.386854 -0.601582766 -0.417878300 6.110279560 0.004926774 -0.103355631 0.009750902 0.994584441
1439803855.449357 -0.603484154 -0.418816715 6.120281696 0.005701443 -0.103026435 0.008724709 0.994624019
1439803855.511861 -0.605482817 -0.419328988 6.130141258 0.006520180 -0.102104686 0.007722144 0.994722307
1439803855.574355 -0.607713223 -0.420631379 6.140302658 0.006222140 -0.101063080 0.007251636 0.994834125
1439803855.636856 -0.609870374 -0.421306670 6.150324345 0.006536786 -0.099745542 0.007420471 0.994963825
1439803855.699361 -0.611361682 -0.421786010 6.160197258 0.007432236 -0.098634779 0.007538327 0.995067418
1439803855.761858 -0.613148153 -0.422853291 6.169983387 0.007394369 -0.096874811 0.008155700 0.995235682
1439803855.824358 -0.614804924 -0.423657000 6.179809570 0.007033257 -0.095138796 0.008742776 0.995400786
1439803855.886859 -0.616633952 -0.424243748 6.189355850 0.006773667 -0.092898667 0.008543004 0.995615900
1439803855.949359 -0.618192196 -0.425092727 6.198703289 0.006257886 -0.091069363 0.008596799 0.995787740
1439803856.011859 -0.619993091 -0.425922900 6.208241463 0.006052849 -0.088910930 0.007711384 0.995991349
1439803856.074362 -0.621564865 -0.426477700 6.217304230 0.005801613 -0.086501703 0.007432791 0.996207058
1439803856.136861 -0.623092353 -0.427157819 6.226539612 0.006044590 -0.084083565 0.007447995 0.996412516
1439803856.199361 -0.624609470 -0.427794486 6.235731602 0.006906313 -0.081175610 0.006370940 0.996655524
1439803856.261864 -0.626138449 -0.428383440 6.244822502 0.007367733 -0.077705421 0.005881461 0.996931791
1439803856.324365 -0.627175093 -0.429171026 6.253869534 0.007196505 -0.074027322 0.005559605 0.997214735
1439803856.386868 -0.628197908 -0.429834187 6.262678146 0.007046830 -0.069458425 0.005501294 0.997544765
1439803856.449371 -0.628975034 -0.430369914 6.271744251 0.007177861 -0.064794607 0.006134851 0.997853935
1439803856.511868 -0.629667819 -0.430750221 6.280341625 0.007754678 -0.059379980 0.006408068 0.998184741
1439803856.574375 -0.630410254 -0.431334138 6.289378643 0.008270826 -0.053463154 0.007382629 0.998508275
1439803856.636878 -0.630504668 -0.432398736 6.297861099 0.007555903 -0.047408968 0.007999195 0.998814940
1439803856.699376 -0.630785704 -0.432917565 6.306707859 0.006991361 -0.040258549 0.007240452 0.999138594
1439803856.761873 -0.630929768 -0.433628619 6.315009594 0.006224346 -0.032401673 0.006897756 0.999431789
1439803856.824373 -0.630753636 -0.434061229 6.323431015 0.006319154 -0.024292832 0.007025113 0.999660194
1439803856.886876 -0.630018651 -0.434674054 6.331234932 0.005971932 -0.015905669 0.006998226 0.999831200
1439803856.949376 -0.629585147 -0.435239404 6.340037823 0.005919714 -0.006445446 0.007085927 0.999936581
1439803857.011879 -0.629014313 -0.435731292 6.348498344 0.005629535 0.004219376 0.007842620 0.999944508
1439803857.074381 -0.627743125 -0.436426252 6.356990814 0.004931480 0.015588549 0.008574170 0.999829590
1439803857.136880 -0.626312912 -0.437144250 6.365512371 0.004119025 0.028022636 0.009014040 0.999558151
1439803857.199385 -0.624434054 -0.437856853 6.373916149 0.003251873 0.041460950 0.009392710 0.999090672
1439803857.261884 -0.622332215 -0.438020438 6.382464886 0.003193522 0.055780575 0.010204312 0.998385787
1439803857.324384 -0.620008826 -0.438418448 6.390459538 0.002665026 0.070981272 0.010810226 0.997415543
1439803857.386887 -0.617359877 -0.438942581 6.398165703 0.002052397 0.086693101 0.011650521 0.996164799
1439803857.449389 -0.614409328 -0.439363360 6.405914307 0.001731422 0.102862962 0.012878783 0.994610667
1439803857.511889 -0.611069441 -0.439921975 6.413378716 0.001486451 0.119533755 0.015026113 0.992715299
1439803857.574391 -0.607439637 -0.440230519 6.420900822 0.001560397 0.137209877 0.016661232 0.990400612
1439803857.636893 -0.603416443 -0.440560997 6.428192616 0.001097670 0.155214578 0.018279426 0.987711012
1439803857.699394 -0.599149942 -0.440809578 6.435391426 -0.000212640 0.174051329 0.019815555 0.984537184
1439803857.761894 -0.594614744 -0.440940440 6.442394257 -0.001890593 0.193145245 0.020997113 0.980943680
1439803857.824398 -0.589649916 -0.440973014 6.449069977 -0.003228183 0.212544814 0.023589542 0.976861179
1439803857.886898 -0.584277630 -0.440960795 6.455795765 -0.004688472 0.232477799 0.026071705 0.972240865
1439803857.949400 -0.578752995 -0.441141158 6.461976528 -0.006427186 0.252873063 0.028694360 0.967052460
1439803858.011905 -0.572754860 -0.441146314 6.468191147 -0.008209605 0.273513198 0.031437002 0.961319327
1439803858.074401 -0.566544294 -0.441216350 6.473895073 -0.010299189 0.294154495 0.033574421 0.955112457
1439803858.136906 -0.560024977 -0.441154420 6.479542732 -0.011859572 0.314829051 0.035593700 0.948406637
1439803858.199409 -0.553087234 -0.440997839 6.485188484 -0.013617711 0.335433692 0.037873160 0.941203713
1439803858.261905 -0.546000242 -0.440809816 6.490361214 -0.016035493 0.355942875 0.040074199 0.933510363
1439803858.324408 -0.538615465 -0.440361530 6.495024204 -0.017635688 0.376134962 0.042530004 0.925420284
1439803858.386910 -0.530421019 -0.439710051 6.500698090 -0.018883998 0.396672368 0.043420594 0.916738272
1439803858.449412 -0.523140430 -0.439851105 6.504625320 -0.021951478 0.416499108 0.042342905 0.907884181
1439803858.511912 -0.514043331 -0.438855559 6.510576248 -0.022288045 0.436021000 0.043044306 0.898630142
1439803858.574413 -0.505874872 -0.438478231 6.514010906 -0.023383062 0.454304814 0.044242237 0.889439702
1439803858.636915 -0.497307301 -0.438174278 6.517429829 -0.024491096 0.472181469 0.046021570 0.879958391
1439803858.699418 -0.488276243 -0.437659353 6.521048069 -0.025159577 0.489254147 0.048326205 0.870437801
1439803858.761921 -0.479054928 -0.437050283 6.524166107 -0.024644468 0.505244911 0.051387541 0.861092031
1439803858.824422 -0.469386339 -0.436322570 6.527657032 -0.024463119 0.520315051 0.053019430 0.851975799
1439803858.886921 -0.459572315 -0.435649395 6.531160831 -0.025173148 0.534650564 0.053319290 0.843013704
1439803858.949422 -0.450084090 -0.435213327 6.533716202 -0.026702419 0.547970891 0.053202245 0.834376693
1439803859.011923 -0.440221429 -0.434411466 6.536584377 -0.028266048 0.560420990 0.052969337 0.826028824
1439803859.074423 -0.429840326 -0.433807731 6.539439201 -0.030089304 0.571798265 0.052367758 0.818168104
1439803859.136927 -0.419851661 -0.433322132 6.541815281 -0.031170283 0.582037449 0.051962916 0.810901105
1439803859.199428 -0.409514904 -0.432978034 6.544050217 -0.030564809 0.591272652 0.052623730 0.804172337
1439803859.261928 -0.399038911 -0.432330310 6.546137810 -0.028782029 0.599470615 0.053388558 0.798095405
1439803859.324432 -0.388468742 -0.431627303 6.548193932 -0.026960364 0.606603146 0.053873930 0.792718947
1439803859.386931 -0.377940416 -0.431119472 6.550613403 -0.025415309 0.612991393 0.054087825 0.787826180
1439803859.449434 -0.367144942 -0.430362076 6.552026272 -0.024409145 0.617893338 0.053717434 0.784044981
1439803859.511932 -0.356071711 -0.429628998 6.554277897 -0.024368262 0.622523129 0.053012587 0.780423522
1439803859.574432 -0.344841063 -0.428971410 6.556376457 -0.024598239 0.626684725 0.052883666 0.777087212
1439803859.636936 -0.333546400 -0.428454548 6.558124065 -0.024717484 0.630321562 0.053813200 0.774072289
1439803859.699433 -0.321789801 -0.427476913 6.558332920 -0.025143839 0.632968068 0.053792465 0.771897435
1439803859.761936 -0.309469104 -0.426151782 6.556320190 -0.025595004 0.634536445 0.053502798 0.770613968
1439803859.824442 -0.295642495 -0.425092787 6.557600498 -0.026188761 0.637189686 0.052874494 0.768445015
1439803859.886937 -0.287221730 -0.425793469 6.562454700 -0.027166907 0.641252577 0.053781323 0.764960527
1439803859.949436 -0.275447190 -0.424995035 6.567767620 -0.027185069 0.645243824 0.052954897 0.761654258
1439803860.011940 -0.263351560 -0.424309909 6.569690704 -0.026451219 0.647501886 0.051603813 0.759854376
1439803860.074439 -0.250867486 -0.423675060 6.571374893 -0.024825605 0.649458408 0.050036635 0.758342743
1439803860.136937 -0.238977194 -0.423246324 6.573161125 -0.024046786 0.651265442 0.047969539 0.756950438
1439803860.199442 -0.226801455 -0.422775894 6.574864864 -0.024083668 0.652793467 0.046497855 0.755723834
1439803860.261939 -0.214522779 -0.422058612 6.576440811 -0.023714142 0.653947949 0.046025481 0.754765749
1439803860.324440 -0.201973677 -0.421553016 6.578353882 -0.023640597 0.654906452 0.046335097 0.753917575
1439803860.386941 -0.189241290 -0.420730263 6.579708099 -0.024176495 0.655399263 0.046953183 0.753433943
1439803860.449440 -0.177161336 -0.420470655 6.581663132 -0.025488876 0.656154275 0.048122060 0.752659380
1439803860.511940 -0.164638817 -0.419857055 6.583352566 -0.026398119 0.656800032 0.048500951 0.752040207
1439803860.574444 -0.152073026 -0.419607699 6.585247040 -0.027420193 0.657633662 0.048261214 0.751290143
1439803860.636944 -0.139724493 -0.419100374 6.587201118 -0.028475087 0.658478737 0.047547694 0.750555873
1439803860.699447 -0.127080262 -0.418517798 6.588893890 -0.027978970 0.659100056 0.047881991 0.750007689
1439803860.761945 -0.114700854 -0.418081760 6.590631485 -0.026826542 0.659597516 0.048918672 0.749545455
1439803860.824448 -0.101447105 -0.417208850 6.592125893 -0.025841007 0.659732342 0.050040945 0.749387383
1439803860.886950 -0.088304400 -0.416368842 6.593698502 -0.025574341 0.659814060 0.051408339 0.749231935
1439803860.949452 -0.076042891 -0.415735126 6.595212936 -0.026093001 0.659912467 0.052174881 0.749074399
1439803861.011952 -0.062041461 -0.414752930 6.597304344 -0.026663540 0.660202324 0.052358650 0.748786032
1439803861.074453 -0.049014151 -0.414021432 6.599043369 -0.027049702 0.660338879 0.052709982 0.748627067
1439803861.136955 -0.035846233 -0.413226962 6.600682259 -0.026858326 0.660376847 0.053048797 0.748576581
1439803861.199454 -0.023317039 -0.412892580 6.602101803 -0.026803980 0.660256565 0.053259242 0.748669684
1439803861.261957 -0.009542644 -0.411825448 6.604382992 -0.026447227 0.660776317 0.052804451 0.748255968
1439803861.324459 0.003880203 -0.410817623 6.606122494 -0.026521690 0.660881937 0.052233879 0.748200059
1439803861.386961 0.017052889 -0.410319805 6.608358860 -0.027609253 0.661162019 0.051594399 0.747957587
1439803861.449465 0.030160367 -0.409684151 6.609989166 -0.028679084 0.661094129 0.051101211 0.748011231
1439803861.511968 0.043693841 -0.409095585 6.611371994 -0.028835285 0.661075294 0.051608853 0.747986972
1439803861.574465 0.057331562 -0.407711595 6.613399029 -0.028342143 0.661368370 0.051761754 0.747736096
1439803861.636970 0.070868731 -0.406924486 6.615059376 -0.027491949 0.661456823 0.052373871 0.747646928
1439803861.699466 0.084483683 -0.406151354 6.616711617 -0.026609093 0.661622226 0.053162795 0.747476876
1439803861.761969 0.098384738 -0.405397475 6.618250847 -0.026237402 0.662041605 0.053770062 0.747075140
1439803861.824467 0.112013996 -0.404655397 6.619899750 -0.026555773 0.662258804 0.053574305 0.746885478
1439803861.886967 0.126104593 -0.403946519 6.621701241 -0.027438028 0.662409663 0.053465571 0.746727526
1439803861.949470 0.139605820 -0.402996600 6.623640537 -0.028368130 0.662546992 0.054201223 0.746517897
1439803862.011970 0.153803945 -0.402156651 6.625577927 -0.028648652 0.662681937 0.055338051 0.746303976
1439803862.074470 0.167429507 -0.401199281 6.626998425 -0.028807869 0.662705481 0.056172714 0.746214569
1439803862.136974 0.180596411 -0.400326192 6.628487587 -0.028339013 0.662713945 0.057218686 0.746145546
1439803862.199476 0.194933116 -0.399569154 6.630220890 -0.028218510 0.662857175 0.057667226 0.745988309
1439803862.261977 0.208439529 -0.398571134 6.631875992 -0.027750446 0.663207889 0.057918459 0.745674610
1439803862.324478 0.222184598 -0.397495657 6.633444786 -0.028030440 0.663482606 0.057882532 0.745422482
1439803862.386980 0.236118078 -0.396915108 6.635169506 -0.028067950 0.663747311 0.057902757 0.745183825
1439803862.449480 0.249604106 -0.396084756 6.636568069 -0.026770880 0.663922131 0.057563830 0.745102108
1439803862.511979 0.263529003 -0.395371497 6.638382912 -0.024079347 0.664017558 0.057313580 0.745128155
1439803862.574486 0.276994705 -0.394845039 6.639867783 -0.022677414 0.664104760 0.056424197 0.745162308
1439803862.636984 0.290953934 -0.394084096 6.641738892 -0.021335939 0.664182663 0.055633374 0.745191991
1439803862.699485 0.304739892 -0.393285692 6.643556118 -0.020673791 0.664092541 0.055247240 0.745319664
1439803862.761987 0.318526745 -0.392504632 6.645079613 -0.020656563 0.663660288 0.055634994 0.745676219
1439803862.824489 0.332698405 -0.391682982 6.646951199 -0.020960677 0.663026214 0.056801103 0.746143758
1439803862.886989 0.347123086 -0.390885472 6.648713589 -0.021514302 0.662277162 0.057543475 0.746736109
1439803862.949491 0.361107409 -0.390293658 6.650674820 -0.021557745 0.661716700 0.057760563 0.747214794
1439803863.011991 0.375197530 -0.389495790 6.652311802 -0.021153962 0.660946012 0.057440005 0.747932851
1439803863.074492 0.389090598 -0.388853073 6.654248714 -0.020773871 0.660347700 0.057311505 0.748481631
1439803863.136997 0.403291464 -0.388080150 6.656147003 -0.020785371 0.659807563 0.056785252 0.748997569
1439803863.199496 0.417316973 -0.387259722 6.658088207 -0.020677863 0.659149945 0.056984533 0.749564171
1439803863.262001 0.431597650 -0.386642933 6.660128117 -0.020961108 0.658421695 0.057313066 0.750171125
1439803863.324500 0.445648432 -0.385797113 6.662134171 -0.021590315 0.657671273 0.057817314 0.750772595
1439803863.386997 0.459941983 -0.385048509 6.663988590 -0.021449678 0.656931877 0.058979131 0.751333356
1439803863.449501 0.474384010 -0.384101927 6.666139603 -0.020644391 0.656287074 0.060212579 0.751821458
1439803863.512002 0.489178658 -0.383348078 6.668314934 -0.020487353 0.655656755 0.061069343 0.752306461
1439803863.574499 0.502758682 -0.382637203 6.670114040 -0.020881359 0.654972076 0.060870118 0.752907872
1439803863.637001 0.517160058 -0.381838381 6.672430515 -0.020977790 0.654432356 0.059756469 0.753463626
1439803863.699501 0.531266868 -0.381109834 6.674505711 -0.020466274 0.654010713 0.059067436 0.753897965
1439803863.762004 0.545836329 -0.380267203 6.676813126 -0.020225020 0.653469205 0.058355439 0.754429281
1439803863.824506 0.560410917 -0.379632175 6.678999424 -0.019650307 0.653108358 0.058162384 0.754771769
1439803863.887008 0.575400412 -0.378672242 6.681357861 -0.018922474 0.652926981 0.058048904 0.754956067
1439803863.949511 0.589485049 -0.378029227 6.683393002 -0.019128293 0.653005540 0.057823416 0.754900277
1439803864.012008 0.603850365 -0.377373606 6.685587883 -0.019264380 0.653196990 0.057990164 0.754718304
1439803864.074509 0.618425608 -0.376519233 6.687602520 -0.020153496 0.653271496 0.057382513 0.754677057
1439803864.137011 0.633089781 -0.375930727 6.689957142 -0.021449964 0.653346121 0.057129860 0.754595876
1439803864.199513 0.647618592 -0.374921978 6.692159653 -0.022496309 0.653232992 0.057993453 0.754597425
1439803864.262016 0.662073851 -0.373992026 6.694354534 -0.023963839 0.653082490 0.058077827 0.754676044
1439803864.324520 0.676964283 -0.373143464 6.696687222 -0.024437532 0.653129339 0.058681943 0.754573584
1439803864.387019 0.691559076 -0.372336924 6.698623657 -0.022747319 0.653174400 0.059773043 0.754501820
1439803864.449521 0.705888629 -0.371691883 6.700984001 -0.021553485 0.653251648 0.059270415 0.754509687
1439803864.512019 0.720487654 -0.371088624 6.703143120 -0.020478675 0.653295219 0.058490757 0.754562676
1439803864.574521 0.735411346 -0.370032519 6.705552101 -0.021145385 0.653391659 0.056369189 0.754622221
1439803864.637026 0.750196993 -0.369040400 6.708007812 -0.021680590 0.653497219 0.055257559 0.754597902
1439803864.699527 0.765246451 -0.368679523 6.710280418 -0.022016443 0.653519094 0.055243623 0.754570246
1439803864.762031 0.779976904 -0.368046463 6.712605476 -0.022010304 0.653713107 0.055415589 0.754389703
1439803864.824526 0.794974029 -0.367324054 6.714530468 -0.020869160 0.654054940 0.056560412 0.754040837
1439803864.887028 0.810007572 -0.366377473 6.715785503 -0.020117769 0.654202342 0.056836572 0.753912568
1439803864.949529 0.824565470 -0.365921259 6.718769550 -0.020933248 0.655061841 0.056100175 0.753198922
1439803865.012030 0.838954628 -0.365176439 6.720898151 -0.020934287 0.655413866 0.055971101 0.752902150
1439803865.074534 0.854464054 -0.364558816 6.723081112 -0.020334063 0.655900300 0.056899317 0.752425313
1439803865.137036 0.869021535 -0.363724947 6.724872112 -0.019569073 0.656124532 0.057993434 0.752166510
1439803865.199535 0.884485364 -0.362969458 6.727253914 -0.019041384 0.656400800 0.058475927 0.751901567
1439803865.262037 0.899490774 -0.362175047 6.729333401 -0.018800991 0.656798303 0.058702536 0.751542747
1439803865.324538 0.914594531 -0.361262798 6.731418610 -0.019398144 0.657082498 0.058833294 0.751268923
1439803865.387043 0.929913342 -0.360512227 6.733700275 -0.019895259 0.657333612 0.059291109 0.751000166
1439803865.449540 0.944626629 -0.359591544 6.735413074 -0.019548293 0.657374799 0.060053255 0.750912666
1439803865.512042 0.959182203 -0.358914822 6.737033367 -0.019382395 0.657396376 0.061363138 0.750792146
1439803865.574544 0.974499106 -0.357709438 6.739444256 -0.019007178 0.657500207 0.062221706 0.750640154
1439803865.637045 0.990019143 -0.357199550 6.741770267 -0.018909914 0.657773793 0.061780725 0.750439346
1439803865.699546 1.004763484 -0.356309325 6.743757725 -0.018356992 0.657884121 0.061494775 0.750379860
1439803865.762048 1.020127058 -0.355567873 6.746357441 -0.018055305 0.657916427 0.061234541 0.750380099
1439803865.824549 1.034857035 -0.354215384 6.748183250 -0.017437298 0.657706499 0.061280582 0.750575006
1439803865.887051 1.050152779 -0.353537470 6.750270367 -0.017485656 0.657446563 0.062240981 0.750722528
1439803865.949555 1.065993547 -0.352342993 6.752182961 -0.016607260 0.657108426 0.064529829 0.750845313
1439803866.012053 1.081357241 -0.351640254 6.754433155 -0.017256081 0.656891167 0.065267533 0.750956953
1439803866.074557 1.096021891 -0.351119459 6.756834507 -0.019728703 0.656843126 0.064040065 0.751043737
1439803866.137056 1.110237837 -0.350408375 6.759258270 -0.021632938 0.656773686 0.062617682 0.751171947
1439803866.199557 1.125023365 -0.349919677 6.760763168 -0.022157896 0.656510055 0.061134808 0.751509190
1439803866.262060 1.139677048 -0.348558545 6.762830734 -0.021110456 0.655914962 0.061108414 0.752060950
1439803866.324560 1.155974269 -0.347567827 6.764964581 -0.020179622 0.655623913 0.061815243 0.752282500
1439803866.387065 1.171193719 -0.347023785 6.767391682 -0.018939139 0.655498862 0.063381419 0.752293468
1439803866.449562 1.186441898 -0.345345914 6.769608021 -0.018174484 0.655449331 0.065456040 0.752177715
1439803866.512067 1.200487494 -0.344075084 6.771744251 -0.018146608 0.655164897 0.068556868 0.752149999
1439803866.574567 1.214116812 -0.343467921 6.772798061 -0.018451847 0.654968441 0.070620336 0.752122760
1439803866.637069 1.229350805 -0.343013346 6.775736332 -0.017507296 0.654948115 0.071113452 0.752116561
1439803866.699569 1.243006229 -0.342422962 6.777842522 -0.015281338 0.654908061 0.069477029 0.752352893
1439803866.762070 1.259286642 -0.342090726 6.780524731 -0.011888616 0.655193686 0.066183679 0.752462327
1439803866.824572 1.273753405 -0.341751277 6.782418728 -0.007588972 0.655492961 0.064545117 0.752399683
1439803866.887076 1.289413929 -0.340743780 6.783303738 -0.005072587 0.655479133 0.063054442 0.752559245
1439803866.949578 1.304466128 -0.340243578 6.785390854 -0.005237852 0.655770838 0.063302420 0.752283156
1439803867.012075 1.318926096 -0.339516312 6.787707329 -0.006841547 0.656118572 0.065772280 0.751755059
1439803867.074582 1.334555030 -0.338682175 6.789621353 -0.009960476 0.656266272 0.067913152 0.751400769
1439803867.137078 1.349246025 -0.337940514 6.791782379 -0.012867253 0.656377196 0.069403335 0.751123548
1439803867.199580 1.363919735 -0.337259829 6.793945789 -0.015236957 0.656606555 0.069566302 0.750863671
1439803867.262081 1.378759027 -0.336249083 6.796012878 -0.016341029 0.656795025 0.070084535 0.750627339
1439803867.324582 1.393609047 -0.335369229 6.798137188 -0.018754685 0.656919837 0.069566540 0.750509918
1439803867.387087 1.408133507 -0.334418774 6.800341606 -0.020079447 0.657246590 0.068889566 0.750251949
1439803867.449588 1.424027085 -0.333609074 6.801779747 -0.021217890 0.657729089 0.068569452 0.749826968
1439803867.512088 1.438724399 -0.333081216 6.804042339 -0.020656243 0.658351243 0.068763234 0.749278665
1439803867.574591 1.454174280 -0.332093090 6.805743694 -0.019503791 0.658960700 0.065777257 0.749041915
1439803867.637089 1.468820930 -0.331536889 6.808047295 -0.017595939 0.659987092 0.061194472 0.748573720
1439803867.699591 1.483407974 -0.331023097 6.809878349 -0.014962903 0.660977900 0.058349807 0.747983754
1439803867.762093 1.499364018 -0.329952180 6.811690807 -0.013039042 0.661450028 0.056593534 0.747737229
1439803867.824594 1.513595581 -0.329347342 6.813509464 -0.014363082 0.661728203 0.055835344 0.747523844
1439803867.887097 1.528895497 -0.328478336 6.815615654 -0.016556052 0.661862135 0.056870069 0.747281909
1439803867.949597 1.543552876 -0.327939898 6.817548752 -0.019214053 0.662425935 0.058466438 0.746595144
1439803868.012099 1.559005260 -0.327335984 6.818818092 -0.020014020 0.662658393 0.058853339 0.746337414
1439803868.074601 1.574034214 -0.326761186 6.820847034 -0.018519681 0.663286626 0.058164667 0.745871782
1439803868.137099 1.591643095 -0.326189458 6.822614670 -0.015963027 0.664024293 0.056232534 0.745422602
1439803868.199599 1.606467009 -0.325569630 6.824426174 -0.013757351 0.664971769 0.053982839 0.744787991
1439803868.262101 1.620956421 -0.324974239 6.825965405 -0.012977862 0.665614247 0.054011989 0.744225740
1439803868.324604 1.637492895 -0.323977292 6.827321053 -0.012965384 0.666003942 0.057643529 0.743604600
1439803868.387101 1.652413130 -0.323425293 6.829110622 -0.014535188 0.666350305 0.061509885 0.742955267
1439803868.449603 1.668666124 -0.322307348 6.830701828 -0.015443507 0.666871071 0.062443893 0.742391527
1439803868.574603 1.697882414 -0.322033286 6.833358288 -0.007252492 0.668780744 0.057745516 0.741178215
1439803868.637103 1.713905334 -0.321411908 6.835232258 -0.004535392 0.670191288 0.048566006 0.740583837
1439803868.699606 1.728893161 -0.320986867 6.837052822 -0.007762128 0.671035826 0.039785046 0.740316033
1439803868.762105 1.744210005 -0.320258141 6.838738441 -0.009987973 0.671897650 0.038356941 0.739582658
1439803868.824605 1.759717464 -0.319533110 6.839981079 -0.011082408 0.671631336 0.043080881 0.739548862
1439803868.949609 1.791138649 -0.318672687 6.842666626 -0.020029766 0.671017110 0.051168345 0.739402831
1439803869.012110 1.806201696 -0.318336844 6.843725681 -0.019919571 0.671599865 0.053011622 0.738746643
1439803869.074614 1.821559429 -0.316560686 6.845476627 -0.019255541 0.672459364 0.051754922 0.738071203
1439803869.137113 1.834599733 -0.316694260 6.847169399 -0.018752793 0.672759950 0.049831960 0.737942517
1439803869.199614 1.850857019 -0.315637887 6.848007202 -0.016336933 0.673076272 0.047862533 0.737841904
1439803869.262114 1.864737988 -0.315729976 6.849930286 -0.015807856 0.673330903 0.048503581 0.737579167
1439803869.324615 1.880612850 -0.314413488 6.850539207 -0.013938509 0.672834635 0.050109781 0.737962246
1439803869.387118 1.897638083 -0.315431356 6.848733902 -0.008766102 0.670571029 0.055839125 0.739688933
1439803869.449618 1.909137726 -0.313444704 6.852881432 -0.013370757 0.672247171 0.054908253 0.738166690
1439803869.699621 1.921347618 -0.313453406 6.848079681 -0.015857177 0.670433342 0.052479547 0.739941657
