1439803733.072121 -0.000428937 -0.003324425 0.060041741 -0.000354980 0.000747502 0.000876945 0.999999285
1439803733.134623 -0.000211278 -0.004685102 0.079267971 -0.000416753 0.000992690 0.001429473 0.999998391
1439803733.197124 -0.004030661 -0.007231007 0.110372037 -0.000350019 0.003315078 0.001272746 0.999993622
1439803733.259625 -0.003831567 -0.008455254 0.132240057 -0.000565892 0.003455070 0.001779433 0.999992311
1439803733.322126 -0.001528978 -0.008655787 0.144470796 -0.000539092 0.002460192 0.002819105 0.999992847
1439803733.384626 -0.000914947 -0.009411444 0.163244277 -0.000924566 0.002357127 0.003366924 0.999991119
1439803733.447132 -0.001034405 -0.010539240 0.184788734 -0.001961701 0.002689343 0.003575374 0.999988079
1439803733.509631 -0.000095317 -0.011562776 0.198140457 -0.002711924 0.002315696 0.004929676 0.999981463
1439803733.572131 -0.001115936 -0.013455519 0.220108658 -0.002955192 0.002975533 0.004136071 0.999982655
1439803733.634630 -0.002341532 -0.014086721 0.249366894 -0.001756959 0.003553262 0.003631062 0.999985516
1439803733.697131 -0.001315069 -0.016114142 0.267836988 -0.000488282 0.003055115 0.001880965 0.999993443
1439803733.759635 -0.001016871 -0.015870931 0.281059265 0.002090934 0.002317138 0.002746943 0.999991357
1439803733.822134 0.000006528 -0.018268080 0.299810112 0.002324254 0.001913626 0.001664325 0.999994099
1439803733.884635 -0.000996190 -0.018412516 0.327600718 0.002804205 0.001771320 0.002558911 0.999991238
1439803733.947135 -0.000360479 -0.019591870 0.345273763 0.001669746 0.001339629 0.002703812 0.999994040
1439803734.009637 -0.001312420 -0.021201611 0.366510570 0.000393056 0.001488475 0.002739073 0.999995053
1439803734.072138 -0.000804574 -0.022146771 0.372874945 -0.001201754 0.001150880 0.001960883 0.999996722
1439803734.134639 -0.000876045 -0.023184307 0.392003447 -0.002115551 0.000830660 0.001744585 0.999995887
1439803734.197140 -0.001531683 -0.024893174 0.411809713 -0.002917968 0.000764476 -0.000008632 0.999995470
1439803734.259642 -0.001365006 -0.025301514 0.430485249 -0.002577646 0.000209005 0.001133322 0.999996006
1439803734.322144 -0.001009582 -0.026301131 0.449977607 -0.002010335 -0.000103400 0.001421300 0.999996960
1439803734.384647 -0.001452160 -0.027711948 0.470096827 -0.000989408 -0.000189468 0.001858544 0.999997795
1439803734.447148 -0.001347561 -0.028615935 0.489350438 -0.000397632 -0.000366649 0.001263338 0.999999046
1439803734.509649 -0.002154278 -0.029606214 0.509674788 0.000381943 -0.000061715 0.001867499 0.999998212
1439803734.572151 -0.002396708 -0.030593451 0.529433250 0.000941906 -0.000034654 0.002405199 0.999996662
1439803734.634653 -0.002342805 -0.032115150 0.548788309 0.000767557 -0.000088905 0.002146021 0.999997377
1439803734.697154 -0.002026482 -0.032770060 0.563138545 0.000365691 -0.000268910 0.000854658 0.999999523
1439803734.759656 -0.002583642 -0.033823285 0.582814634 0.000342184 -0.000140702 0.000409388 0.999999881
1439803734.822156 -0.002703683 -0.034752600 0.602914929 0.000026727 -0.000114557 0.001051863 0.999999404
1439803734.884655 -0.002243324 -0.036506880 0.626123726 -0.000629787 -0.000418472 0.001096557 0.999999106
1439803734.947155 -0.002690476 -0.037405387 0.645746708 -0.000924204 -0.000341111 0.001151350 0.999998868
1439803735.009656 -0.002503507 -0.038785242 0.664684296 -0.001584783 -0.000442465 0.000631596 0.999998450
1439803735.072156 -0.003627936 -0.039476190 0.683465898 -0.002001737 -0.000006143 0.000632433 0.999997795
1439803735.134656 -0.003238339 -0.040360078 0.703302324 -0.002379637 0.000000484 0.000443267 0.999997079
1439803735.197163 -0.002981836 -0.041710246 0.721274316 -0.002747388 0.000015757 -0.000589818 0.999996066
1439803735.259660 -0.003127564 -0.042651735 0.739819765 -0.002959884 -0.000106463 -0.000597762 0.999995410
1439803735.322162 -0.002780624 -0.042083308 0.746500313 -0.003169137 0.000100755 -0.000914257 0.999994576
1439803735.384663 -0.002758551 -0.043066490 0.765034080 -0.003400169 -0.000241741 -0.000130887 0.999994159
1439803735.447164 -0.003433040 -0.044284418 0.785533845 -0.003718779 0.000111112 0.001071471 0.999992490
1439803735.509664 -0.003186940 -0.045113839 0.804521859 -0.002909701 0.000030053 0.001938203 0.999993920
1439803735.572165 -0.003540072 -0.046055656 0.823169827 -0.001473530 0.000446888 0.001382219 0.999997854
1439803735.634666 -0.004496997 -0.047775637 0.841788530 -0.000978877 0.001599298 -0.001198441 0.999997497
1439803735.697168 -0.003930041 -0.048201077 0.856892169 -0.000472641 0.001312980 -0.001928781 0.999997139
1439803735.759669 -0.003996508 -0.049464423 0.874856234 -0.000499346 0.000931220 -0.001073319 0.999998868
1439803735.822170 -0.004107673 -0.050253514 0.892765880 -0.000700056 0.000322748 -0.000382565 0.999999642
1439803735.884671 -0.003383385 -0.050956037 0.910479724 -0.001456432 -0.000471334 -0.000397366 0.999998748
1439803735.947173 -0.002855825 -0.052189723 0.927664757 -0.002064651 -0.001201405 -0.001337721 0.999996245
1439803736.009675 -0.004685397 -0.053660642 0.946248233 -0.002044841 -0.001066405 -0.001741009 0.999995828
1439803736.072176 -0.005279247 -0.054312665 0.960208774 -0.001749263 -0.001518371 -0.002385083 0.999994457
1439803736.134677 -0.005026760 -0.055222601 0.978103995 -0.001487843 -0.002197455 -0.003111257 0.999991655
1439803736.197179 -0.006009873 -0.056297097 0.998529315 -0.001095809 -0.002999927 -0.003476809 0.999988854
1439803736.259680 -0.005648254 -0.056678139 1.015654802 -0.000789271 -0.004172774 -0.003973538 0.999983072
1439803736.322181 -0.007061002 -0.057935923 1.033116221 -0.001050733 -0.004499215 -0.004544487 0.999979019
1439803736.384682 -0.006867580 -0.059006341 1.049509287 -0.001340864 -0.005328511 -0.005513249 0.999969721
1439803736.447183 -0.007651581 -0.059970003 1.066851139 -0.001436266 -0.005940043 -0.006310116 0.999961436
1439803736.509685 -0.007637374 -0.060997095 1.083509684 -0.002187170 -0.006911982 -0.007467542 0.999945819
1439803736.572186 -0.008132417 -0.061574724 1.099977255 -0.002802089 -0.007755655 -0.008753910 0.999927700
1439803736.634688 -0.009146254 -0.062736325 1.123227596 -0.004022512 -0.008544978 -0.011920863 0.999884367
1439803736.697189 -0.009269437 -0.063441217 1.140352130 -0.003879380 -0.009651620 -0.011248053 0.999882638
1439803736.759691 -0.009911410 -0.064231738 1.157806158 -0.003125405 -0.010580556 -0.010017176 0.999888957
1439803736.822191 -0.010365363 -0.065043539 1.166797876 -0.002520989 -0.011401813 -0.010030380 0.999881506
1439803736.884693 -0.011047712 -0.065946728 1.183935881 -0.001289406 -0.012023159 -0.009919380 0.999877691
1439803736.947194 -0.011717767 -0.066855997 1.200180411 0.000072687 -0.012429958 -0.011266636 0.999859273
1439803737.009695 -0.012001304 -0.067193091 1.209715605 0.000511932 -0.012584858 -0.012672890 0.999840379
1439803737.072196 -0.012452709 -0.068140633 1.226183295 0.000450628 -0.013122816 -0.012565223 0.999834836
1439803737.134699 -0.013004480 -0.069094457 1.242906094 -0.000185160 -0.013621461 -0.012518845 0.999828815
1439803737.197199 -0.013483420 -0.070151024 1.258860707 -0.001079198 -0.013884364 -0.012814020 0.999820888
1439803737.259701 -0.014684465 -0.071630120 1.277656317 -0.001992322 -0.014111972 -0.012965548 0.999814332
1439803737.322202 -0.015077244 -0.072615273 1.293494463 -0.002110732 -0.014511148 -0.013282254 0.999804258
1439803737.384703 -0.015835464 -0.073575862 1.310412645 -0.002002677 -0.014783576 -0.013328115 0.999799907
1439803737.447208 -0.016383687 -0.074556753 1.328781843 -0.001733230 -0.015182393 -0.013715507 0.999789178
1439803737.509706 -0.017138323 -0.075434029 1.345107079 -0.001529890 -0.015603781 -0.013210190 0.999789834
1439803737.572209 -0.017975984 -0.076148175 1.362214327 -0.001047978 -0.016056841 -0.013231465 0.999782979
1439803737.634713 -0.018046362 -0.076277442 1.380173922 -0.000622551 -0.016566778 -0.014060163 0.999763727
1439803737.697210 -0.018787051 -0.077518046 1.396898150 -0.000983106 -0.017209068 -0.014023891 0.999753118
1439803737.759711 -0.019770583 -0.078339994 1.412341118 -0.001634143 -0.017491223 -0.012754560 0.999764323
1439803737.822213 -0.020513970 -0.079241537 1.428991437 -0.002168477 -0.017713653 -0.013435714 0.999750495
1439803737.884714 -0.021446157 -0.080389425 1.445960879 -0.001476312 -0.017641343 -0.014638347 0.999736130
1439803737.947215 -0.022120625 -0.082278557 1.461914420 -0.000632776 -0.018025272 -0.014640350 0.999730170
1439803738.009716 -0.022608904 -0.082975402 1.478475451 0.000528746 -0.017926842 -0.014680827 0.999731362
1439803738.072218 -0.023343420 -0.084171355 1.489149809 0.000950720 -0.017492486 -0.015041342 0.999733388
1439803738.134720 -0.023806065 -0.084317565 1.505419731 0.001713963 -0.017441111 -0.013664784 0.999753058
1439803738.197221 -0.023353726 -0.084954642 1.511438847 0.001483330 -0.017203828 -0.013951958 0.999753535
1439803738.259722 -0.023857197 -0.085683480 1.527512193 0.000234289 -0.016612124 -0.014332918 0.999759257
1439803738.322223 -0.025096780 -0.086670555 1.543389678 -0.001278618 -0.015761798 -0.013826038 0.999779344
1439803738.384727 -0.025970407 -0.087799743 1.559091449 -0.002266262 -0.015195212 -0.013750952 0.999787390
1439803738.447225 -0.025657278 -0.088171378 1.569092393 -0.002430457 -0.014563700 -0.013932799 0.999793887
1439803738.509724 -0.025579467 -0.088678621 1.584034801 -0.002012084 -0.014310259 -0.013429226 0.999805391
1439803738.572227 -0.025710370 -0.090272136 1.600975275 -0.001701832 -0.013849242 -0.013635960 0.999809682
1439803738.634726 -0.027320620 -0.090667106 1.612610340 -0.000727138 -0.012367518 -0.013742341 0.999828815
1439803738.697226 -0.026358392 -0.091764048 1.629725456 -0.000795157 -0.012314532 -0.013888602 0.999827385
1439803738.759727 -0.026978014 -0.092507109 1.644366622 -0.001103401 -0.011603145 -0.014343728 0.999829233
1439803738.822228 -0.026722591 -0.092979409 1.658398271 -0.001335798 -0.011327157 -0.013719906 0.999840856
1439803738.884728 -0.028578319 -0.093305059 1.668270230 -0.001194226 -0.010001074 -0.013597461 0.999856830
1439803738.947231 -0.028260490 -0.094171546 1.681944132 -0.001233032 -0.009580261 -0.013185176 0.999866426
1439803739.009729 -0.029156009 -0.094872296 1.698277950 -0.000865062 -0.008781073 -0.012664028 0.999880910
1439803739.072230 -0.029422862 -0.095641181 1.711302638 -0.000197083 -0.007762432 -0.012466555 0.999892175
1439803739.134733 -0.029449094 -0.096471772 1.724856377 0.000748235 -0.006985697 -0.012941653 0.999891579
1439803739.197232 -0.029824268 -0.097295582 1.733266950 0.001274202 -0.006316104 -0.013426034 0.999889076
1439803739.259731 -0.030218778 -0.099087715 1.745696187 0.001518756 -0.005505973 -0.013401689 0.999893844
1439803739.322233 -0.030419609 -0.099890828 1.757844448 0.002124062 -0.005076098 -0.013847875 0.999888957
1439803739.384733 -0.030101698 -0.101015851 1.771595240 0.002234699 -0.004385993 -0.013480080 0.999897003
1439803739.447234 -0.029629663 -0.100379065 1.784977317 0.002420981 -0.003876846 -0.013045499 0.999904454
1439803739.509735 -0.030585304 -0.101713277 1.796762824 0.001551941 -0.003007596 -0.012826396 0.999912024
1439803739.572236 -0.030957907 -0.102631569 1.812610626 0.001111796 -0.002859951 -0.012221563 0.999920607
1439803739.634737 -0.030321250 -0.102602698 1.824409842 0.000987574 -0.002735936 -0.012021544 0.999923527
1439803739.697239 -0.031161621 -0.104572795 1.832686067 0.000212997 -0.002115243 -0.012115673 0.999924362
1439803739.759739 -0.030906521 -0.104880534 1.844327927 -0.000664541 -0.002270782 -0.013600567 0.999904692
1439803739.822241 -0.032076947 -0.105353758 1.856775641 -0.002030822 -0.002059564 -0.015171769 0.999880731
1439803739.884742 -0.031311087 -0.106358975 1.867898703 -0.002650811 -0.002856416 -0.013990091 0.999894559
1439803739.947244 -0.031784628 -0.107021593 1.885405660 -0.001780776 -0.003523630 -0.012562504 0.999913275
1439803740.009745 -0.031681731 -0.108004943 1.896166086 -0.000831182 -0.003991569 -0.012100094 0.999918461
1439803740.072260 -0.032442816 -0.108307324 1.906564116 -0.000050900 -0.004090160 -0.010859773 0.999932647
1439803740.134747 -0.031555451 -0.108891562 1.917932510 -0.000137070 -0.004600426 -0.010528396 0.999933958
1439803740.197249 -0.032592867 -0.109119684 1.931202412 0.000301673 -0.004669276 -0.011009661 0.999928415
1439803740.259750 -0.033004034 -0.109698690 1.941693783 0.000812670 -0.004776447 -0.012512525 0.999909997
1439803740.322251 -0.033339437 -0.110318623 1.952660918 0.001737949 -0.004892125 -0.013506402 0.999895334
1439803740.384753 -0.033605866 -0.110993505 1.963226795 0.001934655 -0.005093769 -0.014004672 0.999887109
1439803740.447255 -0.033744939 -0.111630365 1.973823905 0.001535448 -0.005903574 -0.013923769 0.999884486
1439803740.509759 -0.034013759 -0.112513587 1.984709859 0.000837698 -0.006267814 -0.014096494 0.999880672
1439803740.572260 -0.034776650 -0.111908659 1.996567130 0.000829497 -0.006292054 -0.014283434 0.999877810
1439803740.634759 -0.035104252 -0.112804756 2.006813526 0.001025905 -0.006346306 -0.013603571 0.999886811
1439803740.697260 -0.034875046 -0.113357410 2.017282009 0.001770535 -0.006753620 -0.013181071 0.999888718
1439803740.759762 -0.035484374 -0.113978840 2.027511597 0.001635287 -0.006868669 -0.014817014 0.999865294
1439803740.822263 -0.035762407 -0.114723548 2.037984610 0.001536659 -0.006976355 -0.015158482 0.999859571
1439803740.884764 -0.036136385 -0.115382001 2.048714638 0.002080435 -0.006891104 -0.014489541 0.999869108
1439803740.947266 -0.036192320 -0.116200000 2.058195114 0.002426081 -0.007053275 -0.014662622 0.999864697
1439803741.009766 -0.036433205 -0.116784893 2.069275141 0.002545100 -0.007571868 -0.014780772 0.999858856
1439803741.072268 -0.036876105 -0.117279470 2.078798771 0.003353015 -0.007754864 -0.013817087 0.999868870
1439803741.134769 -0.037068117 -0.117848516 2.089369059 0.003750597 -0.007836618 -0.014046874 0.999863565
1439803741.197270 -0.037222739 -0.118608892 2.099553347 0.003874723 -0.008020190 -0.012957053 0.999876380
1439803741.259772 -0.037603814 -0.119164117 2.109652519 0.004025174 -0.008024527 -0.012678270 0.999879301
1439803741.322273 -0.037832923 -0.119755991 2.120033264 0.004344387 -0.007833628 -0.012644127 0.999879897
1439803741.384775 -0.038193766 -0.120244145 2.130007982 0.004429832 -0.007871971 -0.012231490 0.999884427
1439803741.447276 -0.038031824 -0.121217951 2.139347076 0.003543227 -0.008347455 -0.012204754 0.999884427
1439803741.509777 -0.038377311 -0.121556394 2.150527716 0.003311009 -0.008394560 -0.012499270 0.999881148
1439803741.572278 -0.038615245 -0.122118048 2.160977364 0.003555321 -0.008483937 -0.011873273 0.999887168
1439803741.634780 -0.038771790 -0.122831434 2.171706915 0.003666952 -0.008492598 -0.011269255 0.999893725
1439803741.697280 -0.038994044 -0.123791859 2.182583332 0.003741103 -0.008711953 -0.011135545 0.999893069
1439803741.759782 -0.038975198 -0.124749072 2.193105459 0.003265363 -0.008998213 -0.011080391 0.999892831
1439803741.822284 -0.039306398 -0.125301629 2.204189301 0.003300089 -0.009470639 -0.010893769 0.999890387
1439803741.884785 -0.039408427 -0.125974357 2.214882135 0.004062337 -0.010030149 -0.009532708 0.999896049
1439803741.947286 -0.040449407 -0.126585871 2.226142406 0.005169368 -0.009968323 -0.009836129 0.999888599
1439803742.009787 -0.039830063 -0.126785889 2.237238884 0.006672539 -0.010378377 -0.010744862 0.999866188
1439803742.072291 -0.039733861 -0.127325177 2.247573376 0.007540377 -0.010908711 -0.011765125 0.999842882
1439803742.134790 -0.040155422 -0.129154667 2.259413958 0.007325009 -0.011436697 -0.013219657 0.999820352
1439803742.197292 -0.040787898 -0.129651219 2.270618916 0.007406584 -0.011931650 -0.015308890 0.999784172
1439803742.259795 -0.040972851 -0.130401343 2.281835556 0.007419969 -0.012318605 -0.018189898 0.999731123
1439803742.322294 -0.041903198 -0.132209226 2.291530132 0.006911391 -0.012493250 -0.018842429 0.999720514
1439803742.384797 -0.042874333 -0.133122668 2.305735826 0.006178771 -0.012479967 -0.018060928 0.999739885
1439803742.447302 -0.043099560 -0.133788928 2.317257166 0.005203362 -0.012933921 -0.016627545 0.999764562
1439803742.509798 -0.042364247 -0.133744121 2.327292204 0.004190065 -0.013321958 -0.015656242 0.999779880
1439803742.572300 -0.043549761 -0.134607062 2.338927031 0.002699092 -0.013230006 -0.015233907 0.999792814
1439803742.634803 -0.043550760 -0.135428995 2.350225449 0.001594052 -0.013360203 -0.014256899 0.999807835
1439803742.697304 -0.043587513 -0.135355100 2.362212896 0.001003393 -0.013410040 -0.015295002 0.999792576
1439803742.759805 -0.045641892 -0.136808231 2.376142502 0.000587963 -0.013311385 -0.016631206 0.999772906
1439803742.822307 -0.045938302 -0.138398916 2.389012098 0.000410557 -0.013893704 -0.017020389 0.999758482
1439803742.884806 -0.045934819 -0.139624432 2.402081490 0.000005072 -0.014674680 -0.016579241 0.999754846
1439803742.947307 -0.046645746 -0.139826179 2.414358377 -0.000003950 -0.015466137 -0.015740866 0.999756455
1439803743.009808 -0.047515467 -0.139305577 2.428557634 0.000850623 -0.015950950 -0.014855193 0.999762058
1439803743.072310 -0.049903177 -0.139589325 2.447358131 0.002724203 -0.016465113 -0.012828317 0.999778390
1439803743.134811 -0.050568007 -0.140869036 2.459472895 0.003913324 -0.016905723 -0.012496022 0.999771357
1439803743.197313 -0.052249983 -0.141007960 2.473448753 0.005003193 -0.017389227 -0.011579148 0.999769211
1439803743.259814 -0.052488398 -0.142187327 2.487099648 0.005891311 -0.017984398 -0.012336735 0.999744773
1439803743.322315 -0.052845720 -0.143874019 2.496101618 0.006519869 -0.018618550 -0.013361984 0.999716163
1439803743.384819 -0.053662974 -0.144191176 2.508115530 0.007612488 -0.019079177 -0.014472176 0.999684274
1439803743.447320 -0.052817076 -0.145160079 2.516263723 0.007756534 -0.019836377 -0.014472285 0.999668419
1439803743.509822 -0.054364447 -0.146779105 2.530441523 0.007215330 -0.019666398 -0.014140082 0.999680579
1439803743.572320 -0.052677121 -0.148047373 2.542921305 0.006324275 -0.020313881 -0.013986111 0.999675810
1439803743.634822 -0.055407025 -0.149099872 2.556271315 0.005652047 -0.019913701 -0.014072640 0.999686658
1439803743.697324 -0.057091258 -0.150934711 2.569083929 0.004699599 -0.019713851 -0.014049736 0.999695897
1439803743.759825 -0.054805402 -0.148396671 2.580210686 0.004853006 -0.020580634 -0.011982229 0.999704599
1439803743.822326 -0.056272890 -0.151062876 2.593546391 0.003837348 -0.020038301 -0.013608905 0.999699235
1439803743.884827 -0.057102565 -0.151254818 2.610568523 0.004026680 -0.020046793 -0.014017282 0.999692678
1439803743.947328 -0.056339517 -0.152869254 2.624497890 0.003816151 -0.020409157 -0.014322486 0.999681830
1439803744.009829 -0.056576274 -0.153600931 2.637452602 0.004080477 -0.020751733 -0.012966383 0.999692261
1439803744.072331 -0.058063749 -0.155707598 2.650635958 0.003338728 -0.020581579 -0.013807321 0.999687254
1439803744.134833 -0.057617508 -0.155710906 2.661488533 0.003269686 -0.021351701 -0.012931217 0.999683022
1439803744.197334 -0.059483796 -0.157572716 2.678683519 0.002870857 -0.020952078 -0.011618255 0.999708891
1439803744.259837 -0.060102932 -0.156078547 2.691275120 0.003297760 -0.021058442 -0.011396185 0.999707878
1439803744.322339 -0.057414621 -0.156030923 2.694335938 0.003062886 -0.021659231 -0.012618000 0.999681056
1439803744.384837 -0.058918387 -0.158473611 2.711063385 0.002697254 -0.021117212 -0.014959188 0.999661446
1439803744.447339 -0.057085708 -0.158192143 2.727032423 0.002843919 -0.022365835 -0.013783538 0.999650776
1439803744.509840 -0.058561414 -0.159311846 2.741283655 0.002391177 -0.022804430 -0.013784355 0.999642074
1439803744.572342 -0.060759567 -0.160384715 2.748785734 0.002546910 -0.023076754 -0.013858489 0.999634385
1439803744.634843 -0.060357697 -0.161105692 2.761267424 0.003539209 -0.023954149 -0.013598216 0.999614298
1439803744.697348 -0.058327146 -0.161732346 2.776209831 0.003971903 -0.025052464 -0.012434646 0.999600887
1439803744.759846 -0.059609368 -0.162069842 2.789757967 0.003776293 -0.025252022 -0.012642564 0.999594033
1439803744.822347 -0.068195112 -0.162335321 2.805850983 0.004341701 -0.024563164 -0.011645637 0.999621034
1439803744.884848 -0.069104046 -0.162795231 2.819478035 0.003956301 -0.025137454 -0.015243366 0.999559939
1439803744.947349 -0.070453428 -0.163784400 2.833683729 0.003566649 -0.025547000 -0.016633682 0.999528885
1439803745.009851 -0.071323082 -0.165164515 2.846606731 0.002820477 -0.026149672 -0.016471624 0.999518335
1439803745.072352 -0.072129473 -0.165569425 2.860929012 0.002455448 -0.026945524 -0.014563327 0.999527812
1439803745.134867 -0.072990835 -0.166679040 2.874772549 0.002157246 -0.027282737 -0.012869353 0.999542594
1439803745.197358 -0.073372118 -0.167441666 2.888672590 0.002174270 -0.027634572 -0.010097215 0.999564707
1439803745.259856 -0.074100882 -0.168237403 2.902707338 0.002499972 -0.027517483 -0.008207587 0.999584496
1439803745.322358 -0.074828357 -0.168919310 2.914416313 0.003183157 -0.026967771 -0.008648315 0.999593854
1439803745.384858 -0.075652309 -0.169735402 2.928308964 0.003670783 -0.026676543 -0.009143448 0.999595582
1439803745.447362 -0.076705001 -0.170650542 2.942415476 0.003420958 -0.026562469 -0.009500326 0.999596179
1439803745.509861 -0.077495247 -0.171517774 2.956261873 0.003509789 -0.026884226 -0.009533213 0.999586940
1439803745.572364 -0.078163221 -0.172398880 2.969624281 0.004249042 -0.027183931 -0.008828819 0.999582410
1439803745.634864 -0.078831226 -0.173214883 2.983491898 0.005223169 -0.027476797 -0.007246264 0.999582529
1439803745.697367 -0.079872049 -0.174273625 2.996019602 0.006029468 -0.027578615 -0.006713068 0.999578893
1439803745.759868 -0.080769747 -0.175246164 3.009611845 0.006549302 -0.027680011 -0.007244285 0.999569118
1439803745.822369 -0.081034526 -0.176170275 3.022839785 0.007369282 -0.028167440 -0.007271664 0.999549627
1439803745.884872 -0.081835851 -0.176950082 3.036864042 0.008340608 -0.028367277 -0.008422107 0.999527335
1439803745.947374 -0.082818195 -0.178234696 3.049571514 0.008825039 -0.028663041 -0.009739094 0.999502718
1439803746.072371 -0.085086063 -0.179794341 3.076517820 0.007914815 -0.029330539 -0.012047513 0.999465823
1439803746.134871 -0.086005576 -0.180808127 3.090034962 0.007006480 -0.029550292 -0.012861395 0.999455988
1439803746.197372 -0.086903393 -0.181749016 3.103055716 0.006246341 -0.030064553 -0.013359813 0.999439120
1439803746.259874 -0.088104315 -0.182652354 3.116914034 0.005459534 -0.030468974 -0.013593263 0.999428391
1439803746.322377 -0.088887170 -0.183528975 3.130514622 0.004257045 -0.031178553 -0.014298167 0.999402463
1439803746.384877 -0.090298973 -0.184264511 3.143693924 0.002605862 -0.031578090 -0.015494225 0.999377787
1439803746.509878 -0.092280298 -0.185925648 3.170687437 0.001025359 -0.032316193 -0.015510240 0.999356806
1439803746.572381 -0.093051523 -0.186925963 3.183414698 0.000926769 -0.033228487 -0.015748987 0.999323249
1439803746.634881 -0.094246581 -0.187710851 3.197586060 0.001308462 -0.033852898 -0.014382900 0.999322474
1439803746.697385 -0.095378324 -0.188521490 3.210850239 0.002319566 -0.034393631 -0.013490436 0.999314666
1439803746.759886 -0.096320793 -0.189520657 3.223586082 0.003499957 -0.034937449 -0.013777328 0.999288440
1439803746.884884 -0.098627508 -0.191263199 3.250636578 0.006623520 -0.036340643 -0.014645635 0.999210179
1439803746.947386 -0.099359334 -0.192454815 3.263156176 0.007765612 -0.037209481 -0.015260315 0.999160767
1439803747.009888 -0.101291016 -0.193152070 3.277062178 0.008234719 -0.037619486 -0.017064193 0.999112487
1439803747.072389 -0.102260634 -0.194003895 3.291069031 0.007814011 -0.038512845 -0.015590317 0.999105930
1439803747.197390 -0.104107365 -0.195920393 3.317588568 0.004529390 -0.040229034 -0.012216425 0.999105573
1439803747.259891 -0.104802087 -0.197193593 3.329772234 0.002892153 -0.040963370 -0.011058073 0.999095261
1439803747.322392 -0.103724197 -0.198173821 3.343874693 0.002104446 -0.042127173 -0.010880854 0.999050796
1439803747.384894 -0.106905267 -0.198149160 3.357901812 0.002345374 -0.042064633 -0.011850624 0.999041855
1439803747.447394 -0.107608959 -0.198320687 3.370173693 0.002513241 -0.042785250 -0.013154849 0.998994529
1439803747.509894 -0.108878225 -0.199550703 3.383797646 0.002799269 -0.043378595 -0.013628948 0.998961806
1439803747.572397 -0.110937074 -0.201719210 3.396516562 0.003548852 -0.044268999 -0.013071517 0.998927832
1439803747.634895 -0.110416174 -0.202964425 3.410350800 0.004446304 -0.045600917 -0.012800960 0.998867810
1439803747.697396 -0.115010500 -0.203329980 3.423998833 0.004312447 -0.045398731 -0.012617026 0.998879910
1439803747.759899 -0.115206987 -0.203814194 3.436587095 0.003975928 -0.046419572 -0.012376950 0.998837411
1439803747.822399 -0.118512407 -0.204802066 3.447828770 0.003099222 -0.046702877 -0.012055709 0.998831272
1439803747.884897 -0.120250180 -0.203762278 3.462188721 0.003141267 -0.047142960 -0.012284268 0.998807728
1439803747.947400 -0.122210920 -0.203520462 3.475313663 0.001670518 -0.047492336 -0.012680345 0.998789728
1439803748.009899 -0.121010035 -0.203905225 3.487708807 -0.000623087 -0.048952699 -0.012476354 0.998722970
1439803748.072399 -0.125731423 -0.206824347 3.498940706 -0.002615066 -0.048127107 -0.014059158 0.998738825
1439803748.134901 -0.126559675 -0.210012928 3.510213614 -0.003230452 -0.048787400 -0.014730405 0.998695314
1439803748.259902 -0.130159393 -0.209735528 3.535461426 0.000541532 -0.048659083 -0.016799835 0.998673975
1439803748.322406 -0.130209073 -0.212270796 3.547496319 0.001635922 -0.048892148 -0.018453777 0.998632252
1439803748.384906 -0.129862607 -0.212213024 3.562583447 0.003839738 -0.049661100 -0.018338986 0.998590350
1439803748.447406 -0.132203192 -0.213291019 3.572236061 0.004970360 -0.049513489 -0.018311528 0.998593211
1439803748.509907 -0.126470700 -0.217510760 3.585247040 0.005359769 -0.051339637 -0.018324777 0.998498738
1439803748.572409 -0.130043641 -0.215850666 3.598051071 0.006554733 -0.050986804 -0.017191632 0.998529851
1439803748.634909 -0.133249789 -0.214314014 3.608594418 0.007223848 -0.050605129 -0.015948793 0.998565316
1439803748.697412 -0.133285791 -0.216081917 3.622889519 0.005983276 -0.050760411 -0.017087869 0.998546779
1439803748.759914 -0.133987814 -0.217690378 3.637224674 0.004874280 -0.051114213 -0.016636269 0.998542368
1439803748.822414 -0.130742356 -0.218909383 3.652082682 0.003897439 -0.052103192 -0.017211206 0.998485804
1439803748.884915 -0.136049569 -0.217040211 3.663056135 0.003544209 -0.050324872 -0.019260088 0.998540878
1439803748.947416 -0.135975048 -0.219153777 3.673769474 0.002480151 -0.050997850 -0.019211169 0.998510897
1439803749.009918 -0.138594285 -0.219855770 3.683522940 0.001743491 -0.050558593 -0.019955423 0.998520195
1439803749.072419 -0.136521131 -0.220325395 3.702142000 0.002374592 -0.051507339 -0.019387359 0.998481572
1439803749.134920 -0.143967941 -0.217992008 3.712249756 0.003229294 -0.049624030 -0.018478313 0.998591781
1439803749.197422 -0.148505569 -0.215202257 3.726382017 0.004524511 -0.048321784 -0.019056298 0.998639762
1439803749.259924 -0.145788237 -0.218544483 3.742767334 0.004354618 -0.048404943 -0.020558199 0.998606741
1439803749.322424 -0.148327962 -0.219927356 3.752722979 0.003940385 -0.048258699 -0.018765593 0.998650789
1439803749.384925 -0.150229096 -0.223307729 3.761917353 0.003092112 -0.047594380 -0.018139632 0.998697221
1439803749.447427 -0.152470753 -0.220611677 3.776329517 0.005034078 -0.046035841 -0.018751707 0.998751104
1439803749.509929 -0.150263295 -0.216401830 3.791635275 0.006347022 -0.045148540 -0.021886664 0.998720348
1439803749.572432 -0.149065912 -0.215645313 3.806562185 0.007230325 -0.044740275 -0.022544375 0.998718083
1439803749.634934 -0.155414179 -0.222449169 3.817981958 0.005944071 -0.042174656 -0.020854900 0.998874903
1439803749.697436 -0.152079567 -0.217191979 3.842584133 0.008828657 -0.041107256 -0.023080656 0.998849094
1439803749.759935 -0.152451605 -0.216518909 3.855185032 0.009390619 -0.038967147 -0.023789490 0.998913169
1439803749.822436 -0.153203666 -0.219841808 3.861444473 0.008052498 -0.036822546 -0.024693495 0.998984218
1439803749.884940 -0.153357506 -0.218105078 3.876179457 0.008617154 -0.035139073 -0.023805548 0.999061704
1439803749.947438 -0.157565624 -0.220710322 3.886020422 0.007583884 -0.031792678 -0.023640836 0.999186099
1439803750.009941 -0.155688822 -0.225825295 3.896936417 0.006552064 -0.029925870 -0.023396235 0.999256790
1439803750.072443 -0.156632066 -0.226912618 3.913312435 0.006684833 -0.026738374 -0.023909865 0.999334157
1439803750.134942 -0.156659037 -0.228232801 3.926457644 0.005802501 -0.024129754 -0.024777777 0.999384880
1439803750.197443 -0.158464566 -0.230597913 3.939793348 0.004450112 -0.020315694 -0.026177650 0.999440968
1439803750.259944 -0.158905938 -0.232747167 3.949008942 0.003986609 -0.017540731 -0.025243012 0.999519527
1439803750.322446 -0.157989666 -0.234145135 3.967521906 0.003720219 -0.013972580 -0.026617691 0.999541104
1439803750.384947 -0.158097908 -0.232953310 3.974178314 0.003004734 -0.008663960 -0.031531978 0.999460697
1439803750.447448 -0.161170036 -0.230470419 3.979488611 0.003245868 -0.002348576 -0.033522595 0.999429941
1439803750.509950 -0.160354167 -0.230757177 3.999041796 0.003985691 0.002643107 -0.032783590 0.999451041
1439803750.572451 -0.159418106 -0.234150812 4.009015560 0.003672006 0.008384212 -0.031838354 0.999451101
1439803750.634967 -0.162006319 -0.235520095 4.010850906 0.003086052 0.015544791 -0.031314440 0.999383926
1439803750.697452 -0.164530098 -0.242677361 4.029322624 0.002386740 0.022401098 -0.027449315 0.999369323
1439803750.759952 -0.162857324 -0.248318091 4.051145554 0.001510840 0.029251875 -0.026876397 0.999209523
1439803750.822455 -0.161529809 -0.248558909 4.061893940 0.000030773 0.037858035 -0.028262196 0.998883367
1439803750.884955 -0.159483880 -0.249272779 4.072941780 -0.001645489 0.046553966 -0.028543243 0.998506546
1439803750.947454 -0.116106689 -0.301878691 4.072685242 -0.021215994 0.039445642 -0.028807050 0.998581052
1439803751.009955 -0.100628883 -0.295670122 4.087051868 -0.018454609 0.044412881 -0.028827081 0.998426735
1439803751.072455 -0.103342682 -0.316211283 4.091265678 -0.025826370 0.055946693 -0.027693762 0.997715414
1439803751.134956 -0.099192917 -0.320922017 4.103340626 -0.026573723 0.066452622 -0.026544303 0.997082412
1439803751.197459 -0.101093113 -0.318545908 4.120594025 -0.025368957 0.080336049 -0.025623834 0.996115446
1439803751.259957 -0.094994962 -0.302203208 4.135774136 -0.018936720 0.091450773 -0.026652239 0.995272756
1439803751.322458 -0.101626277 -0.308789968 4.144827843 -0.021282876 0.105678268 -0.022612793 0.993915379
1439803751.384959 -0.136592984 -0.260719866 4.173009396 -0.001508877 0.131611779 -0.016172137 0.991168261
1439803751.509959 -0.166803360 -0.214615628 4.222771645 0.018903524 0.169171259 -0.010406786 0.985350430
