1439803655.133243 0.000333176 -0.003453132 0.060876414 -0.000249950 0.000875808 0.002003612 0.999997556
1439803655.195743 0.000540246 -0.004545314 0.079533920 0.000039462 0.000845678 0.003337353 0.999994040
1439803655.258243 0.000241588 -0.005992568 0.101543196 0.000038009 0.001131294 0.002745962 0.999995589
1439803655.320745 0.000248176 -0.006686103 0.119789697 -0.000478780 0.001245826 0.001394760 0.999998152
1439803655.383245 -0.000363479 -0.008261492 0.142551824 -0.001629562 0.001686967 0.001002693 0.999996781
1439803655.445747 -0.000517153 -0.009230612 0.163462743 -0.002026506 0.001734581 0.001481937 0.999995351
1439803655.508249 -0.000354586 -0.009765479 0.182289451 -0.002033063 0.001220864 0.002111969 0.999994934
1439803655.570750 -0.000411347 -0.010385292 0.202292174 -0.002423775 0.000755084 0.002446006 0.999993742
1439803655.633252 -0.000528826 -0.011907178 0.223110825 -0.003247459 0.000409004 0.003628047 0.999988019
1439803655.695752 -0.000717116 -0.012312123 0.243058234 -0.003208599 0.000201407 0.003755784 0.999987781
1439803655.758254 -0.000977228 -0.013617465 0.264247954 -0.002332876 0.000375862 0.003718791 0.999990284
1439803655.820755 -0.000556658 -0.015105697 0.281093299 -0.001509894 0.000142284 0.003846726 0.999991477
1439803655.883257 -0.001171479 -0.015880547 0.303435296 -0.000863905 0.000140534 0.003757803 0.999992549
1439803655.945758 -0.001361391 -0.016833868 0.323566973 -0.001068041 -0.000109358 0.002761828 0.999995589
1439803656.008259 -0.001464132 -0.018036945 0.343496621 -0.001540374 -0.000320608 0.001411699 0.999997795
1439803656.070763 -0.001219382 -0.019108605 0.361401379 -0.001895935 -0.000463144 0.001024087 0.999997556
1439803656.133264 -0.001415360 -0.019993626 0.381586492 -0.002064169 -0.000116377 0.000772969 0.999997556
1439803656.195764 -0.001434303 -0.021200836 0.401780218 -0.002787225 0.000139022 0.001504712 0.999994934
1439803656.258266 -0.001259443 -0.022335416 0.421633035 -0.003782095 0.000333724 0.002540334 0.999989569
1439803656.320766 -0.001362399 -0.023325501 0.441708952 -0.004340221 0.000735936 0.003012690 0.999985814
1439803656.383267 -0.001134540 -0.024174038 0.461603850 -0.004930985 0.001423897 0.002228100 0.999984324
1439803656.445773 -0.001082365 -0.025432045 0.481785506 -0.005535521 0.002496622 0.001257087 0.999980748
1439803656.508269 -0.000989471 -0.025818059 0.500108957 -0.006309789 0.003306699 0.001499131 0.999973476
1439803656.570769 -0.000870191 -0.026685027 0.519952834 -0.006775238 0.004045856 0.001632817 0.999967515
1439803656.633274 -0.000480294 -0.027723197 0.539645493 -0.006074228 0.004757238 0.001205551 0.999969482
1439803656.695771 -0.000302414 -0.028740039 0.558832765 -0.005065029 0.005691924 0.001964199 0.999969006
1439803656.758270 0.000079500 -0.029848594 0.577923477 -0.004502267 0.007073126 0.003261664 0.999959528
1439803656.820772 0.000846725 -0.031238327 0.597191155 -0.003766976 0.008567621 0.004395152 0.999946535
1439803656.883272 0.001159498 -0.032002803 0.616655767 -0.002752777 0.010305136 0.005224276 0.999929488
1439803656.945774 0.001122257 -0.032967921 0.636153758 -0.001157468 0.012015142 0.005278006 0.999913216
1439803657.008275 0.002163141 -0.033846643 0.655432284 -0.000553039 0.013453291 0.004744714 0.999898076
1439803657.070777 0.002913063 -0.035065159 0.675297558 -0.000685025 0.015500481 0.004438737 0.999869764
1439803657.133277 0.003937589 -0.036037009 0.694634140 -0.001431621 0.017350476 0.002883842 0.999844313
1439803657.195778 0.004243530 -0.036815904 0.714114368 -0.002494167 0.019098569 0.001930043 0.999812603
1439803657.258278 0.005392887 -0.038090032 0.732627928 -0.003507345 0.020315956 0.002605205 0.999784052
1439803657.320781 0.006786853 -0.039012760 0.751698315 -0.003787281 0.021617409 0.004273689 0.999750018
1439803657.383281 0.008605046 -0.040355794 0.770599961 -0.003766940 0.022963451 0.006292519 0.999709368
1439803657.445782 0.009610176 -0.041329734 0.789508522 -0.003856756 0.024705149 0.008073529 0.999654710
1439803657.508282 0.011092041 -0.042057443 0.809128165 -0.004347980 0.026309701 0.009823637 0.999596119
1439803657.570784 0.012016777 -0.043010876 0.828611434 -0.005395034 0.028016491 0.009758137 0.999545276
1439803657.633285 0.013735477 -0.043607935 0.847111344 -0.006368200 0.029598383 0.008322831 0.999506950
1439803657.695786 0.013964456 -0.043599099 0.861665487 -0.007420957 0.031777468 0.006141828 0.999448538
1439803657.758287 0.015009567 -0.044007879 0.880237818 -0.008526495 0.033330489 0.005349012 0.999393702
1439803657.820788 0.016601581 -0.044992119 0.898975253 -0.009886713 0.034585021 0.004880966 0.999340951
1439803657.883290 0.017443351 -0.046236917 0.920138478 -0.011207428 0.035409153 0.006297313 0.999290228
1439803657.945791 0.019631401 -0.046967991 0.938878596 -0.011266613 0.036166016 0.009990075 0.999232352
1439803658.008292 0.021731913 -0.047345050 0.955761850 -0.010640195 0.037572019 0.013090528 0.999151528
1439803658.070794 0.024001077 -0.048431624 0.973541796 -0.009590535 0.038204413 0.015411261 0.999105036
1439803658.133294 0.025655892 -0.048858449 0.992231548 -0.008123187 0.039095011 0.015209007 0.999086738
1439803658.195794 0.026069187 -0.050530385 1.012171745 -0.007209184 0.039986510 0.014072704 0.999075115
1439803658.258296 0.026913710 -0.051615912 1.030632854 -0.006457955 0.040991239 0.011927640 0.999067426
1439803658.320800 0.028992772 -0.051641233 1.048214197 -0.004887273 0.042087767 0.009024951 0.999061227
1439803658.383299 0.030112583 -0.052195325 1.067082167 -0.003751718 0.042880643 0.008155178 0.999039888
1439803658.445803 0.032491662 -0.053235367 1.085741997 -0.003124626 0.042442434 0.009739627 0.999046564
1439803658.508300 0.034286160 -0.054384332 1.104964733 -0.002923993 0.041927256 0.011801870 0.999046683
1439803658.570801 0.036539003 -0.054935768 1.124101639 -0.002786668 0.041177630 0.014240608 0.999046445
1439803658.633304 0.038695235 -0.056044411 1.143319011 -0.003060943 0.040177092 0.016643440 0.999049246
1439803658.695804 0.039812904 -0.056871444 1.162322879 -0.003384570 0.039286576 0.017168397 0.999074697
1439803658.758305 0.041203123 -0.057532739 1.181260705 -0.003661531 0.037868131 0.016468462 0.999140322
1439803658.820807 0.041456200 -0.058297738 1.200316548 -0.004091818 0.036465619 0.014517288 0.999221087
1439803658.883306 0.042164318 -0.059260149 1.218911529 -0.004594974 0.034537911 0.013269833 0.999304712
1439803658.945807 0.042617019 -0.060209766 1.237860322 -0.005394207 0.032640185 0.011810585 0.999382854
1439803659.008309 0.043788496 -0.061285533 1.256499410 -0.006530217 0.030521924 0.011417525 0.999447584
1439803659.070811 0.044704605 -0.061607167 1.276012421 -0.007426235 0.028160630 0.011880405 0.999505222
1439803659.133312 0.045569826 -0.062897414 1.295123458 -0.007847505 0.025443316 0.013818904 0.999549985
1439803659.195813 0.047303911 -0.063353606 1.316215634 -0.007847729 0.022357455 0.016042914 0.999590516
1439803659.258315 0.046568338 -0.064469039 1.333673477 -0.008413615 0.019627042 0.016801575 0.999630749
1439803659.320819 0.046701487 -0.064953968 1.353150964 -0.008503982 0.016464325 0.016263656 0.999696016
1439803659.383319 0.046728119 -0.065900341 1.372174740 -0.009005618 0.013085351 0.015064504 0.999760330
1439803659.445818 0.046275333 -0.066467121 1.391872168 -0.008488708 0.009562472 0.014349347 0.999815285
1439803659.508320 0.045950241 -0.067287944 1.411106706 -0.007496486 0.005841692 0.014179236 0.999854267
1439803659.570821 0.045607891 -0.068118103 1.430142522 -0.006359181 0.001883085 0.014909483 0.999866843
1439803659.633322 0.045092355 -0.068874493 1.449756861 -0.005323231 -0.001925754 0.015285553 0.999867141
1439803659.695824 0.044112407 -0.069829285 1.469184279 -0.004697515 -0.005639550 0.016400984 0.999838531
1439803659.758325 0.043286003 -0.070697226 1.487881899 -0.004537557 -0.009523791 0.017151650 0.999797225
1439803659.820829 0.042219605 -0.071472593 1.507637024 -0.004184677 -0.013326728 0.017354455 0.999751806
1439803659.883329 0.040908027 -0.072616741 1.526449084 -0.004822403 -0.017369814 0.017681260 0.999681175
1439803659.945828 0.039654806 -0.073227376 1.545350194 -0.005038784 -0.021720873 0.018038062 0.999588668
1439803660.008335 0.037872493 -0.074622095 1.564383984 -0.005143840 -0.026221331 0.017886175 0.999482870
1439803660.070831 0.036250345 -0.076605693 1.583881259 -0.005582900 -0.030499648 0.016689653 0.999379873
1439803660.133333 0.034336478 -0.076829813 1.602516055 -0.005220925 -0.034560088 0.016467236 0.999253333
1439803660.195834 0.032016449 -0.077055544 1.623159170 -0.004699018 -0.037906267 0.015321173 0.999152780
1439803660.258335 0.029700086 -0.078528784 1.642185926 -0.004603674 -0.041134499 0.014003979 0.999044895
1439803660.320838 0.027105615 -0.079948351 1.661977410 -0.004182082 -0.043987866 0.013893101 0.998926699
1439803660.383338 0.024600938 -0.080342896 1.680107355 -0.003555307 -0.046837173 0.013727732 0.998801887
1439803660.445839 0.022363737 -0.081788085 1.700122118 -0.004131922 -0.049069546 0.013034189 0.998701751
1439803660.508342 0.020042270 -0.082432725 1.719807267 -0.004833727 -0.050940134 0.012193559 0.998615563
1439803660.570842 0.017464131 -0.082993194 1.738973618 -0.004714667 -0.052534949 0.012746751 0.998526633
1439803660.633343 0.015213668 -0.083789095 1.758661032 -0.004628282 -0.054090049 0.013342667 0.998436213
1439803660.695844 0.012275040 -0.084783874 1.777878165 -0.004907588 -0.055261508 0.013093460 0.998373985
1439803660.758346 0.010308057 -0.086143985 1.797223806 -0.005076020 -0.056690756 0.013563693 0.998286724
1439803660.820846 0.008088365 -0.086927377 1.816973925 -0.005143084 -0.057997804 0.013725187 0.998209119
1439803660.883348 0.004593208 -0.088127963 1.837186813 -0.005177565 -0.058305345 0.012414358 0.998208165
1439803660.945850 0.002151862 -0.089086413 1.856335878 -0.004819651 -0.058644202 0.009890042 0.998218358
1439803661.008352 -0.000624582 -0.090054296 1.875734091 -0.004883347 -0.058894891 0.007727906 0.998222351
1439803661.070853 -0.003494740 -0.091037050 1.895730972 -0.005241062 -0.058843393 0.006259511 0.998233855
1439803661.133354 -0.005868539 -0.091575369 1.915653586 -0.005814250 -0.058576696 0.004638473 0.998255193
1439803661.195854 -0.008409649 -0.092324466 1.935994267 -0.006513420 -0.058006112 0.004160762 0.998286307
1439803661.258356 -0.010432750 -0.093167529 1.956645250 -0.006810810 -0.057473004 0.004673279 0.998312891
1439803661.320857 -0.012972310 -0.094096616 1.976155877 -0.006448044 -0.056628387 0.005139709 0.998361290
1439803661.383360 -0.015080780 -0.095345959 1.996280193 -0.005998293 -0.055999894 0.005214552 0.998399138
1439803661.445862 -0.017420486 -0.096115932 2.016598225 -0.005788501 -0.055127554 0.004632377 0.998451769
1439803661.508361 -0.020009935 -0.097091176 2.036724806 -0.005686388 -0.053800255 0.002522829 0.998532295
1439803661.570863 -0.022361785 -0.097801372 2.057319880 -0.004985754 -0.052429643 0.001206481 0.998611450
1439803661.633364 -0.024520278 -0.098853737 2.077747583 -0.004624822 -0.050906193 0.000006509 0.998692751
1439803661.695865 -0.026666135 -0.099806629 2.098372936 -0.004419801 -0.049137224 -0.001050765 0.998781741
1439803661.758367 -0.028333634 -0.100708090 2.119523287 -0.004046862 -0.047463831 -0.000467897 0.998864651
1439803661.820868 -0.029563099 -0.101865821 2.139010191 -0.003593800 -0.045628693 0.000695887 0.998951733
1439803661.883369 -0.031184733 -0.102733187 2.159980536 -0.002682052 -0.043367211 0.001664848 0.999054193
1439803661.945870 -0.032756135 -0.104040630 2.180895805 -0.002447598 -0.041286301 0.002605007 0.999140978
1439803662.008372 -0.033672944 -0.104791038 2.201336384 -0.001997942 -0.039306574 0.003335144 0.999219596
1439803662.070873 -0.035182163 -0.105832092 2.222419262 -0.001426326 -0.036973797 0.003068479 0.999310493
1439803662.133374 -0.036709286 -0.106962495 2.243360519 -0.001150711 -0.034958087 0.003014395 0.999383569
1439803662.195875 -0.038459212 -0.108262308 2.264437914 -0.001504693 -0.032510247 0.002746274 0.999466479
1439803662.258377 -0.039483957 -0.109658808 2.284830093 -0.002055039 -0.030597406 0.002714369 0.999525964
1439803662.320878 -0.040731147 -0.110439859 2.306158304 -0.002273576 -0.028338483 0.002239452 0.999593318
1439803662.383380 -0.041906141 -0.111389652 2.328892708 -0.002263652 -0.026397400 0.002454137 0.999645948
1439803662.445881 -0.041989274 -0.112240605 2.350318432 -0.002362365 -0.024609122 0.002782336 0.999690473
1439803662.508382 -0.044036891 -0.113839053 2.371224403 -0.003134778 -0.021887820 0.002635416 0.999752045
1439803662.570886 -0.044838130 -0.114427738 2.393275738 -0.003487440 -0.019955624 0.003060864 0.999790132
1439803662.633385 -0.045329973 -0.115490444 2.414532423 -0.004096518 -0.017798435 0.002436069 0.999830246
1439803662.695885 -0.045077194 -0.116451055 2.435228586 -0.004782409 -0.015823789 0.002049467 0.999861300
1439803662.758385 -0.046028506 -0.117435008 2.457038403 -0.006116149 -0.013419839 0.001643417 0.999889910
1439803662.820886 -0.046371948 -0.118316516 2.478511810 -0.007239386 -0.011192097 0.001134476 0.999910474
1439803662.883386 -0.047104880 -0.119932629 2.501221895 -0.007828203 -0.009173240 0.000310398 0.999927223
1439803662.945887 -0.046962652 -0.120122656 2.521631956 -0.007510266 -0.007475887 -0.000340235 0.999943793
1439803663.008388 -0.047070500 -0.121150807 2.543197155 -0.006987257 -0.005739681 -0.000600085 0.999958932
1439803663.070888 -0.047255766 -0.122091062 2.565305233 -0.006475248 -0.003980176 -0.001151835 0.999970436
1439803663.133389 -0.046922494 -0.122825697 2.585660696 -0.005624233 -0.002512053 -0.000817860 0.999980688
1439803663.195889 -0.046679456 -0.123193197 2.607572556 -0.005085105 -0.001188616 -0.000824400 0.999985993
1439803663.258390 -0.046803840 -0.124429904 2.628992081 -0.005494442 0.000094553 -0.000828316 0.999984562
1439803663.320890 -0.047276579 -0.125518620 2.650954008 -0.005383230 0.001430762 -0.001018902 0.999983966
1439803663.383391 -0.046766549 -0.126758829 2.672765732 -0.004976224 0.001864913 -0.000668440 0.999985635
1439803663.445891 -0.046910293 -0.127805442 2.695008516 -0.004691446 0.002354163 -0.000815590 0.999985874
1439803663.508391 -0.046812590 -0.129044801 2.718887091 -0.004423573 0.002766088 -0.000459579 0.999986291
1439803663.570893 -0.047389105 -0.130228907 2.739475012 -0.004059077 0.003486152 -0.001133758 0.999985039
1439803663.633393 -0.046886265 -0.130925849 2.762334347 -0.003177679 0.003964788 -0.001629418 0.999985754
1439803663.695893 -0.046753746 -0.132697538 2.784133673 -0.003799285 0.004454375 -0.002530979 0.999979675
1439803663.758394 -0.047002509 -0.133207500 2.808700323 -0.004690494 0.004789127 -0.003495077 0.999971390
1439803663.820895 -0.046472341 -0.134123832 2.831462860 -0.005365204 0.004821631 -0.002875517 0.999969840
1439803663.883395 -0.045921836 -0.136496678 2.853943586 -0.005943908 0.004677477 -0.002779144 0.999967515
1439803663.945896 -0.046125162 -0.136651665 2.875997782 -0.005752862 0.004732339 -0.003213553 0.999967098
1439803664.008397 -0.046546735 -0.137284577 2.898304462 -0.005194599 0.005136933 -0.002729990 0.999969602
1439803664.070912 -0.045839630 -0.139458537 2.921373129 -0.004566480 0.005214169 -0.003562166 0.999969602
1439803664.133399 -0.046398282 -0.140976086 2.944210768 -0.003368290 0.005759405 -0.004647802 0.999966919
1439803664.195901 -0.048573155 -0.140674397 2.968639135 -0.001990155 0.006434343 -0.005211831 0.999963701
1439803664.258402 -0.047629375 -0.141662329 2.989474297 -0.001678588 0.006209201 -0.006232867 0.999959886
1439803664.320903 -0.046277810 -0.143620238 3.012846708 -0.001602576 0.005883312 -0.006094957 0.999962807
1439803664.383405 -0.045770407 -0.144975096 3.035023689 -0.001861471 0.005860856 -0.006010440 0.999963045
1439803664.445906 -0.046286426 -0.146670341 3.059936047 -0.002608723 0.006285850 -0.007029453 0.999952137
1439803664.508408 -0.045957945 -0.146828040 3.081544876 -0.003291472 0.006279241 -0.007644174 0.999945641
1439803664.570909 -0.046038620 -0.148099437 3.105168104 -0.003964204 0.006449079 -0.006869906 0.999947727
1439803664.633410 -0.045183964 -0.149214879 3.128235817 -0.004057918 0.006587845 -0.006856118 0.999946535
1439803664.695911 -0.045673903 -0.150385752 3.151924372 -0.004216668 0.007267179 -0.007352031 0.999937654
1439803664.758413 -0.045496911 -0.152009934 3.174738646 -0.004487710 0.007637825 -0.007352675 0.999933720
1439803664.820914 -0.044870347 -0.152287841 3.197341204 -0.004648231 0.008047334 -0.008007025 0.999924779
1439803664.883415 -0.044725202 -0.153725863 3.222059011 -0.004734593 0.008701935 -0.008714405 0.999912977
1439803664.945916 -0.044443086 -0.154208124 3.245453835 -0.004317691 0.009014064 -0.008444768 0.999914408
1439803665.008418 -0.044100489 -0.155948594 3.268627405 -0.003968173 0.009362823 -0.008590256 0.999911368
1439803665.070919 -0.044309027 -0.157376945 3.292269945 -0.003372535 0.009817294 -0.008277066 0.999911845
1439803665.133421 -0.043057248 -0.158065066 3.316546917 -0.002991042 0.010229286 -0.008871791 0.999903858
1439803665.195922 -0.043311805 -0.159064308 3.339813232 -0.002585577 0.010808742 -0.009289127 0.999895096
1439803665.258424 -0.043089725 -0.159959286 3.363774300 -0.002024882 0.011290099 -0.009725731 0.999886930
1439803665.320925 -0.042606443 -0.161340311 3.387185574 -0.002335496 0.011527171 -0.009395063 0.999886692
1439803665.383425 -0.042198889 -0.162546843 3.411127090 -0.003693554 0.011970608 -0.009437011 0.999877036
1439803665.445927 -0.041892521 -0.163197458 3.434985638 -0.005553384 0.012291165 -0.011245737 0.999845803
1439803665.508428 -0.041802384 -0.164148971 3.458467960 -0.006223794 0.012854335 -0.012012370 0.999825835
1439803665.570945 -0.041126192 -0.165566355 3.482758522 -0.006408964 0.013298356 -0.012933711 0.999807358
1439803665.633431 -0.040806621 -0.167016357 3.505906343 -0.005993525 0.013560570 -0.012885464 0.999807060
1439803665.695932 -0.040182158 -0.168131992 3.529037952 -0.005257697 0.013861622 -0.013584356 0.999797821
1439803665.758433 -0.039923981 -0.169330955 3.552416801 -0.004046611 0.014156193 -0.013574031 0.999799490
1439803665.820935 -0.039026208 -0.170795351 3.576858759 -0.003254755 0.014458191 -0.013624608 0.999797344
1439803665.883441 -0.039100267 -0.171368852 3.598999500 -0.003060880 0.015142535 -0.013990168 0.999782801
1439803665.945937 -0.038313523 -0.172504753 3.622607946 -0.002834524 0.015469761 -0.013777907 0.999781370
1439803666.008440 -0.037728295 -0.174525917 3.645336866 -0.003212764 0.015770286 -0.014303968 0.999768198
1439803666.070942 -0.036897436 -0.175435469 3.669638395 -0.004194594 0.016051084 -0.015608720 0.999740541
1439803666.133443 -0.037592068 -0.176548868 3.692141533 -0.004881333 0.016535301 -0.014952491 0.999739587
1439803666.195943 -0.036553428 -0.177303836 3.716141939 -0.005107941 0.016970571 -0.014907127 0.999731779
1439803666.258444 -0.036648482 -0.178423211 3.737030983 -0.005158467 0.017235572 -0.014698654 0.999730110
1439803666.320945 -0.035878047 -0.179479674 3.758351326 -0.005219154 0.017056137 -0.013878727 0.999744594
1439803666.383446 -0.034256414 -0.180532575 3.783640623 -0.005263368 0.017229300 -0.014232665 0.999736369
1439803666.445948 -0.034906238 -0.181505948 3.806345224 -0.004869876 0.017846152 -0.014479304 0.999724030
1439803666.508449 -0.033676341 -0.182682127 3.828790188 -0.005071575 0.018061314 -0.013862112 0.999727905
1439803666.570950 -0.032582253 -0.184394687 3.852463245 -0.005415046 0.018035989 -0.013849449 0.999726713
1439803666.633451 -0.032952100 -0.185268790 3.875058174 -0.005262877 0.018203823 -0.014140129 0.999720454
1439803666.695955 -0.032184318 -0.186108366 3.899400473 -0.004756680 0.018382061 -0.014369749 0.999716461
1439803666.758454 -0.030941755 -0.187424734 3.923131227 -0.004503215 0.018271638 -0.014890435 0.999712050
1439803666.820957 -0.030333236 -0.188158199 3.946313620 -0.004321639 0.018495474 -0.016144872 0.999689221
1439803666.883458 -0.030434877 -0.189275682 3.969679117 -0.004281163 0.018514235 -0.016741084 0.999679267
1439803666.945958 -0.029055327 -0.190356210 3.993432522 -0.004461478 0.018305657 -0.016837334 0.999680698
1439803667.008459 -0.028582975 -0.191205949 4.017587662 -0.004803329 0.018402362 -0.016474286 0.999683380
1439803667.070961 -0.028249055 -0.192748711 4.039642334 -0.005679809 0.018436374 -0.016767053 0.999673307
1439803667.133462 -0.027343526 -0.193163142 4.064150810 -0.005956645 0.018570129 -0.017539086 0.999655962
1439803667.195964 -0.026603848 -0.195236623 4.086994648 -0.006118101 0.018504705 -0.017745243 0.999652565
1439803667.258465 -0.027323723 -0.195584297 4.110072136 -0.005749625 0.018632157 -0.018467072 0.999639273
1439803667.320966 -0.026578173 -0.195550114 4.132927895 -0.005938097 0.017861964 -0.019522730 0.999632180
1439803667.383467 -0.026082724 -0.197784215 4.156848431 -0.006152976 0.017177230 -0.019055156 0.999651909
1439803667.445969 -0.025486857 -0.198967189 4.180721283 -0.005924698 0.016379550 -0.019096205 0.999665916
1439803667.508472 -0.024638072 -0.200177819 4.204343796 -0.005141884 0.015450494 -0.017612485 0.999712229
1439803667.570971 -0.024856031 -0.201276913 4.227097988 -0.004611541 0.014822965 -0.016561421 0.999742329
1439803667.633472 -0.023974344 -0.202319041 4.250091076 -0.004082859 0.014238045 -0.017425593 0.999738455
1439803667.695976 -0.023076050 -0.203498960 4.273483753 -0.002916597 0.013659807 -0.017889695 0.999742389
1439803667.758476 -0.023285776 -0.204923362 4.296347618 -0.002009687 0.013242064 -0.018126540 0.999745965
1439803667.820976 -0.023562543 -0.206296444 4.319359779 -0.001717790 0.012657172 -0.018401690 0.999749064
1439803667.883478 -0.022365004 -0.207064703 4.343412876 -0.001968970 0.011704830 -0.018345065 0.999761224
1439803667.945980 -0.022751719 -0.208089933 4.366628647 -0.002298871 0.010963956 -0.017827312 0.999778271
1439803668.008485 -0.022772774 -0.208951384 4.389914513 -0.002164286 0.010215622 -0.017154710 0.999798298
1439803668.070982 -0.022123203 -0.211085379 4.412828445 -0.002342226 0.009298686 -0.016371587 0.999819994
1439803668.133486 -0.021678030 -0.212316513 4.436818600 -0.002643829 0.008222276 -0.016317118 0.999829531
1439803668.195986 -0.022421993 -0.213049024 4.459366798 -0.003104031 0.007554735 -0.017215740 0.999818444
1439803668.258486 -0.021922335 -0.215228125 4.482172966 -0.002996277 0.006283234 -0.017337427 0.999825478
1439803668.320988 -0.024471506 -0.215924844 4.503719330 -0.002680304 0.005505048 -0.017693985 0.999824703
1439803668.383491 -0.023100395 -0.217362240 4.530802727 -0.002436423 0.004324607 -0.017005164 0.999843061
1439803668.445994 -0.024723420 -0.218794957 4.551310062 -0.001813281 0.003219767 -0.015082854 0.999879420
1439803668.508492 -0.021968424 -0.218105868 4.578110695 -0.001346191 0.002117762 -0.016375950 0.999862731
1439803668.570996 -0.023324095 -0.219151482 4.601027012 -0.001499396 0.001516261 -0.018703530 0.999822795
1439803668.633497 -0.023526601 -0.221738726 4.623672962 -0.001754577 0.000667289 -0.019696450 0.999804258
1439803668.695998 -0.023542967 -0.221959963 4.647235394 -0.001479262 0.000214652 -0.020765046 0.999783278
1439803668.758512 -0.024686377 -0.222998023 4.671885014 -0.001435865 0.000207862 -0.021592950 0.999765813
1439803668.820999 -0.024538081 -0.224308491 4.694461823 -0.001760575 -0.000499056 -0.022122186 0.999753594
1439803668.883501 -0.025444578 -0.226058096 4.715496063 -0.002187701 -0.001017300 -0.022269923 0.999749064
1439803668.946000 -0.025525102 -0.226315796 4.739548206 -0.002583980 -0.000953126 -0.024414776 0.999698102
1439803669.008501 -0.025510788 -0.227691129 4.762938976 -0.003558026 -0.001121454 -0.023877444 0.999707937
1439803669.071000 -0.026249386 -0.228074446 4.785140038 -0.004543708 -0.001160855 -0.023619158 0.999710023
1439803669.133500 -0.027942978 -0.229506671 4.807884693 -0.005610698 -0.001040070 -0.022269113 0.999735713
1439803669.196003 -0.026957883 -0.231378347 4.832460403 -0.006247225 -0.001150263 -0.021309678 0.999752760
1439803669.258502 -0.026445158 -0.232483804 4.857594490 -0.006636725 -0.001009474 -0.022138851 0.999732375
1439803669.321002 -0.027013512 -0.233551621 4.881169796 -0.006797167 -0.000704215 -0.023611939 0.999697804
1439803669.446005 -0.027489861 -0.235943228 4.928005219 -0.006098161 -0.000711077 -0.024768453 0.999674320
1439803669.508502 -0.027387753 -0.236958563 4.950903893 -0.005642356 -0.001294252 -0.022991335 0.999718904
1439803669.571007 -0.028140891 -0.236957803 4.975104809 -0.005149878 -0.001257566 -0.021785878 0.999748588
1439803669.696003 -0.027887730 -0.240090162 5.024069786 -0.002975179 -0.001227330 -0.020483680 0.999785006
1439803669.758504 -0.028082527 -0.241670609 5.046027660 -0.001920496 -0.001224914 -0.021313572 0.999770224
1439803669.821005 -0.028468255 -0.242316619 5.069994450 -0.001517940 -0.001028097 -0.022680789 0.999741018
1439803669.883508 -0.027126018 -0.243639112 5.095678329 -0.001675913 -0.001003074 -0.023607986 0.999719381
1439803669.946010 -0.027659632 -0.244803488 5.119874477 -0.002268096 -0.001210793 -0.023126621 0.999729216
1439803670.008513 -0.029771095 -0.247183949 5.141376019 -0.002841299 -0.001236542 -0.021988528 0.999753416
1439803670.071011 -0.029510640 -0.247581929 5.165731907 -0.002989566 -0.001299018 -0.021598116 0.999761403
1439803670.133517 -0.030281302 -0.248333126 5.188543320 -0.003345992 -0.001040919 -0.021940541 0.999753177
1439803670.196012 -0.029519502 -0.250292748 5.213026524 -0.003366878 -0.001008951 -0.022406241 0.999742746
1439803670.258512 -0.029324733 -0.251395226 5.233008862 -0.003124614 -0.001205193 -0.021424579 0.999764860
1439803670.321015 -0.029297259 -0.252906442 5.260224342 -0.002307343 -0.001284002 -0.020040080 0.999795675
1439803670.383513 -0.031262599 -0.252692521 5.282859802 -0.002330833 -0.000815686 -0.021899831 0.999757111
1439803670.446014 -0.031323977 -0.254791290 5.309037685 -0.002452610 -0.000707905 -0.022916153 0.999734104
1439803670.508517 -0.032210425 -0.255529523 5.332193375 -0.003047722 -0.000415405 -0.025696777 0.999665022
1439803670.571015 -0.032505143 -0.256494641 5.356536865 -0.004175915 -0.000582951 -0.026622191 0.999636710
1439803670.633515 -0.032956209 -0.257806629 5.380799770 -0.005271753 -0.000658740 -0.025563536 0.999659061
1439803670.696020 -0.033580929 -0.258183956 5.404810429 -0.005025730 -0.000887168 -0.023929423 0.999700606
1439803670.758517 -0.033210136 -0.262311578 5.428779125 -0.003552685 -0.001681016 -0.021409228 0.999763072
1439803670.821017 -0.033831589 -0.261965603 5.453224659 -0.001380956 -0.001686007 -0.022233274 0.999750435
1439803670.883518 -0.034417659 -0.262857676 5.477272987 0.000652442 -0.002107417 -0.022625454 0.999741554
1439803670.946018 -0.034016743 -0.264565170 5.501283646 0.002422054 -0.002708251 -0.023345374 0.999720871
1439803671.008519 -0.036016293 -0.265337497 5.527011395 0.003188783 -0.002899800 -0.023928089 0.999704361
1439803671.071022 -0.036112852 -0.267406672 5.551506519 0.001817823 -0.003881439 -0.024702094 0.999685645
1439803671.133524 -0.037457440 -0.268006682 5.574294567 0.000574693 -0.004354438 -0.024504721 0.999690056
1439803671.196025 -0.037927482 -0.269672662 5.598166466 -0.000432597 -0.004830278 -0.023913268 0.999702275
1439803671.258528 -0.038110979 -0.271227509 5.622786045 -0.000624025 -0.005603705 -0.022164769 0.999738395
1439803671.321028 -0.038703267 -0.271875203 5.647374153 -0.000939001 -0.006330365 -0.021430751 0.999749839
1439803671.383527 -0.040701237 -0.272418022 5.668734074 -0.001157845 -0.006578466 -0.022563292 0.999723077
1439803671.446031 -0.040654395 -0.273880154 5.694033146 -0.000824201 -0.007232311 -0.021556847 0.999741137
1439803671.508529 -0.040532619 -0.275847465 5.719531536 -0.000928403 -0.007780842 -0.020544657 0.999758244
1439803671.571031 -0.041871686 -0.276601404 5.743949413 -0.002095992 -0.008305846 -0.021106046 0.999740541
1439803671.633532 -0.041609578 -0.278021723 5.767541409 -0.002941607 -0.009209583 -0.022036420 0.999710441
1439803671.696034 -0.041939095 -0.279676288 5.789737225 -0.002807588 -0.010078104 -0.021879114 0.999705851
1439803671.758537 -0.044628292 -0.280972987 5.815820694 -0.002013038 -0.010175445 -0.021432983 0.999716461
1439803671.821039 -0.044834986 -0.281645477 5.841688156 -0.001779466 -0.011098023 -0.020023216 0.999736309
1439803671.883539 -0.045671299 -0.283822864 5.865063667 -0.002069327 -0.011896485 -0.020509701 0.999716759
1439803671.946039 -0.046961091 -0.284990788 5.891108513 -0.001259752 -0.011964040 -0.020136856 0.999724805
1439803672.008540 -0.047493860 -0.285788387 5.913408756 -0.000819018 -0.012371578 -0.019162565 0.999739528
1439803672.071042 -0.049384817 -0.287536919 5.938676834 -0.000503138 -0.012364420 -0.017560596 0.999769211
1439803672.133543 -0.049118415 -0.288367033 5.960608959 0.000258063 -0.013348784 -0.017406354 0.999759316
1439803672.196044 -0.051135570 -0.289849669 5.986627579 0.001100714 -0.013431808 -0.018721567 0.999733925
1439803672.258544 -0.052043505 -0.291439652 6.011005402 0.001044318 -0.013779809 -0.020756364 0.999689043
1439803672.321045 -0.053615615 -0.293025881 6.035755634 0.000538610 -0.013807112 -0.021864964 0.999665439
1439803672.383546 -0.054176331 -0.294073522 6.060518265 0.000030208 -0.014591462 -0.020188311 0.999689758
1439803672.446045 -0.055046305 -0.295005888 6.084715843 -0.000251458 -0.015444361 -0.018711330 0.999705613
1439803672.508545 -0.056970447 -0.295292288 6.107810020 -0.000462468 -0.015866635 -0.017222840 0.999725640
1439803672.571047 -0.057164505 -0.297581494 6.131687164 -0.001073706 -0.016068053 -0.017776189 0.999712288
1439803672.633548 -0.058587506 -0.298805237 6.157179832 -0.001147287 -0.016083926 -0.017969912 0.999708533
1439803672.696049 -0.059612900 -0.299774766 6.180424213 -0.000827425 -0.016476011 -0.018030437 0.999701381
1439803672.758551 -0.061046585 -0.301507652 6.203112125 -0.001220450 -0.016979557 -0.018520912 0.999683559
1439803672.821053 -0.062619805 -0.302069545 6.228340149 -0.001914687 -0.017767875 -0.018851060 0.999662578
1439803672.883553 -0.064078093 -0.303542823 6.253258705 -0.002733086 -0.018354099 -0.018699314 0.999652922
1439803672.946053 -0.065419301 -0.304298222 6.275870323 -0.002806409 -0.018812519 -0.019619254 0.999626577
1439803673.008554 -0.065481275 -0.306437463 6.302194595 -0.002833053 -0.019276427 -0.020441307 0.999601185
1439803673.071055 -0.065983549 -0.308482081 6.327960491 -0.003186638 -0.019640252 -0.021037688 0.999580681
1439803673.133557 -0.069751814 -0.307866961 6.351658344 -0.002899421 -0.019950574 -0.020805841 0.999580264
1439803673.196058 -0.070513457 -0.308523297 6.375657082 -0.002699304 -0.020956764 -0.018394593 0.999607503
1439803673.258560 -0.071320474 -0.310319245 6.399936676 -0.003501073 -0.021510478 -0.016911780 0.999619424
1439803673.321060 -0.073097035 -0.311442673 6.424242020 -0.003898473 -0.021597233 -0.017275173 0.999609888
1439803673.383562 -0.075654492 -0.311805159 6.447546482 -0.004149640 -0.021899657 -0.017029004 0.999606490
1439803673.446064 -0.077799872 -0.313469499 6.474468708 -0.004023835 -0.021876981 -0.017359965 0.999601841
1439803673.508564 -0.081256941 -0.311542928 6.495233059 -0.002690139 -0.022333598 -0.018638017 0.999573171
1439803673.571066 -0.081603751 -0.315758348 6.526395798 -0.001116389 -0.023534330 -0.017655170 0.999566495
1439803673.633568 -0.084110096 -0.317757368 6.548446178 -0.000113778 -0.023932146 -0.019779289 0.999517918
1439803673.696068 -0.084954411 -0.319528878 6.576366425 0.001662671 -0.024720153 -0.019948369 0.999493957
1439803673.758570 -0.086895227 -0.320223719 6.597479820 0.003214269 -0.025898486 -0.018026190 0.999496877
1439803673.821075 -0.088460535 -0.322549105 6.622920990 0.003003481 -0.027081067 -0.018911812 0.999449790
1439803673.883573 -0.092623651 -0.324143916 6.641120911 0.002431046 -0.028463908 -0.019221144 0.999407053
1439803673.946073 -0.094951600 -0.326928109 6.668111324 0.001919227 -0.029617785 -0.020078473 0.999357760
1439803674.008575 -0.098624647 -0.328020215 6.693018436 0.000864854 -0.030430105 -0.021758366 0.999299645
1439803674.071076 -0.096050292 -0.326917857 6.724603653 0.000450565 -0.031913444 -0.023046041 0.999224782
1439803674.133578 -0.097066075 -0.326975465 6.748300076 0.000282758 -0.033569232 -0.022915801 0.999173641
1439803674.196079 -0.099785745 -0.328220755 6.773650646 0.000447300 -0.034781631 -0.023216592 0.999125123
1439803674.258580 -0.102816045 -0.328170061 6.800944328 0.000978013 -0.036255166 -0.022990873 0.999077618
1439803674.321082 -0.106789500 -0.333531141 6.821611881 0.000370143 -0.037690863 -0.022652138 0.999032617
1439803674.383584 -0.106878728 -0.334302068 6.851848125 0.000606176 -0.038939182 -0.023240771 0.998971105
1439803674.446087 -0.109114349 -0.335787088 6.875086308 0.001498572 -0.040508311 -0.023486093 0.998902023
1439803674.508586 -0.112551987 -0.337453783 6.900539398 0.002629971 -0.041720066 -0.024067568 0.998835981
1439803674.571087 -0.116155207 -0.340296775 6.917620659 0.003643341 -0.043383662 -0.024138046 0.998760164
1439803674.633590 -0.116337657 -0.339180201 6.953925610 0.005251194 -0.044404071 -0.025919024 0.998663545
1439803674.696090 -0.119020939 -0.342411488 6.974196911 0.005985419 -0.046342053 -0.024975389 0.998595417
1439803674.758593 -0.120934546 -0.342505336 6.999829769 0.006790252 -0.047742020 -0.025531003 0.998510242
1439803674.821096 -0.125607550 -0.345718920 7.024253368 0.007069584 -0.048993230 -0.024903385 0.998463571
1439803674.883593 -0.128643095 -0.350709558 7.043514729 0.006670911 -0.050470028 -0.023635875 0.998423576
1439803674.946092 -0.133539259 -0.357314974 7.059433937 0.005184317 -0.051830571 -0.022351813 0.998392284
1439803675.008594 -0.134376884 -0.359686166 7.090189457 0.004435732 -0.053140920 -0.022458958 0.998324573
1439803675.071094 -0.143273652 -0.362673551 7.115039349 0.003699789 -0.053734995 -0.022654524 0.998291373
1439803675.133594 -0.146796584 -0.367556214 7.140944958 0.002697606 -0.054925110 -0.022246417 0.998238981
1439803675.196096 -0.152583659 -0.377600163 7.166456699 0.000549681 -0.055623982 -0.022386605 0.998200655
1439803675.258595 -0.162489176 -0.388654411 7.197135925 -0.001270820 -0.055886462 -0.021886680 0.998196423
1439803675.321096 -0.166372299 -0.393770069 7.213011265 -0.002213769 -0.056799561 -0.022775942 0.998123348
1439803675.383597 -0.171317339 -0.398788154 7.224065781 -0.002338522 -0.059072193 -0.018565174 0.998078346
1439803675.446097 -0.164414525 -0.398537964 7.258107185 -0.002141927 -0.060889695 -0.021389799 0.997913003
1439803675.508597 -0.151306868 -0.402011454 7.268407345 -0.002250871 -0.064894281 -0.021257186 0.997663140
1439803675.571099 -0.169302464 -0.413349152 7.312966347 -0.002533360 -0.063283183 -0.017015098 0.997847319
1439803675.633601 -0.174631178 -0.411119789 7.339734077 -0.003842477 -0.063177571 -0.023162521 0.997726083
1439803675.696103 -0.166328847 -0.417896718 7.343918324 -0.004811678 -0.066444866 -0.023004947 0.997513294
1439803675.758605 -0.164260328 -0.389400393 7.382386684 0.000814403 -0.067553312 -0.022818560 0.997454405
1439803675.821105 -0.185293496 -0.390454948 7.414716721 0.002079817 -0.065020576 -0.023948384 0.997594357
1439803675.883604 -0.162152350 -0.394090891 7.429800987 0.002434004 -0.069647148 -0.026256399 0.997223139
1439803675.946107 -0.161461711 -0.388784111 7.452742100 0.003836766 -0.071222633 -0.025640169 0.997123420
1439803676.008610 -0.164804757 -0.394156218 7.469122410 0.002664713 -0.071181267 -0.026279058 0.997113585
1439803676.071109 -0.169219375 -0.396029830 7.479969025 0.001614590 -0.071961820 -0.024429997 0.997106850
1439803676.133610 -0.173318505 -0.400538713 7.501061440 0.000304559 -0.072487526 -0.023428829 0.997094035
1439803676.196111 -0.183170080 -0.410645306 7.550652504 -0.000906965 -0.071568079 -0.024971662 0.997122645
1439803676.258616 -0.208856761 -0.401077360 7.583923340 0.001227511 -0.068089597 -0.025229024 0.997359395
1439803676.321113 -0.212442696 -0.405379087 7.603270054 0.000259586 -0.068449266 -0.026360687 0.997306228
1439803676.383614 -0.214797795 -0.409072280 7.616900921 -0.001359289 -0.069396004 -0.026281288 0.997242033
1439803676.446116 -0.196579933 -0.420651764 7.639982224 -0.003638466 -0.073338382 -0.025074968 0.996985197
1439803676.508617 -0.200573206 -0.425168037 7.660764217 -0.004404466 -0.073681049 -0.023312632 0.996999562
1439803676.571119 -0.207078099 -0.432276011 7.691691875 -0.005335601 -0.072919793 -0.023305910 0.997051179
1439803676.633620 -0.207594573 -0.431955159 7.713672638 -0.004973576 -0.073368482 -0.024005150 0.997003555
1439803676.696121 -0.210963726 -0.418304563 7.753217697 -0.000956594 -0.073167257 -0.023418503 0.997044265
1439803676.758623 -0.221047103 -0.419765323 7.782083035 -0.000309211 -0.072192617 -0.023943741 0.997103214
1439803676.821124 -0.220385015 -0.422164410 7.807653904 0.000181355 -0.073345952 -0.023312207 0.997034073
1439803676.883627 -0.216974735 -0.425530732 7.816974163 -0.001028274 -0.075260520 -0.023868715 0.996877670
1439803676.946127 -0.243677258 -0.418533623 7.854374409 0.000379068 -0.071334451 -0.023299746 0.997180223
1439803677.008627 -0.245603740 -0.418365598 7.877471924 0.000713628 -0.072144791 -0.021605620 0.997159898
1439803677.071129 -0.252028108 -0.421165437 7.905104637 0.000151149 -0.071648195 -0.021490959 0.997198403
1439803677.133631 -0.254295230 -0.423535854 7.927177429 0.000037024 -0.072323263 -0.019644579 0.997187734
1439803677.196130 -0.258117735 -0.425268024 7.950194359 0.000333698 -0.072416730 -0.017960381 0.997212708
1439803677.258630 -0.261943460 -0.424293399 7.977622509 0.000877199 -0.072111450 -0.018634172 0.997222126
1439803677.321132 -0.262447715 -0.428437471 7.998867035 0.000444550 -0.072577745 -0.019834025 0.997165442
1439803677.383633 -0.268276811 -0.431031615 8.026628494 0.001083290 -0.072363555 -0.021049092 0.997155607
1439803677.446135 -0.276035368 -0.429863602 8.055650711 0.001585992 -0.071867496 -0.019490624 0.997222483
1439803677.508636 -0.278351545 -0.429053754 8.079916954 0.000664999 -0.072395653 -0.019047899 0.997193873
1439803677.571137 -0.280848086 -0.432056814 8.103378296 -0.001924838 -0.072764151 -0.019546812 0.997155786
1439803677.633640 -0.284846723 -0.433116168 8.129658699 -0.003677018 -0.072728083 -0.020210262 0.997140229
1439803677.696140 -0.290746033 -0.434512138 8.157878876 -0.004984851 -0.071580060 -0.020982007 0.997201681
1439803677.758641 -0.295458138 -0.436267197 8.184630394 -0.005195846 -0.070735984 -0.021031620 0.997259796
1439803677.821145 -0.298826754 -0.437042654 8.209465027 -0.004100112 -0.070641920 -0.021211350 0.997267783
1439803677.883644 -0.303373933 -0.438974500 8.234723091 -0.002003794 -0.070486173 -0.021911159 0.997270048
1439803677.946145 -0.306551158 -0.439409703 8.258733749 0.000538744 -0.070100054 -0.023092153 0.997272551
1439803678.008647 -0.310978949 -0.440234095 8.285542488 0.002526762 -0.069954172 -0.022914682 0.997283816
1439803678.071148 -0.309800088 -0.442177892 8.307730675 0.001540073 -0.070370071 -0.023964837 0.997231841
1439803678.133649 -0.317850769 -0.444319457 8.336578369 0.001169315 -0.069815472 -0.021517849 0.997327149
1439803678.196151 -0.322614849 -0.448202372 8.365056038 0.000079678 -0.069289729 -0.020980280 0.997375906
1439803678.258651 -0.320040882 -0.444117546 8.380615234 -0.000648263 -0.069921985 -0.022271371 0.997303605
1439803678.321153 -0.325834453 -0.448450744 8.410610199 -0.002070292 -0.069142111 -0.022433965 0.997352421
1439803678.383654 -0.331596076 -0.450422704 8.437371254 -0.001801757 -0.068398155 -0.021994295 0.997413993
1439803678.446155 -0.331845880 -0.450709164 8.455595970 -0.001219391 -0.068927288 -0.021592762 0.997387230
1439803678.508657 -0.335290730 -0.452845693 8.482608795 -0.000377388 -0.068670280 -0.020720147 0.997424126
1439803678.571159 -0.339939237 -0.453379095 8.507970810 0.000409212 -0.068219982 -0.019444460 0.997480750
1439803678.633659 -0.343391776 -0.454122573 8.533837318 0.000664518 -0.067741588 -0.020197079 0.997498214
1439803678.696161 -0.347977281 -0.454026580 8.559567451 0.001370738 -0.067381606 -0.019142479 0.997542679
1439803678.758662 -0.352639854 -0.456017852 8.584546089 0.001356867 -0.066584744 -0.018559121 0.997607231
1439803678.821163 -0.357961118 -0.456179708 8.614307404 0.001628425 -0.065991431 -0.018102737 0.997654617
1439803678.883665 -0.359668136 -0.458747804 8.636577606 0.000807653 -0.066019826 -0.018496152 0.997646511
1439803678.946166 -0.363639772 -0.459721386 8.661109924 0.000629576 -0.065542623 -0.018696520 0.997674406
1439803679.008668 -0.366511941 -0.461644441 8.685360909 0.000408730 -0.065515094 -0.018998608 0.997670591
1439803679.071169 -0.370132089 -0.462936193 8.710182190 0.000307097 -0.065302320 -0.019585758 0.997673213
1439803679.133670 -0.373662114 -0.464509308 8.735374451 0.000511143 -0.065107934 -0.019723643 0.997683167
1439803679.196172 -0.376806498 -0.466176897 8.758472443 0.000610653 -0.065018535 -0.019556455 0.997692227
1439803679.258672 -0.381014287 -0.467053562 8.786643982 0.000772219 -0.064404160 -0.020779908 0.997707248
1439803679.321177 -0.384446561 -0.467827380 8.811795235 0.001131434 -0.064249210 -0.020699404 0.997718573
1439803679.383677 -0.387629867 -0.469782859 8.837481499 0.001020691 -0.063776918 -0.021747880 0.997726679
1439803679.446178 -0.390652239 -0.471342772 8.861763000 0.000862137 -0.063539013 -0.021862371 0.997739494
1439803679.508678 -0.394413114 -0.472461104 8.888022423 0.001056839 -0.063144021 -0.021921046 0.997763097
1439803679.571180 -0.397917449 -0.473597080 8.912918091 0.001258559 -0.062988639 -0.022117320 0.997768342
1439803679.633681 -0.401703775 -0.475271404 8.938465118 0.000659966 -0.062602818 -0.023552742 0.997760355
1439803679.696182 -0.404679298 -0.476814240 8.962470055 0.000152917 -0.062444650 -0.024023345 0.997759283
1439803679.758683 -0.408740997 -0.477683842 8.989686966 -0.000373472 -0.062052332 -0.025225054 0.997754037
1439803679.821185 -0.412013352 -0.479000360 9.014758110 -0.000719383 -0.061885923 -0.025201285 0.997764766
1439803679.883686 -0.415560663 -0.479767293 9.040184975 -0.000760651 -0.061486952 -0.024305189 0.997811615
1439803679.946187 -0.419143140 -0.480588228 9.065319061 -0.000750451 -0.060934924 -0.024306633 0.997845471
1439803680.008698 -0.421965361 -0.482127398 9.090261459 -0.001092040 -0.060116827 -0.025321240 0.997869551
1439803680.071189 -0.425612271 -0.483058929 9.115981102 -0.001095538 -0.059022427 -0.026868815 0.997894406
1439803680.133691 -0.428387702 -0.484603047 9.140017509 -0.000978745 -0.058151379 -0.026403314 0.997958064
1439803680.196193 -0.431821108 -0.485244572 9.164759636 -0.001174836 -0.057367612 -0.025920780 0.998015881
1439803680.258694 -0.435225129 -0.486606628 9.190571785 -0.001429088 -0.056606013 -0.025536783 0.998068929
1439803680.321195 -0.437410951 -0.487868577 9.215772629 -0.001612192 -0.056029100 -0.025115544 0.998111904
1439803680.383697 -0.441209614 -0.489246517 9.241526604 -0.001679954 -0.054834977 -0.024255559 0.998199403
1439803680.446197 -0.443341136 -0.490942925 9.266305923 -0.001910127 -0.054115865 -0.024244413 0.998238504
1439803680.508699 -0.446676910 -0.491320074 9.292255402 -0.001633656 -0.053075459 -0.023613157 0.998309970
1439803680.571201 -0.449529827 -0.493273497 9.317662239 -0.002031648 -0.052181102 -0.024662957 0.998330951
1439803680.633700 -0.451995611 -0.494448513 9.342551231 -0.002304834 -0.051592216 -0.024942504 0.998354077
1439803680.696200 -0.455147922 -0.495804042 9.368511200 -0.002795723 -0.050585467 -0.024366762 0.998418510
1439803680.758702 -0.457387477 -0.496943176 9.393936157 -0.003351605 -0.049989261 -0.023663731 0.998463750
1439803680.821201 -0.460206836 -0.498244166 9.419706345 -0.004000349 -0.049123626 -0.023496257 0.998508275
1439803680.883702 -0.463512212 -0.499034226 9.445710182 -0.004551925 -0.048089009 -0.023902144 0.998546660
1439803680.946203 -0.465528578 -0.500368178 9.471826553 -0.005158748 -0.047383819 -0.023924885 0.998576880
1439803681.008703 -0.469138056 -0.501965046 9.498333931 -0.006066485 -0.046221677 -0.023505840 0.998636186
1439803681.071204 -0.471500129 -0.502614677 9.524119377 -0.006419691 -0.045517802 -0.024136167 0.998651266
1439803681.133705 -0.473634005 -0.504083037 9.550191879 -0.006583111 -0.044912513 -0.024221083 0.998675585
1439803681.196205 -0.476338267 -0.502945960 9.575335503 -0.005536071 -0.044133842 -0.023932150 0.998723567
1439803681.258705 -0.478429377 -0.506357074 9.602324486 -0.005231723 -0.043433946 -0.023853447 0.998757839
1439803681.321221 -0.481061876 -0.507369220 9.627613068 -0.004511698 -0.042809859 -0.023850350 0.998788357
1439803681.383706 -0.483769715 -0.508173645 9.652977943 -0.004229661 -0.042048603 -0.024081226 0.998816371
1439803681.446207 -0.484936237 -0.509711087 9.680282593 -0.004212197 -0.041589007 -0.024664309 0.998821437
1439803681.508708 -0.486706614 -0.510419846 9.704891205 -0.004169139 -0.041198742 -0.024808509 0.998834252
1439803681.571208 -0.489109427 -0.511718690 9.732097626 -0.004713241 -0.040544268 -0.024449047 0.998867452
1439803681.633708 -0.490901202 -0.513516188 9.758893013 -0.005197663 -0.040053897 -0.024456410 0.998884618
1439803681.696209 -0.493055761 -0.515932381 9.784713745 -0.005625113 -0.039627481 -0.024400221 0.998900712
1439803681.758710 -0.494785488 -0.516496837 9.810106277 -0.006070607 -0.039060723 -0.025520373 0.998892426
1439803681.821210 -0.496475548 -0.517115116 9.838167191 -0.006441587 -0.038696937 -0.025997201 0.998892009
1439803681.883711 -0.499824822 -0.519730985 9.860404015 -0.006880405 -0.038209077 -0.026047483 0.998906553
1439803681.946211 -0.503458798 -0.521026611 9.883814812 -0.006701973 -0.037519358 -0.025897609 0.998937786
1439803682.008713 -0.508226931 -0.519197285 9.907804489 -0.005723850 -0.036786221 -0.025075607 0.998992085
1439803682.071215 -0.511475980 -0.516531587 9.932198524 -0.004602661 -0.035641536 -0.026304599 0.999007821
1439803682.133715 -0.520537257 -0.521672964 9.948141098 -0.005357037 -0.034756772 -0.024582887 0.999079049
1439803682.196216 -0.530867398 -0.528591335 9.958440781 -0.006818313 -0.033442151 -0.023529530 0.999140382
1439803682.258716 -0.537103891 -0.532816470 9.973015785 -0.009028228 -0.032689620 -0.022589706 0.999169409
1439803682.321219 -0.543745100 -0.536267638 9.984580040 -0.012110435 -0.032304201 -0.017163249 0.999257326
1439803682.383721 -0.546111941 -0.545061111 10.010216713 -0.015667250 -0.032562051 -0.015567776 0.999225616
1439803682.446236 -0.532288015 -0.536686420 10.059700012 -0.013056185 -0.034198858 -0.019242033 0.999144495
1439803682.508726 -0.528683424 -0.540415049 10.090023041 -0.010809955 -0.034752700 -0.021528579 0.999105513
1439803682.571225 -0.531559885 -0.543648422 10.107133865 -0.007709687 -0.035050754 -0.022398317 0.999104738
1439803682.633727 -0.531237304 -0.547711909 10.135862350 -0.003492631 -0.036352146 -0.020535203 0.999121904
1439803682.696226 -0.538858771 -0.544843853 10.154296875 0.000436755 -0.036368985 -0.019975169 0.999138653
1439803682.758726 -0.538163126 -0.547431588 10.173986435 -0.000216433 -0.037173260 -0.021107644 0.999085844
1439803682.821230 -0.536767244 -0.550435364 10.192752838 -0.002731924 -0.038397033 -0.020556986 0.999047339
1439803682.883730 -0.540845573 -0.549011230 10.228963852 -0.004414241 -0.037614152 -0.021514904 0.999050975
1439803682.946233 -0.541609645 -0.552425623 10.250667572 -0.007690046 -0.038327329 -0.022668641 0.998978496
1439803683.008732 -0.542891443 -0.550192535 10.273288727 -0.007610764 -0.038634036 -0.023521535 0.998947561
1439803683.071234 -0.546958685 -0.551919818 10.301040649 -0.007629518 -0.038781960 -0.023107514 0.998951375
1439803683.133736 -0.549545646 -0.551238060 10.322499275 -0.006628865 -0.039000336 -0.022981737 0.998952925
1439803683.196236 -0.552370906 -0.550236166 10.345312119 -0.005168670 -0.038927495 -0.023392219 0.998954833
1439803683.258737 -0.550524592 -0.553953886 10.369617462 -0.004598144 -0.039606031 -0.024058390 0.998915136
1439803683.321238 -0.553372920 -0.556670427 10.396959305 -0.004669007 -0.039738741 -0.023074910 0.998932719
1439803683.383740 -0.556002498 -0.557537913 10.419944763 -0.004824895 -0.039486699 -0.023029823 0.998943031
1439803683.446241 -0.552299738 -0.559026599 10.435869217 -0.005136837 -0.040005669 -0.022750393 0.998927176
1439803683.508742 -0.553598523 -0.560074091 10.459885597 -0.005473234 -0.040010236 -0.022133959 0.998939097
1439803683.571244 -0.552287817 -0.560461402 10.484902382 -0.005285515 -0.040280584 -0.023082742 0.998907745
1439803683.633745 -0.562986851 -0.561801374 10.513321877 -0.006222467 -0.039244372 -0.021803442 0.998972356
1439803683.696246 -0.563527167 -0.561578333 10.536039352 -0.005722714 -0.039157927 -0.022746742 0.998957694
1439803683.758747 -0.559435844 -0.568184853 10.561221123 -0.006556869 -0.040322814 -0.022806954 0.998904884
1439803683.821248 -0.557897329 -0.571048498 10.583446503 -0.007636053 -0.041044705 -0.022303227 0.998879135
1439803683.883750 -0.569259763 -0.566408515 10.605980873 -0.007750237 -0.039353978 -0.022703132 0.998937309
1439803683.946251 -0.570523977 -0.570004582 10.628160477 -0.009751732 -0.039233893 -0.023447268 0.998907328
1439803684.008753 -0.571430504 -0.569790006 10.649345398 -0.010979283 -0.038971279 -0.024128482 0.998888612
1439803684.071254 -0.571325779 -0.571583331 10.671395302 -0.011805985 -0.038904581 -0.024559628 0.998871326
1439803684.133757 -0.575817108 -0.570616245 10.697398186 -0.011121956 -0.038218044 -0.024302898 0.998911917
1439803684.196257 -0.577404618 -0.571737707 10.719270706 -0.010639244 -0.037807215 -0.023691185 0.998947501
1439803684.258758 -0.576781929 -0.573512316 10.740996361 -0.009734060 -0.037752680 -0.023197144 0.998970389
1439803684.321259 -0.577542543 -0.574764371 10.762427330 -0.008997632 -0.037541334 -0.022911010 0.998991847
1439803684.383761 -0.578259110 -0.575856984 10.784164429 -0.009161269 -0.037330613 -0.023078630 0.998994410
1439803684.446262 -0.583283544 -0.574518502 10.812678337 -0.009193549 -0.036524229 -0.022734180 0.999031842
1439803684.508764 -0.584838867 -0.574831009 10.834403038 -0.009281439 -0.036170684 -0.022448625 0.999050319
1439803684.571265 -0.586290777 -0.578149319 10.854655266 -0.009778045 -0.035982896 -0.022267422 0.999056458
1439803684.633766 -0.587325513 -0.580885947 10.875503540 -0.010087857 -0.035771307 -0.023054145 0.999043107
1439803684.696267 -0.591944814 -0.580020785 10.901347160 -0.009400302 -0.035004538 -0.023878014 0.999057651
1439803684.758769 -0.591385663 -0.581282198 10.922133446 -0.009255040 -0.035010308 -0.024066374 0.999054313
1439803684.821270 -0.590606928 -0.584035039 10.943376541 -0.009243572 -0.035156917 -0.024054306 0.999049544
1439803684.883771 -0.594554424 -0.585524440 10.963480949 -0.008851399 -0.034444381 -0.023797937 0.999084055
1439803684.946273 -0.596998334 -0.583139002 10.986200333 -0.007563277 -0.033785049 -0.024180865 0.999107897
1439803685.008774 -0.597646058 -0.586919427 11.005940437 -0.007587141 -0.033344019 -0.024295148 0.999119818
1439803685.071275 -0.599177778 -0.587721646 11.026473999 -0.007349206 -0.032849889 -0.024168722 0.999140978
1439803685.133776 -0.600104451 -0.588875949 11.045557022 -0.007258295 -0.032583967 -0.024138238 0.999151111
1439803685.196278 -0.605939507 -0.587701797 11.069983482 -0.006665123 -0.031666324 -0.023264583 0.999205470
1439803685.258779 -0.606863022 -0.587916374 11.099777222 -0.006591338 -0.031652484 -0.022574374 0.999222219
1439803685.321280 -0.608318210 -0.588509023 11.119668007 -0.006934493 -0.031272065 -0.022764066 0.999227583
1439803685.383782 -0.609990060 -0.589902937 11.140214920 -0.007298160 -0.030854931 -0.023021588 0.999232054
1439803685.446282 -0.611349583 -0.590469003 11.161953926 -0.007126287 -0.030579673 -0.022957088 0.999243259
1439803685.508787 -0.613484621 -0.590514064 11.182662010 -0.007155415 -0.030169245 -0.023032837 0.999253750
1439803685.571287 -0.613852739 -0.592131317 11.207938194 -0.007555286 -0.030391946 -0.022832813 0.999248683
1439803685.633787 -0.615431428 -0.592864275 11.227276802 -0.007769112 -0.030543244 -0.022073606 0.999259472
1439803685.696288 -0.616834342 -0.593409359 11.247539520 -0.007716867 -0.030361041 -0.022284964 0.999260724
1439803685.758789 -0.616194367 -0.593615413 11.267669678 -0.007551434 -0.030942645 -0.022702714 0.999234736
1439803685.821291 -0.618211031 -0.594204605 11.286263466 -0.007756129 -0.030701922 -0.023219686 0.999228716
1439803685.883792 -0.619583249 -0.596682489 11.309745789 -0.008228170 -0.030819442 -0.023312010 0.999219179
1439803685.946293 -0.621091843 -0.597777128 11.329152107 -0.008310552 -0.031247031 -0.023121482 0.999209642
1439803686.008795 -0.622940183 -0.598476708 11.348683357 -0.007848595 -0.031801425 -0.023545466 0.999185979
1439803686.071296 -0.624570310 -0.598879516 11.369140625 -0.007832620 -0.032604508 -0.022989579 0.999173164
1439803686.133798 -0.626270354 -0.601052463 11.389436722 -0.008349800 -0.033860289 -0.022228276 0.999144435
1439803686.196299 -0.628857613 -0.600650728 11.408677101 -0.008399062 -0.034846682 -0.021717325 0.999121368
1439803686.258800 -0.629989743 -0.602070510 11.426736832 -0.008871917 -0.035980161 -0.021747334 0.999076426
1439803686.321301 -0.630794048 -0.602055430 11.445785522 -0.009107040 -0.037097704 -0.022524098 0.999016225
1439803686.383803 -0.632962465 -0.602836490 11.464940071 -0.009651776 -0.037966307 -0.023175452 0.998963594
1439803686.446304 -0.635542154 -0.603716195 11.482645988 -0.009928716 -0.039288763 -0.022613689 0.998922646
1439803686.508805 -0.638128400 -0.604571283 11.501511574 -0.009911391 -0.040736295 -0.022798140 0.998860598
1439803686.571306 -0.640535116 -0.605385542 11.518980026 -0.010124079 -0.042619538 -0.022471841 0.998787284
1439803686.633808 -0.642376781 -0.606215000 11.537056923 -0.010284364 -0.044875644 -0.022112567 0.998694897
1439803686.696309 -0.645027399 -0.607025146 11.554176331 -0.010186435 -0.046769544 -0.022128541 0.998608589
1439803686.758811 -0.646909356 -0.607818007 11.570540428 -0.010131847 -0.049185019 -0.021743469 0.998501599
1439803686.821314 -0.648490727 -0.608082294 11.587598801 -0.009884970 -0.052049994 -0.021876790 0.998355925
1439803686.883813 -0.651066363 -0.608322620 11.604745865 -0.009678716 -0.054875929 -0.022702241 0.998188138
1439803686.946314 -0.653098881 -0.609698772 11.618685722 -0.009980119 -0.058237482 -0.023233483 0.997982442
1439803687.008816 -0.655999541 -0.610075355 11.636591911 -0.009684172 -0.061583277 -0.023973286 0.997767031
1439803687.071317 -0.658873975 -0.610880554 11.651019096 -0.009823100 -0.065215059 -0.024670793 0.997517824
1439803687.133818 -0.661498845 -0.611166775 11.665965080 -0.009719118 -0.068926267 -0.024605675 0.997270882
1439803687.196319 -0.664134145 -0.611973286 11.680360794 -0.009846220 -0.072956070 -0.024378743 0.996988535
1439803687.258821 -0.667239189 -0.612286389 11.695483208 -0.009603088 -0.077059589 -0.024113564 0.996688604
1439803687.321322 -0.670238972 -0.612984180 11.709666252 -0.009364178 -0.080908783 -0.024105929 0.996385932
1439803687.383823 -0.673420072 -0.613691449 11.722786903 -0.009072369 -0.084979035 -0.023426114 0.996066034
1439803687.446324 -0.676120996 -0.614067435 11.736631393 -0.008662406 -0.089319915 -0.022980031 0.995700181
1439803687.508828 -0.679438353 -0.614807248 11.749581337 -0.008391823 -0.094009183 -0.022168478 0.995289147
1439803687.571328 -0.682956576 -0.615494072 11.762341499 -0.007735978 -0.099141851 -0.022698421 0.994784296
1439803687.633828 -0.686894655 -0.615874767 11.776259422 -0.006716713 -0.104650378 -0.022802336 0.994224966
1439803687.696330 -0.691195130 -0.617647648 11.788056374 -0.006016999 -0.110806070 -0.022697302 0.993564606
1439803687.758831 -0.694558144 -0.617228985 11.800478935 -0.005045095 -0.117704377 -0.022199932 0.992787659
1439803687.821332 -0.698046446 -0.617189109 11.811402321 -0.004419057 -0.124792889 -0.022806888 0.991910815
1439803687.883834 -0.702629328 -0.618177354 11.822060585 -0.004628400 -0.131930783 -0.022875123 0.990984142
1439803687.946335 -0.707048178 -0.618483543 11.834762573 -0.005122221 -0.139564544 -0.022372356 0.989946961
1439803688.008837 -0.710862398 -0.619053960 11.844195366 -0.005720476 -0.147407889 -0.021974377 0.988815129
1439803688.071338 -0.715374470 -0.619413137 11.854411125 -0.005749347 -0.155648962 -0.020865301 0.987575293
1439803688.133839 -0.720408678 -0.619652867 11.865690231 -0.005312596 -0.164103121 -0.020677850 0.986212134
1439803688.196341 -0.725109339 -0.620054066 11.875722885 -0.005132734 -0.172687545 -0.020491844 0.984750092
1439803688.258846 -0.730718374 -0.620541692 11.886418343 -0.005179066 -0.181005180 -0.020219004 0.983260632
1439803688.383844 -0.740977049 -0.621832728 11.903513908 -0.004721306 -0.197868928 -0.020631695 0.979999959
1439803688.446344 -0.745823145 -0.621951461 11.911964417 -0.004573927 -0.207254633 -0.019454107 0.978082895
1439803688.508845 -0.751351833 -0.622160077 11.921190262 -0.004338668 -0.216674700 -0.019650726 0.976036429
1439803688.571347 -0.756529331 -0.622500539 11.928966522 -0.003879387 -0.226302117 -0.019744014 0.973849297
1439803688.633849 -0.761619091 -0.623367667 11.934953690 -0.003373671 -0.235158607 -0.021088582 0.971722364
1439803688.758850 -0.773195267 -0.623659492 11.949722290 -0.002199778 -0.253497839 -0.023452003 0.967049122
1439803688.821351 -0.778495789 -0.624024749 11.955936432 -0.001999615 -0.262667120 -0.024406338 0.964575708
1439803688.883853 -0.784822464 -0.624361396 11.963578224 -0.001511976 -0.271747380 -0.025123272 0.962039411
1439803688.946354 -0.790463924 -0.624315262 11.970710754 -0.000979886 -0.280817360 -0.024820788 0.959439695
1439803689.008855 -0.796096802 -0.624521255 11.976767540 -0.000875264 -0.289515406 -0.024388362 0.956862211
1439803689.133857 -0.806457043 -0.625113845 11.987482071 -0.001655501 -0.305735558 -0.025122803 0.951783538
1439803689.196358 -0.812139988 -0.625315428 11.992286682 -0.002188348 -0.313465625 -0.025871877 0.949244499
1439803689.258860 -0.816009521 -0.624746323 11.998225212 -0.002243795 -0.321924120 -0.025817933 0.946410716
1439803689.321361 -0.818116665 -0.626205504 12.001277924 -0.002738360 -0.330385029 -0.025382724 0.943500876
1439803689.383862 -0.823403358 -0.626484275 12.004653931 -0.002872486 -0.337548852 -0.026151622 0.940940320
1439803689.508863 -0.825519562 -0.630007803 12.014645576 -0.002506167 -0.352434576 -0.029890781 0.935355663
1439803689.571364 -0.807397842 -0.624059618 12.025136948 -0.001005854 -0.364534438 -0.030428661 0.930692077
1439803689.633866 -0.823782444 -0.635520458 12.024242401 -0.002774326 -0.367428482 -0.032447532 0.929481447
1439803689.696367 -0.838105679 -0.635478616 12.021848679 -0.002730995 -0.370939016 -0.032701481 0.928077281
1439803689.758868 -0.843318462 -0.633678973 12.028761864 -0.002269141 -0.376990825 -0.031860895 0.925666034
1439803689.821374 -0.839037895 -0.644570887 12.031806946 -0.004540096 -0.383166283 -0.034310784 0.923030734
1439803689.946373 -0.851972580 -0.639360666 12.038991928 -0.003012164 -0.392363697 -0.032531019 0.919229805
1439803690.008873 -0.873123646 -0.632148385 12.038742065 -0.001489715 -0.393908679 -0.029784139 0.918665648
1439803690.071374 -0.862517357 -0.635070443 12.033767700 -0.002907199 -0.398885310 -0.033330712 0.916390240
1439803690.133876 -0.844455719 -0.641384184 12.048395157 -0.003880883 -0.407987535 -0.035262447 0.912298024
1439803690.196376 -0.871994495 -0.632110715 12.042524338 -0.001864247 -0.406489313 -0.031831432 0.913098931
1439803690.321378 -0.872487545 -0.631077528 12.046132088 -0.000754973 -0.413590282 -0.032684598 0.909875929
1439803690.383880 -0.863798141 -0.637915492 12.048996925 -0.001881467 -0.418836832 -0.034209318 0.907414973
1439803690.446380 -0.865975857 -0.635927081 12.051010132 -0.001000078 -0.422240794 -0.033251543 0.905873120
1439803690.508882 -0.867677212 -0.633995116 12.054327965 0.000045197 -0.425572127 -0.032171186 0.904352486
1439803690.571385 -0.878851414 -0.634298086 12.059027672 0.000833939 -0.427048117 -0.030805010 0.903703630
1439803690.696388 -0.895949364 -0.630404055 12.055038452 0.002185373 -0.428494483 -0.030377707 0.903030932
1439803690.758899 -0.905910969 -0.624349117 12.055480957 0.003987440 -0.429583043 -0.029332591 0.902541995
1439803690.821387 -0.905562878 -0.627351940 12.057210922 0.003644686 -0.432254553 -0.030432018 0.901230574
1439803690.883889 -0.907318115 -0.623045981 12.057842255 0.004802254 -0.434698701 -0.029202765 0.900089502
1439803690.946390 -0.899938107 -0.632789552 12.058162689 0.002514733 -0.437904388 -0.031352323 0.898471177
1439803691.071391 -0.907684326 -0.630292892 12.060574532 0.003483273 -0.441117793 -0.030704401 0.896917045
1439803691.133892 -0.924086571 -0.624635875 12.056146622 0.004467324 -0.440435976 -0.027299920 0.897357702
1439803691.196394 -0.926270962 -0.624356031 12.057125092 0.004560523 -0.441675514 -0.027809519 0.896732152
1439803691.258895 -0.926328182 -0.624805689 12.057535172 0.004173417 -0.443498939 -0.027233882 0.895851314
1439803691.383899 -0.931276798 -0.623594820 12.060367584 0.004430357 -0.446312934 -0.026034862 0.894487202
1439803691.446399 -0.931544304 -0.624773562 12.060033798 0.004103382 -0.447708666 -0.026454069 0.893778682
1439803691.508900 -0.920144558 -0.628584385 12.068023682 0.003653976 -0.451679707 -0.029065972 0.891699076
1439803691.571401 -0.920948505 -0.628757238 12.068301201 0.003576938 -0.452779233 -0.029278671 0.891134620
1439803691.633902 -0.921505451 -0.628858447 12.069419861 0.003400654 -0.454079688 -0.028860116 0.890487015
1439803691.758904 -0.924921989 -0.629375935 12.070917130 0.003231796 -0.455931962 -0.028689379 0.889546216
1439803691.821407 -0.925162792 -0.629448116 12.070837975 0.003028495 -0.457112879 -0.028123030 0.888958812
1439803691.883909 -0.924036026 -0.630468309 12.068803787 0.002646711 -0.457890391 -0.028635778 0.888543427
1439803691.946407 -0.924498558 -0.630612314 12.068884850 0.002662669 -0.458626419 -0.028845116 0.888156891
1439803692.071409 -0.925329685 -0.630733490 12.069071770 0.002682792 -0.460190058 -0.028737208 0.887351155
1439803692.133913 -0.927885056 -0.630073309 12.071390152 0.003174581 -0.460965455 -0.028392479 0.886958063
1439803692.196414 -0.927766323 -0.630378604 12.070872307 0.003055873 -0.461722255 -0.028229021 0.886569977
1439803692.258914 -0.928049564 -0.630431473 12.071060181 0.003053091 -0.462490410 -0.027770761 0.886184037
1439803692.321415 -0.927622795 -0.631327748 12.069494247 0.002640281 -0.462896854 -0.028181585 0.885960102
1439803692.383918 -0.928324699 -0.631461084 12.069570541 0.002639261 -0.463531882 -0.028021891 0.885633111
1439803692.508919 -0.930644035 -0.630734384 12.071754456 0.003185888 -0.465061724 -0.027890965 0.884833038
1439803692.571420 -0.931811333 -0.630917370 12.071947098 0.002928757 -0.465775281 -0.027050387 0.884484649
1439803692.633920 -0.932416916 -0.630725920 12.073083878 0.003256171 -0.466461390 -0.027236599 0.884116113
1439803692.696423 -0.932911873 -0.630827188 12.073203087 0.003378206 -0.467400551 -0.026993321 0.883626997
1439803692.821428 -0.933614254 -0.631404221 12.072265625 0.003186135 -0.469132781 -0.027192377 0.882703185
1439803692.883926 -0.934501171 -0.631610394 12.072407722 0.002978488 -0.470063418 -0.026967170 0.882215559
1439803692.946425 -0.936175823 -0.631913781 12.072736740 0.002748035 -0.470993757 -0.026196543 0.881743193
1439803693.008928 -0.937014103 -0.631911039 12.073131561 0.002580573 -0.472108752 -0.026053015 0.881151438
1439803693.133930 -0.938193798 -0.632235646 12.073318481 0.002378159 -0.474568874 -0.026058501 0.879829347
1439803693.196432 -0.940422058 -0.632932067 12.073461533 0.002320472 -0.475788355 -0.025638293 0.879182994
1439803693.258933 -0.949410915 -0.635025501 12.074879646 0.002212498 -0.476073802 -0.024867207 0.879050910
1439803693.321435 -0.942336082 -0.633363247 12.073909760 0.002341021 -0.478768051 -0.025144661 0.877578139
1439803693.383936 -0.947899818 -0.631334782 12.080049515 0.003488352 -0.480497092 -0.024746301 0.876640141
1439803693.508936 -0.952423096 -0.632408440 12.080768585 0.002766612 -0.484075963 -0.023643946 0.874702096
1439803693.571437 -0.954797268 -0.632963896 12.081191063 0.002354009 -0.485993683 -0.023346616 0.873647273
1439803693.633943 -0.956789970 -0.632208645 12.083635330 0.002485378 -0.488418847 -0.022850228 0.872306526
1439803693.696441 -0.959400654 -0.637313008 12.076726913 0.000805996 -0.489512354 -0.022529827 0.871704876
1439803693.821442 -0.966377735 -0.635656893 12.083103180 0.003896821 -0.495381981 -0.022790609 0.868367493
1439803693.883941 -0.970795631 -0.632959008 12.088867188 0.006585799 -0.498887300 -0.023774035 0.866315722
1439803693.946444 -0.976157188 -0.634228170 12.089736938 0.007648764 -0.501624703 -0.025040885 0.864688993
1439803694.071446 -0.981822491 -0.639694035 12.084972382 0.005754298 -0.508798659 -0.024917638 0.860505641
1439803694.133948 -0.989069462 -0.633347631 12.095338821 0.008236076 -0.514133036 -0.024710501 0.857314885
1439803694.196449 -0.994115353 -0.634181380 12.095127106 0.007892702 -0.518375635 -0.025524765 0.854735613
1439803694.258950 -1.000712395 -0.634206474 12.097633362 0.007708361 -0.523800671 -0.025899913 0.851412177
1439803694.321450 -1.006341457 -0.633808613 12.100452423 0.007630097 -0.530154109 -0.025822245 0.847473681
1439803694.383948 -1.012643814 -0.635135293 12.099975586 0.007071817 -0.536099970 -0.026022030 0.843723655
1439803694.508950 -1.025336266 -0.634348512 12.104651451 0.007221247 -0.551794171 -0.026052695 0.833541989
1439803694.571453 -1.031588554 -0.632441103 12.106710434 0.007126857 -0.561159730 -0.025335323 0.827289045
1439803694.633951 -1.040838957 -0.632586420 12.110556602 0.006535405 -0.570923209 -0.024699535 0.820605814
1439803694.696451 -1.046707630 -0.634742737 12.107294083 0.004811408 -0.580515265 -0.024280645 0.813873053
1439803694.821453 -1.076610327 -0.638018489 12.100397110 0.003707813 -0.598290145 -0.025016731 0.800880313
1439803694.883953 -1.069833040 -0.635125816 12.106975555 0.004175446 -0.614211679 -0.026248174 0.788693607
1439803694.946453 -1.082432508 -0.636348426 12.101683617 0.004344163 -0.624945462 -0.026512412 0.780206025
1439803695.008954 -1.085841417 -0.635273218 12.104866982 0.004774886 -0.639077187 -0.028152253 0.768612385
1439803695.071454 -1.094264269 -0.635209680 12.103304863 0.004656262 -0.651988328 -0.029446512 0.757642627
1439803695.258955 -1.119263411 -0.635367632 12.096930504 0.003780941 -0.693090379 -0.029631792 0.720231473
1439803695.321455 -1.128952146 -0.635736406 12.093450546 0.002290937 -0.707412601 -0.028651455 0.706216156
1439803695.383971 -1.136205196 -0.635223866 12.091005325 0.001391904 -0.722253203 -0.028391739 0.691044331
1439803695.508959 -1.153677940 -0.634972990 12.082186699 -0.000868980 -0.751564443 -0.028690591 0.659034908
1439803695.571458 -1.162683487 -0.634401679 12.077383995 -0.000754413 -0.765717447 -0.029362520 0.642506003
1439803695.633960 -1.171301842 -0.634361506 12.071434021 0.000205761 -0.778983355 -0.030848725 0.626285255
1439803695.696461 -1.179197192 -0.634238124 12.065552711 0.002184565 -0.792170525 -0.032600410 0.609424531
1439803695.758960 -1.187361240 -0.634452939 12.058853149 0.004444585 -0.804820597 -0.034743931 0.592483699
1439803695.821459 -1.194645882 -0.632002890 12.051321983 0.006200695 -0.816952109 -0.034543373 0.575636744
1439803695.883961 -1.203732967 -0.632524014 12.043953896 0.006534054 -0.828871906 -0.035408340 0.558278561
1439803695.946461 -1.213670254 -0.629852772 12.034980774 0.008327286 -0.839701653 -0.034907445 0.541860938
1439803696.008962 -1.210165501 -0.629546762 12.034491539 0.005019207 -0.840317309 -0.029060777 0.541292071
1439803696.071463 -1.216571808 -0.628378272 12.035964966 0.007290573 -0.841176867 -0.028119026 0.539979279
1439803696.133964 -1.228739262 -0.631610274 12.037191391 0.009709275 -0.841549754 -0.031022863 0.539200604
1439803696.196465 -1.221412897 -0.635252774 12.036838531 0.006001139 -0.842152357 -0.030311752 0.538353562
1439803696.758985 -1.228811741 -0.647495151 12.026007652 0.007971795 -0.835574865 -0.044775773 0.547490835
1439803696.821475 -1.221974850 -0.645833254 12.032050133 0.010232668 -0.837137759 -0.049108285 0.544687092
1439803696.883976 -1.226438284 -0.646187186 12.031422615 0.008323977 -0.838064253 -0.043428827 0.543776631
1439803696.946478 -1.220738888 -0.647976995 12.039146423 0.007411845 -0.841425538 -0.044579282 0.538480043
1439803697.008978 -1.235020399 -0.646999836 12.025495529 0.001188476 -0.840214908 -0.028418098 0.541507125
1439803697.133980 -1.239750624 -0.647109032 12.021284103 -0.000395630 -0.839581609 -0.024606377 0.542675853
1439803697.196482 -1.227933407 -0.647286713 12.026608467 0.003577571 -0.839733601 -0.032269392 0.542026997
