0.104128 -0.000092672 -0.000617466 0.036259584 -0.000843113 -0.000148833 0.000255862 0.999999583
0.208254 -0.000263969 -0.001174925 0.072480395 -0.000853484 -0.000367883 0.000813788 0.999999225
0.312504 -0.000478700 -0.001860712 0.114591226 -0.000369401 -0.000326860 0.001545933 0.999998689
0.416625 -0.000682573 -0.002406796 0.149769694 -0.000414161 -0.000249333 0.001658220 0.999998510
0.520755 -0.000780086 -0.002951904 0.181789950 -0.000896879 -0.000320808 0.001970864 0.999997616
0.625004 -0.000945625 -0.003446780 0.218216971 -0.001499407 -0.000208919 0.002762313 0.999995053
0.729128 -0.001098465 -0.004014987 0.254899263 -0.001789109 -0.000320554 0.002512989 0.999995172
0.833252 -0.001207217 -0.004619892 0.293890595 -0.000894337 -0.000624775 0.002089648 0.999997199
0.937506 -0.001634239 -0.005031794 0.328542590 0.000242304 -0.000531042 0.000679060 0.999999583
1.041630 -0.001921967 -0.005639223 0.367732167 0.000737244 -0.000545221 -0.001098159 0.999998927
1.145875 -0.002500590 -0.006274519 0.406448156 0.000805028 -0.000414152 -0.002365460 0.999996781
1.250003 -0.002750559 -0.007203026 0.445285261 0.000212430 -0.000426646 -0.002798244 0.999995947
1.354255 -0.003070648 -0.007846395 0.483584106 -0.001159283 -0.000172973 -0.001699462 0.999997854
1.458401 -0.003146698 -0.008532777 0.523310125 -0.002209778 -0.000118848 0.000445955 0.999997437
1.562526 -0.002784797 -0.008815838 0.550511420 -0.000917590 -0.000204802 0.001236460 0.999998808
1.666754 -0.003101308 -0.009520370 0.588571370 -0.000030310 -0.000150647 0.001877278 0.999998212
1.771007 -0.003265906 -0.010145246 0.624812543 0.000817986 0.000122277 0.000650294 0.999999404
1.875129 -0.003474165 -0.010741106 0.662401617 -0.000254671 0.000553602 -0.000831988 0.999999464
1.979377 -0.003692392 -0.011244024 0.700068295 -0.001993198 0.000784173 -0.001057165 0.999997139
2.083502 -0.003930648 -0.011587658 0.737621546 -0.002930415 0.001046434 0.000128274 0.999995172
2.187759 -0.004028937 -0.012149604 0.777383506 -0.002137837 0.000981207 0.002338795 0.999994516
2.291881 -0.004040709 -0.012862626 0.816640615 -0.001080004 0.000809512 0.002531460 0.999995887
2.396132 -0.003911043 -0.013385856 0.851646960 0.000281390 0.001043850 0.002642181 0.999995887
2.500257 -0.004122061 -0.013987485 0.891408265 0.000722996 0.001374873 0.000604449 0.999998629
2.604383 -0.004130361 -0.014675006 0.927423477 0.001755379 0.001555896 0.000504792 0.999997079
2.708628 -0.004339802 -0.015392842 0.965785742 0.001487713 0.001594529 0.000010714 0.999997616
2.812757 -0.004457133 -0.016069613 1.005432606 0.000889177 0.001431476 0.000190744 0.999998569
2.916881 -0.004473436 -0.016766999 1.045062423 0.000080333 0.001212416 -0.000431166 0.999999166
3.021006 -0.004688109 -0.017250530 1.083953023 0.000049154 0.001303267 -0.002093167 0.999996960
3.125256 -0.004687823 -0.017977202 1.119632363 0.000154000 0.001331823 -0.003076483 0.999994397
3.229379 -0.004996370 -0.018694459 1.158881307 -0.000146136 0.001375974 -0.004123747 0.999990523
3.333502 -0.005023294 -0.019406160 1.199148536 -0.000135912 0.001104650 -0.004406270 0.999989629
3.437629 -0.005202661 -0.020020673 1.236229658 -0.000098782 0.000992042 -0.003955404 0.999991655
3.541754 -0.005357455 -0.020704372 1.275445700 0.000121797 0.000690640 -0.003432502 0.999993861
3.645880 -0.005432688 -0.021421725 1.315415025 0.000067644 0.000213758 -0.003113008 0.999995112
3.750007 -0.005517662 -0.022009356 1.355366707 -0.000478995 -0.000270601 -0.003426438 0.999993980
3.854131 -0.005695249 -0.022875180 1.393430114 -0.000482070 -0.000865638 -0.003627239 0.999992907
3.958276 -0.005973248 -0.023417652 1.433025360 -0.000593105 -0.001448083 -0.003805323 0.999991536
4.062383 -0.006363056 -0.024018524 1.472554207 -0.001042343 -0.001940948 -0.003873722 0.999990046
4.166506 -0.006553543 -0.024762586 1.512938499 -0.001574119 -0.002392803 -0.003016156 0.999991298
4.270633 -0.006788445 -0.025271319 1.551934719 -0.001529157 -0.002632378 -0.002444300 0.999992371
4.374756 -0.007053749 -0.025791882 1.592138767 -0.001196015 -0.002854975 -0.001255825 0.999994397
4.478884 -0.007552398 -0.026621358 1.631907344 -0.001412022 -0.002947786 -0.000437729 0.999994576
4.583132 -0.008120616 -0.027207406 1.671709538 -0.001735430 -0.002625080 -0.000158547 0.999994993
4.687259 -0.008230184 -0.027904507 1.711358070 -0.002101417 -0.002370262 0.000484912 0.999994874
4.791384 -0.008680761 -0.028816691 1.747847557 -0.002035711 -0.002074189 0.001311708 0.999994934
4.895505 -0.008621703 -0.029545121 1.787088513 -0.001641212 -0.002028621 0.002373638 0.999993801
4.999630 -0.008959133 -0.030223873 1.828084826 -0.001478081 -0.001702575 0.001817904 0.999995828
5.103758 -0.009541005 -0.030988684 1.867594004 -0.001339264 -0.001189703 0.000836642 0.999998033
5.207869 -0.009875160 -0.031570397 1.906751633 -0.001978699 -0.000966122 -0.000692511 0.999997318
5.311998 -0.010173457 -0.032214131 1.946042061 -0.002620439 -0.000707383 -0.002384351 0.999993443
5.416245 -0.010380469 -0.032850482 1.985342383 -0.002884332 -0.000286408 -0.004465508 0.999985814
5.520244 -0.011182830 -0.033310711 2.024973392 -0.002691423 0.000225263 -0.006736412 0.999973655
5.624505 -0.012039206 -0.032997739 2.052475214 -0.002440105 0.000596356 -0.007902477 0.999965608
5.728633 -0.012405188 -0.033547051 2.091429949 -0.002416954 0.000998445 -0.008641054 0.999959230
5.832639 -0.012621272 -0.034250103 2.130413771 -0.002700222 0.001152770 -0.008863921 0.999956429
5.936757 -0.012677426 -0.034892827 2.167319775 -0.002553568 0.001205549 -0.008305136 0.999961495
6.040889 -0.013639256 -0.035074193 2.205903053 -0.001882418 0.001395679 -0.007924840 0.999965847
6.145012 -0.013602999 -0.035577528 2.244338751 -0.001798884 0.001175701 -0.007462867 0.999969840
6.249010 -0.013936949 -0.036158476 2.283424377 -0.001786163 0.000863742 -0.007554347 0.999969482
6.353135 -0.013917803 -0.037180770 2.318755388 -0.001782792 0.000817436 -0.007576983 0.999969363
6.457260 -0.014492745 -0.037544206 2.356846571 -0.001764170 0.000557476 -0.007864514 0.999967337
6.561386 -0.014125019 -0.038098842 2.395749331 -0.002210448 -0.000268926 -0.007190156 0.999971688
6.665511 -0.014123719 -0.038998544 2.432478428 -0.002726213 -0.000674254 -0.006448708 0.999975264
6.769636 -0.014256306 -0.039465673 2.469227314 -0.003065747 -0.001355023 -0.004998108 0.999981880
6.873636 -0.014419911 -0.040844254 2.506672859 -0.003302775 -0.001719247 -0.004442612 0.999983191
6.977759 -0.014995646 -0.041513428 2.544359684 -0.002997339 -0.001860957 -0.004007060 0.999985754
7.081885 -0.015212720 -0.041970003 2.580744505 -0.002857347 -0.001959494 -0.003606448 0.999987483
7.186013 -0.015388432 -0.042474706 2.618495226 -0.002511276 -0.002111139 -0.003833746 0.999987245
7.290011 -0.015852176 -0.042960290 2.654377222 -0.002286592 -0.001927236 -0.003749973 0.999988496
7.394135 -0.016089797 -0.043524578 2.691382885 -0.002029097 -0.002002228 -0.004004796 0.999987900
7.498256 -0.016222628 -0.044083077 2.728829622 -0.002129177 -0.001924500 -0.004908287 0.999983847
7.602386 -0.016938496 -0.044679895 2.764711857 -0.002854254 -0.001601565 -0.005333140 0.999980390
7.706383 -0.017520893 -0.045270011 2.801406384 -0.003699890 -0.001477409 -0.005582002 0.999976516
7.810511 -0.017950596 -0.045415655 2.837114811 -0.002779496 -0.001348152 -0.005231178 0.999981523
7.914632 -0.018162042 -0.046481796 2.874830484 -0.001668971 -0.001413977 -0.005572816 0.999982119
8.018763 -0.018442843 -0.047259778 2.910654068 -0.001174299 -0.001451888 -0.005432016 0.999983490
8.122760 -0.018869137 -0.047558710 2.947446108 -0.001601068 -0.001409153 -0.004195768 0.999988914
8.226883 -0.018821478 -0.048487008 2.985042572 -0.002779155 -0.001207956 -0.003135976 0.999990463
8.331011 -0.019177079 -0.048910946 3.020995378 -0.003058284 -0.000727736 -0.002083165 0.999992907
8.435138 -0.019319721 -0.049225882 3.056639194 -0.002228984 -0.000288655 -0.002057795 0.999995351
8.539282 -0.019500529 -0.049860220 3.092932940 -0.001118807 0.000084019 -0.002718168 0.999995708
8.643387 -0.020048616 -0.050507594 3.129882097 -0.000041424 0.000794108 -0.003981961 0.999991715
8.747509 -0.020074237 -0.051148236 3.166867495 -0.000173717 0.001223328 -0.005411131 0.999984622
8.851635 -0.020503534 -0.051828500 3.202910423 -0.001194728 0.002016724 -0.005990984 0.999979317
8.955763 -0.020531204 -0.052489564 3.239455700 -0.002372987 0.002555422 -0.005949002 0.999976218
9.059886 -0.020603562 -0.052860644 3.276329041 -0.002497143 0.002978365 -0.005778985 0.999975741
9.164012 -0.020439990 -0.053153023 3.312445641 -0.002137115 0.003469466 -0.005992345 0.999973774
9.268135 -0.020544250 -0.053518638 3.349044323 -0.001701983 0.004201194 -0.007365113 0.999962568
9.372259 -0.020642504 -0.054080784 3.386476517 -0.001642633 0.004839988 -0.007904028 0.999955654
9.476392 -0.020353224 -0.054939792 3.422811985 -0.001263629 0.005357380 -0.008498706 0.999948680
9.580513 -0.020968679 -0.055069469 3.459536314 -0.000743750 0.006000860 -0.009061811 0.999940634
9.684640 -0.020875294 -0.055398591 3.496028423 -0.000544255 0.006500648 -0.008490292 0.999942660
9.788784 -0.020627312 -0.056237571 3.533328772 -0.001238358 0.007007194 -0.008453493 0.999938965
9.892888 -0.020185292 -0.056850500 3.569951296 -0.001668804 0.007420942 -0.007734227 0.999941170
9.997010 -0.019718405 -0.057626352 3.606414080 -0.001924634 0.007561559 -0.007740098 0.999939620
10.101140 -0.019498251 -0.057974212 3.643745422 -0.001887641 0.007581937 -0.006350019 0.999949276
10.205260 -0.019057307 -0.058551438 3.681197166 -0.002276902 0.007423071 -0.005493810 0.999954760
10.309390 -0.018443797 -0.059122622 3.718078613 -0.002041331 0.007073882 -0.004852858 0.999961078
10.413390 -0.018055793 -0.059623115 3.754856110 -0.002107645 0.006437687 -0.003925096 0.999969363
10.517510 -0.017834306 -0.060265698 3.792367458 -0.002531967 0.005950966 -0.003325564 0.999973536
10.621640 -0.017235987 -0.060755130 3.829640627 -0.002565569 0.005276117 -0.002480632 0.999979675
10.725760 -0.017045777 -0.061114609 3.867084026 -0.002518859 0.004705584 -0.002308728 0.999983072
10.829890 -0.017004594 -0.061668895 3.903346062 -0.002220314 0.004161481 -0.002174763 0.999986470
10.934020 -0.016910778 -0.062235296 3.940148830 -0.002108545 0.003657565 -0.002229612 0.999988556
11.038140 -0.016554393 -0.062883899 3.976879597 -0.000956865 0.003033401 -0.000789909 0.999994636
11.142270 -0.016430473 -0.063364841 4.014533997 -0.000635861 0.002523746 0.001943591 0.999994695
11.246390 -0.016188456 -0.063956447 4.051398277 -0.001824968 0.001975250 0.005759445 0.999979794
11.350520 -0.015808692 -0.064678676 4.089061737 -0.002704627 0.001115882 0.009216829 0.999953210
11.454640 -0.015667019 -0.065087564 4.126103401 -0.000928251 0.000653077 0.010737094 0.999941707
11.558780 -0.015681490 -0.065937959 4.163071156 0.000440398 0.000711038 0.010787410 0.999941468
11.663020 -0.016384814 -0.066733204 4.199675083 0.001462422 0.001458769 0.009217991 0.999955416
11.767160 -0.016096080 -0.067419976 4.237437725 0.001483118 0.001566081 0.009338812 0.999954045
11.871260 -0.015920410 -0.067992404 4.274903774 -0.000190484 0.001930553 0.010636855 0.999941528
11.975390 -0.015756411 -0.068508618 4.311581135 -0.001454578 0.002210625 0.013113949 0.999910533
12.079640 -0.015712710 -0.068928614 4.348377705 -0.002004820 0.002321785 0.014811438 0.999885619
12.183770 -0.015299922 -0.069509991 4.386616707 -0.002019590 0.002170570 0.015802400 0.999870718
12.287890 -0.015198924 -0.069933578 4.424456120 -0.002325674 0.002620559 0.014882547 0.999883115
12.392020 -0.015365470 -0.070506468 4.461856365 -0.001855772 0.003237663 0.012665964 0.999912798
12.496260 -0.015486792 -0.071082763 4.497675419 -0.000661691 0.003630039 0.010474220 0.999938309
12.600390 -0.015090458 -0.071675688 4.535885811 -0.000449310 0.003905457 0.009461599 0.999947548
12.704520 -0.014982730 -0.072398067 4.573556900 -0.001115698 0.004210969 0.008351061 0.999955654
12.808640 -0.015032366 -0.073066570 4.611527443 -0.000936118 0.004183361 0.007477840 0.999962866
12.912790 -0.014759552 -0.073621109 4.648250103 0.000214329 0.003864076 0.006604965 0.999970675
13.016890 -0.014662761 -0.074392699 4.685855865 0.001592858 0.003552720 0.004705593 0.999981344
13.121140 -0.015034538 -0.075184062 4.724511623 0.002353759 0.003603455 0.001689459 0.999989331
13.225270 -0.014915071 -0.075983346 4.762232780 0.001664549 0.003591800 -0.000369359 0.999992073
13.329390 -0.014921591 -0.076869436 4.800285816 0.000713369 0.003897528 -0.002052828 0.999990046
13.433520 -0.015450928 -0.077257209 4.839119434 -0.000213746 0.004184049 -0.002683566 0.999987602
13.537640 -0.015519530 -0.077900477 4.877784729 -0.000723256 0.003766913 -0.000567250 0.999992490
13.641770 -0.015073381 -0.078441247 4.915678024 -0.000762486 0.002940229 0.000176285 0.999995351
13.745910 -0.014932247 -0.078997597 4.954449654 0.001438633 0.001871442 0.000172185 0.999997199
13.850020 -0.015205035 -0.079613566 4.993145943 0.003622568 0.001137147 -0.000583821 0.999992609
13.954150 -0.015367150 -0.080559254 5.031674862 0.003961761 0.000779304 -0.003214821 0.999986708
14.058400 -0.015926603 -0.081520393 5.070489407 0.003515206 0.000859783 -0.005045479 0.999980688
14.162520 -0.016107155 -0.082525119 5.109497070 0.001788933 0.000944948 -0.006462396 0.999977052
14.266640 -0.017647913 -0.083220743 5.149508953 0.000815558 0.001345629 -0.006558296 0.999977291
14.370770 -0.016683698 -0.083287939 5.186837673 0.000486845 0.001328906 -0.006610803 0.999977112
14.474890 -0.014653305 -0.082832262 5.224350452 0.000379750 0.000718100 -0.005253359 0.999985874
14.579010 -0.016332222 -0.084644951 5.266573906 -0.000047914 0.001127317 -0.004489602 0.999989271
14.683140 -0.016356025 -0.085442260 5.305379391 -0.000182377 0.001194024 -0.003057440 0.999994576
14.787290 -0.016847653 -0.086687915 5.344458580 -0.000858402 0.001568227 -0.001184001 0.999997675
14.891390 -0.016671043 -0.087301776 5.383895397 -0.001675799 0.001730506 0.001070172 0.999996483
14.995520 -0.016455783 -0.087749586 5.423593998 -0.001494774 0.001784212 0.002225534 0.999994814
15.099640 -0.016490653 -0.088422276 5.462822914 0.000703629 0.001932131 0.001238412 0.999997139
15.203790 -0.016815981 -0.089054793 5.502800465 0.003248148 0.002028175 -0.002170984 0.999990284
15.308020 -0.016832367 -0.090127960 5.541810036 0.003112156 0.002692087 -0.006680186 0.999969184
15.412140 -0.017293639 -0.090828270 5.582578659 0.001389947 0.003398987 -0.010917444 0.999933660
15.516270 -0.017311908 -0.091482125 5.623749733 0.000408459 0.003734514 -0.011442759 0.999927461
15.620390 -0.017332379 -0.092036530 5.662660122 0.000189258 0.003598968 -0.010538503 0.999937952
15.724520 -0.017063316 -0.093061976 5.701673031 -0.000021387 0.002892835 -0.008755218 0.999957502
15.828640 -0.017034620 -0.093742013 5.741744518 0.000303285 0.002455486 -0.007698173 0.999967277
15.932650 -0.016963325 -0.094442271 5.781832218 0.000563760 0.002111603 -0.007808730 0.999967098
16.036770 -0.017219370 -0.095267683 5.822188854 0.000373061 0.002200799 -0.008184709 0.999963999
16.140900 -0.017093299 -0.095970057 5.862886429 -0.000062233 0.001949163 -0.008710854 0.999960184
16.245020 -0.017247302 -0.096770748 5.903624535 0.000129398 0.001872024 -0.008424664 0.999962747
16.349140 -0.017516984 -0.097484872 5.944302559 0.000608696 0.001744119 -0.008230426 0.999964416
16.453270 -0.017493676 -0.098164693 5.984847069 0.000858888 0.001577591 -0.008144930 0.999965191
16.557390 -0.017617444 -0.098955952 6.025942802 0.000907951 0.001382861 -0.008305617 0.999964118
16.661520 -0.017840290 -0.099734478 6.066380978 0.001010116 0.001294876 -0.008417887 0.999963224
16.765650 -0.017937781 -0.100465141 6.107482910 0.001034920 0.001153699 -0.008213898 0.999965072
16.869650 -0.018289430 -0.101146579 6.148767471 0.001290932 0.000992198 -0.008828793 0.999959707
16.973770 -0.018486336 -0.102046892 6.189895153 0.001289954 0.000828540 -0.008585317 0.999961972
17.077890 -0.018842882 -0.102843545 6.231242180 0.001260054 0.000732229 -0.009035977 0.999958098
17.182030 -0.018800924 -0.103649616 6.272369862 0.001269129 0.000624228 -0.008516189 0.999962747
17.286140 -0.018799260 -0.104436487 6.313556194 0.001379005 0.000562291 -0.007754609 0.999968827
17.390270 -0.019051213 -0.105188206 6.355179787 0.001318223 0.000660464 -0.007279002 0.999972403
17.494400 -0.019244786 -0.105936266 6.396749973 0.000940772 0.000808920 -0.006625347 0.999977291
17.598420 -0.019306663 -0.106756471 6.438510418 0.000847708 0.000692687 -0.006581943 0.999977708
17.702520 -0.019533386 -0.107549764 6.480134964 0.001002489 0.000723015 -0.006734005 0.999976575
17.806640 -0.019727670 -0.108272448 6.521741390 0.001388452 0.000873212 -0.007108374 0.999973416
17.910650 -0.019785646 -0.109264575 6.563651562 0.000944515 0.001023522 -0.007821175 0.999968410
18.014770 -0.019966347 -0.109964639 6.605544567 -0.000086886 0.001385901 -0.007982480 0.999967158
18.118900 -0.020052027 -0.110652871 6.647274017 -0.000277201 0.001691592 -0.007754997 0.999968469
18.223020 -0.020179342 -0.111462727 6.689311981 0.000479607 0.001988393 -0.007943337 0.999966323
18.327020 -0.020085862 -0.112260006 6.730885506 0.001112109 0.002180607 -0.008093367 0.999964237
18.431150 -0.020179570 -0.112947613 6.772831917 0.000900574 0.002376499 -0.008590448 0.999959886
18.535360 -0.020274967 -0.113673002 6.814748764 0.000440557 0.002407687 -0.008444880 0.999961317
18.639420 -0.020331938 -0.114498422 6.856756687 0.000165426 0.002239971 -0.008595568 0.999960542
18.743480 -0.020390289 -0.115236394 6.898753166 0.000191857 0.002145257 -0.008718392 0.999959648
18.847540 -0.020476503 -0.115915030 6.941176414 0.000095134 0.002178350 -0.009413622 0.999953270
18.951650 -0.020350806 -0.116622768 6.983377934 0.000132863 0.002125629 -0.010053711 0.999947190
19.055650 -0.020364027 -0.117260434 7.025994301 0.000048930 0.002125356 -0.010366574 0.999944031
19.159650 -0.020746216 -0.118007727 7.068123341 -0.000059094 0.002317649 -0.009550028 0.999951720
19.263770 -0.020553784 -0.118793927 7.110917091 -0.000502124 0.002151980 -0.008514382 0.999961317
19.367870 -0.020569559 -0.119335145 7.153235912 -0.000870675 0.002202675 -0.007357870 0.999970138
19.471780 -0.020514024 -0.119966403 7.196342468 -0.000277587 0.001893652 -0.006621733 0.999976218
19.575900 -0.020679435 -0.120506652 7.237949371 0.000057310 0.002081202 -0.005783560 0.999981105
19.679910 -0.020586997 -0.121263161 7.280664444 -0.000880322 0.002290354 -0.004855888 0.999985158
19.784020 -0.020580195 -0.122093216 7.323361397 -0.001828143 0.002442758 -0.003673123 0.999988616
19.888070 -0.020623215 -0.122464731 7.365692139 -0.001238370 0.002558318 -0.003291911 0.999990523
19.992130 -0.020665996 -0.123200998 7.408040524 -0.000702605 0.002868463 -0.003552211 0.999989331
20.096150 -0.020263143 -0.123621523 7.451499462 -0.000524617 0.002947079 -0.003487600 0.999989450
20.200150 -0.020227410 -0.124104671 7.494276524 -0.000358190 0.003436611 -0.005007807 0.999981523
20.304270 -0.020554155 -0.125120357 7.537557602 -0.000324268 0.003923958 -0.005573399 0.999976695
20.408270 -0.020534784 -0.126384810 7.580145836 -0.000289522 0.004491329 -0.006607510 0.999967992
20.512310 -0.020378850 -0.126815692 7.622944832 -0.000112732 0.004822390 -0.006765129 0.999965489
20.616400 -0.020667054 -0.126995534 7.665833473 0.000355456 0.005305996 -0.006591300 0.999964118
20.720420 -0.019971855 -0.128235698 7.709241867 0.000689017 0.005515641 -0.006791219 0.999961495
20.824520 -0.019737743 -0.128298268 7.751569271 0.000453253 0.005964560 -0.005561510 0.999966621
20.928690 -0.018923745 -0.129633769 7.794049263 0.000020182 0.006261423 -0.005783619 0.999963641
21.032780 -0.019082844 -0.129601210 7.836503506 -0.000144786 0.006458054 -0.004446543 0.999969244
21.136780 -0.018800445 -0.130408093 7.879032135 0.001088143 0.006487267 -0.004198531 0.999969542
21.240880 -0.018280901 -0.131287932 7.921326160 0.002140027 0.006262262 -0.003418976 0.999972224
21.344920 -0.017948583 -0.132277369 7.963992119 0.002038644 0.005860434 -0.003598051 0.999974251
21.448900 -0.017816104 -0.132934451 8.006931305 0.002152559 0.005472663 -0.002740408 0.999978960
21.552900 -0.017621994 -0.133992285 8.049907684 0.002234108 0.005094440 -0.002483882 0.999981463
21.657020 -0.017001919 -0.134741306 8.092353821 0.002561982 0.004548993 -0.003022613 0.999981821
21.761020 -0.016868539 -0.135979205 8.134139061 0.002189821 0.004285523 -0.003181161 0.999983370
21.865030 -0.016855020 -0.136247158 8.178280830 0.002331634 0.003763843 -0.002692428 0.999986589
21.969150 -0.016633231 -0.137143210 8.221111298 0.001634346 0.003308819 -0.002561614 0.999989927
22.073170 -0.017316278 -0.137328997 8.264349937 0.001155883 0.003220795 -0.003922109 0.999986410
22.177150 -0.016733479 -0.138301790 8.307680130 0.001070615 0.003500840 -0.004117042 0.999984860
22.281150 -0.016389959 -0.139188260 8.350607872 0.001127016 0.003811608 -0.004197942 0.999983311
22.385270 -0.016285628 -0.140163839 8.394044876 0.001213678 0.004034051 -0.003528750 0.999984920
22.489270 -0.016016603 -0.141136467 8.437783241 0.001643981 0.004133551 -0.002553021 0.999986827
22.593280 -0.015865900 -0.142203555 8.481108665 0.002553743 0.004304655 -0.001560076 0.999986231
22.697420 -0.016885936 -0.144444495 8.523129463 0.002504963 0.004381279 -0.000349883 0.999987185
22.801400 -0.015535571 -0.144082278 8.568987846 0.003571230 0.003118208 -0.001799300 0.999987125
22.905400 -0.015306760 -0.144973516 8.612688065 0.003210865 0.002041485 -0.002644390 0.999989271
23.009400 -0.015521836 -0.146120712 8.657513618 0.001576414 0.001914007 -0.002966457 0.999992549
23.113490 -0.015653156 -0.146751791 8.701726913 0.000133680 0.002200873 -0.002387497 0.999994755
23.217420 -0.015285220 -0.147720128 8.746837616 -0.000377437 0.002147899 -0.001635157 0.999996305
23.321400 -0.015160926 -0.148480311 8.791382790 0.000304412 0.002281481 -0.001313767 0.999996483
23.425400 -0.015124496 -0.149139017 8.835702896 0.000383740 0.002480996 -0.000812585 0.999996483
23.529550 -0.015139244 -0.150038034 8.879912376 0.000179981 0.002599911 -0.000816391 0.999996245
23.633550 -0.015232682 -0.150760949 8.924324036 0.000266375 0.002883461 -0.000876776 0.999995410
23.737530 -0.015207194 -0.151686221 8.968658447 0.000667874 0.003109784 -0.001639246 0.999993622
23.841660 -0.015283994 -0.152462587 9.013366699 0.000986562 0.003477960 -0.001995503 0.999991477
23.945650 -0.015065618 -0.153301150 9.057643890 0.000064483 0.003890856 -0.001448197 0.999991357
24.049650 -0.014899440 -0.154215693 9.102064133 -0.000366622 0.003890805 -0.000881604 0.999991953
24.153670 -0.014737576 -0.154950023 9.146302223 0.000301987 0.003834706 -0.000493830 0.999992490
24.257780 -0.014611155 -0.155645087 9.190481186 0.000319287 0.003899114 -0.001122786 0.999991715
24.361780 -0.014623135 -0.156683177 9.234639168 0.001218630 0.003799442 -0.002022146 0.999989986
24.465780 -0.014657095 -0.157504007 9.278230667 0.002824863 0.003511652 -0.002946365 0.999985516
24.569780 -0.014549423 -0.158559665 9.322475433 0.002560172 0.003040825 -0.003710824 0.999985218
24.673900 -0.014690708 -0.159442529 9.366171837 0.000829828 0.002650818 -0.004083104 0.999987781
24.777900 -0.014867287 -0.160254180 9.410130501 -0.000466449 0.002256677 -0.004924053 0.999985218
24.882030 -0.014866671 -0.161013812 9.454336166 0.000165995 0.001491551 -0.005020387 0.999986291
24.986020 -0.015027543 -0.161803707 9.498225212 0.000947658 0.000568729 -0.004801195 0.999987841
25.090170 -0.015193326 -0.162866265 9.541978836 0.000153808 -0.000313260 -0.004156248 0.999991298
25.194150 -0.015312555 -0.163670585 9.585863113 -0.000064051 -0.000797906 -0.003387166 0.999993920
25.298280 -0.015697243 -0.164340124 9.629393578 0.000498834 -0.000918838 -0.003399887 0.999993682
25.402400 -0.015802953 -0.165286615 9.672824860 0.000859982 -0.001234439 -0.002895035 0.999994695
25.506530 -0.016105248 -0.165997207 9.716427803 0.001056425 -0.001291583 -0.002831116 0.999994576
25.610540 -0.016452745 -0.166982159 9.759951591 0.001047543 -0.001188349 -0.002477228 0.999995649
25.714650 -0.016622925 -0.167896986 9.803355217 0.001364899 -0.001261869 -0.002402870 0.999995351
25.818650 -0.016886938 -0.168774098 9.846873283 0.001695016 -0.001266117 -0.002426205 0.999994814
25.922780 -0.017184019 -0.169557914 9.890322685 0.001629180 -0.001226500 -0.002091692 0.999995768
26.026980 -0.017468998 -0.170599788 9.933642387 0.002008597 -0.001233311 -0.002345305 0.999994457
26.130900 -0.017687971 -0.171526834 9.977495193 0.002711626 -0.001210608 -0.001618006 0.999994278
26.235050 -0.017778359 -0.172498912 10.020719528 0.001740021 -0.001323695 -0.000546444 0.999997437
26.339150 -0.017933676 -0.173400998 10.064787865 0.001362821 -0.001427913 0.000208882 0.999998033
26.443290 -0.017870981 -0.174465775 10.108501434 0.001792299 -0.001568088 0.000395666 0.999997079
26.547800 -0.018495519 -0.175245702 10.152875900 0.002099682 -0.001418214 0.000191567 0.999996781
26.651410 -0.018774610 -0.176171273 10.195916176 0.001657516 -0.001148814 -0.000598528 0.999997795
26.757930 -0.019107409 -0.177032769 10.239448547 0.001146608 -0.000972137 -0.001420261 0.999997854
26.862580 -0.019420397 -0.177855074 10.282828331 0.001468749 -0.000744919 -0.001722149 0.999997139
26.963660 -0.020363914 -0.178562850 10.326505661 0.002017161 -0.000305777 -0.001743158 0.999996364
27.067820 -0.020038191 -0.179702386 10.371398926 0.002013714 -0.000571785 -0.001928452 0.999995947
27.171920 -0.020703752 -0.180327296 10.415275574 0.002467887 -0.000270995 -0.002365763 0.999994099
27.276060 -0.020997396 -0.181474090 10.459918976 0.002295922 -0.000193208 -0.003199686 0.999992251
27.380140 -0.021230198 -0.182491079 10.503509521 0.002069463 -0.000037444 -0.004243407 0.999988854
27.484700 -0.021670891 -0.183395639 10.547539711 0.002526962 0.000236085 -0.004946349 0.999984562
27.588410 -0.021811763 -0.184300438 10.591487885 0.002909420 0.000344958 -0.005327598 0.999981523
27.692530 -0.022055808 -0.185573637 10.636105537 0.002741758 0.000336257 -0.005751788 0.999979615
27.796540 -0.022758439 -0.186523944 10.680079460 0.002530048 0.000934439 -0.007344862 0.999969363
27.900670 -0.022787033 -0.187397838 10.724041939 0.002511335 0.000873689 -0.007979451 0.999964654
28.005230 -0.023510225 -0.188248232 10.768323898 0.002949834 0.001341181 -0.008827932 0.999955773
28.108940 -0.023611009 -0.189358234 10.811553001 0.002752813 0.001571661 -0.008880679 0.999955535
