1439803734.384647 -0.000072107 -0.002302877 0.041855335 0.001045822 -0.000213860 0.000471713 0.999999285
1439803734.447148 -0.000297854 -0.005079360 0.083680823 0.001574191 -0.000307318 -0.000268216 0.999998689
1439803734.509649 -0.000493383 -0.007111495 0.127162367 0.002387817 -0.000381678 0.000248091 0.999997020
1439803734.572151 -0.000024027 -0.009846464 0.170457050 0.002803492 -0.000692305 0.000562071 0.999995649
1439803734.634653 -0.000488027 -0.012394469 0.213018045 0.002992037 -0.000641615 0.000601129 0.999995112
1439803734.697154 -0.001096352 -0.015242512 0.255917609 0.002577215 -0.000527032 -0.000244077 0.999996543
1439803734.759656 -0.001462697 -0.017936409 0.297767013 0.002428942 -0.000476013 -0.000973674 0.999996424
1439803734.822156 -0.001760088 -0.020603197 0.339821160 0.002017102 -0.000460911 -0.000454813 0.999997735
1439803734.884655 -0.002804495 -0.022986345 0.378143489 0.001373419 -0.000319064 -0.000410941 0.999998927
1439803734.947155 -0.002383483 -0.025908507 0.425276637 0.000988568 -0.000577171 -0.000582343 0.999999166
1439803735.009656 -0.002599885 -0.027913550 0.467623621 0.000637391 -0.000580727 -0.000656075 0.999999404
1439803735.072156 -0.003407434 -0.030544769 0.508627713 0.000002470 -0.000408271 -0.000807280 0.999999583
1439803735.134656 -0.003692631 -0.032904610 0.550554037 -0.000260975 -0.000354210 -0.000554369 0.999999762
1439803735.197163 -0.003427257 -0.034583170 0.585908771 -0.000366739 -0.000367017 -0.000983859 0.999999344
1439803735.259660 -0.004261808 -0.037200794 0.628733218 -0.000558256 -0.000288830 -0.001134094 0.999999166
1439803735.322162 -0.003428962 -0.039182469 0.667656422 -0.001291143 -0.000482531 -0.001275045 0.999998212
1439803735.384663 -0.005518548 -0.041462567 0.707143545 -0.001679408 0.000108542 -0.001449266 0.999997556
1439803735.447164 -0.005428856 -0.043742407 0.747145593 -0.001679960 -0.000025028 0.000573863 0.999998391
1439803735.509664 -0.005888937 -0.046368700 0.787330985 -0.001016032 0.000036276 0.001637297 0.999998152
1439803735.572165 -0.005859935 -0.048718229 0.827025294 0.000242790 0.000286010 0.000899807 0.999999523
1439803735.634666 -0.006172025 -0.051377147 0.867141366 0.001230110 0.000777369 -0.001186642 0.999998212
1439803735.697168 -0.006724213 -0.053736381 0.906171143 0.001537972 0.001075467 -0.002254894 0.999995708
1439803735.759669 -0.006970137 -0.056353729 0.945569456 0.001522199 0.000748365 -0.001646785 0.999997199
1439803735.822170 -0.007110582 -0.058554646 0.984797478 0.001320271 0.000068014 -0.000634375 0.999998927
1439803735.884671 -0.007209377 -0.061318330 1.023187995 0.000448029 -0.000593693 -0.000565848 0.999999523
1439803735.947173 -0.007956280 -0.063183747 1.062531114 0.000099584 -0.000931808 -0.001551983 0.999998331
1439803736.009675 -0.009273782 -0.065692835 1.100215793 0.000098266 -0.001085740 -0.002047646 0.999997318
1439803736.072176 -0.010668711 -0.067962237 1.138717294 0.000554084 -0.001494287 -0.002316084 0.999996006
1439803736.134677 -0.010812625 -0.071535110 1.175540686 0.000379422 -0.002230011 -0.003148382 0.999992490
1439803736.197179 -0.011335997 -0.072666563 1.212976456 0.000831932 -0.002998663 -0.004125932 0.999986649
1439803736.259680 -0.012026810 -0.075091839 1.249891281 0.000796616 -0.003790531 -0.004888585 0.999980569
1439803736.322181 -0.012460292 -0.077658556 1.286877036 0.000587240 -0.004732769 -0.005398968 0.999974072
1439803736.384682 -0.013616364 -0.079297513 1.324440718 0.000626457 -0.005416824 -0.005898894 0.999967694
1439803736.447183 -0.015179601 -0.081779756 1.361985087 0.000576523 -0.006129661 -0.006634722 0.999959052
1439803736.509685 -0.016367020 -0.083959967 1.398909807 -0.000124677 -0.006851000 -0.007908804 0.999945223
1439803736.572186 -0.018032169 -0.086286694 1.435147882 -0.001145855 -0.007474246 -0.009619159 0.999925137
1439803736.634688 -0.019684903 -0.088399351 1.471314669 -0.002319273 -0.008261682 -0.012428800 0.999885917
1439803736.697189 -0.020790059 -0.090665564 1.508689284 -0.002206134 -0.009220708 -0.011738846 0.999886155
1439803736.759691 -0.021838155 -0.093122110 1.544855714 -0.001736544 -0.010199551 -0.010915951 0.999886870
1439803736.822191 -0.022487158 -0.094680272 1.581115603 -0.000801380 -0.011207470 -0.010789524 0.999878645
1439803736.884693 -0.024064038 -0.097276226 1.617429495 0.000373295 -0.011761381 -0.010815031 0.999872267
1439803736.947194 -0.024691802 -0.098152623 1.652933598 0.001977017 -0.011887815 -0.012546800 0.999848664
1439803737.009695 -0.026227288 -0.100288548 1.688506007 0.002489302 -0.012383601 -0.013197835 0.999833107
1439803737.072196 -0.027800012 -0.102746285 1.725540996 0.002171704 -0.012713039 -0.013260289 0.999828875
1439803737.134699 -0.029276159 -0.104987338 1.760919333 0.001580219 -0.013204329 -0.013299938 0.999823093
1439803737.197199 -0.030864224 -0.107543670 1.797253966 0.000702473 -0.013479828 -0.013376906 0.999819398
1439803737.259701 -0.032230780 -0.110222928 1.833217978 -0.000001200 -0.013833106 -0.013516437 0.999812961
1439803737.322202 -0.033809032 -0.112877361 1.869120479 -0.000276558 -0.014094312 -0.013737778 0.999806225
1439803737.384703 -0.035292953 -0.115424335 1.905194998 -0.000167714 -0.014307794 -0.013821615 0.999802113
1439803737.447208 -0.037309490 -0.117417321 1.940606713 0.000145933 -0.014567087 -0.014037406 0.999795318
1439803737.509706 -0.039024744 -0.119292729 1.976488113 0.000301535 -0.014896959 -0.013641541 0.999795914
1439803737.572209 -0.040512584 -0.119798020 2.012282133 0.001121725 -0.015403106 -0.013459383 0.999790132
1439803737.634713 -0.040474340 -0.121323310 2.047121286 0.001398606 -0.016149038 -0.014025260 0.999770224
1439803737.697210 -0.043043450 -0.123552218 2.083736897 0.001178006 -0.016345605 -0.014483031 0.999760807
1439803737.759711 -0.044191144 -0.126537353 2.117333651 0.000198719 -0.016828224 -0.013305880 0.999769807
1439803737.822213 -0.045742065 -0.128233910 2.152722597 -0.000226612 -0.017027929 -0.014083292 0.999755800
1439803737.884714 -0.047346607 -0.130484805 2.186546803 0.000322785 -0.017235145 -0.015139101 0.999736786
1439803737.947215 -0.048904601 -0.132969409 2.220895529 0.001432925 -0.017471656 -0.015573817 0.999725044
1439803738.009716 -0.050327491 -0.134801671 2.254310131 0.002410441 -0.017415885 -0.015705138 0.999722064
1439803738.072218 -0.051252410 -0.136517644 2.286807060 0.003219871 -0.017156139 -0.015538146 0.999726892
1439803738.134720 -0.052688438 -0.138632566 2.320867062 0.003786383 -0.016752558 -0.014669793 0.999744892
1439803738.197221 -0.054230388 -0.140466973 2.354319334 0.003674825 -0.016396007 -0.014816994 0.999749005
1439803738.259722 -0.055078421 -0.142570868 2.387261629 0.002456432 -0.015911989 -0.014946087 0.999758661
1439803738.322223 -0.056368038 -0.144768491 2.420891047 0.000860825 -0.015268045 -0.014375483 0.999779761
1439803738.384727 -0.058129352 -0.146842405 2.454396486 -0.000058522 -0.014606560 -0.014231084 0.999792039
1439803738.447225 -0.058940239 -0.148477808 2.487122774 -0.000325602 -0.014106476 -0.014331034 0.999797702
1439803738.509724 -0.059529275 -0.150234073 2.519441605 -0.000058180 -0.013617749 -0.013883524 0.999810874
1439803738.572227 -0.060584843 -0.151945204 2.551716566 0.000786753 -0.012931550 -0.014114799 0.999816477
1439803738.634726 -0.061056871 -0.154698461 2.583000422 0.001291895 -0.012302436 -0.014006623 0.999825358
1439803738.697226 -0.061431244 -0.156633511 2.614099979 0.001449999 -0.011624452 -0.014310426 0.999828994
1439803738.759727 -0.061924037 -0.158255473 2.646042585 0.001107466 -0.011122220 -0.014501221 0.999832332
1439803738.822228 -0.064278387 -0.159801051 2.676993608 0.000816825 -0.010284133 -0.014263939 0.999845028
1439803738.884728 -0.064407773 -0.161275357 2.708964586 0.000884451 -0.009798104 -0.013812396 0.999856234
1439803738.947231 -0.065364972 -0.163874328 2.738249779 0.000695447 -0.009044892 -0.013640768 0.999865830
1439803739.009729 -0.066113934 -0.165894464 2.768855333 0.000959985 -0.008305993 -0.013513201 0.999873698
1439803739.072230 -0.066717379 -0.168182790 2.799230576 0.001657114 -0.007490876 -0.013393367 0.999880910
1439803739.134733 -0.067379840 -0.170348197 2.829287291 0.002525425 -0.006578195 -0.014032347 0.999876738
1439803739.197232 -0.067888446 -0.172352329 2.858916759 0.003270762 -0.005885497 -0.014081474 0.999878168
1439803739.259731 -0.067960024 -0.174123704 2.887621880 0.003975681 -0.005346810 -0.014277535 0.999875903
1439803739.322233 -0.069028802 -0.175741985 2.917025089 0.004580060 -0.004758659 -0.014558578 0.999872208
1439803739.384733 -0.067497164 -0.176749766 2.943575859 0.004834402 -0.004622451 -0.013945376 0.999880373
1439803739.447234 -0.068861753 -0.178611413 2.972611427 0.004623688 -0.003906883 -0.013438118 0.999891400
1439803739.509735 -0.069024593 -0.180942267 3.002788544 0.003829496 -0.003113267 -0.013155447 0.999901295
1439803739.572236 -0.069989637 -0.183774069 3.030568600 0.003118505 -0.002620149 -0.013295156 0.999903321
1439803739.634737 -0.070261747 -0.185613602 3.054629564 0.002673191 -0.002594545 -0.012977849 0.999908805
1439803739.697239 -0.071838774 -0.186917678 3.083284140 0.002452208 -0.002320605 -0.013067674 0.999908924
1439803739.759739 -0.072690152 -0.188272133 3.114685297 0.001666263 -0.002092783 -0.014201317 0.999895573
1439803739.822241 -0.073452979 -0.190756992 3.140912771 -0.000038226 -0.002153744 -0.015493806 0.999877632
1439803739.884742 -0.073313788 -0.192027509 3.168239832 -0.000427014 -0.002776634 -0.014703784 0.999887943
1439803739.947244 -0.071912415 -0.193717882 3.193340302 0.000575512 -0.003368889 -0.013374341 0.999904692
1439803740.009745 -0.072084293 -0.195507869 3.218687296 0.001555669 -0.003717522 -0.012838444 0.999909461
1439803740.072260 -0.072149515 -0.197616890 3.244147301 0.002089663 -0.004007163 -0.012185647 0.999915540
1439803740.134747 -0.072638579 -0.198858589 3.270072460 0.002178254 -0.004194429 -0.011530926 0.999922335
1439803740.197249 -0.073188953 -0.200458512 3.295211315 0.002322266 -0.004536551 -0.012146961 0.999913216
1439803740.259750 -0.073862977 -0.202502534 3.319130421 0.002760494 -0.004639331 -0.013505078 0.999894261
1439803740.322251 -0.074687742 -0.203890666 3.343703508 0.003607996 -0.004693733 -0.014905501 0.999871373
1439803740.384753 -0.075741105 -0.205383360 3.367708445 0.003906471 -0.004922163 -0.015315276 0.999862969
1439803740.447255 -0.076125950 -0.206931531 3.391424417 0.003403652 -0.005573438 -0.015463757 0.999859095
1439803740.509759 -0.076588064 -0.208716989 3.415021420 0.002761049 -0.006096507 -0.015469565 0.999857962
1439803740.572260 -0.076847851 -0.209895879 3.438560963 0.002459748 -0.006369532 -0.015626458 0.999854565
1439803740.634759 -0.077220723 -0.211622596 3.461590767 0.002818219 -0.006615129 -0.014222418 0.999872983
1439803740.697260 -0.077914111 -0.213169113 3.484659910 0.003534779 -0.006697006 -0.014060096 0.999872446
1439803740.759762 -0.079035670 -0.214301839 3.508113146 0.003510588 -0.006843636 -0.015662955 0.999847770
1439803740.822263 -0.079921678 -0.215511665 3.531323195 0.003388619 -0.006952980 -0.015993908 0.999842167
1439803740.884764 -0.080069713 -0.217226058 3.553630829 0.003974699 -0.007153415 -0.015023301 0.999853671
1439803740.947266 -0.080402926 -0.218619645 3.575940371 0.004505832 -0.007305299 -0.015071459 0.999849558
1439803741.009766 -0.081091411 -0.220475599 3.599026680 0.004423962 -0.007578976 -0.015200915 0.999845922
1439803741.072268 -0.081320785 -0.222139254 3.622364283 0.005020279 -0.007802321 -0.014759184 0.999848068
1439803741.134769 -0.081974976 -0.223637059 3.644929647 0.005461247 -0.007766232 -0.015145747 0.999840200
1439803741.197270 -0.082228109 -0.225494131 3.667513847 0.005541612 -0.008018446 -0.014022990 0.999854147
1439803741.259772 -0.082835644 -0.227091849 3.690728188 0.005735990 -0.008070089 -0.013615473 0.999858260
1439803741.322273 -0.082297072 -0.228147149 3.714677095 0.006135442 -0.008119808 -0.013743604 0.999853790
1439803741.384775 -0.082849197 -0.229432628 3.737693310 0.006002415 -0.008070587 -0.013436832 0.999859154
1439803741.447276 -0.083400078 -0.230862617 3.761313915 0.005369222 -0.008343890 -0.013627024 0.999857903
1439803741.509777 -0.083822787 -0.232334808 3.784744740 0.005124148 -0.008687328 -0.013599657 0.999856651
1439803741.572278 -0.084561624 -0.234280825 3.808492422 0.005275049 -0.008727454 -0.012870277 0.999865174
1439803741.634780 -0.085106850 -0.235828474 3.832114220 0.005415279 -0.008823202 -0.012287994 0.999870896
1439803741.697280 -0.085620038 -0.237293288 3.856873035 0.005639349 -0.008910459 -0.012447795 0.999866903
1439803741.759782 -0.086304352 -0.238809213 3.881344080 0.005327113 -0.009236247 -0.011969934 0.999871492
1439803741.822284 -0.087425500 -0.240652502 3.905973434 0.005279359 -0.009637285 -0.011589675 0.999872446
1439803741.884785 -0.087328069 -0.242309690 3.931064606 0.005922369 -0.010174462 -0.010617818 0.999874294
1439803741.947286 -0.088076286 -0.243444487 3.955695152 0.007158350 -0.010428575 -0.010607263 0.999863744
1439803742.009787 -0.089128539 -0.245596051 3.980002642 0.008286199 -0.010572091 -0.011609927 0.999842346
1439803742.072291 -0.089260072 -0.246559978 4.004359245 0.009238482 -0.011110254 -0.012450974 0.999818087
1439803742.134790 -0.090543494 -0.248329222 4.030270100 0.009317361 -0.011614020 -0.014117553 0.999789476
1439803742.197292 -0.090808198 -0.249910042 4.054742336 0.009412763 -0.012258871 -0.016377537 0.999746442
1439803742.259795 -0.093540177 -0.252155423 4.081870556 0.009438035 -0.012308012 -0.019057985 0.999698102
1439803742.322294 -0.095249414 -0.253829062 4.107485294 0.009285257 -0.012310104 -0.019919509 0.999682665
1439803742.384797 -0.096268818 -0.255374610 4.133664131 0.008595139 -0.012573137 -0.019119577 0.999701202
1439803742.447302 -0.096324109 -0.257438004 4.161072254 0.007588295 -0.012967577 -0.017806577 0.999728560
1439803742.509798 -0.096836321 -0.259334117 4.186820507 0.006415483 -0.013237381 -0.016617693 0.999753714
1439803742.572300 -0.098272100 -0.260604084 4.214796543 0.005101540 -0.013147037 -0.016239196 0.999768674
1439803742.634803 -0.099123128 -0.262319773 4.241005421 0.003906867 -0.013106822 -0.015445664 0.999787152
1439803742.697304 -0.100206569 -0.263583750 4.267942905 0.003302005 -0.013160883 -0.016085107 0.999778569
1439803742.759805 -0.101869464 -0.265407860 4.295032501 0.003075763 -0.013351977 -0.017850868 0.999746740
1439803742.822307 -0.103103064 -0.267072469 4.321686268 0.002944766 -0.013926543 -0.018414149 0.999729097
1439803742.884806 -0.104068518 -0.269024312 4.348258972 0.002616564 -0.014697949 -0.017501941 0.999735355
1439803742.947307 -0.104848437 -0.270198852 4.376188755 0.002612995 -0.015659472 -0.016229441 0.999742270
1439803743.009808 -0.106156319 -0.272150397 4.403370380 0.003104873 -0.016378852 -0.015598462 0.999739289
1439803743.072310 -0.106786571 -0.273761690 4.429813862 0.004542311 -0.016969595 -0.014335929 0.999742925
1439803743.134811 -0.107968450 -0.275697619 4.457564831 0.005872285 -0.017430199 -0.013811925 0.999735415
1439803743.197313 -0.109621525 -0.277678758 4.484786034 0.006565621 -0.017823154 -0.014271260 0.999717712
1439803743.259814 -0.111333162 -0.279447913 4.509979725 0.007475924 -0.018454719 -0.014588461 0.999695301
1439803743.322315 -0.112777159 -0.281264484 4.537421703 0.008740454 -0.019059503 -0.014922285 0.999668777
1439803743.384819 -0.114458263 -0.283086509 4.564716816 0.009652521 -0.019621393 -0.015859064 0.999635100
1439803743.447320 -0.115560308 -0.285113096 4.591821671 0.009989456 -0.019931164 -0.016271600 0.999619067
1439803743.509822 -0.118061371 -0.286619157 4.620714664 0.009706682 -0.020034522 -0.015426657 0.999633133
1439803743.572320 -0.119281501 -0.288734704 4.648465157 0.008828063 -0.020212609 -0.015386068 0.999638319
1439803743.634822 -0.120738260 -0.291027218 4.676902771 0.008102359 -0.020275209 -0.015505563 0.999641359
1439803743.697324 -0.121401012 -0.294624269 4.705204487 0.007245833 -0.020345710 -0.015072091 0.999653101
1439803743.759825 -0.122662313 -0.296737760 4.733728409 0.006532541 -0.020471998 -0.013857698 0.999673069
1439803743.822326 -0.124029785 -0.298560828 4.762062550 0.006002821 -0.020485092 -0.014327347 0.999669492
1439803743.884827 -0.125196829 -0.300302088 4.789769173 0.005983559 -0.020402091 -0.014943010 0.999662280
1439803743.947328 -0.126815870 -0.302071750 4.818761349 0.006178186 -0.020469306 -0.015094438 0.999657452
1439803744.009829 -0.128308237 -0.304633796 4.847303391 0.006123867 -0.020669024 -0.014340600 0.999664783
1439803744.072331 -0.129772812 -0.305953115 4.875994682 0.006071597 -0.020759001 -0.014229926 0.999664783
1439803744.134833 -0.131071135 -0.308122158 4.904384613 0.005713645 -0.020833945 -0.014150814 0.999666452
1439803744.197334 -0.132376194 -0.309892446 4.933129311 0.005378517 -0.020888645 -0.013059339 0.999682009
1439803744.259837 -0.133580238 -0.311656475 4.962297440 0.005177815 -0.021104496 -0.012788199 0.999682069
1439803744.322339 -0.134885222 -0.313717723 4.990499020 0.005002686 -0.021246765 -0.013896835 0.999665141
1439803744.384837 -0.136826009 -0.315461367 5.019510269 0.005053631 -0.021228945 -0.014810627 0.999652147
1439803744.447339 -0.138129622 -0.317578673 5.047956944 0.004729697 -0.021572214 -0.014847449 0.999645889
1439803744.509840 -0.139849067 -0.319423318 5.077525616 0.004449126 -0.022237368 -0.014768605 0.999633729
1439803744.572342 -0.141154796 -0.320872813 5.107995033 0.005072227 -0.022996038 -0.013708220 0.999628663
1439803744.634843 -0.142705545 -0.322770715 5.137063503 0.005992373 -0.023656048 -0.013152347 0.999615669
1439803744.697348 -0.144546896 -0.324773610 5.167998791 0.006494398 -0.024267102 -0.012039471 0.999611914
1439803744.759846 -0.146145880 -0.327433586 5.197646618 0.006161962 -0.024708346 -0.011579910 0.999608636
1439803744.822347 -0.147848785 -0.329304755 5.224985600 0.005880288 -0.025092769 -0.013067066 0.999582469
1439803744.884848 -0.150436938 -0.331052333 5.255454063 0.005375690 -0.025437068 -0.016579425 0.999524474
1439803744.947349 -0.152814656 -0.332991034 5.285004616 0.005025831 -0.026100395 -0.018073471 0.999483287
1439803745.009851 -0.155000627 -0.334442824 5.314444065 0.004554800 -0.026963426 -0.016847987 0.999484062
1439803745.072352 -0.155247584 -0.336074680 5.345393658 0.004007069 -0.027807185 -0.015546717 0.999484360
1439803745.134867 -0.158427447 -0.338140637 5.376522064 0.003781839 -0.027943067 -0.013416164 0.999512315
1439803745.197358 -0.159948185 -0.340127319 5.406941891 0.003721549 -0.028127216 -0.011095931 0.999535859
1439803745.259856 -0.161402747 -0.342322379 5.436566830 0.003917661 -0.028019991 -0.009265101 0.999556780
1439803745.322358 -0.162858903 -0.344079703 5.467764854 0.004743401 -0.027505571 -0.009848707 0.999561846
1439803745.384858 -0.164831638 -0.346081495 5.497762203 0.005150001 -0.027147261 -0.010321457 0.999564886
1439803745.447362 -0.166904554 -0.347769886 5.528052330 0.005071567 -0.027178969 -0.010334600 0.999564290
1439803745.509861 -0.168910220 -0.349758148 5.558164597 0.005292975 -0.027425606 -0.010378516 0.999555945
1439803745.572364 -0.170579463 -0.351741254 5.588530540 0.005952516 -0.027727660 -0.009639459 0.999551356
1439803745.634864 -0.172221750 -0.353967816 5.618299961 0.006832289 -0.027939618 -0.008436338 0.999550641
1439803745.697367 -0.173781499 -0.356168717 5.647891521 0.007727443 -0.028173044 -0.007574781 0.999544501
1439803745.759868 -0.175646871 -0.358388543 5.677592278 0.008332955 -0.028450500 -0.007706342 0.999530733
1439803745.822369 -0.177866399 -0.360646009 5.707374096 0.009128459 -0.028649954 -0.008074609 0.999515176
1439803745.884872 -0.180045143 -0.362778217 5.737233639 0.010034969 -0.028950131 -0.008873285 0.999491096
1439803745.947374 -0.182390064 -0.364645720 5.767392635 0.010818050 -0.029236026 -0.010249318 0.999461472
1439803746.072371 -0.188062698 -0.368671387 5.827928066 0.009909869 -0.029923255 -0.012249107 0.999428034
1439803746.134871 -0.190375686 -0.370894551 5.857970238 0.008982282 -0.030233340 -0.012696262 0.999421895
1439803746.197372 -0.192036599 -0.372707069 5.887003899 0.008265601 -0.030699639 -0.013547360 0.999402642
1439803746.259874 -0.193940818 -0.374713957 5.916114807 0.007494020 -0.031272743 -0.013688877 0.999389052
1439803746.322377 -0.196630448 -0.376946628 5.946025848 0.006182403 -0.031769890 -0.014599117 0.999369442
1439803746.384877 -0.198415235 -0.379065901 5.975185871 0.004501320 -0.032248043 -0.015946090 0.999342501
1439803746.509878 -0.202686116 -0.382769257 6.034403801 0.003002474 -0.033127401 -0.015899757 0.999320149
1439803746.572381 -0.205218375 -0.384566307 6.066000462 0.003055163 -0.033628669 -0.016133729 0.999299526
1439803746.634881 -0.207499638 -0.386654973 6.095775604 0.003425369 -0.034395922 -0.014799920 0.999292850
1439803746.697385 -0.209616259 -0.388862044 6.124832630 0.004324090 -0.034942754 -0.014182990 0.999279320
1439803746.759886 -0.212225333 -0.390936494 6.154772282 0.005642801 -0.035436466 -0.014308530 0.999253571
1439803746.884884 -0.217349723 -0.395245880 6.212929249 0.008675892 -0.036747783 -0.015325316 0.999169409
1439803746.947386 -0.220358074 -0.397249430 6.242760658 0.009878909 -0.037408423 -0.016037537 0.999122560
1439803747.009888 -0.222987562 -0.399105012 6.271574020 0.010374617 -0.038135111 -0.017612798 0.999063492
1439803747.072389 -0.225375324 -0.401211292 6.300574303 0.009890642 -0.039062195 -0.016281353 0.999055147
1439803747.197390 -0.230231345 -0.405162990 6.359499454 0.006676739 -0.040803488 -0.012502448 0.999066651
1439803747.259891 -0.232466131 -0.407216698 6.388420105 0.005180015 -0.041512821 -0.011146015 0.999062359
1439803747.322392 -0.235313296 -0.409506917 6.417501450 0.004322430 -0.042109143 -0.010924770 0.999043941
1439803747.384894 -0.238169938 -0.411923230 6.444717884 0.004094826 -0.042611349 -0.011778513 0.999013901
1439803747.447394 -0.240894049 -0.414223373 6.474700451 0.004143105 -0.043096196 -0.013398713 0.998972476
1439803747.509894 -0.243457705 -0.415680200 6.504536629 0.004671809 -0.043748159 -0.013760027 0.998936892
1439803747.572397 -0.246284276 -0.417924941 6.533030510 0.005641622 -0.044733275 -0.013438935 0.998892665
1439803747.634895 -0.249340385 -0.420149863 6.559721470 0.006508993 -0.045489598 -0.013430919 0.998853326
1439803747.697396 -0.252140403 -0.422125459 6.588036537 0.006401374 -0.046160888 -0.013242103 0.998825729
1439803747.759899 -0.255422264 -0.424018443 6.616162300 0.005886829 -0.046873298 -0.012885163 0.998800397
1439803747.822399 -0.259135455 -0.425948739 6.647534847 0.005339460 -0.047443829 -0.012782461 0.998777807
1439803747.884897 -0.261008203 -0.427238464 6.678775311 0.004919074 -0.048289083 -0.012822826 0.998739004
1439803747.947400 -0.267473251 -0.429808766 6.705618382 0.003057317 -0.048628215 -0.012458954 0.998734593
1439803748.009899 -0.270501196 -0.431183368 6.734823704 0.000931962 -0.049067471 -0.012638679 0.998715043
1439803748.072399 -0.272710264 -0.432545751 6.764272690 -0.000448441 -0.049519096 -0.013912968 0.998676181
1439803748.134901 -0.276980460 -0.434128225 6.790163994 -0.000492466 -0.049677819 -0.015226698 0.998649120
1439803748.259902 -0.283964604 -0.438161790 6.843577862 0.002464413 -0.049758062 -0.017450890 0.998605788
1439803748.322406 -0.287391424 -0.440268725 6.874743938 0.004372327 -0.049876224 -0.018286509 0.998578370
1439803748.384906 -0.290081143 -0.441587567 6.898620605 0.005929410 -0.049955621 -0.018830642 0.998556256
1439803748.447406 -0.292730868 -0.443513334 6.926008224 0.007487584 -0.050291676 -0.018367017 0.998537600
1439803748.509907 -0.296939373 -0.445013762 6.956584930 0.008971925 -0.050335344 -0.017698787 0.998535216
1439803748.572409 -0.299747616 -0.446588695 6.984174252 0.009592456 -0.050430145 -0.016717862 0.998541594
1439803748.634909 -0.302853912 -0.448524296 7.011599064 0.009447979 -0.050498325 -0.015891062 0.998553038
1439803748.697412 -0.306220233 -0.450547636 7.039485455 0.008677003 -0.050416101 -0.016204935 0.998559117
1439803748.759914 -0.309661895 -0.452293575 7.066616058 0.007526175 -0.050178830 -0.016602393 0.998573899
1439803748.822414 -0.312643111 -0.454388708 7.094089508 0.006460431 -0.049966369 -0.017167732 0.998582423
1439803748.884915 -0.315555573 -0.457053751 7.120633125 0.005596013 -0.049818199 -0.017766794 0.998584569
1439803748.947416 -0.319457084 -0.458855748 7.146770000 0.004941016 -0.049682107 -0.018315775 0.998584926
1439803749.009918 -0.323577672 -0.460128784 7.173316002 0.004528730 -0.049545761 -0.018075377 0.998598039
1439803749.072419 -0.325579017 -0.462713242 7.200318336 0.004448907 -0.049694005 -0.017959790 0.998593092
1439803749.134920 -0.326473415 -0.463571191 7.228263855 0.004664478 -0.049781922 -0.017665539 0.998592973
1439803749.197422 -0.328915268 -0.466747791 7.253968716 0.004363891 -0.049570903 -0.017541600 0.998606980
1439803749.259924 -0.332423568 -0.467696846 7.282502174 0.004754861 -0.049021013 -0.017935706 0.998625398
1439803749.322424 -0.335174680 -0.469687790 7.308949947 0.004808800 -0.048361361 -0.018586030 0.998645365
1439803749.384925 -0.338397771 -0.470807076 7.338515759 0.005329280 -0.047601178 -0.018650010 0.998678088
1439803749.447427 -0.341325402 -0.472711116 7.366522789 0.005845591 -0.046626117 -0.018391425 0.998726010
1439803749.509929 -0.343274534 -0.474799544 7.392672062 0.006018070 -0.045612492 -0.018519700 0.998769403
1439803749.572432 -0.345474154 -0.477021188 7.420454502 0.006209829 -0.044292923 -0.018827740 0.998821855
1439803749.634934 -0.346812844 -0.478713632 7.447892666 0.006653119 -0.042988870 -0.019193947 0.998869002
1439803749.697436 -0.348427534 -0.484034449 7.475230694 0.006267857 -0.041183427 -0.019735223 0.998937011
1439803749.759935 -0.349516511 -0.486615628 7.502149582 0.006175109 -0.039473083 -0.019820694 0.999004900
1439803749.822436 -0.350592196 -0.488841504 7.529387951 0.005916165 -0.037453245 -0.020122120 0.999078274
1439803749.884940 -0.353022873 -0.490971804 7.557830334 0.005727613 -0.035049219 -0.020216359 0.999164641
1439803749.947438 -0.354243279 -0.491830975 7.585265160 0.005967702 -0.032790110 -0.019831512 0.999247670
1439803750.009941 -0.356213212 -0.490628511 7.613241196 0.006671328 -0.029970204 -0.019710308 0.999334157
1439803750.072443 -0.356943727 -0.492664933 7.640133858 0.006350960 -0.027237244 -0.020169400 0.999405324
1439803750.134942 -0.358219773 -0.494558096 7.667592525 0.005660292 -0.024193566 -0.020938454 0.999471962
1439803750.197443 -0.362862170 -0.493268579 7.707174778 0.005812735 -0.020523557 -0.021597382 0.999539196
1439803750.259944 -0.363815695 -0.494892955 7.736578941 0.005157947 -0.017029259 -0.023627661 0.999562502
1439803750.322446 -0.364176452 -0.496798337 7.764877796 0.004603498 -0.013285426 -0.025133874 0.999585211
1439803750.384947 -0.364643902 -0.498412728 7.793436527 0.004562430 -0.009078370 -0.025947107 0.999611676
1439803750.447448 -0.363921702 -0.500650585 7.820829391 0.004625216 -0.004545071 -0.025863528 0.999644458
1439803750.509950 -0.363174438 -0.502301931 7.849632740 0.005141904 0.000640161 -0.025288530 0.999666750
1439803750.572451 -0.361397147 -0.504015505 7.876952648 0.005591828 0.006138052 -0.024587048 0.999663234
1439803750.634967 -0.359964550 -0.506664336 7.904012680 0.005480463 0.012473684 -0.024414089 0.999609113
1439803750.697452 -0.357924402 -0.508808732 7.932793617 0.006008946 0.019615626 -0.025192918 0.999472082
1439803750.759952 -0.355483383 -0.510635674 7.960171223 0.006307384 0.027500046 -0.025174215 0.999284863
1439803750.822455 -0.352470219 -0.512551904 7.988077164 0.005128563 0.035827678 -0.025663150 0.999015272
1439803750.884955 -0.348609984 -0.514507413 8.015657425 0.003334564 0.044404469 -0.025625406 0.998679340
1439803750.947454 -0.343753517 -0.516537905 8.042645454 0.002242188 0.053153150 -0.024437783 0.998284757
1439803751.009955 -0.338710845 -0.518535197 8.069614410 0.002231716 0.062871844 -0.023146661 0.997750640
1439803751.072455 -0.332991481 -0.520971417 8.096006393 0.002898974 0.073368825 -0.022886511 0.997038007
1439803751.134956 -0.326398373 -0.523030162 8.122275352 0.003703373 0.084280081 -0.021274479 0.996208072
1439803751.197459 -0.319000244 -0.524973392 8.148278236 0.003702399 0.095367678 -0.018794563 0.995257795
1439803751.259957 -0.310782075 -0.527050674 8.173775673 0.003364645 0.106527783 -0.017342845 0.994152784
1439803751.322458 -0.302454114 -0.528521419 8.199413300 0.003883091 0.117878668 -0.016282275 0.992886901
1439803751.384959 -0.293579817 -0.530140400 8.224444389 0.004637641 0.129179418 -0.014927096 0.991498053
1439803751.509959 -0.274453163 -0.533646286 8.273987770 0.004590319 0.151715249 -0.015905080 0.988285601
1439803751.572459 -0.263905048 -0.535660982 8.298183441 0.004009253 0.163170323 -0.015368605 0.986470044
1439803751.634960 -0.252446175 -0.537484050 8.322366714 0.003120367 0.174937099 -0.014430928 0.984468877
1439803751.697461 -0.240799665 -0.539327204 8.345437050 0.002527547 0.187067300 -0.013226790 0.982254803
1439803751.759960 -0.228445292 -0.540916741 8.368273735 0.002925301 0.199562252 -0.012267447 0.979803979
1439803751.822462 -0.214969873 -0.542667985 8.390177727 0.003934721 0.211972058 -0.009758705 0.977219105
1439803751.884962 -0.200807095 -0.544295609 8.411215782 0.005312924 0.224374428 -0.006494942 0.974466860
1439803751.947463 -0.186800241 -0.546572566 8.432156563 0.005972827 0.237124652 -0.004248756 0.971451581
1439803752.009964 -0.171398878 -0.547000051 8.453571320 0.006412690 0.249718055 -0.003442685 0.968291223
1439803752.072463 -0.156399012 -0.547874689 8.473628044 0.006662318 0.262139946 -0.002861734 0.965002656
1439803752.134964 -0.140575171 -0.549037993 8.493885040 0.006125978 0.274919599 -0.001474027 0.961446583
1439803752.197466 -0.123987436 -0.550153911 8.513507843 0.004669019 0.288035214 0.000437404 0.957608342
1439803752.259967 -0.106802225 -0.551052213 8.532240868 0.002935337 0.301331937 0.002768975 0.953510761
1439803752.322468 -0.088507652 -0.551892042 8.550412178 0.001877351 0.314526051 0.005860925 0.949228883
1439803752.384970 -0.069915771 -0.553314805 8.568607330 0.000445412 0.328266412 0.007373543 0.944556296
1439803752.447471 -0.051058769 -0.554353535 8.586427689 -0.001181252 0.342521369 0.006491440 0.939486861
1439803752.509972 -0.031445026 -0.555323064 8.603586197 -0.002803101 0.357132614 0.005806872 0.934031427
1439803752.572474 -0.011437893 -0.556433678 8.620265961 -0.004511911 0.372296095 0.005571970 0.928086340
1439803752.634975 0.009332657 -0.557381928 8.635950089 -0.005666254 0.387514204 0.005456018 0.921830177
1439803752.697475 0.030581951 -0.557905614 8.650906563 -0.006580987 0.402932495 0.006221372 0.915184915
1439803752.759975 0.053224564 -0.558567941 8.665057182 -0.007046680 0.418096393 0.009381386 0.908326864
1439803752.822478 0.076592922 -0.558753014 8.678224564 -0.007271955 0.433015853 0.013504925 0.901255786
1439803752.884977 0.100054741 -0.559173346 8.690598488 -0.007860102 0.448100358 0.016545000 0.893795609
1439803752.947477 0.123815536 -0.559701562 8.702875137 -0.009456920 0.463581294 0.017568158 0.885829747
1439803753.009980 0.147587538 -0.560032129 8.714408875 -0.010982213 0.478827119 0.016770815 0.877680302
1439803753.072481 0.171876192 -0.560943484 8.725624084 -0.012268567 0.493726730 0.014715246 0.869406044
1439803753.134982 0.196126223 -0.561751127 8.735818863 -0.013408292 0.508407533 0.012318814 0.860924065
1439803753.197487 0.220908165 -0.562123358 8.744878769 -0.014205220 0.522903323 0.010325189 0.852211058
1439803753.259984 0.246243477 -0.562576592 8.753331184 -0.014955550 0.537351906 0.009286962 0.843174338
1439803753.322486 0.271626949 -0.563237607 8.760118484 -0.013674690 0.551398039 0.010739062 0.834061146
1439803753.384989 0.297240734 -0.563703895 8.765201569 -0.011575371 0.565051258 0.012770724 0.824875712
1439803753.447487 0.323386908 -0.564021349 8.770280838 -0.010061101 0.578479409 0.013993637 0.815514863
1439803753.509989 0.347817659 -0.564229250 8.772033691 -0.009399021 0.591085792 0.015567578 0.806403637
1439803753.572488 0.375628471 -0.563937604 8.776888847 -0.009981986 0.603355169 0.016849985 0.797232091
1439803753.634989 0.404620171 -0.563497424 8.781986237 -0.011779971 0.615044713 0.017239109 0.788215697
1439803753.697491 0.432868838 -0.563604951 8.786693573 -0.014766827 0.626136303 0.016364913 0.779401958
1439803753.759991 0.460741043 -0.563604891 8.790789604 -0.016517926 0.636420071 0.016766509 0.770983458
1439803753.822494 0.488664865 -0.563130558 8.793848991 -0.017483773 0.645685017 0.018488301 0.763179719
1439803753.884996 0.517423511 -0.561752439 8.796054840 -0.019349311 0.654220164 0.018882623 0.755820692
1439803753.947495 0.544969678 -0.560706675 8.797776222 -0.019113548 0.662356377 0.019375149 0.748694420
1439803754.009995 0.567721903 -0.559958339 8.796327591 -0.016493395 0.670218050 0.020960458 0.741684854
1439803754.072497 0.602125466 -0.559319258 8.796127319 -0.014586884 0.677484632 0.021609062 0.735074699
1439803754.134998 0.629076838 -0.558606803 8.795067787 -0.014131783 0.684731722 0.021592643 0.728338242
1439803754.197499 0.656260252 -0.557179093 8.793603897 -0.014743077 0.691900432 0.021493671 0.721522331
1439803754.260001 0.682670534 -0.556049824 8.791474342 -0.015895052 0.698825479 0.021497035 0.714792371
1439803754.322501 0.709161639 -0.555329859 8.788768768 -0.017298505 0.705682933 0.021208907 0.707998991
1439803754.385002 0.735946894 -0.554866374 8.785413742 -0.018919786 0.712436259 0.020614333 0.701178789
1439803754.447505 0.765660584 -0.555371344 8.783651352 -0.020420702 0.719290614 0.021314194 0.694081903
1439803754.510007 0.793221593 -0.554840565 8.779909134 -0.021215651 0.725827277 0.022054030 0.687195957
1439803754.572508 0.820277452 -0.555947125 8.775469780 -0.021007890 0.732306004 0.023100737 0.680259466
1439803754.635007 0.849837303 -0.555722713 8.771129608 -0.019842125 0.738933563 0.023630073 0.673071384
1439803754.697509 0.877265394 -0.555785954 8.765357018 -0.018523829 0.745428205 0.023959756 0.665897608
1439803754.760010 0.905215263 -0.555150926 8.759736061 -0.018025450 0.751891434 0.023824086 0.658609688
1439803754.822513 0.933152199 -0.554099619 8.753132820 -0.018615019 0.758199930 0.023773620 0.651322603
1439803754.885015 0.961420953 -0.553458631 8.746113777 -0.019576164 0.764506042 0.024226615 0.643863618
1439803754.947515 0.990468740 -0.552802920 8.738914490 -0.019264266 0.770832598 0.025528105 0.636234403
1439803755.010015 1.018329859 -0.552581847 8.730264664 -0.018140610 0.776807368 0.026981607 0.628898382
1439803755.072516 1.046446800 -0.552580535 8.721031189 -0.016607169 0.782386899 0.028541340 0.621916711
1439803755.135016 1.074122548 -0.552461386 8.711115837 -0.015277131 0.787585974 0.030018782 0.615283549
1439803755.197518 1.101312995 -0.552336693 8.702258110 -0.014365302 0.792582273 0.031486347 0.608781993
1439803755.260020 1.128620982 -0.551539600 8.692447662 -0.013809986 0.797330379 0.032029629 0.602534354
1439803755.322521 1.156495214 -0.551006377 8.682781219 -0.012808348 0.801863968 0.032788657 0.596468806
1439803755.385022 1.184658885 -0.550092101 8.672587395 -0.012406467 0.806155562 0.033251226 0.590638280
1439803755.447523 1.212207556 -0.549317360 8.661161423 -0.012448046 0.810170352 0.033680856 0.585093796
1439803755.510023 1.239855766 -0.549326777 8.650534630 -0.012304866 0.814305723 0.034135196 0.579300940
1439803755.572525 1.266917467 -0.548668742 8.639335632 -0.012664656 0.818419695 0.034213912 0.573461592
1439803755.635025 1.294141889 -0.548108935 8.627288818 -0.012004012 0.822475135 0.035266206 0.567579806
1439803755.697527 1.321406126 -0.547409534 8.614599228 -0.010451073 0.826502860 0.036858097 0.561627328
1439803755.760029 1.348962784 -0.546288669 8.601639748 -0.009454597 0.830417335 0.038159341 0.555752993
1439803755.822530 1.376483440 -0.545243859 8.588626862 -0.008920691 0.834353328 0.039324678 0.549753129
1439803755.885031 1.403345585 -0.544317901 8.574759483 -0.007893960 0.838217974 0.041327085 0.543709815
1439803755.947532 1.430498838 -0.543441832 8.560372353 -0.007290244 0.842062116 0.043240614 0.537595093
1439803756.010034 1.457080364 -0.542426288 8.545537949 -0.008041132 0.845862508 0.045201756 0.531421423
1439803756.072537 1.484247208 -0.540974319 8.530527115 -0.009348738 0.849614322 0.047055453 0.525217891
1439803756.135036 1.511105776 -0.539206147 8.515479088 -0.011350140 0.853178859 0.049142148 0.519174337
1439803756.197538 1.538716316 -0.537522435 8.500071526 -0.014143081 0.856664658 0.050748918 0.513176501
1439803756.260039 1.564362288 -0.534981310 8.484027863 -0.016291976 0.860063195 0.052571829 0.507210135
1439803756.322540 1.591350555 -0.533355951 8.467739105 -0.017643604 0.863511920 0.055043831 0.501005054
1439803756.385042 1.616374254 -0.532068491 8.450608253 -0.019505462 0.866893470 0.057306983 0.494804114
1439803756.447543 1.644047499 -0.529848754 8.433053970 -0.020367285 0.870427430 0.058702592 0.488359690
1439803756.510045 1.669625044 -0.527710021 8.415101051 -0.019614646 0.874058783 0.059346355 0.481782645
1439803756.572546 1.695333958 -0.525684357 8.396555901 -0.018956318 0.878034592 0.058958452 0.474573284
1439803756.635050 1.719647169 -0.523495018 8.377662659 -0.020556528 0.882147789 0.057453625 0.467002898
1439803756.697549 1.739665985 -0.521959126 8.358071327 -0.023063323 0.886140049 0.056004845 0.459442377
1439803756.760050 1.761289358 -0.524484575 8.338935852 -0.025239917 0.890381634 0.055537838 0.451108634
1439803756.822552 1.783257008 -0.523388743 8.319170952 -0.025459806 0.894646227 0.055309057 0.442606777
1439803756.885053 1.807212591 -0.521668553 8.297407150 -0.025166744 0.898914635 0.055920314 0.433811098
1439803756.947554 1.830707550 -0.519428909 8.274882317 -0.025083106 0.903034329 0.056665991 0.425075114
1439803757.010055 1.852620363 -0.517004192 8.252037048 -0.025756890 0.907190979 0.057081945 0.416032225
1439803757.072556 1.875703812 -0.514649570 8.229156494 -0.026520265 0.911538601 0.057528831 0.406305850
1439803757.135057 1.897432327 -0.512829304 8.207109451 -0.027318481 0.915833831 0.058314528 0.396360278
1439803757.197559 1.918973923 -0.510314822 8.183076859 -0.028059687 0.919899583 0.059138518 0.386652321
1439803757.260067 1.941130877 -0.507831991 8.158015251 -0.028214825 0.923752010 0.059806999 0.377239019
1439803757.322562 1.962361336 -0.505242884 8.132586479 -0.027752375 0.927564204 0.060279753 0.367723882
1439803757.385063 1.983250380 -0.503040552 8.107050896 -0.027570667 0.931379378 0.060485240 0.357929915
1439803757.447564 2.003343582 -0.500577450 8.080427170 -0.026801420 0.935102403 0.060387645 0.348164409
1439803757.510066 2.023033381 -0.497824401 8.054027557 -0.027151864 0.938663125 0.060101777 0.338470161
1439803757.572567 2.042093039 -0.495377719 8.026988029 -0.027361613 0.942012191 0.060507983 0.328942478
1439803757.635069 2.061421394 -0.492395699 7.999141693 -0.028030524 0.945160806 0.061369214 0.319560885
1439803757.697572 2.080421925 -0.489258379 7.970557213 -0.027680608 0.948106766 0.062904134 0.310435802
1439803757.760074 2.098152637 -0.486727744 7.942037106 -0.027845295 0.950827360 0.064357825 0.301678658
1439803757.822572 2.116334677 -0.483582020 7.912290573 -0.028413037 0.953381181 0.065821216 0.293128997
1439803757.885074 2.133723497 -0.480563909 7.883044243 -0.029088404 0.955824435 0.066801578 0.284764886
1439803757.947576 2.150724411 -0.477761537 7.854169846 -0.028955476 0.958202779 0.067129105 0.276591241
1439803758.010077 2.167313337 -0.475075096 7.824451447 -0.029486453 0.960514903 0.065992080 0.268675715
1439803758.072584 2.184127808 -0.472552538 7.794758797 -0.030469319 0.962808132 0.064295478 0.260649651
1439803758.135079 2.199763060 -0.469317406 7.762318611 -0.031123960 0.964904964 0.062348172 0.253184587
1439803758.197583 2.215557575 -0.466177046 7.730883598 -0.031274635 0.967021585 0.060784325 0.245349631
1439803758.260082 2.230270386 -0.463861167 7.699618340 -0.031914499 0.968909442 0.059651848 0.237986594
1439803758.322584 2.244969845 -0.460895836 7.667488098 -0.033015121 0.970658004 0.059138998 0.230728418
1439803758.385084 2.259615660 -0.458104551 7.634919643 -0.034277234 0.972267807 0.059326299 0.223608419
1439803758.447586 2.273923397 -0.455444813 7.602437496 -0.035029966 0.973775089 0.059778042 0.216706052
1439803758.510088 2.287656784 -0.452277839 7.568309307 -0.035284646 0.975126743 0.060691364 0.210236400
1439803758.572590 2.300948620 -0.449481696 7.534935951 -0.035206184 0.976384938 0.061136499 0.204194263
1439803758.635090 2.314141035 -0.446974993 7.501541138 -0.034962103 0.977580845 0.061239175 0.198401272
1439803758.697592 2.326964855 -0.444423735 7.467518330 -0.033923335 0.978747785 0.061129544 0.192782536
1439803758.760092 2.339415312 -0.441800356 7.433473110 -0.033188421 0.979816258 0.060890619 0.187485740
1439803758.822594 2.351929903 -0.439102650 7.399124146 -0.033185467 0.980829179 0.060199521 0.182342678
1439803758.885095 2.364193916 -0.436183691 7.364549160 -0.033155348 0.981792033 0.059671748 0.177269518
1439803758.947597 2.376043320 -0.433203816 7.329279423 -0.032683004 0.982671618 0.059571572 0.172451645
1439803759.010098 2.387718678 -0.430647433 7.294268131 -0.032241039 0.983482361 0.059640639 0.167827189
1439803759.072599 2.398922443 -0.427781314 7.258351326 -0.032044619 0.984234512 0.059758373 0.163353652
1439803759.135101 2.410047531 -0.425050259 7.223152637 -0.032260794 0.984953642 0.060118910 0.158780485
1439803759.197602 2.420671940 -0.422499955 7.187500954 -0.031612247 0.985697329 0.060022805 0.154268250
1439803759.260103 2.431335449 -0.419901490 7.151590347 -0.031334493 0.986411750 0.059299476 0.149978608
1439803759.322607 2.441457987 -0.417402953 7.115407944 -0.030495822 0.987077713 0.058402576 0.146071121
1439803759.385106 2.451354504 -0.414967716 7.079294205 -0.029767778 0.987673938 0.057508808 0.142501935
1439803759.447608 2.461172581 -0.412331253 7.042407036 -0.028608600 0.988230646 0.056635089 0.139191598
1439803759.510109 2.470816135 -0.409763962 7.006072044 -0.028318740 0.988689959 0.055352036 0.136478722
1439803759.572610 2.480770588 -0.407173157 6.969397545 -0.028675765 0.989058971 0.054079112 0.134221703
1439803759.635111 2.490822792 -0.404701918 6.932380199 -0.029697018 0.989325762 0.053119741 0.132404491
1439803759.697613 2.500654697 -0.402658790 6.894757748 -0.030711247 0.989522755 0.052309841 0.131015971
1439803759.760114 2.510972977 -0.400210112 6.857896328 -0.031095896 0.989728570 0.051630270 0.129633144
1439803759.822615 2.520985126 -0.398162007 6.820937157 -0.030961603 0.989884138 0.052114822 0.128276259
1439803759.885117 2.530365944 -0.395774603 6.782911301 -0.030745273 0.990021169 0.052914716 0.126936585
1439803759.947618 2.540766716 -0.393712282 6.746271133 -0.030409986 0.990150273 0.053598542 0.125717551
1439803760.010119 2.550396442 -0.391131669 6.708350658 -0.030315327 0.990179002 0.054664902 0.125052929
1439803760.072621 2.560082674 -0.388688296 6.670467377 -0.029531620 0.990173638 0.055815928 0.124774307
1439803760.135122 2.569721460 -0.386448443 6.633012295 -0.027926477 0.990171134 0.056377694 0.124911256
1439803760.197623 2.579594612 -0.384177208 6.595083714 -0.026360316 0.990151286 0.056353983 0.125418290
1439803760.260125 2.589847088 -0.381614029 6.557290554 -0.025736259 0.990091145 0.056284826 0.126052395
1439803760.322625 2.599911451 -0.379147232 6.519772053 -0.025640275 0.990019977 0.056165170 0.126682729
1439803760.385128 2.610170841 -0.376425564 6.481824875 -0.025837280 0.989960015 0.055716112 0.127308130
1439803760.447628 2.620567322 -0.373708606 6.443538189 -0.025411602 0.989913642 0.055541720 0.127829358
1439803760.510132 2.630877495 -0.371216893 6.405376434 -0.025310393 0.989855647 0.055720761 0.128220052
1439803760.572632 2.641580105 -0.368567109 6.367328644 -0.025720833 0.989800394 0.055902019 0.128485620
1439803760.635132 2.651933670 -0.366042614 6.328803062 -0.025742151 0.989737272 0.056174241 0.128848344
1439803760.697634 2.662587643 -0.363483250 6.290426254 -0.025705649 0.989668489 0.056694772 0.129155561
1439803760.760135 2.673384666 -0.360738426 6.251647472 -0.025524177 0.989621103 0.056809515 0.129503712
1439803760.822636 2.683863640 -0.358012676 6.213956833 -0.025472097 0.989587069 0.056430023 0.129939541
1439803760.885138 2.694569111 -0.355841279 6.176229477 -0.025537273 0.989553690 0.056255993 0.130255863
1439803760.947639 2.706004620 -0.353054464 6.136783123 -0.026044670 0.989548981 0.055654939 0.130449295
1439803761.010140 2.717188358 -0.350139469 6.098772049 -0.026956182 0.989524603 0.054789800 0.130814835
1439803761.072642 2.727782249 -0.347408921 6.059435368 -0.027792806 0.989484549 0.054027706 0.131258994
1439803761.135143 2.738641739 -0.344617724 6.019872665 -0.028543124 0.989426434 0.053705193 0.131668031
1439803761.197645 2.749759197 -0.341897070 5.980693817 -0.028695624 0.989361882 0.053877961 0.132048279
1439803761.260148 2.760723114 -0.339491457 5.941421032 -0.028381050 0.989289701 0.054501418 0.132400706
1439803761.322650 2.771888733 -0.336767495 5.901979923 -0.028169606 0.989239752 0.054886948 0.132659465
1439803761.385148 2.783168316 -0.334484637 5.862649441 -0.028195500 0.989192486 0.055272926 0.132846192
1439803761.447650 2.794123411 -0.331603229 5.822670460 -0.028706359 0.989126563 0.055478718 0.133141503
1439803761.572650 2.815929651 -0.326159537 5.743862152 -0.026988134 0.989063323 0.055438474 0.133985057
1439803761.635150 2.827421188 -0.323640436 5.703489780 -0.026825719 0.989038825 0.055462521 0.134188309
1439803761.697654 2.839037418 -0.321253359 5.663586617 -0.026585672 0.989013255 0.055356238 0.134468257
1439803761.760151 2.850382566 -0.318195730 5.623360634 -0.025927387 0.989022315 0.055091899 0.134638369
1439803761.822652 2.861407518 -0.315756738 5.583098888 -0.025411131 0.989025772 0.055162262 0.134682536
1439803761.947657 2.885488987 -0.310079873 5.504507065 -0.025131669 0.989075243 0.055248134 0.134336144
1439803762.010154 2.895980358 -0.307587057 5.462611198 -0.025286917 0.989067852 0.055067379 0.134435818
1439803762.072654 2.907863855 -0.304941118 5.421475887 -0.024963176 0.989111006 0.054790728 0.134291530
1439803762.135155 2.918723345 -0.301940084 5.380918503 -0.025048753 0.989099026 0.054426521 0.134511963
1439803762.197655 2.930239677 -0.299082756 5.340304375 -0.025085650 0.989124358 0.053759921 0.134586975
1439803762.260155 2.941991329 -0.296413690 5.298898697 -0.024864765 0.989133835 0.053428303 0.134689957
1439803762.322659 2.953741550 -0.294135779 5.257121086 -0.024373075 0.989129484 0.053447194 0.134804428
1439803762.447656 2.976999760 -0.288346469 5.174145699 -0.024182905 0.989036918 0.053224709 0.135603487
1439803762.510157 2.988507986 -0.286144733 5.132469177 -0.024027377 0.988947511 0.053252880 0.136270389
1439803762.572659 3.000502110 -0.283989966 5.090857029 -0.023955295 0.988856137 0.053071979 0.137014627
1439803762.635161 3.013136625 -0.282025665 5.049467087 -0.023624703 0.988782227 0.052964687 0.137645826
1439803762.697662 3.025619984 -0.279246569 5.007773399 -0.023307009 0.988700271 0.052845821 0.138332441
1439803762.760161 3.038522720 -0.275432527 4.964761257 -0.023453817 0.988597631 0.052553911 0.139150247
1439803762.822662 3.051127911 -0.270520121 4.922653198 -0.023079673 0.988461971 0.052355681 0.140246630
1439803762.885162 3.059336185 -0.266393691 4.883159637 -0.023685085 0.988225758 0.052406020 0.141783342
1439803762.947663 3.074687958 -0.253472060 4.842613220 -0.021967385 0.988277256 0.050992262 0.142215744
1439803763.010163 3.075165749 -0.253177732 4.837600708 -0.020155454 0.988147557 0.050708648 0.143481180
1439803763.072664 3.076158047 -0.253261000 4.834150791 -0.016971920 0.988119483 0.051180374 0.143917903
1439803763.135165 3.085004330 -0.258303821 4.827106953 -0.013046142 0.988418639 0.052831680 0.141658783
1439803763.197668 3.082144499 -0.258837372 4.829331398 -0.010216544 0.988183618 0.053976685 0.143091694
1439803763.260166 3.084980011 -0.251901120 4.825707912 -0.004705540 0.988415122 0.051767509 0.142595813
1439803763.322666 3.081655502 -0.249411002 4.841715813 -0.008139294 0.988691866 0.050296899 0.141040504
1439803763.385166 3.081284523 -0.249990746 4.842669010 -0.006511643 0.988806367 0.049976468 0.140434623
1439803763.510168 3.075869560 -0.251906186 4.852483749 -0.007895041 0.988562107 0.051027231 0.141699925
1439803763.635169 3.085705280 -0.254483521 4.853754044 -0.008391289 0.988862216 0.051218517 0.139491200
1439803763.697671 3.075231791 -0.269258469 4.846864700 -0.012844066 0.988303900 0.054660734 0.141783699
1439803763.760172 3.076347589 -0.267771333 4.847479820 -0.010186755 0.988177955 0.055313624 0.142621472
1439803763.885175 3.072139740 -0.268188775 4.834427357 -0.009137902 0.988005102 0.055481821 0.143820032
1439803763.947676 3.072009087 -0.263250887 4.781967163 -0.012221554 0.987499714 0.054433141 0.147417530
1439803764.072679 3.070689678 -0.278810799 4.769010067 -0.011966307 0.987110615 0.057919491 0.148710251
1439803764.135179 3.072497368 -0.279029816 4.771244049 -0.011727710 0.987090170 0.057826668 0.148901254
1439803764.260183 3.072650433 -0.280853957 4.775091648 -0.012254748 0.987117410 0.058179811 0.148540244
1439803764.635188 3.074675083 -0.280049384 4.776380062 -0.015450469 0.987239242 0.056545481 0.148062930
1439803764.760191 3.068248987 -0.274109513 4.777342319 -0.017277781 0.987126291 0.054636780 0.149325117
1439803764.947694 3.073345661 -0.276722848 4.771945000 -0.014005093 0.987319112 0.055583838 0.148038179
1439803765.260203 3.030420780 -0.279965460 4.784489155 -0.019474473 0.986097634 0.056869313 0.154912978
1439803765.572707 3.029918194 -0.289552271 4.793982029 -0.021852707 0.985885084 0.059537370 0.154946506
1439803765.697714 3.026157618 -0.273292243 4.787640572 -0.022557978 0.985718131 0.055151969 0.157509357
1439803766.072716 3.028203964 -0.270630717 4.786160469 -0.021751301 0.985813677 0.054603722 0.157215491
1439803766.322724 3.026403904 -0.272760928 4.794526577 -0.023628095 0.985690475 0.055952735 0.157242745
1439803766.635229 3.043115377 -0.274370849 4.804184914 -0.015467369 0.986334205 0.056492705 0.153994218
1439803766.697727 3.042675018 -0.274825037 4.801631927 -0.014323629 0.986008048 0.056678530 0.156110734
1439803766.885230 3.055385590 -0.270409882 4.801469803 -0.011774301 0.986400187 0.056541070 0.153880298
1439803767.010232 3.043661833 -0.273662984 4.819497108 -0.013247469 0.986158907 0.058323469 0.154640064
