1439803858.261905 0.019721396 -0.001647841 0.058080181 -0.006898867 0.086872786 0.008189741 0.996161878
1439803858.324408 0.026224356 -0.002375211 0.071988992 -0.008947378 0.108745009 0.010108337 0.993978024
1439803858.386910 0.034654032 -0.002027448 0.091393486 -0.009604281 0.130970687 0.010676208 0.991282225
1439803858.449412 0.040829986 -0.002425147 0.100759320 -0.011195911 0.152153388 0.010382503 0.988238931
1439803858.511912 0.051492736 -0.002343443 0.120983854 -0.011395071 0.173273727 0.010721634 0.984749436
1439803858.574413 0.058595866 -0.002958282 0.130867317 -0.012682296 0.193644091 0.012232960 0.980913579
1439803858.636915 0.067766160 -0.003093624 0.143218040 -0.013757825 0.213409513 0.014023712 0.976765275
1439803858.699418 0.077334367 -0.002951125 0.156703874 -0.014429540 0.232619673 0.016543863 0.972320020
1439803858.761921 0.090515144 -0.002951462 0.173957855 -0.014151558 0.250589103 0.019317994 0.967797339
1439803858.824422 0.098938577 -0.003320705 0.182525232 -0.014708451 0.267537147 0.021704463 0.963190794
1439803858.886921 0.111940227 -0.003469584 0.198340923 -0.014988285 0.283568203 0.022174060 0.958578467
1439803858.949422 0.122463286 -0.003239751 0.209910288 -0.015937163 0.298802972 0.022519074 0.953915954
1439803859.011923 0.134425610 -0.003250849 0.222878575 -0.017300589 0.313170344 0.021904865 0.949286640
1439803859.074423 0.146698698 -0.003949948 0.236513466 -0.018950641 0.326597363 0.020784378 0.944744885
1439803859.136927 0.159775451 -0.003400274 0.250235677 -0.019120054 0.338371068 0.020931857 0.940585613
1439803859.199428 0.172854245 -0.003515591 0.262775987 -0.018342040 0.349030703 0.021938516 0.936674893
1439803859.261928 0.186200231 -0.004106883 0.275006831 -0.017098345 0.358509451 0.023205500 0.933080971
1439803859.324432 0.200172231 -0.003913501 0.288835615 -0.015062696 0.367039651 0.024588108 0.929758251
1439803859.386931 0.213277578 -0.003376141 0.300644398 -0.012913904 0.374145269 0.025514528 0.926929116
1439803859.449434 0.228563890 -0.003758872 0.314369112 -0.012195063 0.380174994 0.025379779 0.924485862
1439803859.511932 0.243029416 -0.003880875 0.327979356 -0.011897868 0.385676682 0.024913367 0.922220826
1439803859.574432 0.256178409 -0.003563372 0.340445220 -0.011527485 0.390631974 0.025087139 0.920132816
1439803859.636936 0.272173405 -0.004158193 0.354886711 -0.012219870 0.395117044 0.025770938 0.918187916
1439803859.699433 0.286274731 -0.003756490 0.367475599 -0.012212671 0.399237335 0.026128182 0.916393876
1439803859.761936 0.301529557 -0.003974952 0.381042302 -0.012636957 0.403040260 0.026221247 0.914719284
1439803859.824442 0.316977173 -0.004096691 0.394719243 -0.013154129 0.406642973 0.025761142 0.913129091
1439803859.886937 0.332831204 -0.004229764 0.408691198 -0.013605213 0.410032034 0.025655478 0.911608696
1439803859.949436 0.348597556 -0.004337627 0.422335327 -0.013406322 0.412942350 0.025111515 0.910312176
1439803860.011940 0.364495516 -0.004558714 0.436288238 -0.012310566 0.415665686 0.024088342 0.909115076
1439803860.074439 0.380666137 -0.004886853 0.449662149 -0.010165208 0.417884320 0.023181571 0.908147514
1439803860.136937 0.397062421 -0.005421085 0.463282555 -0.008831765 0.419964105 0.021383464 0.907245755
1439803860.199442 0.413467824 -0.005821053 0.476997703 -0.008299077 0.421816111 0.020057663 0.906421483
1439803860.261939 0.430326343 -0.006062180 0.491487980 -0.007782252 0.423387766 0.019797595 0.905698776
1439803860.324440 0.447303772 -0.006508600 0.505779505 -0.007666303 0.424380094 0.020342873 0.905223131
1439803860.386941 0.464548409 -0.006841484 0.519945621 -0.008352161 0.425190896 0.020869110 0.904824555
1439803860.449440 0.480561197 -0.008136509 0.533471882 -0.010206187 0.426080704 0.021636531 0.904368818
1439803860.511940 0.497542441 -0.008475030 0.548047364 -0.011084286 0.427093893 0.021925353 0.903873503
1439803860.574444 0.514144540 -0.009174015 0.561741889 -0.012007054 0.427966267 0.021418907 0.903461039
1439803860.636944 0.531075954 -0.009625584 0.575775325 -0.012742436 0.428945124 0.020525763 0.903007448
1439803860.699447 0.548026800 -0.010249000 0.589638054 -0.012458141 0.429612219 0.021107040 0.902680814
1439803860.761945 0.565349519 -0.010348901 0.603546262 -0.011191790 0.430145085 0.022414057 0.902412057
1439803860.824448 0.582404673 -0.010756876 0.617571056 -0.010962648 0.430483818 0.023630546 0.902222335
1439803860.886950 0.599840522 -0.011055589 0.631753445 -0.011252820 0.430646539 0.025000844 0.902104139
1439803860.949452 0.617591619 -0.011099067 0.646200776 -0.011636158 0.430808723 0.025643194 0.902003825
1439803861.011952 0.635219514 -0.011157624 0.660579562 -0.012115519 0.430984020 0.025951819 0.901904941
1439803861.074453 0.652819872 -0.011563949 0.674736023 -0.012488838 0.431160808 0.026354089 0.901803672
1439803861.136955 0.671123922 -0.011743218 0.688666105 -0.012563095 0.431065947 0.026580786 0.901841342
1439803861.199454 0.688533127 -0.012119133 0.703027368 -0.012279800 0.431264102 0.026798159 0.901744068
1439803861.261957 0.706296146 -0.012397774 0.717694581 -0.012098094 0.431515604 0.026547410 0.901633620
1439803861.324459 0.724165142 -0.012458041 0.732149482 -0.012207953 0.431747407 0.025918787 0.901539445
1439803861.386961 0.741979003 -0.012450673 0.746806920 -0.013066472 0.431973398 0.024601236 0.901456118
1439803861.449465 0.759951293 -0.012336276 0.761637211 -0.013660819 0.432170451 0.023723584 0.901376367
1439803861.511968 0.778561056 -0.013233326 0.776729822 -0.013811814 0.432049602 0.024549942 0.901409805
1439803861.574465 0.797012866 -0.013574757 0.791530728 -0.013603485 0.432092845 0.025344159 0.901370287
1439803861.636970 0.815918386 -0.013549939 0.806994796 -0.013094485 0.432341725 0.025881452 0.901243150
1439803861.699466 0.834923089 -0.013904586 0.822889745 -0.012369606 0.432745814 0.027075864 0.901024401
1439803861.761969 0.851789534 -0.014311664 0.835148454 -0.012227600 0.432962388 0.027850144 0.900898695
1439803861.824467 0.870486796 -0.014350154 0.850406051 -0.012376724 0.433354139 0.027517518 0.900718510
1439803861.886967 0.888962626 -0.014525484 0.865601242 -0.013312410 0.433597773 0.027119476 0.900599957
1439803861.949470 0.907614350 -0.014302202 0.880252719 -0.014560787 0.433693051 0.027246982 0.900530934
1439803862.011970 0.926294684 -0.014494240 0.895530939 -0.015326008 0.433927238 0.028195636 0.900376201
1439803862.074470 0.945547700 -0.014376350 0.910466492 -0.015333791 0.433895886 0.029307753 0.900355637
1439803862.136974 0.964667857 -0.014549658 0.925481319 -0.015242964 0.433929950 0.030335058 0.900306702
1439803862.199476 0.983754396 -0.014677733 0.940762162 -0.015164683 0.434181124 0.030900132 0.900167704
1439803862.261977 1.002516747 -0.014763594 0.955701947 -0.014942327 0.434534401 0.031119540 0.899993420
1439803862.324478 1.021300197 -0.014659449 0.970883846 -0.015015013 0.434893757 0.031478204 0.899806142
1439803862.386980 1.040368438 -0.014610939 0.985783219 -0.014931032 0.435151130 0.031435810 0.899684548
1439803862.449480 1.059286833 -0.014849328 1.000972629 -0.013558534 0.435345381 0.031401128 0.899613559
1439803862.511979 1.078225732 -0.015186898 1.015728235 -0.011129446 0.435339242 0.031742193 0.899637878
1439803862.574486 1.097185612 -0.015502177 1.030528545 -0.009058904 0.435310066 0.031715143 0.899676204
1439803862.636984 1.116084099 -0.015834510 1.045672178 -0.007841952 0.435317278 0.031057473 0.899707079
1439803862.699485 1.135089517 -0.015963297 1.060679197 -0.006947294 0.435086280 0.030863471 0.899832845
1439803862.761987 1.154242873 -0.016336419 1.076102376 -0.007271219 0.434612542 0.031180847 0.900048196
1439803862.824489 1.173665524 -0.016662277 1.091630816 -0.007939786 0.433824331 0.032012228 0.900393605
1439803862.886989 1.192510962 -0.017162986 1.106817603 -0.008798421 0.433012217 0.032537922 0.900757611
1439803862.949491 1.211772203 -0.017567016 1.122474670 -0.008849088 0.432191253 0.032855146 0.901139796
1439803863.011991 1.230867028 -0.018022507 1.137834668 -0.008504237 0.431363344 0.032570351 0.901550055
1439803863.074492 1.249896765 -0.018348739 1.153407693 -0.008042495 0.430636615 0.032567881 0.901901722
1439803863.136997 1.268890977 -0.018655524 1.169028997 -0.007921855 0.429947227 0.032113098 0.902247965
1439803863.199496 1.288235903 -0.018878751 1.184988260 -0.007755033 0.429174662 0.032292530 0.902610719
1439803863.262001 1.307477832 -0.019106634 1.200819731 -0.008206483 0.428299606 0.032333985 0.903020799
1439803863.324500 1.326567531 -0.019419216 1.216914058 -0.008982863 0.427449018 0.032604218 0.903406680
1439803863.386997 1.345669508 -0.019763142 1.232708216 -0.009243234 0.426630378 0.033792276 0.903747261
1439803863.449501 1.364970446 -0.020049185 1.248797178 -0.009050314 0.425806314 0.035062920 0.904089391
1439803863.512002 1.384267807 -0.020196222 1.264827490 -0.008869219 0.424950451 0.036135562 0.904451609
1439803863.574499 1.403550148 -0.020553552 1.281055927 -0.009197337 0.424240202 0.035830826 0.904793799
1439803863.637001 1.422645688 -0.020730183 1.297168732 -0.009011539 0.423598915 0.034679268 0.905140936
1439803863.699501 1.441850662 -0.021084368 1.313612819 -0.008348130 0.422998786 0.034154344 0.905447841
1439803863.762004 1.461410642 -0.021213889 1.330510736 -0.007739702 0.422380060 0.033768766 0.905756474
1439803863.824506 1.480517626 -0.021617748 1.346524715 -0.007239830 0.421842068 0.033520229 0.906020582
1439803863.887008 1.500014544 -0.021835372 1.363073587 -0.006643849 0.421568543 0.033604264 0.906149328
1439803863.949511 1.519226074 -0.022268474 1.379455566 -0.006589423 0.421661019 0.033475738 0.906111419
1439803864.012008 1.538568854 -0.022645094 1.395521522 -0.006798313 0.421873212 0.033500746 0.906010211
1439803864.074509 1.558236718 -0.022943974 1.412377357 -0.007576042 0.422094852 0.032559387 0.905935109
1439803864.137011 1.577649474 -0.023273252 1.428891301 -0.008681885 0.422165364 0.032093413 0.905908942
1439803864.199513 1.597787976 -0.023119159 1.446639299 -0.009748721 0.422245711 0.032552190 0.905844271
1439803864.262016 1.617688894 -0.023361169 1.463814378 -0.011646142 0.422191828 0.031678710 0.905877948
1439803864.324520 1.637138128 -0.023624994 1.480496764 -0.012088190 0.422254026 0.032521322 0.905813336
1439803864.387019 1.656442642 -0.023933247 1.496535420 -0.010965290 0.422273874 0.033884488 0.905768394
1439803864.449521 1.676072955 -0.024740331 1.513017178 -0.009558905 0.422226936 0.033919305 0.905804873
1439803864.512019 1.695948005 -0.024675310 1.530503273 -0.008110895 0.422319442 0.033391695 0.905795515
1439803864.574521 1.715362787 -0.025355369 1.546562195 -0.008324826 0.422407359 0.031372111 0.905824780
1439803864.637026 1.734848380 -0.025584549 1.563258529 -0.008684183 0.422408879 0.030144006 0.905862391
1439803864.699527 1.755449533 -0.025679350 1.580465198 -0.008772843 0.422440767 0.029895870 0.905854881
1439803864.762031 1.775466084 -0.026331872 1.597589254 -0.008699307 0.422657162 0.030365853 0.905739009
1439803864.824526 1.795616388 -0.026727378 1.614159226 -0.008016708 0.423072875 0.031435162 0.905514717
1439803864.887028 1.815637350 -0.026881970 1.631627679 -0.007315442 0.423634320 0.031805005 0.905245185
1439803864.949529 1.835639000 -0.027663931 1.647285104 -0.007740236 0.424105018 0.031333502 0.905037701
1439803865.012030 1.855534673 -0.028063767 1.664358974 -0.007878850 0.424722046 0.031131759 0.904754102
1439803865.074534 1.876152277 -0.028500125 1.681320906 -0.007424236 0.425228238 0.032168489 0.904483855
1439803865.137036 1.896947145 -0.028520778 1.697848082 -0.006894815 0.425425321 0.033371054 0.904351771
1439803865.199535 1.916930556 -0.029294096 1.715055346 -0.006809870 0.425896168 0.033731215 0.904117405
1439803865.262037 1.937161446 -0.029440820 1.732033968 -0.006462208 0.426386595 0.034283359 0.903868020
1439803865.324538 1.957999229 -0.030161351 1.749145627 -0.007122007 0.426710874 0.034326635 0.903708339
1439803865.387043 1.978271127 -0.030215323 1.765749574 -0.007589075 0.426936209 0.034783885 0.903580606
1439803865.449540 1.999476433 -0.030781850 1.783801317 -0.007513237 0.427199990 0.035587143 0.903425276
1439803865.512042 2.019715071 -0.030881867 1.800905466 -0.007652848 0.427464932 0.036641385 0.903256655
1439803865.574544 2.040711164 -0.031106696 1.818247676 -0.007781276 0.427602172 0.037289228 0.903164089
1439803865.637045 2.061024189 -0.031104699 1.834789634 -0.007509104 0.427717447 0.036860887 0.903129399
1439803865.699546 2.081477404 -0.031572215 1.852080822 -0.006687065 0.427931428 0.037021752 0.903027892
1439803865.762048 2.101838112 -0.032008760 1.868727326 -0.006532674 0.427865475 0.036701292 0.903073370
1439803865.824549 2.122535229 -0.032225803 1.886015534 -0.006278918 0.427697390 0.036558557 0.903160572
1439803865.887051 2.142771244 -0.032641575 1.902433634 -0.006438573 0.427330703 0.037773013 0.903283060
1439803865.949555 2.163028717 -0.033078387 1.919030309 -0.006346456 0.426923394 0.040232252 0.903370082
1439803866.012053 2.183889389 -0.033316553 1.936124444 -0.007108496 0.426699787 0.040789545 0.903445065
1439803866.074557 2.203711271 -0.033581316 1.953334928 -0.009003208 0.426743686 0.039070584 0.903483391
1439803866.137056 2.224517107 -0.033658922 1.970724702 -0.010138249 0.426508427 0.037332386 0.903655946
1439803866.199557 2.244311333 -0.034167409 1.987704396 -0.010008309 0.426334262 0.036051989 0.903791547
1439803866.262060 2.264766216 -0.034299418 2.004664660 -0.009283805 0.425715148 0.036114763 0.904088557
1439803866.324560 2.285074949 -0.034486234 2.021871567 -0.008596277 0.425224543 0.037225235 0.904281199
1439803866.387065 2.305159092 -0.034776971 2.038218498 -0.008016819 0.424978435 0.038913928 0.904331088
1439803866.449562 2.325300694 -0.034672782 2.054746389 -0.008196487 0.424913466 0.040856548 0.904274344
1439803866.512067 2.346005678 -0.034835309 2.071659327 -0.009256653 0.424810231 0.043557286 0.904186547
1439803866.574567 2.366351604 -0.034989268 2.088522673 -0.009984970 0.424718976 0.045616940 0.904120147
1439803866.637069 2.386689663 -0.035060868 2.105385303 -0.009063564 0.424559236 0.046062760 0.904182255
1439803866.699569 2.406610250 -0.035316080 2.121946812 -0.006028465 0.424254537 0.045338657 0.904387176
1439803866.762070 2.426460266 -0.036295742 2.138602972 -0.002352603 0.424518973 0.042674702 0.904409766
1439803866.824572 2.446089983 -0.037151195 2.154264212 0.002153593 0.424685925 0.042042248 0.904361486
1439803866.887076 2.466228962 -0.037654489 2.171428442 0.005121399 0.425016254 0.041564006 0.904216468
1439803866.949578 2.486216307 -0.038186133 2.187912941 0.004953329 0.425301909 0.041619990 0.904080510
1439803867.012075 2.506527901 -0.038646840 2.204886436 0.002800145 0.425778836 0.043494824 0.903776884
1439803867.074582 2.527359486 -0.039503381 2.222204924 -0.000785378 0.426168025 0.044924516 0.903527498
1439803867.137078 2.547562122 -0.039114952 2.239115238 -0.003738051 0.426412761 0.045558233 0.903372943
1439803867.199580 2.567576885 -0.039484710 2.255129337 -0.006168790 0.426673502 0.044980373 0.903265417
1439803867.262081 2.587715149 -0.040173620 2.272522926 -0.007885296 0.427267611 0.044826549 0.902978837
1439803867.324582 2.607698679 -0.040044352 2.289124489 -0.009717892 0.427368760 0.044120181 0.902947903
1439803867.387087 2.627998114 -0.040244475 2.306124210 -0.011185016 0.427877575 0.042610291 0.902762473
1439803867.449588 2.648197174 -0.040076062 2.323062897 -0.011898398 0.428617746 0.042278424 0.902417719
1439803867.512088 2.668438196 -0.040172726 2.339392185 -0.011253619 0.429209411 0.042512242 0.902133763
1439803867.574591 2.688862085 -0.040357128 2.356057644 -0.009035466 0.429896683 0.040460769 0.901925802
1439803867.637089 2.708662033 -0.040866196 2.372431517 -0.005871913 0.430936277 0.036520708 0.901623905
1439803867.699591 2.728639126 -0.041593380 2.388080359 -0.002592962 0.431827396 0.034430470 0.901295125
1439803867.762093 2.749295235 -0.041944891 2.405535460 -0.000335451 0.432544798 0.033455987 0.900991440
1439803867.824594 2.769393921 -0.042111777 2.421455622 -0.000793492 0.432609648 0.032992084 0.900977135
1439803867.887097 2.790301323 -0.042808577 2.438618422 -0.003703855 0.433165699 0.032946147 0.900704324
1439803867.949597 2.811103582 -0.043330893 2.455075741 -0.006512232 0.433850378 0.033895556 0.900323570
1439803868.012099 2.832065344 -0.043889552 2.471993446 -0.007455840 0.434451491 0.033859976 0.900027692
1439803868.074601 2.852583885 -0.044871569 2.488256216 -0.006070097 0.435082406 0.033362005 0.899751842
1439803868.137099 2.873255014 -0.045567319 2.504276037 -0.002808874 0.435730219 0.032711491 0.899478316
1439803868.199599 2.893582821 -0.046162672 2.519947052 0.000397288 0.436600387 0.031714953 0.899096251
1439803868.262101 2.914363146 -0.046775021 2.536423445 0.001103103 0.437508285 0.031727739 0.898653746
1439803868.324604 2.935380936 -0.047151446 2.552531242 -0.000286267 0.438167125 0.034906141 0.898215473
1439803868.387101 2.957027674 -0.047291383 2.569036484 -0.002709317 0.438658327 0.038023181 0.897845089
1439803868.449603 2.978082657 -0.047950700 2.585502625 -0.004118852 0.439323902 0.038795803 0.897481143
1439803868.574603 3.014917850 -0.048000336 2.617016315 0.005077451 0.441954195 0.035891160 0.896304905
1439803868.637103 3.032729626 -0.047367670 2.632779360 0.010224438 0.443351775 0.027661035 0.895862460
1439803868.699606 3.056329012 -0.054346468 2.648901701 0.010421374 0.443688333 0.021231176 0.895869017
1439803868.762105 3.078814745 -0.053543415 2.665557146 0.008253926 0.444938064 0.018162914 0.895339072
1439803868.824605 3.100270510 -0.053981427 2.681335449 0.005559540 0.444876790 0.021976812 0.895304859
1439803868.949609 3.139347315 -0.057379857 2.712359905 -0.004227880 0.444142640 0.029326623 0.895466030
1439803869.012110 3.159983158 -0.057810783 2.728424788 -0.005026120 0.445292622 0.030309899 0.894857824
1439803869.074614 3.180987358 -0.058669284 2.744094849 -0.003861360 0.445861042 0.030459976 0.894575417
1439803869.137113 3.201734543 -0.059371591 2.760045052 -0.002568476 0.446300715 0.028406898 0.894428372
1439803869.199614 3.222213745 -0.059702426 2.775884151 -0.000393533 0.446924835 0.026851716 0.894168317
1439803869.262114 3.243109703 -0.060464285 2.791383743 -0.000297688 0.447231919 0.026791874 0.894016623
1439803869.324615 3.262099028 -0.060268603 2.805554152 0.000846823 0.446580797 0.029509211 0.894256175
1439803869.387118 3.277788162 -0.061358817 2.815610409 0.003318685 0.444116920 0.034534313 0.895296931
1439803869.449618 3.295500278 -0.062633209 2.828383207 0.003241217 0.443131030 0.037408706 0.895670116
1439803869.512119 3.305361032 -0.065898076 2.839152336 0.004827148 0.442449182 0.042589948 0.895768702
1439803869.574621 3.318072319 -0.068122394 2.849185944 0.006297220 0.440785140 0.045264069 0.896448493
1439803869.637121 3.325345755 -0.071549460 2.859660625 0.006328795 0.439960271 0.046770684 0.896776140
1439803869.762122 3.326608658 -0.072647318 2.858074188 0.006540736 0.438001245 0.048251346 0.897654653
1439803870.012124 3.325911760 -0.071571037 2.857410431 0.007283223 0.437095106 0.048408605 0.898082078
1439803870.449628 3.330872774 -0.072686687 2.858462572 0.005633952 0.437436849 0.048982438 0.897896409
1439803870.574632 3.338086367 -0.073935479 2.860795736 0.005811105 0.438170075 0.049280092 0.897521436
1439803870.699634 3.360458612 -0.067849778 2.866980791 0.008524924 0.436180860 0.048960719 0.898485601
1439803870.824637 3.352679729 -0.068836674 2.867093086 0.006616306 0.437560171 0.045691635 0.898003101
1439803871.074643 3.355761290 -0.068781078 2.867434978 0.005312491 0.437930107 0.043257464 0.897952020
