1439803872.387174 0.000376218 -0.002909075 0.045958109 0.001856928 0.001779286 0.001527051 0.999995530
1439803872.449673 0.000515106 -0.003773775 0.068856023 0.003400560 0.002402414 0.001940512 0.999989450
1439803872.512176 0.000589642 -0.005968121 0.092889197 0.003596273 0.003270251 0.001359747 0.999987245
1439803872.574676 0.000712545 -0.006600980 0.115479946 0.004143537 0.004109760 0.001322124 0.999982059
1439803872.637177 0.000955309 -0.008091439 0.138633475 0.002835348 0.004773735 -0.000243218 0.999984562
1439803872.699679 0.000961103 -0.009462734 0.162000120 0.001628356 0.005655528 -0.000925591 0.999982238
1439803872.762181 0.001254098 -0.010892085 0.185996309 0.001206303 0.006373382 0.000163772 0.999978960
1439803872.824681 0.001188178 -0.012444530 0.209027916 0.001425382 0.007554648 0.000974752 0.999969959
1439803872.887189 0.001809936 -0.013965707 0.231602311 0.001585011 0.008425583 0.001570903 0.999962032
1439803872.949684 0.002048807 -0.015379524 0.254547656 0.001795425 0.009748038 -0.000053281 0.999950886
1439803873.012186 0.002348426 -0.016519133 0.277783066 0.001720113 0.010958133 -0.000507958 0.999938369
1439803873.074687 0.003087935 -0.017680777 0.300676644 0.001467571 0.011936010 -0.000407918 0.999927580
1439803873.137189 0.003495740 -0.019375088 0.324491560 0.000389688 0.013239712 -0.001418982 0.999911249
1439803873.199693 0.003902311 -0.020182136 0.348300874 -0.002138137 0.014423018 -0.002820863 0.999889672
1439803873.262193 0.004671253 -0.021010466 0.370925039 -0.003124017 0.015760385 -0.004028982 0.999862790
1439803873.324693 0.005561146 -0.022320660 0.393838108 -0.003535890 0.017682495 -0.002985931 0.999832928
1439803873.387194 0.006632349 -0.023742516 0.416944981 -0.003181937 0.019752873 -0.000296654 0.999799788
1439803873.449695 0.007664319 -0.025041064 0.440052688 -0.002105348 0.021863729 -0.001256591 0.999757946
1439803873.512198 0.007889997 -0.025622813 0.461909443 0.000530217 0.024704924 -0.001256580 0.999693871
1439803873.574698 0.009665286 -0.027522909 0.485279799 0.001863422 0.027013645 0.000360228 0.999633253
1439803873.637203 0.011860589 -0.029143054 0.508576572 0.003322648 0.028723411 0.000543354 0.999581754
1439803873.699703 0.013201760 -0.030293314 0.531245530 0.004532292 0.030648600 -0.001293348 0.999519110
1439803873.762205 0.014622459 -0.032096758 0.554046690 0.004895823 0.032886136 -0.002570079 0.999443829
1439803873.824706 0.016312096 -0.033231393 0.576770306 0.005686508 0.035121813 -0.002878702 0.999362707
1439803873.887205 0.018119544 -0.034506705 0.599378645 0.006247998 0.036835603 -0.002124548 0.999299526
1439803873.949710 0.020028561 -0.036240950 0.621896446 0.005678869 0.038487088 -0.000260698 0.999242961
1439803874.012208 0.021817373 -0.037674114 0.644062996 0.005129877 0.040526994 0.000403680 0.999165177
1439803874.074709 0.023989391 -0.039440528 0.666673660 0.003954329 0.042771306 0.001318565 0.999076188
1439803874.137214 0.026023611 -0.040905282 0.688569069 0.003143536 0.044919692 0.001985852 0.998983681
1439803874.199714 0.028409466 -0.042568356 0.710578859 0.002370791 0.046972610 0.002382666 0.998890519
1439803874.262216 0.031012025 -0.043422703 0.732523620 0.001006068 0.048717000 0.003799230 0.998804867
1439803874.324716 0.033337887 -0.044933580 0.754241407 0.000171098 0.050721414 0.004691423 0.998701811
1439803874.387217 0.036056451 -0.046007525 0.775908232 -0.000068534 0.053041980 0.004707762 0.998581171
1439803874.449718 0.038927995 -0.046760492 0.797725558 0.000437673 0.055448756 0.007123092 0.998436034
1439803874.512223 0.041978333 -0.047849342 0.819351614 0.000127345 0.057625748 0.010490518 0.998283148
1439803874.574723 0.045192413 -0.049466401 0.840671539 0.000849938 0.059650335 0.011770264 0.998149574
1439803874.637223 0.047840316 -0.050713938 0.862782419 0.000508408 0.062448759 0.010494220 0.997992873
1439803874.699727 0.050416611 -0.051800851 0.884302139 0.000085749 0.065171622 0.007502595 0.997845829
1439803874.824728 0.055855371 -0.055007719 0.925493121 -0.001623026 0.069212988 0.001641162 0.997599244
1439803874.887227 0.059603848 -0.055982232 0.946107686 -0.001659939 0.070896015 0.003577540 0.997475922
1439803874.949728 0.063417763 -0.057112049 0.967988193 -0.001728075 0.072549343 0.007303259 0.997336626
1439803875.012229 0.066466905 -0.058174778 0.989783585 -0.001804047 0.074496508 0.008657582 0.997182071
1439803875.137235 0.073051922 -0.060907088 1.032337666 0.001314781 0.079006612 0.006142700 0.996854305
1439803875.199734 0.076710857 -0.062387660 1.053665757 0.003028523 0.080632992 0.005281484 0.996725261
1439803875.262232 0.079821646 -0.063464023 1.074694514 0.004037175 0.081851162 0.005880945 0.996619046
1439803875.324732 0.083832018 -0.064695187 1.095590830 0.004624904 0.082573861 0.006193050 0.996554971
1439803875.449734 0.091343418 -0.067217425 1.137947083 0.002668101 0.084298752 0.011692907 0.996368349
1439803875.512236 0.095121980 -0.068541422 1.158143401 0.001655558 0.084729433 0.013693063 0.996308506
1439803875.574734 0.098688930 -0.069778159 1.179532170 0.001167721 0.085196868 0.014466504 0.996258438
1439803875.637239 0.102387175 -0.071219072 1.200068355 0.001517280 0.085640945 0.014053878 0.996225774
1439803875.699739 0.106000967 -0.072355926 1.220822334 0.002557200 0.086263604 0.013228695 0.996181250
1439803875.824736 0.112896651 -0.074920006 1.262541533 0.004691728 0.087090448 0.013352015 0.996099889
1439803875.887237 0.116864808 -0.076409176 1.283123970 0.005893427 0.087110132 0.013796364 0.996085703
1439803875.949739 0.120891780 -0.077968672 1.303577065 0.006977574 0.087054782 0.014643502 0.996071458
1439803876.012241 0.124779843 -0.079339795 1.324589610 0.007960306 0.087051153 0.015681285 0.996048629
1439803876.074741 0.128555700 -0.080742031 1.344999671 0.008283692 0.087010100 0.016891904 0.996029794
1439803876.199743 0.135787994 -0.083140075 1.385993719 0.007650385 0.086575083 0.015968787 0.996087968
1439803876.262246 0.139167249 -0.084525444 1.406664729 0.006840993 0.086370863 0.015510469 0.996118784
1439803876.324748 0.142668754 -0.085917197 1.427502036 0.005645902 0.086087026 0.015415729 0.996152341
1439803876.387247 0.146301508 -0.087189250 1.448262811 0.004722818 0.085707128 0.015806057 0.996183813
1439803876.449749 0.149826616 -0.088589109 1.468766570 0.004255806 0.085131317 0.016539082 0.996223330
1439803876.512250 0.153477401 -0.089571416 1.489696980 0.004095940 0.084693082 0.016398596 0.996263742
1439803876.574751 0.156977654 -0.090777032 1.510424018 0.003317252 0.084634960 0.016173610 0.996275246
1439803876.637253 0.160723567 -0.092459112 1.531162620 0.002229231 0.084318452 0.015543793 0.996315122
1439803876.699754 0.163485944 -0.093279451 1.551982880 0.001618757 0.084388435 0.013660056 0.996338010
1439803876.762256 0.166220456 -0.094596401 1.572003126 0.000882082 0.084018432 0.012518354 0.996385157
1439803876.824757 0.169304818 -0.095472150 1.592856765 0.000280459 0.083592683 0.012684218 0.996419251
1439803876.887258 0.172362477 -0.096529543 1.613609552 0.000178712 0.083307333 0.013403104 0.996433735
1439803876.949759 0.176294789 -0.097502872 1.634529591 0.000150524 0.082660861 0.013718594 0.996483326
1439803877.012261 0.179254442 -0.098380625 1.655142903 -0.000919726 0.082616322 0.013464472 0.996490002
1439803877.074768 0.181937218 -0.099577390 1.675724149 -0.001593526 0.082866021 0.012371367 0.996482611
1439803877.137263 0.185399532 -0.100751720 1.696650982 -0.000354975 0.082980916 0.011234996 0.996487737
1439803877.199765 0.187912583 -0.102147475 1.716722608 0.002526299 0.083533786 0.010736410 0.996443868
1439803877.262269 0.190344200 -0.102770142 1.737022996 0.006063180 0.084308505 0.008756320 0.996382773
1439803877.324768 0.193957508 -0.104543850 1.757919669 0.009087021 0.084647447 0.007239780 0.996343195
1439803877.387269 0.197398275 -0.106006004 1.778275609 0.012030242 0.085368350 0.006202472 0.996257544
1439803877.449771 0.200408801 -0.107106306 1.798985481 0.012799961 0.086327992 0.005731310 0.996168017
1439803877.512274 0.203840137 -0.108399421 1.819754243 0.011799058 0.086823739 0.006036153 0.996135533
1439803877.574773 0.208479866 -0.110143103 1.841068745 0.009404514 0.086913392 0.004994207 0.996158957
1439803877.637272 0.212075278 -0.111727290 1.862034917 0.006768318 0.087327719 0.004836563 0.996144891
1439803877.699776 0.214710832 -0.112666756 1.882950068 0.004408532 0.088282056 0.005901643 0.996068299
1439803877.762274 0.218881339 -0.113925532 1.903776407 0.002910346 0.088502616 0.006103450 0.996052980
1439803877.824774 0.222566277 -0.115358852 1.924534917 0.002294871 0.088954821 0.005472422 0.996017992
1439803877.887278 0.226073056 -0.116637893 1.945026517 0.002476686 0.089455701 0.005055080 0.995974898
1439803877.949776 0.229518831 -0.117559567 1.965566754 0.003281643 0.090104461 0.005005522 0.995914340
1439803878.012276 0.233141467 -0.118822925 1.985950708 0.004309729 0.090552084 0.005063944 0.995869517
1439803878.074778 0.236467943 -0.119878247 2.006509542 0.005303571 0.090977207 0.004577905 0.995828331
1439803878.137278 0.240032956 -0.121035598 2.027065516 0.005509872 0.091350794 0.004003333 0.995795488
1439803878.199778 0.243562058 -0.122156724 2.047544241 0.005433087 0.091802336 0.003896274 0.995754778
1439803878.262279 0.247223109 -0.123425066 2.068140268 0.005305964 0.092012629 0.003771338 0.995736539
1439803878.324781 0.251026928 -0.124702461 2.088731050 0.005072762 0.092182383 0.003783760 0.995722055
1439803878.387279 0.254753232 -0.126084879 2.109450340 0.004200727 0.092575721 0.003868582 0.995689273
1439803878.449780 0.258626223 -0.127205700 2.130113840 0.003036752 0.093056701 0.004569166 0.995645702
1439803878.574781 0.266775191 -0.129776359 2.171213627 0.001677420 0.093815051 0.006407931 0.995567620
1439803878.637281 0.270356685 -0.130864143 2.192299366 0.001503680 0.094623193 0.003567056 0.995505631
1439803878.699786 0.274454594 -0.132436633 2.212402821 0.002309771 0.094992563 0.001166169 0.995474637
1439803878.762283 0.278822064 -0.134674773 2.233106375 0.003998806 0.095285214 0.000462662 0.995441854
1439803878.824784 0.282748222 -0.135376841 2.253165007 0.006643522 0.095381528 -0.000000978 0.995418608
1439803878.887287 0.287134588 -0.137438983 2.273060560 0.007239619 0.095167197 0.000916620 0.995434582
1439803878.949784 0.291773677 -0.139502525 2.293164968 0.006772996 0.095365711 0.001956709 0.995417356
1439803879.012288 0.300161242 -0.142956123 2.311531067 0.004110382 0.093713626 0.001807047 0.995589077
1439803879.074787 0.309571803 -0.152980924 2.328632116 -0.003639873 0.091720983 0.000498634 0.995777965
1439803879.137287 0.313871562 -0.153001696 2.349306822 -0.004359914 0.091944508 0.000692382 0.995754361
1439803879.199786 0.324573398 -0.154414758 2.368117332 -0.004711527 0.088620670 0.000940370 0.996053815
1439803879.262288 0.329299837 -0.156290159 2.388110638 -0.004218392 0.088200696 0.002473372 0.996090770
1439803879.324790 0.333523035 -0.157909706 2.407684088 -0.003537424 0.087764017 0.002961895 0.996130645
1439803879.387291 0.337549388 -0.159017310 2.427724123 -0.003003727 0.087585390 0.002832433 0.996148467
1439803879.449793 0.340733856 -0.160201594 2.447752476 -0.002972583 0.087841883 0.003165195 0.996124983
1439803879.512292 0.344513595 -0.161189437 2.467713118 -0.003057090 0.087675340 0.003373152 0.996138692
1439803879.574793 0.347944379 -0.162079394 2.487575054 -0.003432492 0.087624483 0.003663104 0.996140897
1439803879.637295 0.351325333 -0.163119808 2.507107019 -0.003998784 0.087521359 0.004233146 0.996145606
1439803879.699801 0.354816377 -0.164051399 2.526735306 -0.004520730 0.087558672 0.004670676 0.996138155
1439803879.762301 0.358316153 -0.164794683 2.546501875 -0.005145409 0.087668911 0.004919415 0.996124208
1439803879.824804 0.361625552 -0.165772006 2.566221476 -0.005638011 0.087827481 0.004210453 0.996110857
1439803879.887304 0.365027577 -0.166677207 2.585993052 -0.005877415 0.087956108 0.003061136 0.996102273
1439803879.949802 0.368565351 -0.167862415 2.605600357 -0.005852155 0.087908119 0.002927819 0.996107042
1439803880.012303 0.371582240 -0.168410420 2.624956131 -0.005677378 0.087970860 0.002963725 0.996102452
1439803880.074804 0.374878347 -0.169329405 2.644384623 -0.005478193 0.087863617 0.002258144 0.996114910
1439803880.137303 0.378550649 -0.170342118 2.663894415 -0.004551615 0.087803759 0.002310583 0.996124744
1439803880.199806 0.381611586 -0.171285361 2.683349371 -0.003518144 0.088173822 0.002764969 0.996095061
1439803880.262306 0.385102749 -0.172233969 2.702736139 -0.002878726 0.088474967 0.003753835 0.996067166
1439803880.324807 0.388415456 -0.173129365 2.721982241 -0.002484208 0.088745072 0.004159695 0.996042609
1439803880.387310 0.391668707 -0.173873648 2.741571903 -0.002388256 0.089004666 0.003589654 0.996021867
1439803880.449812 0.394923955 -0.174703345 2.760824203 -0.002802594 0.089300819 0.002922380 0.995996475
1439803880.512315 0.398329288 -0.175820500 2.780228376 -0.003567458 0.089721143 0.002269427 0.995957971
1439803880.574812 0.401742786 -0.176736921 2.799288034 -0.004055126 0.090174794 0.001718787 0.995916188
1439803880.637314 0.405103207 -0.177566200 2.818760872 -0.004100205 0.090697289 0.001841924 0.995868325
1439803880.699815 0.408574343 -0.178648621 2.837720156 -0.004450840 0.091224074 0.001492436 0.995819330
1439803880.762319 0.412009895 -0.179356396 2.857340097 -0.004324158 0.092099667 0.001875465 0.995738626
1439803880.824820 0.415784150 -0.180284128 2.876784325 -0.004175384 0.093066953 0.002284572 0.995648503
1439803880.887319 0.419410050 -0.181097969 2.896335840 -0.004103101 0.094139025 0.001575128 0.995549381
1439803880.949824 0.423026115 -0.181942970 2.916071653 -0.004169350 0.095292993 0.001987715 0.995438576
1439803881.012324 0.427194923 -0.182866380 2.935734510 -0.004837451 0.096189752 0.002391626 0.995348394
1439803881.074826 0.430943549 -0.183791950 2.955651045 -0.005049778 0.097285442 0.002759857 0.995239854
1439803881.137328 0.434848428 -0.184554547 2.975286961 -0.004402623 0.098073490 0.003463597 0.995163381
1439803881.199827 0.438712060 -0.185431853 2.995145798 -0.003587971 0.099081241 0.003552020 0.995066524
1439803881.262328 0.442995429 -0.186623782 3.015046358 -0.002820488 0.100079723 0.003568783 0.994969010
1439803881.324828 0.447131693 -0.187559649 3.034984827 -0.002167350 0.101203851 0.004301941 0.994854033
1439803881.387329 0.451294661 -0.188474640 3.055089235 -0.001311831 0.102519095 0.004308247 0.994720817
1439803881.449830 0.455598086 -0.189302355 3.075090408 -0.001238761 0.103874482 0.004350042 0.994580090
1439803881.512331 0.460002363 -0.190170631 3.095119476 -0.001241663 0.105377167 0.005448602 0.994416595
1439803881.574833 0.464366049 -0.191167176 3.115124702 -0.001071528 0.106860578 0.006304582 0.994253457
1439803881.637337 0.468855113 -0.191838607 3.135583639 -0.000808268 0.108153239 0.006191585 0.994114637
1439803881.699836 0.473501086 -0.193073779 3.155413628 -0.001113892 0.109204195 0.006486918 0.993997514
1439803881.762337 0.477967888 -0.193749160 3.175854683 -0.001732241 0.110449821 0.006036764 0.993861854
1439803881.824839 0.482374907 -0.194496468 3.196212292 -0.003499588 0.111571312 0.003791515 0.993743002
1439803881.887340 0.486559749 -0.195825249 3.216412306 -0.005849841 0.112755157 0.001861100 0.993603885
1439803881.949844 0.491000324 -0.196680218 3.236414909 -0.006920238 0.113694578 0.002262785 0.993489087
1439803882.012343 0.495715231 -0.197587565 3.256637573 -0.007256736 0.114680678 0.003050955 0.993371189
1439803882.074844 0.500130534 -0.198644310 3.276998520 -0.006359298 0.115335390 0.004069000 0.993297935
1439803882.137347 0.504710913 -0.199265838 3.297216892 -0.004245735 0.115841195 0.006031692 0.993240356
1439803882.199851 0.509289861 -0.200160190 3.317671061 -0.001997203 0.116627686 0.006493686 0.993152440
1439803882.262348 0.513973832 -0.200912327 3.337809801 -0.001053482 0.116969913 0.007638542 0.993105531
1439803882.324850 0.518279076 -0.201848611 3.358344316 -0.001379968 0.117462747 0.008036176 0.993043840
1439803882.387352 0.522505105 -0.202779010 3.379039526 -0.002333570 0.117555685 0.008539388 0.993026853
1439803882.449853 0.527374506 -0.203920037 3.400717497 -0.003894552 0.117948510 0.008476530 0.992975891
1439803882.512354 0.532306552 -0.204650432 3.421711683 -0.004787890 0.117622405 0.009464175 0.993001759
1439803882.574856 0.537574947 -0.204993576 3.443334341 -0.004530897 0.116835453 0.011580180 0.993073404
1439803882.637357 0.542927980 -0.206172705 3.464266300 -0.004433321 0.115825541 0.013029983 0.993174195
1439803882.699861 0.547643900 -0.207694352 3.485327244 -0.003721486 0.114862621 0.014299930 0.993271470
1439803882.762363 0.552772224 -0.208565786 3.506092072 -0.002497161 0.113832302 0.014491308 0.993391156
1439803882.824861 0.556419849 -0.209524602 3.526765347 -0.001646337 0.113135554 0.014515540 0.993472159
1439803882.887363 0.561173797 -0.210270539 3.548523664 -0.001401215 0.112322830 0.013647698 0.993577063
1439803882.949865 0.565936148 -0.211266220 3.570151329 -0.001139381 0.111388303 0.013746086 0.993681252
1439803883.012368 0.570652008 -0.212370187 3.591299772 -0.000597651 0.110346235 0.014520501 0.993786931
1439803883.074867 0.574212790 -0.213221073 3.612813950 -0.000082151 0.109657519 0.015534784 0.993848026
1439803883.137368 0.579611242 -0.214277178 3.634135246 -0.000037723 0.108372934 0.015507333 0.993989348
1439803883.199870 0.583732963 -0.215232179 3.655833006 -0.000507613 0.107608363 0.014799882 0.994083047
1439803883.262372 0.587394238 -0.216221839 3.678188562 -0.001162613 0.106939673 0.014445244 0.994159877
1439803883.324874 0.592320204 -0.217185766 3.699052811 -0.002065592 0.105462901 0.014742278 0.994311810
1439803883.387374 0.595971704 -0.218033552 3.720948935 -0.003506861 0.104552276 0.014835413 0.994402528
1439803883.449878 0.600543022 -0.218796432 3.743029833 -0.004984636 0.103307247 0.014098789 0.994537055
1439803883.512377 0.604071438 -0.219590828 3.764894247 -0.005620951 0.102561325 0.013945281 0.994613051
1439803883.574878 0.608844399 -0.220195204 3.786594629 -0.005425272 0.101385765 0.013430692 0.994741738
1439803883.637383 0.611894011 -0.221061200 3.808363438 -0.004934136 0.100779042 0.013042874 0.994811118
1439803883.699881 0.617297292 -0.222274527 3.830347776 -0.004241958 0.099314682 0.013226064 0.994959116
1439803883.762383 0.621479273 -0.223190576 3.852219820 -0.003748471 0.098243862 0.012810016 0.995072842
1439803883.824883 0.625507593 -0.224066019 3.874225616 -0.003791269 0.097134702 0.012389346 0.995186925
1439803883.887385 0.629622221 -0.224929139 3.896288872 -0.004045365 0.095880859 0.011707392 0.995315731
1439803883.949886 0.633455515 -0.225962415 3.918232441 -0.004106530 0.094737239 0.012455050 0.995415926
1439803884.012388 0.637378335 -0.227028936 3.940364122 -0.004118660 0.093495719 0.012150994 0.995536983
1439803884.074888 0.641194999 -0.227903143 3.962297440 -0.004056588 0.092156656 0.010786770 0.995677829
1439803884.137388 0.644857883 -0.228917629 3.984453917 -0.004060488 0.090981901 0.009926845 0.995794773
1439803884.199893 0.648667753 -0.229860693 4.006448746 -0.003897174 0.089769326 0.010630977 0.995898247
1439803884.262393 0.652434111 -0.230839372 4.028375626 -0.004297221 0.088445857 0.011586586 0.996004343
1439803884.324890 0.656185448 -0.231777132 4.050209999 -0.004894993 0.087185554 0.011754438 0.996110737
1439803884.387391 0.659781396 -0.232414559 4.072271347 -0.006323810 0.086260617 0.011658424 0.996184349
1439803884.449892 0.663164198 -0.233156487 4.094725132 -0.008886857 0.085462786 0.011226458 0.996238470
1439803884.512391 0.666757166 -0.233849615 4.116960526 -0.011186846 0.084694162 0.012972924 0.996259749
1439803884.574893 0.670485497 -0.234576762 4.138956547 -0.012860154 0.083894379 0.014776881 0.996282101
1439803884.637393 0.674175441 -0.235260993 4.160747528 -0.012716295 0.083168246 0.015450816 0.996334612
1439803884.699893 0.677556276 -0.236235052 4.182461739 -0.010527824 0.082532100 0.015431553 0.996413291
1439803884.762396 0.680374920 -0.237297580 4.204327106 -0.007055911 0.082334131 0.015039021 0.996466339
1439803884.824897 0.684737563 -0.238061696 4.225753307 -0.003072566 0.081341565 0.015192414 0.996565759
1439803884.887397 0.688032806 -0.239188313 4.247514725 0.000477948 0.080796696 0.013346434 0.996641099
1439803884.949900 0.691075444 -0.240352586 4.269413948 0.002189915 0.080470271 0.010542909 0.996698856
1439803885.012402 0.694344223 -0.241467848 4.291443825 0.002005839 0.080247059 0.008424209 0.996737361
1439803885.074905 0.697591960 -0.242907003 4.313449860 0.001562460 0.080184489 0.007378605 0.996751487
1439803885.137403 0.700800002 -0.244003862 4.335680008 0.000581139 0.080055505 0.006910011 0.996766269
1439803885.199905 0.704220653 -0.245293483 4.357906342 -0.001765650 0.079945870 0.005814804 0.996780694
1439803885.262406 0.707572997 -0.246273190 4.380242348 -0.004512180 0.080252409 0.004486403 0.996754289
1439803885.324921 0.711225092 -0.247361153 4.402607918 -0.006596386 0.080408834 0.003234544 0.996734858
1439803885.387407 0.714673877 -0.248258710 4.424884319 -0.008704574 0.080785140 0.002676556 0.996689916
1439803885.449908 0.718329608 -0.249268591 4.447037220 -0.009869155 0.080962181 0.001862242 0.996666551
1439803885.512409 0.721966326 -0.249953389 4.469337940 -0.009814121 0.081359684 0.000282127 0.996636450
1439803885.574914 0.725444674 -0.250925243 4.491440773 -0.008557710 0.081766054 -0.000474324 0.996614695
1439803885.637412 0.729221761 -0.252001166 4.513312340 -0.006839599 0.082034387 -0.001576299 0.996604800
1439803885.699913 0.732881188 -0.253075242 4.535532475 -0.004886053 0.082676999 -0.001853829 0.996562719
1439803885.762415 0.736713350 -0.254239798 4.557487011 -0.003787355 0.083295487 -0.001563489 0.996516466
1439803885.824915 0.740366995 -0.255000144 4.579874516 -0.003227409 0.084240399 -0.001779953 0.996438622
1439803885.887417 0.743873954 -0.255793273 4.601810455 -0.003693787 0.085036755 -0.003118281 0.996366084
1439803885.949918 0.747321308 -0.256617934 4.624478817 -0.005059318 0.085926235 -0.005043572 0.996275902
1439803886.012423 0.750851631 -0.257487059 4.646842957 -0.006409555 0.086638391 -0.006645469 0.996197045
1439803886.074930 0.754567623 -0.258485734 4.669575214 -0.007708808 0.087337099 -0.007080912 0.996123791
1439803886.137424 0.758539855 -0.259308606 4.691881180 -0.009126614 0.088018924 -0.007418055 0.996049345
1439803886.199925 0.762378216 -0.260091811 4.714573860 -0.010316935 0.089187451 -0.008305516 0.995926797
1439803886.262426 0.766365290 -0.261020690 4.736994743 -0.010437853 0.090586409 -0.009353481 0.995789945
1439803886.324949 0.770371854 -0.261890620 4.759585857 -0.010037917 0.092205040 -0.010512677 0.995633960
1439803886.387428 0.774594605 -0.262881517 4.782009602 -0.009329311 0.093630619 -0.011487387 0.995496988
1439803886.449931 0.778931856 -0.263694882 4.804636478 -0.008222265 0.094867319 -0.011810174 0.995385945
1439803886.512431 0.783264041 -0.264590681 4.827159882 -0.007252472 0.096061938 -0.012069990 0.995275736
1439803886.574932 0.787617564 -0.265520215 4.849915504 -0.006584900 0.097407386 -0.012186106 0.995148182
1439803886.637433 0.792167425 -0.266478628 4.872471333 -0.005798324 0.098697647 -0.012044779 0.995027661
1439803886.699935 0.796638846 -0.267589688 4.895141602 -0.005674608 0.100142062 -0.012214561 0.994881988
1439803886.762435 0.801299334 -0.268571705 4.917675972 -0.005842948 0.101408437 -0.011430094 0.994762063
1439803886.824936 0.806079209 -0.269448400 4.940460682 -0.006776392 0.102568656 -0.010862305 0.994643569
1439803886.887438 0.810840487 -0.270404160 4.963059425 -0.008228673 0.103641249 -0.010259639 0.994527757
1439803886.949936 0.815668702 -0.271285921 4.985849857 -0.009112416 0.104686350 -0.009343694 0.994419634
1439803887.012437 0.820425630 -0.272309721 5.008440971 -0.008949564 0.105810821 -0.008320897 0.994311213
1439803887.074940 0.825434685 -0.273325562 5.031034470 -0.007643158 0.106749952 -0.007933659 0.994224846
1439803887.137438 0.830345988 -0.274668515 5.053496361 -0.005559970 0.107824907 -0.007084274 0.994129062
1439803887.199938 0.835181594 -0.275589317 5.076223850 -0.003427084 0.108960472 -0.007666944 0.994010627
1439803887.262440 0.840115786 -0.276688308 5.098853111 -0.002489733 0.109820955 -0.008622992 0.993910849
1439803887.324940 0.845094383 -0.277517706 5.121868610 -0.002822637 0.110962436 -0.008461815 0.993784547
1439803887.387440 0.850396752 -0.278783560 5.144775867 -0.004080895 0.111897811 -0.007300000 0.993684530
1439803887.449942 0.855724692 -0.279887497 5.167644024 -0.005484031 0.112721592 -0.006015276 0.993593276
1439803887.512442 0.861266255 -0.281112194 5.190683365 -0.006786336 0.113517836 -0.005617350 0.993496895
1439803887.574942 0.866594911 -0.282470107 5.213464260 -0.007362964 0.114496887 -0.004569240 0.993385792
1439803887.637443 0.871888280 -0.283544242 5.236358166 -0.007487798 0.115431845 -0.003083904 0.993282378
1439803887.699943 0.877258360 -0.284812987 5.258879185 -0.007519715 0.116023511 -0.002114425 0.993215799
1439803887.762446 0.882443786 -0.285629570 5.281521320 -0.007217143 0.116628088 -0.002052880 0.993147314
1439803887.824948 0.887516856 -0.286851704 5.304123402 -0.006695532 0.117343053 -0.001952140 0.993066907
1439803887.887448 0.892910600 -0.288014948 5.326661587 -0.005955352 0.117563859 -0.002486757 0.993044376
1439803887.949950 0.898184180 -0.289030194 5.348982334 -0.004816584 0.117698029 -0.001947870 0.993035853
1439803888.012450 0.903523743 -0.290205657 5.371363640 -0.003550604 0.117798284 -0.001126192 0.993030548
1439803888.074952 0.908845663 -0.291472644 5.393524170 -0.003117101 0.117937446 -0.000959182 0.993015647
1439803888.137453 0.914113641 -0.292542219 5.415922165 -0.003498227 0.118184246 -0.000833031 0.992985189
1439803888.199955 0.919384837 -0.293677449 5.438055992 -0.004208097 0.118463106 -0.000726462 0.992949247
1439803888.262458 0.924557328 -0.294721127 5.460281372 -0.004854269 0.118677527 -0.000453150 0.992920876
1439803888.324957 0.929740727 -0.295861334 5.482244968 -0.005937252 0.118707672 0.000113807 0.992911518
1439803888.387459 0.934861183 -0.296974123 5.504292965 -0.006441885 0.118842565 -0.000249383 0.992892146
1439803888.449960 0.939836025 -0.297994137 5.526362419 -0.006475812 0.119000383 -0.001810823 0.992871404
1439803888.512463 0.944997728 -0.299081624 5.548351288 -0.005731223 0.119079933 -0.001675923 0.992866695
1439803888.574963 0.950088918 -0.300139070 5.570255280 -0.005222103 0.119410522 -0.003059489 0.992826521
1439803888.637465 0.955116391 -0.301106989 5.592081070 -0.005037167 0.119802266 -0.004960626 0.992772579
1439803888.699966 0.960318744 -0.302175581 5.613597870 -0.004451543 0.120431401 -0.004841591 0.992699862
1439803888.762467 0.965594709 -0.303279102 5.635167599 -0.003860783 0.121366858 -0.004105318 0.992591739
1439803888.824968 0.971038640 -0.304387689 5.656734467 -0.004198081 0.122197315 -0.002429379 0.992493987
1439803888.887469 0.976602733 -0.305113494 5.678340435 -0.005711340 0.123052262 -0.001284369 0.992382944
1439803888.949974 0.982029080 -0.306087673 5.699767590 -0.006385207 0.124043420 -0.000782720 0.992255926
1439803889.012472 0.987216473 -0.307107866 5.720861912 -0.006860280 0.125156134 -0.000490727 0.992113173
1439803889.074974 0.992682278 -0.308139086 5.742085457 -0.007338987 0.125713482 -0.000902832 0.992039025
1439803889.137475 0.998051643 -0.309240043 5.763162613 -0.007586178 0.126330122 -0.000844222 0.991958916
1439803889.199976 1.003606081 -0.310056925 5.784256935 -0.007397809 0.127113760 0.001443283 0.991859496
1439803889.262478 1.009442091 -0.310745895 5.805195332 -0.008654460 0.127832711 0.004784811 0.991746426
1439803889.324979 1.015211701 -0.311108828 5.826419353 -0.011769323 0.128869906 0.007583316 0.991562665
1439803889.387481 1.021153569 -0.311701000 5.847354889 -0.014649292 0.129959375 0.009329665 0.991367221
1439803889.449981 1.026663303 -0.312655330 5.868147850 -0.013632557 0.131283164 0.008009837 0.991218805
1439803889.512486 1.031872511 -0.314006448 5.888431549 -0.008055842 0.132532507 0.005833218 0.991128743
1439803889.574984 1.037226915 -0.315524697 5.908406734 -0.000217831 0.133325547 0.004258901 0.991063118
1439803889.637486 1.042711616 -0.317189187 5.928229809 0.007500348 0.134088844 0.003798177 0.990933657
1439803889.699987 1.048451900 -0.318389595 5.948343277 0.013424911 0.134793103 0.004871000 0.990770876
1439803889.762489 1.054288387 -0.319416463 5.968791008 0.013109170 0.135773852 0.005981221 0.990635037
1439803889.824994 1.060105681 -0.320318520 5.989501953 0.007166851 0.137008071 0.006336222 0.990523756
1439803889.887492 1.065969229 -0.321134090 6.010383129 -0.001373582 0.138420045 0.005979697 0.990354598
1439803889.949993 1.071831226 -0.321850985 6.031394482 -0.009863512 0.139502570 0.005400809 0.990157843
1439803890.012494 1.077666283 -0.322743207 6.052013874 -0.016022578 0.140191212 0.005873180 0.989977360
1439803890.074997 1.083630919 -0.323450744 6.072395325 -0.018663459 0.140539035 0.007491347 0.989870846
1439803890.137499 1.089366794 -0.324221432 6.092176437 -0.017732592 0.140789375 0.009801389 0.989832222
1439803890.199998 1.095263481 -0.324983835 6.111747265 -0.014122286 0.140793905 0.011507301 0.989871323
1439803890.262502 1.100923896 -0.325759590 6.131149769 -0.009383262 0.140741915 0.011657796 0.989933193
1439803890.325005 1.106352568 -0.326587468 6.150172710 -0.004432585 0.140493050 0.010246026 0.990018725
1439803890.387502 1.111601591 -0.327524632 6.169789791 -0.000661417 0.140597403 0.008698259 0.990028381
1439803890.450005 1.117148042 -0.328379482 6.189720154 0.001952820 0.140474916 0.006931291 0.990058064
1439803890.512505 1.122470975 -0.329389095 6.209347248 0.002945411 0.139953449 0.005922975 0.990135968
1439803890.575010 1.127945185 -0.330494165 6.229026318 0.002193838 0.139316410 0.005972796 0.990227461
1439803890.637510 1.133346558 -0.331538498 6.248855591 -0.000105976 0.138824508 0.006779146 0.990293801
1439803890.700009 1.139068007 -0.332543641 6.268895149 -0.002807134 0.138176307 0.008107848 0.990370452
1439803890.762514 1.144578815 -0.333624721 6.288959026 -0.004562713 0.137746900 0.008447656 0.990420938
1439803890.825013 1.150024891 -0.334781677 6.308801651 -0.005182427 0.137281820 0.007108575 0.990492940
1439803890.887514 1.155282259 -0.335876137 6.328808784 -0.004439500 0.137028843 0.005452174 0.990542114
1439803890.950015 1.160515189 -0.336985260 6.348547459 -0.002500626 0.136705771 0.004600015 0.990597844
1439803891.012516 1.165858388 -0.337929279 6.368434906 -0.000400178 0.136212587 0.003564121 0.990673125
1439803891.075016 1.171127796 -0.338882267 6.388156891 0.000881715 0.135727808 0.002892348 0.990741551
1439803891.137517 1.176653624 -0.339606941 6.407986164 0.000672461 0.135143146 0.003292901 0.990820348
1439803891.200018 1.182250261 -0.340379924 6.427988052 -0.001100689 0.134856552 0.004091776 0.990856051
1439803891.262519 1.187796235 -0.341352105 6.447814465 -0.003409931 0.134354800 0.005506808 0.990912139
1439803891.325021 1.193019390 -0.342242002 6.468962193 -0.006032626 0.134101823 0.005408112 0.990934432
1439803891.387522 1.198174715 -0.342724919 6.489233017 -0.007305006 0.133908391 0.004847974 0.990954936
1439803891.450024 1.203686953 -0.344266146 6.509160042 -0.007370789 0.133829772 0.003741516 0.990969837
1439803891.512525 1.208868265 -0.345292181 6.529313564 -0.005445779 0.134110823 0.002314416 0.990948677
1439803891.575026 1.214284658 -0.346239299 6.549176216 -0.003583563 0.134325534 0.001161760 0.990930140
1439803891.637528 1.219656944 -0.347173274 6.569060802 -0.001500918 0.134510905 0.001058453 0.990910411
1439803891.700029 1.225004196 -0.348317742 6.589064598 0.000123095 0.134821072 0.001790630 0.990868330
1439803891.762530 1.230812311 -0.349308103 6.609913349 0.000931589 0.135348067 0.002879329 0.990793467
1439803891.825032 1.236041069 -0.350578338 6.630207539 0.000605461 0.135935813 0.003869496 0.990709901
1439803891.887533 1.242092848 -0.351440132 6.650431156 -0.000027025 0.136514604 0.004830180 0.990626276
1439803891.950034 1.247443199 -0.351954907 6.670850754 -0.000405604 0.137360871 0.006167473 0.990501761
1439803892.012536 1.253147602 -0.353492826 6.690510273 -0.000825419 0.137745336 0.007006938 0.990442514
1439803892.075037 1.258899331 -0.354662418 6.710828304 -0.000478552 0.138137415 0.007006858 0.990388155
1439803892.137539 1.263899326 -0.355570495 6.730136395 0.000488489 0.138608411 0.007041468 0.990322113
1439803892.200040 1.269349456 -0.356924325 6.749847412 0.001416946 0.139079079 0.006681852 0.990257740
1439803892.262542 1.275347471 -0.357705593 6.770287514 0.002429883 0.139464125 0.006060201 0.990205586
1439803892.325044 1.281264424 -0.358536929 6.790529728 0.003465790 0.139813974 0.006829155 0.990148187
1439803892.387547 1.287356973 -0.360127032 6.811198711 0.004011851 0.140511259 0.007451318 0.990042925
1439803892.450047 1.293416023 -0.361623496 6.831640244 0.003852514 0.141137853 0.007827764 0.989951491
1439803892.512548 1.298855662 -0.362791300 6.851994038 0.003019675 0.142018661 0.006557867 0.989837646
1439803892.575051 1.304924011 -0.364130199 6.872522354 0.002280329 0.142660931 0.005898948 0.989751399
1439803892.637550 1.310203791 -0.365220845 6.892303944 0.001393779 0.143490329 0.005862333 0.989633381
1439803892.700052 1.316697121 -0.366365761 6.913607597 0.000425654 0.144032538 0.005861148 0.989555478
1439803892.762552 1.322314858 -0.367171198 6.933934212 -0.000340495 0.144623265 0.005112595 0.989473522
1439803892.825068 1.328766465 -0.368387252 6.954502106 -0.000787121 0.145111725 0.004487288 0.989404798
1439803892.887555 1.335114479 -0.369587749 6.974608421 -0.000925884 0.145842314 0.004457059 0.989297390
1439803892.950057 1.341337681 -0.370806694 6.995445251 -0.000560429 0.146839112 0.004278248 0.989150941
1439803893.012558 1.347275019 -0.371620983 7.015956879 -0.000113099 0.147979841 0.003458445 0.988984287
1439803893.075059 1.353943348 -0.372720301 7.036689758 -0.000329870 0.148906872 0.003005006 0.988846600
1439803893.137564 1.360227466 -0.373823881 7.057068348 -0.000864740 0.149898067 0.002838770 0.988696992
1439803893.200064 1.366375923 -0.374732971 7.077466965 -0.001558433 0.150676280 0.002872288 0.988577724
1439803893.262564 1.372918367 -0.375804842 7.097993851 -0.002055790 0.151268929 0.003169283 0.988485456
1439803893.325063 1.379481316 -0.376853883 7.118870735 -0.002305276 0.152054995 0.003415110 0.988363445
1439803893.387564 1.386280894 -0.378300011 7.139383316 -0.002257188 0.152598396 0.003849704 0.988278210
1439803893.450065 1.392442226 -0.379174501 7.160115719 -0.002113398 0.153489783 0.003780124 0.988140762
1439803893.512565 1.398447156 -0.380228341 7.180322170 -0.001940881 0.154253811 0.003705871 0.988022387
1439803893.575066 1.405475855 -0.381124556 7.201357841 -0.001880395 0.154982880 0.003691806 0.987908483
1439803893.637567 1.411857367 -0.382040560 7.222026348 -0.003542740 0.155741557 0.004352940 0.987781882
1439803893.700067 1.418949604 -0.382889688 7.243348598 -0.005627836 0.156507105 0.005230841 0.987646937
1439803893.762567 1.425721169 -0.383740842 7.264081478 -0.006908749 0.157355309 0.003988719 0.987509847
1439803893.825068 1.432532310 -0.384985328 7.285465240 -0.006737095 0.158505529 0.002088472 0.987332880
1439803893.887568 1.439253330 -0.386383772 7.305809975 -0.004047631 0.159660518 0.001798430 0.987162054
1439803893.950069 1.445980668 -0.387702823 7.326644897 0.000325924 0.160927519 0.002241683 0.986963630
1439803894.012570 1.452968597 -0.389116079 7.346900940 0.004916021 0.161853805 0.003455463 0.986796439
1439803894.075071 1.460566759 -0.390297651 7.367596626 0.007439923 0.162981614 0.004650992 0.986590087
1439803894.137573 1.467584372 -0.391564906 7.388193607 0.007309959 0.164476141 0.005364791 0.986339390
1439803894.200074 1.475133181 -0.392380625 7.409317017 0.004004872 0.165803641 0.006207787 0.986131132
1439803894.262575 1.482542276 -0.393286586 7.429991245 -0.001030035 0.166680470 0.006791246 0.985987067
1439803894.325077 1.489517212 -0.394727767 7.452120304 -0.005594450 0.167769060 0.007205725 0.985784113
1439803894.387577 1.496925712 -0.395742029 7.472958565 -0.008559363 0.168431312 0.008877500 0.985636234
1439803894.450077 1.504557967 -0.396580458 7.493553638 -0.010050471 0.168721467 0.010729631 0.985554099
1439803894.512579 1.512039900 -0.397449166 7.514098644 -0.010415077 0.169118240 0.012886477 0.985456467
1439803894.575078 1.519477248 -0.398129791 7.534610271 -0.009938315 0.169623628 0.013546477 0.985365689
1439803894.637578 1.526795506 -0.398740649 7.555132866 -0.009162952 0.170049846 0.013965652 0.985293865
1439803894.700080 1.534010887 -0.399379998 7.575853348 -0.008967440 0.170296192 0.013433113 0.985260546
1439803894.762580 1.541375399 -0.400011778 7.596423626 -0.009189581 0.170392811 0.013166795 0.985245347
1439803894.825080 1.548733830 -0.400617480 7.617111206 -0.009226367 0.170406550 0.013584395 0.985237002
1439803894.887582 1.556218505 -0.401341200 7.637897015 -0.009541702 0.170410782 0.014212983 0.985224426
1439803894.950082 1.563722014 -0.401919186 7.658960819 -0.009690372 0.170428336 0.015306587 0.985203505
1439803895.012582 1.571220636 -0.402557552 7.679813385 -0.009668917 0.170419678 0.016021853 0.985193908
1439803895.075084 1.578565717 -0.403235257 7.701013565 -0.009809501 0.170473859 0.017023979 0.985166311
1439803895.137583 1.586469054 -0.403904468 7.720827103 -0.010376628 0.170140699 0.018869786 0.985184431
1439803895.200084 1.594380617 -0.404151738 7.742729664 -0.011490546 0.169983238 0.021536505 0.985144615
1439803895.262587 1.601951003 -0.404304713 7.763125420 -0.013706969 0.169662967 0.023711868 0.985121489
1439803895.325085 1.609854460 -0.405678242 7.783615112 -0.016304437 0.169106022 0.025013054 0.985145450
1439803895.387586 1.616224170 -0.406050593 7.803321362 -0.017207790 0.168933555 0.025770998 0.985140204
1439803895.450093 1.623175383 -0.405692011 7.825080872 -0.015490809 0.168950930 0.026318962 0.985151231
1439803895.512588 1.631685734 -0.407102853 7.845999718 -0.011578419 0.168172419 0.027103856 0.985316873
1439803895.575092 1.637745380 -0.408255219 7.865643024 -0.006304271 0.167989537 0.026537960 0.985411346
1439803895.637591 1.645691633 -0.409346998 7.886427879 -0.001232088 0.167689994 0.024770815 0.985527754
1439803895.700093 1.652312756 -0.410404861 7.907249451 0.002020965 0.167795926 0.023726990 0.985534072
1439803895.762594 1.660785317 -0.410858899 7.929613590 0.003012343 0.167400807 0.023751214 0.985598207
1439803895.825095 1.668412447 -0.411705315 7.950915813 0.001670811 0.167166591 0.024125643 0.985632062
1439803895.887596 1.674352884 -0.412181258 7.971626759 -0.001311814 0.167126194 0.023232713 0.985660851
1439803895.950098 1.681645155 -0.413004816 7.993324757 -0.005417431 0.166995436 0.021677934 0.985704422
1439803896.012600 1.688723922 -0.413514912 8.015071869 -0.009544972 0.167102978 0.021000894 0.985669553
1439803896.075101 1.696090579 -0.414008319 8.036705017 -0.013221023 0.167113334 0.021157425 0.985621989
1439803896.137617 1.703412056 -0.414586008 8.057888031 -0.014884828 0.167026684 0.021171149 0.985612631
1439803896.200104 1.710562229 -0.415144771 8.079180717 -0.013832154 0.167298958 0.019586535 0.985614598
1439803896.262605 1.717140436 -0.415868908 8.100585938 -0.010745205 0.168059573 0.016645882 0.985577762
1439803896.325106 1.724621892 -0.416610479 8.121714592 -0.006473827 0.168232068 0.013463308 0.985634208
1439803896.387608 1.731773734 -0.417449921 8.142660141 -0.002372628 0.168381885 0.010832361 0.985659480
1439803896.450110 1.739084482 -0.418501735 8.164396286 -0.000662072 0.168476015 0.009474988 0.985660017
1439803896.512611 1.746362448 -0.419078052 8.185718536 -0.002084447 0.168560818 0.008594069 0.985651612
1439803896.575112 1.753665209 -0.419828594 8.207489967 -0.005464452 0.168716267 0.008197499 0.985615432
1439803896.637613 1.760893583 -0.421237290 8.228639603 -0.009511258 0.168858185 0.008413277 0.985558569
1439803896.700115 1.768560529 -0.422047138 8.250123978 -0.012139256 0.168973312 0.009141862 0.985503495
1439803896.762616 1.776224852 -0.423116744 8.271509171 -0.012518757 0.169051260 0.010107369 0.985475898
1439803896.825117 1.783697724 -0.423880696 8.293080330 -0.010083805 0.169347122 0.010889051 0.985444725
1439803896.887621 1.790707469 -0.424575210 8.314160347 -0.006680345 0.169827268 0.010984666 0.985389948
1439803896.950120 1.798353195 -0.425386012 8.335125923 -0.003733621 0.169933543 0.011061844 0.985386372
1439803897.012625 1.805877686 -0.426650286 8.355628014 -0.002272600 0.170007437 0.011598649 0.985371888
1439803897.075126 1.813001513 -0.427506953 8.377094269 -0.001525487 0.170417860 0.012991647 0.985285044
1439803897.137624 1.821228743 -0.428380102 8.398678780 -0.002207366 0.170323238 0.014394691 0.985280573
1439803897.200126 1.828544259 -0.429301649 8.419672966 -0.003810073 0.170358062 0.014564681 0.985267222
1439803897.262627 1.836111188 -0.430470496 8.441077232 -0.005651546 0.170436487 0.013907054 0.985254347
1439803897.325129 1.843444586 -0.431344926 8.462461472 -0.006776702 0.170727134 0.015316603 0.985175967
1439803897.387630 1.850858808 -0.432060182 8.483510017 -0.007542681 0.170713827 0.016247950 0.985157788
1439803897.450132 1.858454227 -0.432789326 8.505072594 -0.007877173 0.170528218 0.015635008 0.985197246
1439803897.512633 1.865759492 -0.433659852 8.526177406 -0.008176903 0.170396850 0.014663079 0.985232472
1439803897.575135 1.872945070 -0.434498519 8.547284126 -0.008316614 0.170470670 0.014463086 0.985221505
1439803897.637635 1.879990816 -0.435397327 8.568507195 -0.007898592 0.170684233 0.015349515 0.985174537
1439803897.700136 1.887465239 -0.436144531 8.589565277 -0.007165551 0.170405343 0.015479164 0.985226393
1439803897.762636 1.894759417 -0.436855197 8.610693932 -0.006757725 0.170404896 0.015057297 0.985235870
1439803897.825137 1.902034521 -0.437661231 8.631752968 -0.006088552 0.170572966 0.014773105 0.985215485
1439803897.887639 1.909330249 -0.438423097 8.652600288 -0.005725774 0.170587882 0.014379049 0.985220909
1439803897.950143 1.916567683 -0.439123452 8.673632622 -0.006343960 0.170675799 0.014042989 0.985206723
1439803898.012641 1.923953176 -0.439831227 8.694698334 -0.007720849 0.170653746 0.015159111 0.985184193
1439803898.075143 1.931546926 -0.440374494 8.715806961 -0.008846954 0.170629695 0.016365686 0.985159576
1439803898.137646 1.938928008 -0.441170692 8.736601830 -0.009979797 0.170784071 0.016254300 0.985123873
1439803898.200146 1.946318388 -0.441848189 8.757692337 -0.010312296 0.171053410 0.015716435 0.985082388
1439803898.262647 1.953637242 -0.442541718 8.778579712 -0.010088637 0.171394229 0.015113760 0.985034943
1439803898.325149 1.961006403 -0.443272382 8.799467087 -0.009204155 0.171537623 0.014924499 0.985021472
1439803898.387650 1.968461156 -0.443969339 8.820311546 -0.008271568 0.171559945 0.015032650 0.985024273
1439803898.450155 1.975853443 -0.444660395 8.841135025 -0.007901757 0.171656474 0.015305936 0.985006273
1439803898.512652 1.983282566 -0.445367157 8.862098694 -0.007906817 0.171746224 0.015384129 0.984989345
1439803898.575156 1.990640044 -0.446123838 8.883087158 -0.008013270 0.171938539 0.015757672 0.984949052
1439803898.637657 1.998080969 -0.446824372 8.903904915 -0.008509329 0.172063500 0.016018370 0.984918833
1439803898.700157 2.005633593 -0.447554916 8.924924850 -0.008810772 0.172190338 0.016452268 0.984886885
1439803898.762658 2.013528347 -0.448425293 8.945716858 -0.008820430 0.171976939 0.017451387 0.984906912
1439803898.825159 2.020690918 -0.448937923 8.966275215 -0.008643726 0.172027141 0.017767802 0.984894037
1439803898.887660 2.028243780 -0.449561983 8.987611771 -0.008443007 0.172272623 0.017356973 0.984860182
1439803898.950161 2.035746336 -0.450488865 9.008550644 -0.007640870 0.172399551 0.017164625 0.984847903
1439803899.012663 2.043192863 -0.451256752 9.029587746 -0.007224921 0.172599539 0.017702349 0.984806478
1439803899.075165 2.050818443 -0.452097028 9.050636292 -0.007419948 0.172584757 0.018629214 0.984790504
1439803899.137666 2.058617115 -0.452601194 9.071668625 -0.008119763 0.172585070 0.018796742 0.984781742
1439803899.200170 2.066445351 -0.452333868 9.093425751 -0.008720197 0.172836110 0.017973749 0.984747946
1439803899.262668 2.073925972 -0.452901304 9.114571571 -0.010056865 0.173079371 0.018002331 0.984691978
1439803899.325168 2.081492901 -0.453525245 9.135746956 -0.011480032 0.173223436 0.018183770 0.984647751
1439803899.387669 2.089401960 -0.453893125 9.156829834 -0.012988236 0.173195824 0.019483527 0.984609008
1439803899.450169 2.097370148 -0.454276055 9.177824020 -0.014575716 0.173061833 0.021206552 0.984574735
1439803899.512670 2.105012894 -0.454627424 9.198582649 -0.014579461 0.173053280 0.020695956 0.984587073
1439803899.575171 2.112170935 -0.455340654 9.219370842 -0.012906560 0.173481897 0.019251894 0.984564304
1439803899.637671 2.119532108 -0.455993235 9.240181923 -0.010492004 0.173970312 0.017207626 0.984544635
1439803899.700171 2.126968861 -0.456822723 9.260897636 -0.007477369 0.174160033 0.016305165 0.984553993
1439803899.762672 2.134747744 -0.457468599 9.281779289 -0.004805902 0.174175754 0.015872119 0.984574914
1439803899.825173 2.142368078 -0.458104193 9.302887917 -0.004310437 0.174317777 0.015716467 0.984554589
1439803899.887673 2.150123835 -0.458607882 9.324072838 -0.005817675 0.174517468 0.015390002 0.984516621
1439803899.950174 2.157872200 -0.458868682 9.345166206 -0.007819741 0.174749210 0.015262024 0.984463632
1439803900.012675 2.166254044 -0.460064828 9.366070747 -0.010060282 0.174701437 0.015799861 0.984443307
1439803900.075175 2.174250364 -0.460511118 9.387019157 -0.011216241 0.174801886 0.015468134 0.984418213
1439803900.137677 2.181421041 -0.459776521 9.408614159 -0.011440072 0.175335899 0.014784946 0.984331191
1439803900.200177 2.189604282 -0.461580485 9.429452896 -0.012417176 0.175365418 0.015136409 0.984308779
1439803900.262677 2.195235729 -0.462110817 9.449879646 -0.013441339 0.176154941 0.015490111 0.984148800
1439803900.325180 2.203882933 -0.463339031 9.469931602 -0.015348665 0.175707340 0.015883425 0.984194636
1439803900.387680 2.211462498 -0.463519514 9.490921974 -0.014656745 0.176159233 0.015215544 0.984134912
1439803900.450180 2.219095707 -0.464372933 9.511679649 -0.011569708 0.176577404 0.014952434 0.984105170
1439803900.512684 2.227213860 -0.465256095 9.532399178 -0.007070958 0.176887020 0.015171376 0.984088838
1439803900.575184 2.235447884 -0.466799498 9.552843094 -0.002653189 0.177281067 0.015112193 0.984040618
1439803900.637686 2.242673874 -0.466883332 9.573378563 0.001336732 0.178127721 0.013998294 0.983906865
1439803900.700187 2.250998259 -0.467263311 9.594447136 0.001558503 0.178579897 0.013679816 0.983829081
1439803900.762691 2.259000778 -0.468765080 9.615863800 -0.001850573 0.179121315 0.014718542 0.983715117
1439803900.825189 2.267176151 -0.469229609 9.637117386 -0.005852512 0.179414198 0.015754981 0.983630061
1439803900.887690 2.274959087 -0.470136374 9.658254623 -0.009527330 0.179511964 0.016640298 0.983568907
1439803900.950193 2.282969475 -0.470887333 9.679265976 -0.012174228 0.179968774 0.018540664 0.983422220
1439803901.012693 2.291030884 -0.471372962 9.700175285 -0.013116966 0.180533782 0.020391293 0.983269930
1439803901.075194 2.299259186 -0.471900851 9.721096992 -0.011779459 0.180966467 0.020836838 0.983197927
1439803901.137694 2.307187080 -0.472757250 9.741440773 -0.008718600 0.181576103 0.020463070 0.983125329
1439803901.200198 2.314946651 -0.473595142 9.762021065 -0.005424860 0.182499021 0.019889046 0.982989848
1439803901.262696 2.323184967 -0.474477798 9.782639503 -0.002289607 0.182991922 0.020989576 0.982887685
1439803901.325197 2.331301451 -0.475170135 9.803499222 0.000144576 0.183523253 0.022151738 0.982765734
1439803901.387699 2.339588642 -0.475862801 9.824053764 0.000418342 0.183983698 0.022853220 0.982663453
1439803901.450201 2.348073006 -0.476838171 9.844774246 -0.001012996 0.184452534 0.024165794 0.982543766
1439803901.512702 2.356042385 -0.477787375 9.865797043 -0.003044780 0.185025334 0.025797710 0.982390344
1439803901.575203 2.364265919 -0.478491068 9.886537552 -0.005085436 0.185431927 0.027186759 0.982267797
1439803901.637705 2.372555494 -0.479334086 9.907088280 -0.006683615 0.185728088 0.029247290 0.982143044
1439803901.700207 2.380790234 -0.480041206 9.927310944 -0.007837731 0.186013252 0.030292466 0.982048869
1439803901.762709 2.389069319 -0.480550230 9.947868347 -0.007911541 0.186217681 0.031365268 0.981975853
1439803901.825211 2.396743774 -0.481286019 9.968150139 -0.008298527 0.186567828 0.032029197 0.981884778
1439803901.887712 2.404505968 -0.481825441 9.988680840 -0.008879514 0.187098175 0.031769074 0.981787205
1439803901.950212 2.412417650 -0.482426196 10.009042740 -0.009802948 0.187359676 0.030645046 0.981764257
1439803902.012714 2.420415878 -0.482870489 10.029414177 -0.010953523 0.187494561 0.030154759 0.981741548
1439803902.075216 2.428513527 -0.483265698 10.049938202 -0.012433988 0.187578201 0.029382410 0.981731355
1439803902.137717 2.436650991 -0.483672231 10.070509911 -0.013828846 0.187748119 0.028150851 0.981716335
1439803902.200218 2.444591284 -0.483988374 10.090791702 -0.015079821 0.188046321 0.027253717 0.981666148
1439803902.262719 2.452657938 -0.484231442 10.111566544 -0.016616099 0.188502088 0.025804155 0.981593072
1439803902.325221 2.460298061 -0.484645426 10.131403923 -0.017447425 0.189094096 0.024980532 0.981486142
1439803902.387721 2.468469143 -0.484855443 10.151911736 -0.018020231 0.189567491 0.023877874 0.981411874
1439803902.450224 2.476277590 -0.485398114 10.171516418 -0.018630708 0.190013438 0.023488374 0.981323659
1439803902.512727 2.484113693 -0.485704929 10.191561699 -0.018267615 0.190477297 0.022153614 0.981271565
1439803902.575227 2.492060184 -0.486127406 10.211424828 -0.016716126 0.190659687 0.021411121 0.981280327
1439803902.637728 2.500119686 -0.486487657 10.231359482 -0.015016738 0.190821797 0.021692339 0.981270075
1439803902.700243 2.508186340 -0.486928195 10.251358986 -0.014018968 0.190909177 0.021900805 0.981263220
1439803902.762731 2.516210079 -0.487398773 10.271087646 -0.012885019 0.190833002 0.022639088 0.981276810
1439803902.825231 2.524249554 -0.487901241 10.290816307 -0.011968326 0.190825269 0.022411499 0.981295168
1439803902.887733 2.531862020 -0.488633245 10.310746193 -0.011482673 0.191020533 0.023336593 0.981241405
1439803902.950234 2.539758205 -0.489169270 10.330595016 -0.011490532 0.191057071 0.024355052 0.981209457
1439803903.012736 2.547735453 -0.489767104 10.350521088 -0.011982411 0.190984666 0.024806809 0.981206357
1439803903.075237 2.555586815 -0.490010589 10.370322227 -0.012821721 0.190921858 0.025291447 0.981195569
1439803903.137739 2.563591480 -0.490444124 10.390175819 -0.014144735 0.190787643 0.026441796 0.981173217
1439803903.200240 2.571584463 -0.490676045 10.409965515 -0.015895590 0.190648556 0.027402090 0.981147051
1439803903.262742 2.579347134 -0.490980893 10.429718971 -0.016647916 0.190436214 0.028660359 0.981139898
1439803903.325243 2.586925268 -0.491590708 10.449138641 -0.015747380 0.190175071 0.028195003 0.981218874
1439803903.387744 2.594715595 -0.492275864 10.468583107 -0.012939922 0.189812332 0.027563971 0.981348097
1439803903.450245 2.602296114 -0.493000597 10.487965584 -0.009866298 0.189434499 0.027618451 0.981455266
1439803903.512751 2.610073090 -0.493619859 10.507502556 -0.007492869 0.188948318 0.027719906 0.981567085
1439803903.575251 2.617281437 -0.493827224 10.526512146 -0.006876000 0.188417912 0.028155031 0.981661201
1439803903.637751 2.624653578 -0.494126916 10.546085358 -0.008848354 0.188144088 0.029037882 0.981672168
1439803903.700253 2.632313967 -0.494499654 10.565683365 -0.012526661 0.187817320 0.030525178 0.981649578
1439803903.762753 2.639999866 -0.494773448 10.585626602 -0.016529532 0.187393740 0.031075487 0.981654048
1439803903.825255 2.648065090 -0.495100200 10.605554581 -0.019363260 0.186809018 0.031426031 0.981702507
1439803903.887756 2.655291557 -0.495486498 10.624743462 -0.019915635 0.186409280 0.031717986 0.981758058
1439803903.950257 2.662844658 -0.495922208 10.644108772 -0.018766450 0.186071396 0.030869469 0.981871843
1439803904.012758 2.670227289 -0.496319622 10.663282394 -0.016116409 0.185839966 0.030261999 0.981981635
1439803904.075262 2.677762508 -0.496746689 10.682512283 -0.012934214 0.185657814 0.030116929 0.982067645
1439803904.137761 2.685139894 -0.497231066 10.701513290 -0.009969799 0.185482100 0.029854348 0.982143402
1439803904.200260 2.692401886 -0.497606844 10.720472336 -0.008189981 0.185335383 0.029308956 0.982204020
1439803904.262764 2.699581146 -0.498062998 10.739599228 -0.007858059 0.185366705 0.027963784 0.982240021
1439803904.325262 2.706905842 -0.498478055 10.758841515 -0.008716248 0.185644105 0.026786232 0.982213199
1439803904.387762 2.714258432 -0.498855591 10.777922630 -0.010572844 0.185918987 0.026127638 0.982160747
1439803904.450265 2.721571922 -0.499479473 10.797102928 -0.012698114 0.186009541 0.026096253 0.982119262
1439803904.512765 2.729108810 -0.499855042 10.816104889 -0.014363027 0.186125755 0.027139945 0.982045949
1439803904.575265 2.736159801 -0.500242770 10.835024834 -0.015515799 0.186454192 0.028319856 0.981932819
1439803904.637765 2.743996382 -0.500533998 10.853880882 -0.016455699 0.186609611 0.029454367 0.981854618
1439803904.700267 2.751261711 -0.500748634 10.872859955 -0.016731663 0.187117264 0.030049009 0.981735289
1439803904.762767 2.758323669 -0.500929594 10.891478539 -0.016858587 0.187648803 0.029809784 0.981638968
1439803904.825269 2.765871525 -0.501145601 10.910074234 -0.017003834 0.187911749 0.030365102 0.981569171
1439803904.887770 2.773220062 -0.501452506 10.928768158 -0.017888747 0.188146174 0.030631308 0.981500268
1439803904.950271 2.780458450 -0.501559138 10.947484016 -0.018664252 0.188403830 0.030472515 0.981441319
1439803905.012771 2.787494659 -0.501640379 10.965981483 -0.018874289 0.188884497 0.030412234 0.981346786
1439803905.075272 2.794665337 -0.501710534 10.984146118 -0.019144205 0.189482465 0.030307235 0.981229484
1439803905.137772 2.802051783 -0.502015054 11.002556801 -0.019339764 0.190228909 0.029413633 0.981108427
1439803905.200273 2.809390783 -0.502236664 11.020766258 -0.019210866 0.191198051 0.028857024 0.980939090
1439803905.262773 2.816638470 -0.502361417 11.039148331 -0.019498302 0.192509547 0.027320467 0.980720878
1439803905.325274 2.823904991 -0.502242625 11.057374954 -0.020618314 0.193768352 0.027172877 0.980454147
1439803905.387774 2.831265211 -0.502254963 11.075354576 -0.021054966 0.194927141 0.027077103 0.980217755
1439803905.450275 2.838701963 -0.502441764 11.093378067 -0.020815391 0.195861325 0.026421657 0.980054557
1439803905.512775 2.846207619 -0.502704501 11.111709595 -0.019909870 0.196803078 0.025460662 0.979910135
1439803905.575278 2.853561640 -0.502912283 11.129587173 -0.018587898 0.197793961 0.024522183 0.979760528
1439803905.637780 2.860803604 -0.503635287 11.147345543 -0.017315822 0.198746532 0.022921512 0.979629815
1439803905.700283 2.868396282 -0.503619909 11.165274620 -0.016338281 0.199395001 0.021282207 0.979551792
1439803905.762781 2.875220299 -0.503265381 11.183024406 -0.016303450 0.200093344 0.018879797 0.979459226
1439803905.825280 2.882816315 -0.504065156 11.200937271 -0.017187633 0.200530544 0.017021433 0.979388773
1439803905.887782 2.889907360 -0.504200280 11.218739510 -0.018547155 0.201268226 0.015316314 0.979240775
1439803905.950283 2.897463799 -0.504427671 11.236224174 -0.020278795 0.201578170 0.014394801 0.979156673
1439803906.012785 2.904827356 -0.504617572 11.253759384 -0.021544956 0.202032179 0.013211320 0.979052722
1439803906.075286 2.912115574 -0.504899740 11.270844460 -0.021702809 0.202533931 0.012784313 0.978951216
1439803906.137789 2.919359684 -0.505124450 11.287839890 -0.021184685 0.203158543 0.012562010 0.978836060
1439803906.200294 2.926594734 -0.505530834 11.304506302 -0.020683018 0.203675807 0.012310099 0.978742480
1439803906.262793 2.933703899 -0.505667210 11.321258545 -0.020680765 0.204191238 0.010819861 0.978652716
1439803906.325293 2.940716028 -0.505825937 11.337846756 -0.021196647 0.204636797 0.009247359 0.978564739
1439803906.387796 2.947633266 -0.505980313 11.354351044 -0.020728482 0.205093414 0.008291678 0.978487730
1439803906.450298 2.954730511 -0.506367385 11.370498657 -0.019386102 0.205305487 0.009282590 0.978461862
1439803906.512798 2.961942196 -0.506848633 11.386406898 -0.016889472 0.205372453 0.012150289 0.978462696
1439803906.575299 2.969375134 -0.507383823 11.402188301 -0.014863313 0.205322102 0.015365716 0.978460968
1439803906.637799 2.976634502 -0.507907093 11.417909622 -0.013523754 0.205424041 0.017976545 0.978414476
1439803906.700301 2.983517647 -0.508125663 11.433587074 -0.012626923 0.205756932 0.019508475 0.978327155
1439803906.762804 2.990288258 -0.508655071 11.448997498 -0.013461070 0.205756888 0.020137807 0.978303313
1439803906.825303 2.996997595 -0.509029627 11.464516640 -0.015006424 0.205606163 0.020215468 0.978310883
1439803906.887807 3.003818035 -0.509062350 11.480164528 -0.017455684 0.205237940 0.020168362 0.978348553
1439803906.950307 3.010501623 -0.508997440 11.495917320 -0.020414203 0.204914987 0.020381300 0.978354573
1439803907.012810 3.017203569 -0.508906364 11.511568069 -0.022583889 0.204706579 0.021748032 0.978321075
1439803907.075309 3.023785353 -0.508957922 11.526946068 -0.024304463 0.204568520 0.023213476 0.978275061
1439803907.137811 3.030416489 -0.509178936 11.541785240 -0.024816802 0.204183966 0.024464911 0.978312075
1439803907.200311 3.036840677 -0.509294629 11.556599617 -0.024765557 0.204103291 0.024646522 0.978325665
1439803907.262812 3.043221474 -0.509437680 11.571320534 -0.024134213 0.204007864 0.023986297 0.978377759
1439803907.325312 3.049355507 -0.509529829 11.586012840 -0.022853149 0.204175115 0.022648606 0.978405476
1439803907.387813 3.055422306 -0.509630620 11.600403786 -0.021537390 0.204101592 0.021124652 0.978484750
1439803907.450314 3.061313629 -0.509679973 11.614852905 -0.020504123 0.204072028 0.019303871 0.978550732
1439803907.512814 3.067443371 -0.509880662 11.629191399 -0.019201847 0.203816429 0.018577114 0.978644490
1439803907.575314 3.073456764 -0.510278225 11.643187523 -0.017794572 0.203665212 0.018400375 0.978705883
1439803907.637816 3.079414368 -0.510611534 11.657176971 -0.016129149 0.203660309 0.018093197 0.978741527
1439803907.700317 3.085361719 -0.511040747 11.670890808 -0.014609472 0.203668520 0.017651819 0.978771746
1439803907.762819 3.091314077 -0.511528015 11.684505463 -0.013402378 0.203512758 0.017708831 0.978820384
1439803907.825321 3.097217083 -0.511981726 11.698005676 -0.012924459 0.203377530 0.018089985 0.978847921
1439803907.887821 3.102933884 -0.512157798 11.711409569 -0.013109437 0.203360513 0.018102624 0.978848755
1439803907.950324 3.108555317 -0.512368083 11.725026131 -0.014031794 0.203431353 0.017868793 0.978825569
1439803908.012827 3.114125729 -0.512588978 11.738292694 -0.015197963 0.203201160 0.017515773 0.978862345
1439803908.075326 3.119663715 -0.512874007 11.751358032 -0.016425708 0.202710763 0.017890459 0.978937447
1439803908.137827 3.125026464 -0.513120770 11.764365196 -0.017168829 0.201815367 0.018689426 0.979094744
1439803908.200327 3.130429745 -0.513450980 11.777208328 -0.017933337 0.200529531 0.019805593 0.979323268
1439803908.262828 3.135526657 -0.513795435 11.789798737 -0.018987868 0.198910058 0.020245254 0.979624569
1439803908.325332 3.140427589 -0.514095604 11.802242279 -0.019927390 0.197191700 0.020921305 0.979939103
1439803908.387829 3.145224094 -0.514184713 11.814549446 -0.020507932 0.195489049 0.021008210 0.980266333
1439803908.450329 3.149777889 -0.514348269 11.826583862 -0.021089029 0.193903834 0.020030901 0.980589271
1439803908.512831 3.154184341 -0.514286160 11.838588715 -0.021282429 0.192449734 0.019122047 0.980889678
1439803908.575332 3.158353329 -0.514420867 11.850076675 -0.021743059 0.190933630 0.018178958 0.981193721
1439803908.637834 3.162834406 -0.514471054 11.862284660 -0.022160390 0.188677117 0.017535945 0.981632471
1439803908.700335 3.166991711 -0.514630735 11.873902321 -0.022447770 0.185885295 0.017456500 0.982159853
1439803908.762836 3.170825481 -0.514590442 11.885259628 -0.022359909 0.182862446 0.017725449 0.982724369
1439803908.825337 3.175046682 -0.515016973 11.896565437 -0.022364900 0.179318756 0.018018568 0.983371735
1439803908.887838 3.178598642 -0.515079319 11.908003807 -0.022187417 0.175855204 0.018719360 0.983987927
1439803908.950340 3.182226658 -0.515342832 11.919017792 -0.022513121 0.172050983 0.018526927 0.984656453
1439803909.012842 3.185585499 -0.515404403 11.930023193 -0.023064258 0.168351546 0.017751658 0.985297263
1439803909.075343 3.188915730 -0.515457630 11.940910339 -0.023214564 0.164611593 0.017529376 0.985929430
1439803909.137844 3.192001343 -0.515394688 11.951952934 -0.023197006 0.161138564 0.016342325 0.986523807
1439803909.200348 3.195016861 -0.515435040 11.962623596 -0.023643594 0.157872826 0.014746899 0.987066209
1439803909.262847 3.197893620 -0.515433252 11.973390579 -0.024361875 0.154890656 0.012869180 0.987547398
1439803909.325349 3.200611591 -0.515453875 11.983901024 -0.025203627 0.152027160 0.010480179 0.987999320
1439803909.387850 3.203097820 -0.515621543 11.994399071 -0.025693655 0.149279281 0.008888407 0.988421261
1439803909.450351 3.205691338 -0.515678585 12.004707336 -0.025907975 0.146647125 0.007494470 0.988821149
1439803909.512853 3.208165169 -0.515818954 12.014981270 -0.026273755 0.144468933 0.006215709 0.989140928
1439803909.575354 3.210713148 -0.515897274 12.024996758 -0.026719226 0.142588034 0.005351090 0.989406943
1439803909.637856 3.213355780 -0.515908420 12.034873962 -0.026591392 0.140680030 0.006202942 0.989678502
1439803909.700356 3.215886831 -0.516032338 12.044474602 -0.026072018 0.138583228 0.007290912 0.989980698
1439803909.762858 3.218402386 -0.516018033 12.054038048 -0.025497222 0.136396155 0.008395209 0.990290582
1439803909.825360 3.220736027 -0.516162932 12.063286781 -0.025329860 0.134348437 0.008759032 0.990571618
1439803909.887861 3.223039389 -0.516332269 12.072216034 -0.025193248 0.132587731 0.009346586 0.990806937
1439803909.950362 3.225006580 -0.516400039 12.080899239 -0.025029927 0.131360844 0.008591447 0.990981340
1439803910.012864 3.226865292 -0.516667843 12.089188576 -0.024621719 0.130386814 0.006800007 0.991134107
1439803910.075367 3.228673458 -0.516945422 12.097187996 -0.023711381 0.129490271 0.005951764 0.991279244
1439803910.137868 3.230206490 -0.517149508 12.104634285 -0.022778416 0.128588989 0.004914948 0.991424143
1439803910.200369 3.231791973 -0.517402530 12.112023354 -0.022041423 0.127430215 0.003628462 0.991595984
1439803910.262870 3.233434677 -0.517525375 12.119024277 -0.021249235 0.126247048 0.003265294 0.991765857
1439803910.325371 3.235048771 -0.517692089 12.125782013 -0.020937473 0.125343487 0.003335727 0.991886854
1439803910.387872 3.236588478 -0.517647386 12.132378578 -0.020543609 0.124766156 0.003846822 0.991966009
1439803910.450373 3.238206863 -0.517756701 12.138674736 -0.019953744 0.123985037 0.005546758 0.992067933
1439803910.512875 3.239737988 -0.517881632 12.144634247 -0.018979305 0.123000801 0.007356379 0.992197812
1439803910.575377 3.241264582 -0.518024325 12.150363922 -0.017872876 0.121915527 0.008237701 0.992345393
1439803910.637877 3.242547035 -0.518177032 12.155917168 -0.017135106 0.121364050 0.008196491 0.992426336
1439803910.700381 3.243648767 -0.518106580 12.161574364 -0.016880360 0.121217333 0.007270049 0.992455840
1439803910.762880 3.244601727 -0.518143475 12.166851997 -0.017068245 0.121034727 0.005760994 0.992484808
1439803910.825381 3.245477438 -0.518218160 12.171620369 -0.017270161 0.120359860 0.004882678 0.992568076
1439803910.887883 3.246394157 -0.518298388 12.176245689 -0.017242135 0.119345725 0.004380623 0.992693365
1439803910.950384 3.247436285 -0.518427610 12.180578232 -0.017089291 0.118654028 0.003932883 0.992780805
1439803911.012901 3.248410463 -0.518615127 12.184541702 -0.016998129 0.118452914 0.003957439 0.992806256
1439803911.075387 3.249303102 -0.518732309 12.188259125 -0.016881282 0.118213058 0.003982509 0.992836773
1439803911.137888 3.249871969 -0.518672764 12.191981316 -0.016851367 0.117936805 0.003525348 0.992871881
1439803911.200390 3.250518799 -0.518815756 12.195157051 -0.017260538 0.117273979 0.002941578 0.992945254
1439803911.262891 3.251076937 -0.518957675 12.198162079 -0.017940437 0.116703674 0.002378007 0.993001878
1439803911.325393 3.251652002 -0.518916547 12.200981140 -0.018259715 0.116536513 0.001886456 0.993016779
1439803911.387894 3.252144098 -0.518907785 12.203479767 -0.018153552 0.116705045 0.001470151 0.992999613
1439803911.450400 3.252572536 -0.519080281 12.205742836 -0.017807420 0.116922721 0.001150497 0.992980659
1439803911.512900 3.252954245 -0.519035578 12.207807541 -0.017239353 0.116618097 0.000994907 0.993026674
1439803911.575399 3.253385544 -0.519005001 12.209815025 -0.016837595 0.116111979 0.000509592 0.993093252
1439803911.637900 3.253805637 -0.519011259 12.211698532 -0.016598625 0.115846485 0.000073013 0.993128419
1439803911.700401 3.254168510 -0.519264340 12.213615417 -0.016709652 0.115953557 -0.000063088 0.993114054
1439803911.762902 3.254682779 -0.519306779 12.215321541 -0.016841900 0.115981065 -0.000328292 0.993108571
1439803911.825404 3.254903555 -0.519250810 12.217116356 -0.016999314 0.115856901 -0.000649002 0.993120193
1439803911.887909 3.255047560 -0.519155622 12.218567848 -0.017126899 0.115579873 -0.000879964 0.993150115
1439803911.950407 3.255805731 -0.519365072 12.220067024 -0.017313134 0.115047164 -0.000866828 0.993208766
1439803912.012908 3.255877018 -0.519409895 12.221411705 -0.017353056 0.115287416 -0.000604470 0.993180394
1439803912.075410 3.256204605 -0.519296169 12.222732544 -0.017280508 0.115465313 -0.000472976 0.993161082
1439803912.137911 3.256629705 -0.519420207 12.224043846 -0.017318649 0.115400761 -0.000305404 0.993167996
1439803912.200412 3.256955385 -0.519424081 12.225352287 -0.017184056 0.115353458 -0.000143129 0.993175864
1439803912.262913 3.257137537 -0.519405365 12.226866722 -0.016917532 0.115423568 0.000012703 0.993172288
1439803912.325414 3.257506132 -0.519281983 12.228280067 -0.016594250 0.115508288 0.000029228 0.993167877
1439803912.387918 3.257878542 -0.519278407 12.229662895 -0.016411750 0.115581930 -0.000038447 0.993162334
1439803912.450419 3.258208990 -0.519303799 12.231170654 -0.016280750 0.115756325 -0.000028440 0.993144214
1439803912.512921 3.258733273 -0.519412160 12.232544899 -0.016304813 0.115822524 0.000028633 0.993136108
1439803912.575422 3.259043217 -0.519423187 12.234165192 -0.016189501 0.116219535 0.000153289 0.993091583
1439803912.637925 3.259515285 -0.519419312 12.235845566 -0.016069105 0.116652600 0.000352266 0.993042707
1439803912.700427 3.260003567 -0.519515276 12.237447739 -0.016101882 0.117320992 0.000509430 0.992963374
1439803912.762926 3.260503769 -0.519627929 12.239082336 -0.016144091 0.118163459 0.000437491 0.992862821
1439803912.825427 3.260996342 -0.519701779 12.240807533 -0.016123613 0.118910134 0.000355938 0.992774069
1439803912.887929 3.261689186 -0.519932508 12.242553711 -0.016146258 0.119353890 0.000571791 0.992720306
1439803912.950430 3.262109756 -0.519969106 12.244297028 -0.015971309 0.120100848 0.001010529 0.992632687
1439803913.012930 3.262648344 -0.520105600 12.245985985 -0.015882734 0.121301457 0.001171892 0.992487967
1439803913.075431 3.263370991 -0.520461559 12.247818947 -0.016083952 0.122889020 0.001437026 0.992289066
1439803913.137934 3.263949633 -0.520253539 12.249727249 -0.015970446 0.124729179 0.001468813 0.992061198
1439803913.200434 3.264865160 -0.520397544 12.251672745 -0.016243130 0.126043439 0.001353233 0.991890788
1439803913.262936 3.265149593 -0.520592988 12.253419876 -0.016585225 0.127672866 0.001435117 0.991676629
1439803913.325437 3.266229630 -0.520850301 12.255397797 -0.016831422 0.129137143 0.001315345 0.991483033
1439803913.387944 3.266809464 -0.520773888 12.257251740 -0.016746961 0.131576151 0.001241725 0.991163790
1439803913.450441 3.267466784 -0.520833611 12.259158134 -0.016739694 0.134189859 0.001555863 0.990813017
1439803913.512945 3.269010544 -0.520672321 12.261176109 -0.016509941 0.135938078 0.001778113 0.990578175
1439803913.575444 3.269571066 -0.520350993 12.263184547 -0.016156163 0.138118625 0.002037749 0.990281820
1439803913.637944 3.270545483 -0.520306587 12.265241623 -0.015872909 0.140074074 0.002270617 0.990011215
1439803913.700446 3.272125959 -0.520621836 12.267429352 -0.015750311 0.142134279 0.002189174 0.989719629
1439803913.762948 3.273092270 -0.520710409 12.269311905 -0.015588209 0.145167917 0.002214690 0.989281714
1439803913.825451 3.273926735 -0.520872474 12.271339417 -0.015584392 0.148498476 0.002167261 0.988787472
1439803913.887951 3.274558067 -0.520849943 12.273369789 -0.015588339 0.151948422 0.002229278 0.988263011
1439803913.950453 3.275255203 -0.521013379 12.275314331 -0.015858864 0.155554503 0.002195341 0.987697601
1439803914.012955 3.276577473 -0.520999074 12.277407646 -0.015932674 0.159108654 0.001980697 0.987130523
1439803914.075456 3.277987003 -0.521003723 12.279603958 -0.015766878 0.163121641 0.001940218 0.986478090
1439803914.137959 3.279348850 -0.521149814 12.281607628 -0.015505112 0.167421147 0.001912984 0.985761702
1439803914.200459 3.280616760 -0.521252632 12.283473015 -0.015032979 0.172129646 0.002125799 0.984957278
1439803914.262960 3.282049179 -0.521271467 12.285444260 -0.014436464 0.177130327 0.002377367 0.984078646
1439803914.325460 3.283766270 -0.521629095 12.287522316 -0.014140283 0.182541400 0.002473319 0.983093381
1439803914.387962 3.285359383 -0.521718264 12.289722443 -0.013569875 0.188581005 0.002606486 0.981960416
1439803914.450464 3.287834883 -0.521798730 12.292396545 -0.012945777 0.194791242 0.002500618 0.980756104
1439803914.575463 3.293273449 -0.523205161 12.296548843 -0.012942394 0.209061593 0.002482037 0.977813661
1439803914.637964 3.294691563 -0.522267938 12.299716949 -0.011456436 0.219111264 0.002928857 0.975628197
1439803914.700463 3.297822475 -0.521960855 12.302095413 -0.010917235 0.228254721 0.003611203 0.973533511
1439803914.762968 3.300592422 -0.522571445 12.304725647 -0.011341345 0.238298863 0.003817044 0.971118152
1439803914.825465 3.303499222 -0.522629619 12.307475090 -0.010800709 0.248617396 0.003796505 0.968534112
1439803914.950465 3.310289145 -0.523087978 12.313058853 -0.009368106 0.270005912 0.004549493 0.962802351
1439803915.012970 3.313927889 -0.523332715 12.315993309 -0.009655939 0.281788588 0.004580846 0.959416986
1439803915.075467 3.317777634 -0.523347497 12.319070816 -0.009927789 0.294133246 0.004611365 0.955701709
1439803915.137966 3.322024584 -0.523449779 12.322154045 -0.010244053 0.306572199 0.004967753 0.951779306
1439803915.200472 3.326667547 -0.523652554 12.325176239 -0.010522204 0.319110572 0.005391423 0.947643757
1439803915.325471 3.337044716 -0.524002731 12.330631256 -0.010643247 0.345613539 0.008674489 0.938276470
1439803915.387969 3.342277527 -0.523849010 12.333534241 -0.010105755 0.360439599 0.010358357 0.932670295
1439803915.450470 3.348036289 -0.523887396 12.336242676 -0.009841719 0.375480443 0.011214036 0.926710188
1439803915.512970 3.353881836 -0.524034142 12.338879585 -0.009677337 0.391084790 0.011375791 0.920233428
1439803915.575473 3.360114098 -0.524174333 12.341529846 -0.009532772 0.406941056 0.011740394 0.913329184
1439803915.700478 3.373241425 -0.524317622 12.346652031 -0.011009580 0.438904375 0.012156614 0.898384094
1439803915.762972 3.380287647 -0.524404287 12.349052429 -0.012255338 0.454733998 0.013002570 0.890448034
1439803915.825472 3.387560844 -0.524386048 12.351305962 -0.013468281 0.470736235 0.013403085 0.882069349
1439803915.887974 3.395123959 -0.524340034 12.353410721 -0.014423092 0.486882657 0.014132151 0.873233914
1439803915.950475 3.402942657 -0.524391532 12.355076790 -0.015214532 0.502375662 0.014469810 0.864394486
1439803916.012976 3.411143780 -0.524252415 12.355892181 -0.015789839 0.516747475 0.016400758 0.855835140
1439803916.512980 3.409876347 -0.521259427 12.357759476 -0.010622693 0.518701732 0.019391354 0.854669333
