1439804072.265917 -0.000025530 -0.001660585 0.030138334 0.000183983 0.000111274 -0.000473930 0.999999881
1439804072.328420 -0.000393078 -0.003423174 0.060122106 0.000306082 0.000448895 -0.000999246 0.999999344
1439804072.390923 -0.000538805 -0.005002999 0.090314820 0.000189208 0.000583185 -0.001106690 0.999999166
1439804072.453422 -0.000891033 -0.006642161 0.121612750 -0.000191299 0.000779786 -0.001754135 0.999998152
1439804072.515923 -0.000805175 -0.008416175 0.151634946 -0.000429447 0.000748583 -0.002131642 0.999997377
1439804072.578426 -0.000938769 -0.010056668 0.179740936 -0.000562217 0.000909246 -0.002073386 0.999997258
1439804072.640927 -0.001165459 -0.011694067 0.209299669 -0.000898747 0.001108839 -0.002770757 0.999995112
1439804072.703428 -0.001541158 -0.013049855 0.239156455 -0.001788641 0.001367428 -0.003663002 0.999990761
1439804072.765929 -0.001587924 -0.014589014 0.268314809 -0.002819990 0.001472545 -0.003717329 0.999988019
1439804072.828429 -0.001792326 -0.016058298 0.298065990 -0.003683345 0.001654445 -0.004022857 0.999983788
1439804072.890931 -0.002481312 -0.017540460 0.327604264 -0.004307775 0.002020460 -0.004489673 0.999978602
1439804072.953432 -0.002700885 -0.018954106 0.356959403 -0.004422130 0.002421871 -0.004567439 0.999976873
1439804073.015931 -0.002982002 -0.020407209 0.385758579 -0.003885014 0.003052462 -0.003785025 0.999980628
1439804073.078435 -0.002823441 -0.021994980 0.414861023 -0.003446520 0.003465713 -0.003648129 0.999981403
1439804073.140935 -0.003034894 -0.023383312 0.443885505 -0.002910107 0.003977359 -0.004443501 0.999978006
1439804073.203437 -0.002806392 -0.024842054 0.472832114 -0.002487920 0.004261883 -0.003878423 0.999980271
1439804073.265940 -0.002531309 -0.026180580 0.501733303 -0.001788488 0.004648561 -0.003610954 0.999981046
1439804073.328437 -0.002294635 -0.027645193 0.530648291 -0.001565502 0.004779139 -0.003856024 0.999979913
1439804073.390940 -0.001684973 -0.029405404 0.559735477 -0.001441999 0.004797949 -0.003997108 0.999979436
1439804073.453443 -0.001574816 -0.030987782 0.588640332 -0.001090312 0.005060396 -0.003962240 0.999978721
1439804073.515942 -0.001387608 -0.032512654 0.617467642 -0.001071011 0.005198907 -0.003971911 0.999978006
1439804073.578444 -0.001290355 -0.034096476 0.646143198 -0.001209382 0.005338590 -0.004510833 0.999974847
1439804073.640946 -0.001141482 -0.035619650 0.674601376 -0.001102311 0.005491737 -0.005139671 0.999971092
1439804073.703446 -0.000975655 -0.037120786 0.702582300 -0.000797286 0.005613972 -0.005380693 0.999969423
1439804073.765948 -0.000824361 -0.038752951 0.731230199 -0.000551203 0.005728238 -0.005350595 0.999969125
1439804073.828450 -0.000760672 -0.040417992 0.759520173 0.000033865 0.005896004 -0.005878048 0.999965310
1439804073.890949 -0.000550911 -0.042299602 0.787545085 0.000524218 0.006019300 -0.005293739 0.999967754
1439804073.953451 -0.000449916 -0.043572012 0.816048324 0.000785852 0.006219713 -0.004860105 0.999968529
1439804074.015954 -0.000430242 -0.044964977 0.843957961 0.000499402 0.006481853 -0.005143974 0.999965608
1439804074.078456 -0.000015215 -0.046409614 0.872557402 -0.000313761 0.006464456 -0.005966465 0.999961257
1439804074.140956 -0.000212581 -0.047756974 0.900550723 -0.001962658 0.006674514 -0.007494357 0.999947727
1439804074.203456 0.000082630 -0.049145725 0.929000556 -0.003791385 0.006469508 -0.007333442 0.999944985
1439804074.265958 0.000121375 -0.050571818 0.956978440 -0.005103868 0.006373316 -0.007491825 0.999938607
1439804074.328459 0.000579759 -0.052027196 0.984647512 -0.005094816 0.006089973 -0.006824106 0.999945164
1439804074.390961 0.000918544 -0.053545650 1.012224436 -0.004241826 0.006039872 -0.006189911 0.999953568
1439804074.453462 0.000917913 -0.055140659 1.040129185 -0.002602032 0.006266803 -0.005778381 0.999960303
1439804074.515962 0.000930935 -0.056570765 1.067473054 -0.001243810 0.006351848 -0.006900170 0.999955237
1439804074.578463 0.000890627 -0.058072563 1.094858646 -0.000085147 0.006578035 -0.007697361 0.999948740
1439804074.640969 0.001189632 -0.059372567 1.122319937 0.000126220 0.006491489 -0.007242388 0.999952674
1439804074.703465 0.001106437 -0.061007805 1.149873495 -0.000437882 0.006468993 -0.007201277 0.999953032
1439804074.765966 0.001378022 -0.062075436 1.177723765 -0.001980350 0.006112843 -0.005496874 0.999964237
1439804074.828468 0.001799604 -0.063139200 1.204459071 -0.003386912 0.006124779 -0.005111669 0.999962449
1439804074.890969 0.001667329 -0.064685218 1.232358932 -0.004396606 0.006194295 -0.005469618 0.999956191
1439804074.953470 0.001743007 -0.066042423 1.259598494 -0.004594674 0.006169346 -0.006016883 0.999952316
1439804075.015973 0.001854781 -0.067701288 1.286641240 -0.004432386 0.006246582 -0.007068783 0.999945641
1439804075.078473 0.001938131 -0.069219865 1.313879251 -0.003762857 0.006171268 -0.006949703 0.999949694
1439804075.140974 0.002141316 -0.070347413 1.340131521 -0.002305574 0.006038575 -0.007229005 0.999952972
1439804075.203479 0.002113771 -0.071457103 1.367123842 -0.001519141 0.006149247 -0.007683089 0.999950409
1439804075.265980 0.002113394 -0.073193394 1.393975258 -0.001437396 0.006377482 -0.008646273 0.999941230
1439804075.328477 0.002058627 -0.074715577 1.421048641 -0.001697251 0.006382023 -0.009253502 0.999935389
1439804075.390981 0.001983684 -0.075776123 1.447645187 -0.001783123 0.006275538 -0.008894358 0.999939144
1439804075.453479 0.002142336 -0.076813936 1.474332929 -0.001855171 0.006129582 -0.008464052 0.999943674
1439804075.515984 0.002161378 -0.078767352 1.500899315 -0.001810621 0.006294315 -0.008422133 0.999943078
1439804075.578484 0.002467938 -0.080099761 1.527245879 -0.001539310 0.006378336 -0.007781202 0.999948204
1439804075.640987 0.002258275 -0.081822634 1.553856850 -0.001217691 0.006645442 -0.007800333 0.999946713
1439804075.703485 0.002225123 -0.083388627 1.580459595 -0.000783661 0.006778069 -0.007171439 0.999951005
1439804075.765986 0.003052052 -0.084887996 1.606245637 -0.000164389 0.006769761 -0.006246952 0.999957561
1439804075.828487 0.003419084 -0.086314373 1.632130504 0.000428696 0.006774047 -0.005559904 0.999961495
1439804075.890987 0.003723694 -0.088035144 1.658570290 0.000840191 0.006708061 -0.005163572 0.999963820
1439804075.953488 0.003994461 -0.089434877 1.684542537 0.001014885 0.006661938 -0.005021120 0.999964654
1439804076.015990 0.004408378 -0.090748958 1.710801840 0.000887978 0.006678285 -0.004710742 0.999966204
1439804076.078490 0.004591376 -0.092317589 1.736765623 0.000080607 0.006731475 -0.003686215 0.999970555
1439804076.140993 0.004918523 -0.093512617 1.762758374 -0.000638330 0.006649692 -0.003004743 0.999973178
1439804076.203496 0.004555203 -0.094546743 1.789398074 -0.001096189 0.006728523 -0.002763688 0.999972939
1439804076.265997 0.003926396 -0.096032225 1.815659761 -0.001337676 0.007181938 -0.002677645 0.999969721
1439804076.328496 0.005367007 -0.097908691 1.841228724 -0.001429894 0.007058409 -0.002554177 0.999970794
1439804076.390998 0.005401412 -0.098823033 1.867074251 -0.001699265 0.007206162 -0.002151329 0.999970257
1439804076.453498 0.006103626 -0.101072162 1.892453074 -0.003482366 0.007062147 -0.003429783 0.999963105
1439804076.516000 0.005536685 -0.101692244 1.918510437 -0.005080550 0.007219896 -0.003801640 0.999953806
1439804076.578502 0.004890364 -0.102403536 1.944343090 -0.006450528 0.007575800 -0.004225411 0.999941587
1439804076.641002 0.005135942 -0.103787035 1.969993234 -0.007405489 0.007702994 -0.004672378 0.999931991
1439804076.703506 0.006163353 -0.104954824 1.995690584 -0.007233697 0.007473707 -0.004903288 0.999933898
1439804076.766007 0.006858902 -0.106183179 2.020711184 -0.006152783 0.007286166 -0.004951171 0.999942303
1439804076.828506 0.006711619 -0.108035222 2.046014309 -0.004304830 0.007706456 -0.004939088 0.999948859
1439804076.891006 0.007158473 -0.109313816 2.071643829 -0.002281071 0.007814659 -0.004656385 0.999956012
1439804076.953507 0.007289631 -0.110565342 2.096472979 -0.000968004 0.007977024 -0.004870812 0.999955833
1439804077.016010 0.007234890 -0.111432716 2.121698141 -0.000040307 0.008139760 -0.004760657 0.999955535
1439804077.078511 0.008366596 -0.113342702 2.147672892 -0.000253483 0.008016402 -0.004043967 0.999959648
1439804077.141011 0.008558307 -0.114682607 2.172623396 -0.000956542 0.008211439 -0.002999697 0.999961317
1439804077.203512 0.008085629 -0.115806408 2.198140144 -0.001900807 0.008695597 -0.002613929 0.999956965
1439804077.266014 0.008414734 -0.116861530 2.223078728 -0.002562326 0.008788957 -0.002233172 0.999955595
1439804077.328515 0.008798301 -0.118596822 2.248361826 -0.003459017 0.008928838 -0.003020275 0.999949574
1439804077.391016 0.009115282 -0.119959615 2.273507595 -0.004314966 0.009078167 -0.004258743 0.999940395
1439804077.453517 0.009174019 -0.121412307 2.298317671 -0.004965296 0.009156295 -0.005279005 0.999931812
1439804077.516019 0.009753790 -0.122484155 2.323188066 -0.005037589 0.008889027 -0.005855975 0.999930680
1439804077.578520 0.009882227 -0.123654291 2.348372221 -0.004717315 0.009006419 -0.005830118 0.999931335
1439804077.641021 0.009987783 -0.125007629 2.373050451 -0.004648808 0.009174384 -0.005186276 0.999933660
1439804077.703524 0.010219958 -0.125853285 2.397410154 -0.004655518 0.009319293 -0.004906076 0.999933720
1439804077.766023 0.011042662 -0.127303615 2.421924114 -0.005102214 0.009370333 -0.005265593 0.999929190
1439804077.828524 0.010572605 -0.128333837 2.446542025 -0.005138780 0.010024271 -0.005446838 0.999921679
1439804077.891025 0.011668812 -0.129924774 2.470763683 -0.005244589 0.009988755 -0.005737247 0.999919891
1439804077.953526 0.011129759 -0.130728006 2.495134592 -0.004775879 0.010614001 -0.006114142 0.999913573
1439804078.016028 0.011782397 -0.131966591 2.519469261 -0.004145617 0.010712494 -0.006749199 0.999911249
1439804078.078529 0.011882886 -0.133013472 2.543448687 -0.002764872 0.010990907 -0.007354797 0.999908745
1439804078.141031 0.011945430 -0.134724438 2.567287683 -0.001664958 0.011394332 -0.007485978 0.999905705
1439804078.203532 0.012442693 -0.135588467 2.591463566 -0.000404338 0.011589754 -0.007417136 0.999905229
1439804078.266033 0.012837749 -0.137101620 2.615452290 0.000082313 0.011783415 -0.007466603 0.999902666
1439804078.328535 0.013274141 -0.137947738 2.639390230 0.000305854 0.011984941 -0.007654487 0.999898791
1439804078.391036 0.013719279 -0.138983950 2.663474083 -0.000165901 0.012343465 -0.006898540 0.999899983
1439804078.453538 0.014249310 -0.140192822 2.687120676 -0.001324742 0.012647861 -0.005820767 0.999902189
1439804078.516037 0.015235171 -0.141207680 2.711109638 -0.003126678 0.012793228 -0.004117594 0.999904752
1439804078.578538 0.015676942 -0.142239749 2.734743357 -0.004654756 0.013078674 -0.003666183 0.999896884
1439804078.641039 0.016092811 -0.143190816 2.758747816 -0.005478565 0.013414736 -0.004792889 0.999883533
1439804078.703543 0.016490690 -0.144344509 2.782124996 -0.005976784 0.013889727 -0.005181870 0.999872267
