1439803697.821493 -0.002191278 -0.001968962 0.033803087 0.000509302 -0.014471152 -0.000737461 0.999894917
1439803697.883993 -0.003003566 -0.002673126 0.045368899 0.001112934 -0.018610733 0.000012132 0.999826193
1439803697.946494 -0.003727333 -0.003266009 0.057170510 0.001986361 -0.022511255 0.000650937 0.999744415
1439803698.008995 -0.005460559 -0.004361984 0.070089906 0.002550060 -0.025631091 0.000518135 0.999668062
1439803698.071496 -0.006881601 -0.005037161 0.082331866 0.003314720 -0.028153092 0.000375296 0.999598086
1439803698.134001 -0.006984281 -0.005422743 0.094118446 0.003952734 -0.030607140 -0.000484302 0.999523520
1439803698.196499 -0.008443383 -0.006156093 0.106679395 0.004211825 -0.032079175 -0.001716475 0.999475002
1439803698.259000 -0.009679754 -0.006898190 0.119369909 0.004308067 -0.033640847 -0.004118165 0.999416173
1439803698.321501 -0.010909107 -0.007751053 0.132071048 0.004353509 -0.035027642 -0.005397118 0.999362290
1439803698.384005 -0.012012386 -0.008387068 0.144990847 0.004424047 -0.036109503 -0.006124550 0.999319255
1439803698.446504 -0.013407227 -0.008991871 0.158097044 0.004248891 -0.036697794 -0.006966844 0.999293089
1439803698.509006 -0.014290316 -0.009857278 0.171242774 0.003689378 -0.037405465 -0.006405944 0.999272823
1439803698.571507 -0.015333499 -0.010722437 0.184518442 0.002848472 -0.038025457 -0.004854843 0.999260902
1439803698.634008 -0.016552785 -0.011325022 0.198428228 0.002151549 -0.038419154 -0.004467912 0.999249399
1439803698.696512 -0.017482843 -0.012046916 0.211376145 0.001268542 -0.038627088 -0.005400857 0.999238253
1439803698.759011 -0.018788273 -0.012833982 0.224815205 0.000891454 -0.038563550 -0.006423243 0.999235094
1439803698.821512 -0.020875037 -0.013537589 0.239197150 0.001057193 -0.038178120 -0.007550835 0.999241889
1439803698.884017 -0.021940865 -0.014397636 0.253064871 0.001292160 -0.038268339 -0.008778310 0.999228060
1439803698.946517 -0.022462947 -0.015208182 0.264491618 0.001717601 -0.038433410 -0.009814041 0.999211490
1439803699.009019 -0.023660040 -0.015962483 0.278516114 0.002190196 -0.038573150 -0.009359816 0.999209523
1439803699.071518 -0.024798496 -0.016776321 0.292591363 0.002967499 -0.038679745 -0.008567136 0.999210536
1439803699.134022 -0.025477223 -0.017468119 0.306456536 0.003350931 -0.038958430 -0.008293492 0.999200761
1439803699.196521 -0.026829971 -0.018213145 0.320803672 0.003238150 -0.038896661 -0.008122227 0.999204934
1439803699.259021 -0.028020322 -0.018911520 0.335106850 0.002952430 -0.038875330 -0.009132673 0.999197960
1439803699.321523 -0.029079434 -0.019649904 0.349299580 0.002853392 -0.038769666 -0.009938872 0.999194682
1439803699.384027 -0.030597283 -0.020548018 0.363830149 0.002358467 -0.038542923 -0.010956714 0.999194086
1439803699.446526 -0.031955872 -0.021305349 0.378749251 0.001764340 -0.038691215 -0.010797213 0.999191344
1439803699.509026 -0.032916073 -0.022156535 0.393221557 0.001644493 -0.038992479 -0.010723593 0.999180615
1439803699.571528 -0.034014512 -0.022929501 0.407970995 0.002148050 -0.039027378 -0.010610533 0.999179482
1439803699.634030 -0.034927055 -0.023776740 0.422554642 0.002605739 -0.039278254 -0.010451372 0.999170244
1439803699.696529 -0.036307905 -0.024644116 0.436957300 0.002882892 -0.039382428 -0.010383327 0.999166071
1439803699.759030 -0.037324082 -0.025423255 0.451594114 0.002879255 -0.039490167 -0.010767992 0.999157786
1439803699.821533 -0.038890649 -0.026293322 0.466796905 0.002669091 -0.039553475 -0.009968624 0.999164164
1439803699.884031 -0.040278409 -0.027106358 0.481957108 0.002314626 -0.039681494 -0.009685470 0.999162734
1439803699.946531 -0.041440766 -0.027926512 0.497050136 0.002101430 -0.040019035 -0.009746709 0.999149203
1439803700.009033 -0.042759206 -0.028917322 0.512353897 0.002363362 -0.040262662 -0.009594098 0.999140263
1439803700.071532 -0.044228159 -0.029933479 0.527532697 0.002499612 -0.040251851 -0.010635669 0.999129832
1439803700.134033 -0.045651652 -0.030709617 0.542945981 0.002584819 -0.040382005 -0.010704392 0.999123633
1439803700.196534 -0.046987362 -0.031623363 0.558380604 0.002029147 -0.040644888 -0.011285074 0.999107838
1439803700.259036 -0.048746802 -0.032453477 0.574174404 0.001343160 -0.040957637 -0.011863614 0.999089539
1439803700.321536 -0.050289273 -0.033305641 0.589928091 0.000434204 -0.041228205 -0.011574532 0.999082625
1439803700.384040 -0.051687084 -0.034169253 0.605228484 -0.000390589 -0.041104585 -0.012114896 0.999081314
1439803700.446541 -0.053203195 -0.035214767 0.620722413 -0.000586346 -0.041385666 -0.011805141 0.999073327
1439803700.509040 -0.055106025 -0.036301866 0.636333466 0.000026620 -0.041186232 -0.011521110 0.999085069
1439803700.571545 -0.056153778 -0.037057813 0.651168466 0.000771163 -0.041715652 -0.011733382 0.999060333
1439803700.634047 -0.057766143 -0.037953690 0.666706204 0.001442065 -0.041919470 -0.012436335 0.999042571
1439803700.696546 -0.060794853 -0.039060321 0.683420300 0.001836761 -0.041709125 -0.011965638 0.999056458
1439803700.759048 -0.062251143 -0.039904557 0.698733211 0.001793330 -0.042048100 -0.011760010 0.999044776
1439803700.821550 -0.063757002 -0.040795807 0.714183390 0.001191786 -0.042467322 -0.011371419 0.999032438
1439803700.884051 -0.065221861 -0.041678697 0.729716837 0.000672059 -0.042894058 -0.010611651 0.999023020
1439803700.946552 -0.066829607 -0.042562008 0.745261431 0.000252722 -0.043097004 -0.010936999 0.999010980
1439803701.009051 -0.068218000 -0.043386705 0.760458171 0.000133704 -0.043276750 -0.011835097 0.998993039
1439803701.071552 -0.069867499 -0.044212017 0.775797665 0.000277400 -0.043482691 -0.012123368 0.998980582
1439803701.134057 -0.071576573 -0.045194969 0.791176796 0.000632440 -0.043759428 -0.013534142 0.998950183
1439803701.196557 -0.073111273 -0.046100892 0.806291401 0.001064242 -0.044004768 -0.014889636 0.998919785
1439803701.259059 -0.075130843 -0.046770584 0.822492242 0.001777328 -0.044123132 -0.015871469 0.998898447
1439803701.321559 -0.076175541 -0.047284193 0.836730421 0.001998227 -0.044890258 -0.017217960 0.998841524
1439803701.384059 -0.078310549 -0.048475642 0.852871180 0.001800652 -0.044600405 -0.018955220 0.998823464
1439803701.446564 -0.079598866 -0.049241368 0.867475867 0.001942072 -0.044926036 -0.019954883 0.998789072
1439803701.509062 -0.080780298 -0.050014302 0.882537663 0.002585655 -0.045438088 -0.019260261 0.998778105
1439803701.571564 -0.082428791 -0.050993405 0.898032129 0.003074030 -0.045541432 -0.018322781 0.998789668
1439803701.634065 -0.083860084 -0.051956140 0.913301349 0.003397910 -0.045727096 -0.017435417 0.998795986
1439803701.696566 -0.085445426 -0.052878466 0.928581655 0.003531427 -0.045796331 -0.018673493 0.998769999
1439803701.759067 -0.087238044 -0.053740442 0.943997860 0.003530372 -0.045805264 -0.020802960 0.998727500
1439803701.821569 -0.088886268 -0.054698613 0.959137917 0.003654224 -0.046071742 -0.021778379 0.998694003
1439803701.884070 -0.090472579 -0.055883154 0.974411368 0.003764246 -0.046563942 -0.021912143 0.998667836
1439803701.946571 -0.092200406 -0.056624569 0.989659727 0.004238550 -0.046879243 -0.020553371 0.998680055
1439803702.009072 -0.093644977 -0.057751361 1.005174279 0.004306931 -0.047251724 -0.019630253 0.998680830
1439803702.071574 -0.095210746 -0.058739569 1.020280719 0.004683810 -0.047191795 -0.019104211 0.998692155
1439803702.134076 -0.096888281 -0.059864618 1.035593748 0.004703948 -0.046876024 -0.019411949 0.998700976
1439803702.196576 -0.098551609 -0.060918383 1.050765634 0.004322698 -0.046674140 -0.020069642 0.998699188
1439803702.259077 -0.100156337 -0.062022451 1.065851688 0.004209898 -0.046546709 -0.019321674 0.998720348
1439803702.321579 -0.101617865 -0.062771782 1.081015110 0.004818376 -0.046671458 -0.018715214 0.998723388
1439803702.384084 -0.103077732 -0.064014122 1.096317410 0.005090768 -0.046769787 -0.017668752 0.998736441
1439803702.446582 -0.104327738 -0.064954095 1.111278534 0.005471383 -0.047016822 -0.016703555 0.998739421
1439803702.509082 -0.105989136 -0.065926246 1.126283646 0.005487594 -0.046960860 -0.016233714 0.998749733
1439803702.571582 -0.107558072 -0.066882007 1.141459584 0.005253331 -0.046947796 -0.015093608 0.998769522
1439803702.634085 -0.109150752 -0.067906298 1.156487465 0.005103792 -0.046886366 -0.014924738 0.998775721
1439803702.696583 -0.110623837 -0.068967320 1.171814680 0.004987412 -0.046860311 -0.015165023 0.998773932
1439803702.759086 -0.111918636 -0.069997370 1.186611533 0.004913141 -0.046947189 -0.014159782 0.998784900
1439803702.821588 -0.113458574 -0.071048930 1.201766968 0.004969633 -0.046860445 -0.013675893 0.998795450
1439803702.884085 -0.114827752 -0.071974069 1.216990352 0.005672794 -0.046998251 -0.012914767 0.998795331
1439803702.946586 -0.116300762 -0.072963655 1.232051730 0.006570113 -0.047043834 -0.012198365 0.998796701
1439803703.009091 -0.117781557 -0.074071132 1.247122645 0.007445300 -0.047104865 -0.012165197 0.998788118
1439803703.071587 -0.119361781 -0.075007230 1.262160540 0.007605688 -0.047240853 -0.011704925 0.998785973
1439803703.134087 -0.120986931 -0.075844079 1.277269363 0.007677426 -0.047369223 -0.010503205 0.998792708
1439803703.196592 -0.122563414 -0.076771237 1.292545080 0.007693978 -0.047496494 -0.010226004 0.998789430
1439803703.259094 -0.122995101 -0.077769205 1.307294726 0.006907216 -0.048327439 -0.009371500 0.998763680
1439803703.321590 -0.124876916 -0.078696452 1.322735906 0.006188512 -0.048316177 -0.008555626 0.998776257
1439803703.384090 -0.126701817 -0.079869613 1.338051796 0.005869190 -0.048247341 -0.008105314 0.998785317
1439803703.446598 -0.127373144 -0.080672272 1.352613926 0.006119192 -0.048906542 -0.008181521 0.998751104
1439803703.509094 -0.129125327 -0.081620738 1.367843986 0.006179050 -0.049078114 -0.007885927 0.998744726
1439803703.571594 -0.130645648 -0.082669668 1.382802963 0.005528281 -0.049395513 -0.007854496 0.998733103
1439803703.634094 -0.132168695 -0.083516590 1.398019791 0.005176425 -0.049868602 -0.007895581 0.998711169
1439803703.696597 -0.133466065 -0.084417805 1.412693620 0.004860669 -0.050374560 -0.007292846 0.998691916
1439803703.759098 -0.135167226 -0.085553184 1.428308249 0.004304492 -0.050681662 -0.006738159 0.998682857
1439803703.821598 -0.136902705 -0.086581036 1.443484068 0.003969962 -0.050920136 -0.006753539 0.998672009
1439803703.884100 -0.138610423 -0.087614022 1.458425164 0.004092596 -0.051059667 -0.007201777 0.998661220
1439803703.946602 -0.140640855 -0.088668495 1.473668575 0.004843674 -0.051122937 -0.007288354 0.998654008
1439803704.009101 -0.142439157 -0.089695692 1.488797665 0.005445081 -0.051257316 -0.007463049 0.998642743
1439803704.071603 -0.144004256 -0.090723507 1.503776431 0.005656127 -0.051614501 -0.007019130 0.998626411
1439803704.134104 -0.145623669 -0.091782287 1.518884540 0.005684789 -0.052004185 -0.006531386 0.998609304
1439803704.196606 -0.147264004 -0.092820697 1.533895373 0.005910107 -0.052312002 -0.006122402 0.998594522
1439803704.259107 -0.148949742 -0.093956426 1.548871756 0.005447449 -0.052645769 -0.006036470 0.998580098
1439803704.321608 -0.150850907 -0.094951250 1.563963771 0.004629023 -0.052716229 -0.006810649 0.998575568
1439803704.384109 -0.152460545 -0.095785357 1.579000115 0.004067673 -0.052990109 -0.007226201 0.998560607
1439803704.446610 -0.154207930 -0.096918523 1.593919635 0.003805882 -0.053250860 -0.007282017 0.998547375
1439803704.509112 -0.156061307 -0.097855024 1.609156370 0.003707708 -0.053632766 -0.007050006 0.998528957
1439803704.571613 -0.157667115 -0.098822199 1.624051929 0.003887476 -0.054041520 -0.006349292 0.998510897
1439803704.634114 -0.159389913 -0.099788949 1.638908863 0.004362362 -0.054242518 -0.006912491 0.998494327
1439803704.696614 -0.161155358 -0.100703433 1.653766036 0.004816513 -0.054363806 -0.007925187 0.998478115
1439803704.759114 -0.162929699 -0.101704575 1.668521881 0.004679072 -0.054436047 -0.009013929 0.998465598
1439803704.821616 -0.164865255 -0.102620482 1.683615327 0.004840952 -0.054313742 -0.009668123 0.998465359
1439803704.884119 -0.166618630 -0.103621967 1.698420882 0.005247332 -0.054310549 -0.010268556 0.998457551
1439803704.946618 -0.168470830 -0.104563266 1.713467717 0.005951826 -0.054375689 -0.010809620 0.998444319
1439803705.009119 -0.170244664 -0.105593681 1.728208899 0.006384824 -0.054343496 -0.011371688 0.998437107
1439803705.071622 -0.172080994 -0.106664255 1.743064880 0.007023445 -0.054191045 -0.012482988 0.998427868
1439803705.134121 -0.173730716 -0.107701525 1.757799864 0.007407628 -0.054104563 -0.012515927 0.998429358
1439803705.196622 -0.175550297 -0.108701646 1.772665739 0.007306826 -0.053951405 -0.012835450 0.998434305
1439803705.259124 -0.177289486 -0.109688267 1.787353635 0.006818454 -0.053860277 -0.014135011 0.998425126
1439803705.321625 -0.178870738 -0.110745750 1.801630616 0.006695914 -0.053785503 -0.014562807 0.998423874
1439803705.384126 -0.180656001 -0.111792773 1.816311479 0.006720902 -0.053671200 -0.014778825 0.998426676
1439803705.446628 -0.182181895 -0.112851396 1.830589056 0.006463513 -0.053808440 -0.014986733 0.998417854
1439803705.509129 -0.184044629 -0.113758087 1.845755696 0.006631200 -0.053902388 -0.014819993 0.998414218
1439803705.571631 -0.185648054 -0.114811853 1.860224009 0.007339226 -0.053978894 -0.014471551 0.998410225
1439803705.634131 -0.187332049 -0.115861900 1.874689937 0.007811769 -0.053889364 -0.014021343 0.998417914
1439803705.696633 -0.189001888 -0.116888471 1.889355183 0.007920766 -0.053809576 -0.012749052 0.998438418
1439803705.759133 -0.190405026 -0.117859989 1.903568268 0.008129146 -0.053928539 -0.012514696 0.998433292
1439803705.821636 -0.191943616 -0.118966527 1.917953968 0.007997594 -0.053862739 -0.013051848 0.998431027
1439803705.884136 -0.193245292 -0.119929269 1.932607174 0.007558648 -0.054146342 -0.012730061 0.998423219
1439803705.946636 -0.194638923 -0.120919146 1.946984529 0.006932030 -0.054263763 -0.012974473 0.998418331
1439803706.009138 -0.197067112 -0.121973179 1.962051272 0.005571710 -0.053856183 -0.012656882 0.998452961
1439803706.071640 -0.198744535 -0.123002395 1.976807475 0.004436241 -0.053950675 -0.011854113 0.998463392
1439803706.134139 -0.200339720 -0.123957440 1.991192579 0.003888484 -0.053852331 -0.011424626 0.998475969
1439803706.196640 -0.201994553 -0.125114217 2.005529642 0.003880900 -0.053631231 -0.010982148 0.998492897
1439803706.259141 -0.203707218 -0.126139507 2.020025015 0.003978674 -0.053487085 -0.010645545 0.998503864
1439803706.321644 -0.205426976 -0.127162561 2.034375906 0.004489832 -0.053259902 -0.010482852 0.998515546
1439803706.384144 -0.207021117 -0.128130585 2.048664093 0.005271974 -0.053193882 -0.010204894 0.998518109
1439803706.446646 -0.208568141 -0.129104018 2.062913656 0.005792652 -0.053324845 -0.010165885 0.998508632
1439803706.509146 -0.210215494 -0.130063847 2.077148438 0.005860814 -0.053354323 -0.009631891 0.998511970
1439803706.571652 -0.211818829 -0.131109267 2.091341257 0.005670312 -0.053332992 -0.009406822 0.998516381
1439803706.634148 -0.213525414 -0.132082075 2.105592251 0.005432399 -0.053280387 -0.009502591 0.998519599
1439803706.696650 -0.215148091 -0.133073717 2.119694233 0.005070182 -0.053266842 -0.009985293 0.998517513
1439803706.759150 -0.216842994 -0.134063944 2.133809328 0.004697089 -0.053230032 -0.010890476 0.998511851
1439803706.821652 -0.218495101 -0.135082051 2.147943735 0.004704762 -0.053295553 -0.011044513 0.998506606
1439803706.884152 -0.220191717 -0.136038721 2.161969185 0.004793192 -0.053410031 -0.011294684 0.998497307
1439803706.946655 -0.221812204 -0.137019128 2.176027536 0.005057477 -0.053747166 -0.011351852 0.998477280
1439803707.009156 -0.223459929 -0.138093516 2.190064430 0.005728353 -0.054069720 -0.010730849 0.998463094
1439803707.071657 -0.224976182 -0.139062017 2.204042673 0.006732637 -0.054497022 -0.010285342 0.998438239
1439803707.134160 -0.226679400 -0.139981493 2.217887163 0.007302830 -0.054768495 -0.010748492 0.998414516
1439803707.196658 -0.228205174 -0.141042203 2.231784582 0.007274328 -0.055091318 -0.010934157 0.998394966
1439803707.259159 -0.229866862 -0.141989350 2.245296717 0.007186828 -0.055327248 -0.011990665 0.998370409
1439803707.321661 -0.231669575 -0.142932072 2.259111166 0.007178360 -0.055590332 -0.012565962 0.998348773
1439803707.384162 -0.233354017 -0.143829957 2.272875786 0.007078000 -0.056092154 -0.012286509 0.998324871
1439803707.446664 -0.234977961 -0.144805312 2.286480665 0.006947999 -0.056695834 -0.012051710 0.998294592
1439803707.509167 -0.236684576 -0.145796269 2.300279140 0.006843923 -0.057226676 -0.012159749 0.998263657
1439803707.571666 -0.238353580 -0.146842897 2.313946962 0.006925095 -0.057878077 -0.011521808 0.998233140
1439803707.634168 -0.240156412 -0.147736385 2.327621937 0.007429201 -0.058341626 -0.011515399 0.998202622
1439803707.696670 -0.242040947 -0.148759454 2.341287613 0.007831458 -0.058751535 -0.011947535 0.998170435
1439803707.759172 -0.243548289 -0.149805352 2.354717016 0.007955342 -0.059470553 -0.012465757 0.998120487
1439803707.821672 -0.245432943 -0.150835633 2.368176460 0.008143628 -0.059931815 -0.013161134 0.998082459
1439803707.884173 -0.247301787 -0.151848614 2.381479025 0.008451271 -0.060331631 -0.013540352 0.998050749
1439803707.946674 -0.249086753 -0.152690426 2.394615889 0.008712603 -0.060964536 -0.013133286 0.998015463
1439803708.009175 -0.250829428 -0.153657660 2.407870293 0.008558508 -0.061393894 -0.013352584 0.997987628
1439803708.071677 -0.252586424 -0.154596329 2.420981646 0.008289794 -0.061796218 -0.013445337 0.997963786
1439803708.134179 -0.254281223 -0.155545279 2.434101343 0.007996653 -0.062158924 -0.013472634 0.997943342
1439803708.196679 -0.255980343 -0.156521082 2.447129488 0.007853553 -0.062475774 -0.013332032 0.997926533
1439803708.259181 -0.257690966 -0.157464340 2.460232258 0.007698514 -0.062852271 -0.013497044 0.997901857
1439803708.321684 -0.259467512 -0.158397257 2.473110199 0.007494313 -0.063085012 -0.013630036 0.997886956
1439803708.384184 -0.261210144 -0.159297734 2.486138821 0.007351782 -0.063464642 -0.013329655 0.997867942
1439803708.446685 -0.262966424 -0.160236314 2.499062538 0.007233205 -0.063831478 -0.013467334 0.997843564
1439803708.509186 -0.264622927 -0.161247820 2.511897087 0.007356695 -0.064356863 -0.013801505 0.997804403
1439803708.571687 -0.266479492 -0.162273377 2.524728537 0.007154372 -0.064719819 -0.013475092 0.997786820
1439803708.634188 -0.268205404 -0.163104504 2.537435770 0.007083025 -0.065114409 -0.013950628 0.997755110
1439803708.696692 -0.270007074 -0.163990185 2.550268650 0.007125068 -0.065442219 -0.014326673 0.997728050
1439803708.759191 -0.271754891 -0.164903805 2.562920332 0.007406883 -0.065756299 -0.014318435 0.997705460
1439803708.821693 -0.273631424 -0.165848672 2.575577974 0.007784704 -0.065856270 -0.014578447 0.997692227
1439803708.884194 -0.275487989 -0.166708112 2.588425875 0.008194083 -0.066085003 -0.015212715 0.997664392
1439803708.946695 -0.277272105 -0.167706549 2.600852489 0.008114126 -0.066242561 -0.015749954 0.997646213
1439803709.009197 -0.279209763 -0.168650195 2.613352060 0.008158382 -0.066231862 -0.016728798 0.997630656
1439803709.071699 -0.280969858 -0.169581532 2.625919819 0.008371298 -0.066240534 -0.016916243 0.997625172
1439803709.134199 -0.282766759 -0.170543343 2.638397217 0.008389557 -0.066061273 -0.016906751 0.997637033
1439803709.196701 -0.284583390 -0.171408325 2.651034355 0.008370035 -0.065875031 -0.017082160 0.997646511
1439803709.259204 -0.286406428 -0.172287509 2.663615704 0.008537568 -0.065698467 -0.017167795 0.997655332
1439803709.321705 -0.288165927 -0.173232734 2.676112175 0.009048120 -0.065589413 -0.017205955 0.997657299
1439803709.384205 -0.289899111 -0.174106568 2.688678980 0.009552416 -0.065417312 -0.018032806 0.997649312
1439803709.446706 -0.291704297 -0.174980313 2.701081514 0.009879632 -0.065161780 -0.018946499 0.997645915
1439803709.509208 -0.293467253 -0.175921559 2.713629246 0.009953506 -0.064956285 -0.018985355 0.997657835
1439803709.571709 -0.295236140 -0.176824838 2.726183653 0.009934071 -0.064770266 -0.019528423 0.997659624
1439803709.634210 -0.296994716 -0.177754447 2.738699436 0.009898643 -0.064477831 -0.019788535 0.997673810
1439803709.696711 -0.298671782 -0.178719014 2.751285553 0.009789753 -0.064133286 -0.019836923 0.997696102
1439803709.759213 -0.300455123 -0.179595530 2.763881445 0.009879138 -0.063691363 -0.020356264 0.997713089
1439803709.821717 -0.302178532 -0.180477664 2.776628494 0.009583687 -0.063325658 -0.020562861 0.997735023
1439803709.884218 -0.303860784 -0.181382716 2.789242983 0.009069529 -0.062910095 -0.020929195 0.997758508
1439803709.946717 -0.305946529 -0.182281733 2.802482843 0.008847651 -0.062352058 -0.021796057 0.997776926
1439803710.009219 -0.307654083 -0.183139026 2.815095663 0.008979190 -0.061832923 -0.022910422 0.997783124
1439803710.071720 -0.309339046 -0.184147477 2.827593565 0.009813596 -0.061302863 -0.023463672 0.997795105
1439803710.134225 -0.311015666 -0.185098439 2.840381145 0.010683939 -0.060827367 -0.023400022 0.997816801
1439803710.196725 -0.312653393 -0.186103880 2.852971792 0.011010827 -0.060230952 -0.023019366 0.997858226
1439803710.259226 -0.314239144 -0.187008947 2.865689754 0.010946197 -0.059669796 -0.022802090 0.997897685
1439803710.321728 -0.315795094 -0.187987119 2.878180027 0.010750439 -0.059053045 -0.023154989 0.997928321
1439803710.384230 -0.317425758 -0.189028442 2.890905142 0.010556463 -0.058349859 -0.023370720 0.997966766
1439803710.446729 -0.319134206 -0.189965770 2.903685093 0.009814874 -0.057655785 -0.023601515 0.998009264
1439803710.509229 -0.320622504 -0.190844223 2.916474342 0.008693605 -0.056961291 -0.023328600 0.998065948
1439803710.571733 -0.322372079 -0.191735893 2.929311752 0.008319565 -0.056172073 -0.023462581 0.998110712
1439803710.634235 -0.323881626 -0.192596197 2.941923141 0.008681157 -0.055538036 -0.023155138 0.998150289
1439803710.696735 -0.325362951 -0.193580270 2.954371214 0.009466282 -0.055036411 -0.023586869 0.998160839
1439803710.759236 -0.326688707 -0.194500417 2.966737747 0.009816834 -0.054483812 -0.023799453 0.998182714
1439803710.821739 -0.328302979 -0.195438653 2.979395390 0.009870866 -0.053796396 -0.024420984 0.998204410
1439803710.884240 -0.329756349 -0.196335480 2.991905212 0.010058933 -0.053430423 -0.025050174 0.998206615
1439803710.946737 -0.331280619 -0.197154686 3.004623890 0.010006430 -0.053091459 -0.025541101 0.998212814
1439803711.009238 -0.332715839 -0.198064461 3.017246246 0.009883847 -0.052879460 -0.025185317 0.998234332
1439803711.071740 -0.334249049 -0.198993519 3.029939413 0.009539927 -0.052574694 -0.025058761 0.998256922
1439803711.134239 -0.335600346 -0.199961096 3.042473793 0.009813583 -0.052499820 -0.024766140 0.998265564
1439803711.196739 -0.336955816 -0.200922161 3.055019617 0.010356857 -0.052440099 -0.024056194 0.998280585
1439803711.259253 -0.338482141 -0.201819450 3.067487717 0.010864332 -0.052316975 -0.024912613 0.998260617
1439803711.321740 -0.339920431 -0.202671200 3.080009699 0.011074934 -0.052258126 -0.025385585 0.998249471
1439803711.384241 -0.341307372 -0.203577265 3.092485189 0.010928719 -0.052206788 -0.025500838 0.998250842
1439803711.446747 -0.342785746 -0.204448968 3.104997396 0.010839500 -0.052246783 -0.025252916 0.998256028
1439803711.509242 -0.344187021 -0.205363333 3.117570162 0.010905305 -0.052401043 -0.025155708 0.998249650
1439803711.571742 -0.345620543 -0.206210792 3.129983664 0.010952703 -0.052469730 -0.023443149 0.998287201
1439803711.634244 -0.347170830 -0.207210526 3.142714500 0.010707619 -0.052349184 -0.022613237 0.998315334
1439803711.696744 -0.348461479 -0.208233938 3.154864311 0.010400089 -0.052245475 -0.023461703 0.998304486
1439803711.759244 -0.350019783 -0.209305465 3.167451382 0.010412435 -0.052107863 -0.023649838 0.998307109
1439803711.821745 -0.351319224 -0.210282490 3.179823160 0.011275485 -0.052189469 -0.022401605 0.998322248
1439803711.884245 -0.352506071 -0.211403906 3.192244291 0.011393766 -0.052153360 -0.021841424 0.998335183
1439803711.946747 -0.353981227 -0.212109238 3.205099106 0.011463602 -0.052211810 -0.021949068 0.998328984
1439803712.009246 -0.355876267 -0.213291258 3.217840910 0.011027699 -0.051971827 -0.021841029 0.998348773
1439803712.071747 -0.357413620 -0.213709533 3.230745077 0.011199395 -0.051878080 -0.023599647 0.998311698
1439803712.134247 -0.356299132 -0.212790802 3.242352962 0.011788348 -0.053483970 -0.024349131 0.998202205
