#frame chA chB nCorr nA nB MNR GNR DICE
20 0 1 0 107 89 0 0 0
21 0 1 0 108 124 0 0 0
22 0 1 0 127 207 0 0 0
23 0 1 0 63 167 0 0 0
24 0 1 0 73 187 0 0 0
25 0 1 0 69 221 0 0 0
26 0 1 0 93 270 0 0 0
27 0 1 0 60 220 0 0 0
28 0 1 0 94 271 0 0 0
29 0 1 0 72 263 0 0 0
30 0 1 0 50 218 0 0 0
31 0 1 0 69 255 0 0 0
32 0 1 0 55 253 0 0 0
33 0 1 0 47 248 0 0 0
34 0 1 0 36 233 0 0 0
35 0 1 0 72 264 0 0 0
36 0 1 0 61 257 0 0 0
37 0 1 0 50 262 0 0 0
38 0 1 0 45 242 0 0 0
39 0 1 0 47 230 0 0 0
40 0 1 0 90 234 0 0 0
41 0 1 0 77 254 0 0 0
42 0 1 0 65 249 0 0 0
43 0 1 0 52 238 0 0 0
44 0 1 0 59 225 0 0 0
45 0 1 0 89 286 0 0 0
46 0 1 0 74 286 0 0 0
47 0 1 0 65 286 0 0 0
48 0 1 0 54 263 0 0 0
49 0 1 0 49 244 0 0 0
50 0 1 0 45 221 0 0 0
51 0 1 0 84 260 0 0 0
52 0 1 0 70 262 0 0 0
53 0 1 0 55 257 0 0 0
54 0 1 0 57 244 0 0 0
55 0 1 0 48 226 0 0 0
56 0 1 0 70 234 0 0 0
57 0 1 0 66 237 0 0 0
58 0 1 0 55 225 0 0 0
59 0 1 0 53 208 0 0 0
60 0 1 0 97 219 0 0 0
61 0 1 0 73 233 0 0 0
62 0 1 0 67 219 0 0 0
63 0 1 0 67 217 0 0 0
64 0 1 0 58 218 0 0 0
65 0 1 0 49 201 0 0 0
66 0 1 0 95 223 0 0 0
67 0 1 0 73 214 0 0 0
68 0 1 0 60 194 0 0 0
69 0 1 0 105 254 0 0 0
70 0 1 0 80 257 0 0 0
71 0 1 0 71 232 0 0 0
72 0 1 0 62 210 0 0 0
73 0 1 0 102 245 0 0 0
74 0 1 0 91 219 0 0 0
75 0 1 0 65 196 0 0 0
76 0 1 0 132 248 0 0 0
77 0 1 0 77 224 0 0 0
78 0 1 0 73 196 0 0 0
79 0 1 0 146 230 0 0 0
80 0 1 1 103 200 0.00970874 0.00696733 0.00660066
81 0 1 1 184 239 0.00543478 0.00476861 0.00472813
82 0 1 1 131 203 0.00763359 0.0061322 0.00598802
83 0 1 0 178 222 0 0 0
84 0 1 0 135 223 0 0 0
85 0 1 2 205 255 0.0097561 0.00874748 0.00869565
86 0 1 0 151 271 0 0 0
87 0 1 2 199 275 0.0100503 0.00854943 0.00843882
88 0 1 0 147 244 0 0 0
89 0 1 2 177 271 0.0112994 0.00913185 0.00892857
90 0 1 1 126 248 0.00793651 0.00565704 0.00534759
91 0 1 0 185 271 0 0 0
92 0 1 0 118 218 0 0 0
93 0 1 0 137 214 0 0 0
94 0 1 0 164 240 0 0 0
95 0 1 0 157 262 0 0 0
96 0 1 0 164 321 0 0 0
97 0 1 0 149 304 0 0 0
98 0 1 1 76 186 0.0131579 0.00841079 0.00763359
99 0 1 0 108 194 0 0 0
100 0 1 0 72 156 0 0 0
101 0 1 0 144 165 0 0 0
102 0 1 0 79 136 0 0 0
103 0 1 0 89 115 0 0 0
104 0 1 0 69 95 0 0 0
105 0 1 0 105 113 0 0 0
106 0 1 0 69 100 0 0 0
107 0 1 0 103 137 0 0 0
108 0 1 0 57 68 0 0 0
109 0 1 0 57 77 0 0 0
110 0 1 0 31 69 0 0 0
111 0 1 0 77 109 0 0 0
112 0 1 0 56 122 0 0 0
113 0 1 0 48 120 0 0 0
114 0 1 0 33 112 0 0 0
115 0 1 0 26 104 0 0 0
116 0 1 0 22 102 0 0 0
117 0 1 0 45 111 0 0 0
118 0 1 0 39 130 0 0 0
119 0 1 0 31 138 0 0 0
120 0 1 0 20 123 0 0 0
121 0 1 0 59 157 0 0 0
122 0 1 0 45 172 0 0 0
123 0 1 0 33 171 0 0 0
124 0 1 0 35 163 0 0 0
125 0 1 0 25 149 0 0 0
126 0 1 0 21 134 0 0 0
127 0 1 0 48 148 0 0 0
128 0 1 0 41 165 0 0 0
129 0 1 0 34 175 0 0 0
130 0 1 0 32 184 0 0 0
131 0 1 0 21 173 0 0 0
132 0 1 0 17 166 0 0 0
133 0 1 0 19 162 0 0 0
134 0 1 0 16 150 0 0 0
135 0 1 0 50 166 0 0 0
136 0 1 0 49 182 0 0 0
137 0 1 0 40 198 0 0 0
138 0 1 0 39 180 0 0 0
139 0 1 0 35 184 0 0 0
140 0 1 0 38 176 0 0 0
141 0 1 0 33 171 0 0 0
142 0 1 0 35 166 0 0 0
143 0 1 0 32 168 0 0 0
144 0 1 0 34 143 0 0 0
145 0 1 0 31 145 0 0 0
146 0 1 0 30 129 0 0 0
147 0 1 0 76 159 0 0 0
148 0 1 0 68 170 0 0 0
149 0 1 0 66 160 0 0 0
150 0 1 0 57 150 0 0 0
151 0 1 0 56 149 0 0 0
152 0 1 0 45 150 0 0 0
153 0 1 0 39 149 0 0 0
154 0 1 0 43 134 0 0 0
155 0 1 0 34 123 0 0 0
156 0 1 0 84 152 0 0 0
157 0 1 0 60 155 0 0 0
158 0 1 0 58 155 0 0 0
159 0 1 0 56 138 0 0 0
160 0 1 0 47 123 0 0 0
161 0 1 0 42 105 0 0 0
162 0 1 0 33 88 0 0 0
163 0 1 0 72 117 0 0 0
164 0 1 0 55 139 0 0 0
165 0 1 0 49 141 0 0 0
166 0 1 0 37 134 0 0 0
167 0 1 0 36 117 0 0 0
168 0 1 0 36 112 0 0 0
169 0 1 0 31 92 0 0 0
170 0 1 0 55 127 0 0 0
171 0 1 0 49 147 0 0 0
172 0 1 0 42 135 0 0 0
173 0 1 0 28 121 0 0 0
174 0 1 0 24 94 0 0 0
175 0 1 0 52 115 0 0 0
176 0 1 0 39 113 0 0 0
177 0 1 0 31 98 0 0 0
178 0 1 0 22 88 0 0 0
179 0 1 0 70 108 0 0 0
180 0 1 0 49 110 0 0 0
181 0 1 0 43 97 0 0 0
182 0 1 0 30 85 0 0 0
183 0 1 0 70 96 0 0 0
184 0 1 0 51 94 0 0 0
185 0 1 0 33 88 0 0 0
186 0 1 0 71 123 0 0 0
187 0 1 0 55 120 0 0 0
188 0 1 0 40 99 0 0 0
189 0 1 0 71 111 0 0 0
190 0 1 0 48 112 0 0 0
191 0 1 0 38 114 0 0 0
192 0 1 0 83 127 0 0 0
193 0 1 0 53 123 0 0 0
194 0 1 0 45 105 0 0 0
195 0 1 0 85 141 0 0 0
196 0 1 0 65 143 0 0 0
197 0 1 0 43 128 0 0 0
198 0 1 0 98 165 0 0 0
199 0 1 0 62 135 0 0 0
200 0 1 0 104 144 0 0 0
201 0 1 0 62 120 0 0 0
202 0 1 0 96 159 0 0 0
203 0 1 0 55 127 0 0 0
204 0 1 1 88 155 0.0113636 0.00856235 0.00823045
205 0 1 0 44 121 0 0 0
206 0 1 0 76 130 0 0 0
207 0 1 0 101 141 0 0 0
208 0 1 0 112 162 0 0 0
209 0 1 0 114 188 0 0 0
210 0 1 0 108 201 0 0 0
211 0 1 0 106 171 0 0 0
212 0 1 0 111 193 0 0 0
213 0 1 0 103 160 0 0 0
214 0 1 0 91 144 0 0 0
215 0 1 0 110 164 0 0 0
216 0 1 0 123 148 0 0 0
217 0 1 0 66 107 0 0 0
218 0 1 0 74 110 0 0 0
219 0 1 0 45 105 0 0 0
220 0 1 0 70 120 0 0 0
221 0 1 1 57 125 0.0175439 0.011847 0.010989
222 0 1 2 72 160 0.0277778 0.0186339 0.0172414
223 0 1 0 57 135 0 0 0
224 0 1 1 90 155 0.0111111 0.00846667 0.00816326
225 0 1 0 75 170 0 0 0
226 0 1 0 84 161 0 0 0
227 0 1 1 77 164 0.012987 0.00889883 0.00829876
228 0 1 0 100 190 0 0 0
229 0 1 0 66 161 0 0 0
230 0 1 0 84 188 0 0 0
231 0 1 0 63 181 0 0 0
232 0 1 0 74 201 0 0 0
233 0 1 0 66 192 0 0 0
234 0 1 0 67 200 0 0 0
235 0 1 0 68 177 0 0 0
236 0 1 0 73 171 0 0 0
237 0 1 0 68 187 0 0 0
238 0 1 0 77 173 0 0 0
239 0 1 0 60 172 0 0 0
240 0 1 0 57 169 0 0 0
241 0 1 0 47 141 0 0 0
242 0 1 0 70 183 0 0 0
243 0 1 0 34 140 0 0 0
244 0 1 0 61 126 0 0 0
245 0 1 0 27 116 0 0 0
246 0 1 0 60 118 0 0 0
247 0 1 0 37 120 0 0 0
248 0 1 0 66 142 0 0 0
249 0 1 0 51 128 0 0 0
250 0 1 0 52 154 0 0 0
251 0 1 0 33 118 0 0 0
252 0 1 0 66 135 0 0 0
253 0 1 0 46 119 0 0 0
254 0 1 0 53 106 0 0 0
255 0 1 0 43 88 0 0 0
256 0 1 0 55 94 0 0 0
257 0 1 0 43 88 0 0 0
258 0 1 0 71 119 0 0 0
259 0 1 0 50 128 0 0 0
260 0 1 2 67 160 0.0298507 0.0193167 0.0176211
261 0 1 1 55 166 0.0181818 0.0104656 0.00904977
262 0 1 1 71 171 0.0140845 0.00907555 0.00826446
263 0 1 0 53 179 0 0 0
264 0 1 0 58 205 0 0 0
265 0 1 0 39 163 0 0 0
266 0 1 0 68 166 0 0 0
267 0 1 0 51 160 0 0 0
268 0 1 0 60 168 0 0 0
269 0 1 0 58 184 0 0 0
270 0 1 0 75 224 0 0 0
271 0 1 0 62 214 0 0 0
272 0 1 0 72 223 0 0 0
273 0 1 0 66 213 0 0 0
274 0 1 2 84 221 0.0238095 0.0146789 0.0131148
275 0 1 3 72 227 0.0416667 0.0234662 0.0200669
276 0 1 1 93 236 0.0107527 0.00674998 0.00607903
277 0 1 1 80 231 0.0125 0.00735612 0.00643087
278 0 1 0 88 241 0 0 0
279 0 1 3 76 267 0.0394737 0.02106 0.0174927
280 0 1 3 95 257 0.0315789 0.0191996 0.0170455
281 0 1 0 87 269 0 0 0
282 0 1 0 78 243 0 0 0
283 0 1 0 96 250 0 0 0
284 0 1 1 75 245 0.0133333 0.00737711 0.00625
285 0 1 0 76 243 0 0 0
286 0 1 1 87 258 0.0114943 0.00667468 0.0057971
287 0 1 0 90 257 0 0 0
288 0 1 0 86 251 0 0 0
289 0 1 1 91 249 0.010989 0.00664324 0.00588235
290 0 1 2 77 234 0.025974 0.0148997 0.0128617
291 0 1 3 73 218 0.0410959 0.0237811 0.0206186
292 0 1 3 101 233 0.029703 0.0195561 0.0179641
293 0 1 3 77 225 0.038961 0.0227921 0.0198676
294 0 1 0 98 224 0 0 0
295 0 1 0 70 190 0 0 0
296 0 1 0 81 175 0 0 0
297 0 1 0 83 153 0 0 0
298 0 1 0 84 169 0 0 0
299 0 1 0 77 171 0 0 0
300 0 1 0 81 162 0 0 0
301 0 1 0 75 176 0 0 0
302 0 1 0 64 169 0 0 0
303 0 1 0 100 176 0 0 0
304 0 1 0 80 172 0 0 0
305 0 1 0 73 152 0 0 0
306 0 1 0 87 150 0 0 0
307 0 1 2 68 166 0.0294118 0.0188244 0.017094
308 0 1 2 84 170 0.0238095 0.0167365 0.015748
309 0 1 3 72 191 0.0416667 0.0255822 0.0228137
310 0 1 1 87 195 0.0114943 0.00767756 0.0070922
311 0 1 1 83 185 0.0120482 0.00807003 0.00746269
312 0 1 2 121 205 0.0165289 0.0126987 0.0122699
313 0 1 0 82 189 0 0 0
314 0 1 1 70 191 0.0142857 0.00864837 0.00766284
315 0 1 2 115 181 0.0173913 0.0138625 0.0135135
316 0 1 0 91 182 0 0 0
317 0 1 0 91 177 0 0 0
318 0 1 0 106 187 0 0 0
319 0 1 0 92 199 0 0 0
320 0 1 0 90 199 0 0 0
321 0 1 2 117 231 0.017094 0.0121655 0.0114943
322 0 1 0 95 219 0 0 0
323 0 1 0 108 223 0 0 0
324 0 1 3 93 231 0.0322581 0.0204679 0.0185185
325 0 1 3 66 209 0.0454545 0.0255433 0.0218182
326 0 1 0 99 203 0 0 0
327 0 1 0 83 220 0 0 0
328 0 1 0 77 195 0 0 0
329 0 1 0 90 219 0 0 0
330 0 1 0 74 218 0 0 0
331 0 1 0 93 254 0 0 0
332 0 1 0 104 245 0 0 0
333 0 1 1 67 242 0.0149254 0.00785335 0.00647249
334 0 1 1 89 263 0.011236 0.00653623 0.00568182
335 0 1 1 81 239 0.0123457 0.00718718 0.00625
336 0 1 2 80 220 0.025 0.0150756 0.0133333
337 0 1 2 89 212 0.0224719 0.0145602 0.013289
338 0 1 2 95 205 0.0210526 0.0143315 0.0133333
339 0 1 0 96 221 0 0 0
340 0 1 0 89 224 0 0 0
341 0 1 0 112 227 0 0 0
342 0 1 0 95 239 0 0 0
343 0 1 0 135 225 0 0 0
344 0 1 0 97 233 0 0 0
345 0 1 0 90 213 0 0 0
346 0 1 0 116 221 0 0 0
347 0 1 0 99 208 0 0 0
348 0 1 0 116 237 0 0 0
349 0 1 0 101 228 0 0 0
350 0 1 0 101 241 0 0 0
351 0 1 0 89 200 0 0 0
352 0 1 0 94 189 0 0 0
353 0 1 0 102 174 0 0 0
354 0 1 0 100 163 0 0 0
355 0 1 0 118 191 0 0 0
356 0 1 0 106 228 0 0 0
357 0 1 0 93 214 0 0 0
358 0 1 0 103 216 0 0 0
359 0 1 0 105 215 0 0 0
360 0 1 0 93 209 0 0 0
361 0 1 0 114 212 0 0 0
362 0 1 0 95 218 0 0 0
363 0 1 0 90 213 0 0 0
364 0 1 0 115 236 0 0 0
365 0 1 0 94 235 0 0 0
366 0 1 0 105 268 0 0 0
367 0 1 0 99 248 0 0 0
368 0 1 0 88 209 0 0 0
369 0 1 0 107 221 0 0 0
370 0 1 0 87 214 0 0 0
371 0 1 0 108 206 0 0 0
372 0 1 0 107 211 0 0 0
373 0 1 0 146 236 0 0 0
374 0 1 0 95 224 0 0 0
375 0 1 0 107 215 0 0 0
376 0 1 0 122 229 0 0 0
377 0 1 0 110 233 0 0 0
378 0 1 1 81 248 0.0123457 0.00705556 0.00607903
379 0 1 1 115 240 0.00869565 0.00601929 0.0056338
380 0 1 2 103 229 0.0194175 0.0130225 0.0120482
381 0 1 3 91 236 0.032967 0.0204713 0.0183486
382 0 1 3 119 279 0.0252101 0.0164644 0.0150754
383 0 1 2 93 280 0.0215054 0.0123939 0.0107239
384 0 1 3 86 227 0.0348837 0.0214713 0.0191693
385 0 1 2 127 242 0.015748 0.0114083 0.0108401
386 0 1 1 111 235 0.00900901 0.00619162 0.00578035
387 0 1 0 138 258 0 0 0
388 0 1 0 89 239 0 0 0
389 0 1 0 90 240 0 0 0
390 0 1 0 108 271 0 0 0
391 0 1 1 99 266 0.010101 0.00616228 0.00547945
392 0 1 0 102 262 0 0 0
393 0 1 0 113 283 0 0 0
394 0 1 0 106 260 0 0 0
395 0 1 0 100 283 0 0 0
396 0 1 0 127 308 0 0 0
397 0 1 0 125 291 0 0 0
398 0 1 0 97 268 0 0 0
399 0 1 0 131 311 0 0 0
400 0 1 1 118 317 0.00847458 0.00517046 0.0045977
401 0 1 1 96 283 0.0104167 0.00606696 0.00527705
402 0 1 0 110 290 0 0 0
403 0 1 1 111 273 0.00900901 0.00574457 0.00520833
404 0 1 0 88 278 0 0 0
405 0 1 0 125 288 0 0 0
406 0 1 0 90 290 0 0 0
407 0 1 0 77 294 0 0 0
408 0 1 1 111 306 0.00900901 0.00542598 0.00479616
409 0 1 1 98 294 0.0102041 0.00589133 0.00510204
410 0 1 0 90 271 0 0 0
411 0 1 0 114 269 0 0 0
412 0 1 0 101 287 0 0 0
413 0 1 2 93 296 0.0215054 0.0120543 0.0102828
414 0 1 1 119 262 0.00840336 0.00566338 0.00524934
415 0 1 4 101 258 0.039604 0.0247793 0.0222841
416 0 1 0 101 286 0 0 0
417 0 1 2 131 306 0.0152672 0.00998927 0.00915332
418 0 1 3 128 291 0.0234375 0.0155443 0.0143198
419 0 1 7 108 275 0.0648148 0.0406181 0.0365535
420 0 1 3 148 284 0.0202703 0.0146329 0.0138889
421 0 1 1 131 302 0.00763359 0.0050276 0.00461894
422 0 1 2 113 300 0.0176991 0.0108625 0.00968523
423 0 1 2 146 305 0.0136986 0.00947772 0.00886918
424 0 1 2 128 324 0.015625 0.00982093 0.00884956
425 0 1 1 113 291 0.00884956 0.0055146 0.00495049
426 0 1 1 158 320 0.00632911 0.0044473 0.0041841
427 0 1 0 116 294 0 0 0
428 0 1 5 120 304 0.0416667 0.0261784 0.0235849
429 0 1 2 136 344 0.0147059 0.00924658 0.00833333
430 0 1 0 102 303 0 0 0
431 0 1 0 103 285 0 0 0
432 0 1 1 133 319 0.0075188 0.00485488 0.00442478
433 0 1 1 101 306 0.00990099 0.00568825 0.004914
434 0 1 0 115 323 0 0 0
435 0 1 0 135 335 0 0 0
436 0 1 1 108 305 0.00925926 0.00550983 0.00484262
437 0 1 2 95 305 0.0210526 0.0117495 0.01
438 0 1 3 120 308 0.025 0.0156047 0.0140187
439 0 1 2 110 316 0.0181818 0.0107273 0.00938967
440 0 1 4 149 380 0.0268456 0.0168103 0.0151229
441 0 1 2 135 374 0.0148148 0.00890076 0.00785855
442 0 1 2 142 380 0.0140845 0.00860982 0.00766284
443 0 1 3 115 356 0.026087 0.0148268 0.0127389
444 0 1 3 151 343 0.0198676 0.0131821 0.0121457
445 0 1 0 153 370 0 0 0
446 0 1 1 132 347 0.00757576 0.00467249 0.00417537
447 0 1 1 165 393 0.00606061 0.00392701 0.00358423
448 0 1 1 133 398 0.0075188 0.00434643 0.00376648
449 0 1 2 146 432 0.0136986 0.00796364 0.00692042
450 0 1 1 125 406 0.008 0.00443897 0.00376648
451 0 1 0 162 398 0 0 0
452 0 1 1 149 417 0.00671141 0.0040118 0.00353357
453 0 1 0 133 423 0 0 0
454 0 1 2 169 429 0.0118343 0.00742776 0.00668896
455 0 1 0 132 419 0 0 0
456 0 1 0 128 409 0 0 0
457 0 1 1 170 465 0.00588235 0.00355671 0.00314961
458 0 1 3 152 417 0.0197368 0.011916 0.0105448
459 0 1 1 137 404 0.00729927 0.00425059 0.00369686
460 0 1 1 158 404 0.00632911 0.00395805 0.00355872
461 0 1 0 134 382 0 0 0
462 0 1 1 124 348 0.00806452 0.00481393 0.00423729
463 0 1 0 153 381 0 0 0
464 0 1 1 128 350 0.0078125 0.00472456 0.0041841
465 0 1 0 124 341 0 0 0
466 0 1 0 130 337 0 0 0
467 0 1 1 127 357 0.00787402 0.00469639 0.00413223
468 0 1 0 115 333 0 0 0
469 0 1 1 128 359 0.0078125 0.00466496 0.00410678
470 0 1 0 117 362 0 0 0
471 0 1 1 98 363 0.0102041 0.00530193 0.00433839
472 0 1 1 127 350 0.00787402 0.00474312 0.00419287
473 0 1 1 118 338 0.00847458 0.00500727 0.00438596
474 0 1 1 114 319 0.00877193 0.00524387 0.00461894
475 0 1 0 133 319 0 0 0
476 0 1 4 116 284 0.0344828 0.022038 0.02
477 0 1 1 101 254 0.00990099 0.00624342 0.0056338
478 0 1 1 118 235 0.00847458 0.00600517 0.00566572
479 0 1 0 106 210 0 0 0
480 0 1 0 90 207 0 0 0
481 0 1 0 119 219 0 0 0
482 0 1 2 114 189 0.0175439 0.0136253 0.0132013
483 0 1 4 126 181 0.031746 0.0264872 0.0260586
484 0 1 3 159 212 0.0188679 0.0163401 0.0161725
485 0 1 2 137 228 0.0145985 0.0113162 0.0109589
486 0 1 1 120 247 0.00833333 0.00580846 0.00544959
487 0 1 3 159 240 0.0188679 0.0153574 0.0150376
488 0 1 0 126 258 0 0 0
489 0 1 4 125 262 0.032 0.0221032 0.0206718
490 0 1 2 142 267 0.0140845 0.0102714 0.00977995
491 0 1 0 122 268 0 0 0
492 0 1 5 141 291 0.035461 0.0246839 0.0231481
493 0 1 3 147 272 0.0204082 0.015003 0.0143198
494 0 1 3 128 217 0.0234375 0.0180006 0.0173913
495 0 1 1 134 246 0.00746269 0.00550782 0.00526316
496 0 1 1 155 280 0.00645161 0.00480015 0.0045977
497 0 1 1 141 290 0.0070922 0.00494529 0.00464037
498 0 1 1 157 292 0.00636943 0.00467045 0.00445434
499 0 1 1 185 324 0.00540541 0.00408453 0.00392927
500 0 1 3 159 331 0.0188679 0.013077 0.0122449
501 0 1 3 131 338 0.0229008 0.014257 0.0127932
502 0 1 0 127 318 0 0 0
503 0 1 1 154 336 0.00649351 0.00439612 0.00408163
504 0 1 0 142 345 0 0 0
505 0 1 2 130 362 0.0153846 0.00921943 0.00813008
506 0 1 2 122 350 0.0163934 0.00967868 0.00847458
507 0 1 1 176 377 0.00568182 0.00388216 0.00361664
508 0 1 4 168 376 0.0238095 0.0159152 0.0147059
509 0 1 0 146 401 0 0 0
510 0 1 1 138 408 0.00724638 0.00421435 0.003663
511 0 1 0 137 385 0 0 0
512 0 1 0 167 384 0 0 0
513 0 1 0 132 393 0 0 0
514 0 1 0 153 390 0 0 0
515 0 1 1 156 427 0.00641026 0.00387457 0.00343053
516 0 1 1 140 391 0.00714286 0.00427413 0.00376648
517 0 1 4 133 369 0.0300752 0.018056 0.0159363
518 0 1 3 148 394 0.0202703 0.0124235 0.0110701
519 0 1 4 123 379 0.0325203 0.0185263 0.0159363
520 0 1 3 131 352 0.0229008 0.0139706 0.0124224
521 0 1 3 133 364 0.0225564 0.0136347 0.0120724
522 0 1 2 109 371 0.0183486 0.00994557 0.00833333
523 0 1 2 118 333 0.0169492 0.0100894 0.00886918
524 0 1 1 131 356 0.00763359 0.00463062 0.00410678
525 0 1 2 102 331 0.0196078 0.0108847 0.00923788
526 0 1 3 113 330 0.0265487 0.0155355 0.013544
527 0 1 4 123 332 0.0325203 0.0197942 0.0175824
528 0 1 3 125 377 0.024 0.0138196 0.0119522
529 0 1 4 115 397 0.0347826 0.0187204 0.015625
530 0 1 3 100 370 0.03 0.0155963 0.012766
531 0 1 1 140 354 0.00714286 0.00449194 0.00404858
532 0 1 1 115 362 0.00869565 0.00490114 0.00419287
533 0 1 3 112 335 0.0267857 0.0154878 0.0134228
534 0 1 3 151 395 0.0198676 0.0122838 0.010989
535 0 1 4 125 383 0.032 0.0182812 0.015748
536 0 1 5 110 384 0.0454545 0.0243281 0.0202429
537 0 1 3 147 439 0.0204082 0.0118095 0.0102389
538 0 1 5 142 425 0.0352113 0.0203531 0.0176367
539 0 1 1 125 391 0.008 0.00452331 0.00387597
540 0 1 1 163 409 0.00613497 0.00387297 0.0034965
541 0 1 3 137 409 0.0218978 0.0126736 0.010989
542 0 1 4 135 422 0.0296296 0.0167586 0.0143627
543 0 1 4 154 473 0.025974 0.0148207 0.0127592
544 0 1 5 121 466 0.0413223 0.0210564 0.0170358
545 0 1 5 127 446 0.0393701 0.0210088 0.017452
546 0 1 0 135 466 0 0 0
547 0 1 2 134 442 0.0149254 0.00821801 0.00694444
548 0 1 5 127 423 0.0393701 0.0215724 0.0181818
549 0 1 8 156 420 0.0512821 0.0312538 0.0277778
550 0 1 2 126 389 0.015873 0.00903379 0.00776699
551 0 1 7 129 380 0.0542636 0.0316163 0.0275049
552 0 1 2 165 395 0.0121212 0.00783411 0.00714286
553 0 1 4 139 390 0.028777 0.0171799 0.0151229
554 0 1 3 141 386 0.0212766 0.0128593 0.0113852
555 0 1 5 157 405 0.0318471 0.0198286 0.0177936
556 0 1 3 154 400 0.0194805 0.0120873 0.0108303
557 0 1 3 148 392 0.0202703 0.0124551 0.0111111
558 0 1 2 146 433 0.0136986 0.00795444 0.00690846
559 0 1 1 137 441 0.00729927 0.00406837 0.00346021
560 0 1 2 118 439 0.0169492 0.00878733 0.00718133
561 0 1 1 142 433 0.00704225 0.00403285 0.00347826
562 0 1 4 126 449 0.031746 0.0168171 0.013913
563 0 1 3 102 425 0.0294118 0.0144088 0.0113852
564 0 1 2 140 448 0.0142857 0.00798596 0.00680272
565 0 1 2 129 417 0.0155039 0.00862317 0.00732601
566 0 1 1 123 416 0.00813008 0.0044208 0.00371058
567 0 1 1 136 453 0.00735294 0.00402885 0.00339559
568 0 1 4 125 435 0.032 0.0171538 0.0142857
569 0 1 4 108 411 0.037037 0.0189857 0.0154143
570 0 1 8 151 462 0.0529801 0.0302887 0.0261011
571 0 1 6 130 436 0.0461538 0.0252021 0.0212014
572 0 1 6 112 441 0.0535714 0.0269975 0.0216998
573 0 1 10 158 432 0.0632911 0.0382763 0.0338983
574 0 1 10 125 406 0.08 0.0443897 0.0376648
575 0 1 9 132 418 0.0681818 0.0383149 0.0327273
576 0 1 13 116 413 0.112069 0.0593936 0.0491493
577 0 1 7 140 430 0.05 0.0285299 0.0245614
578 0 1 9 119 399 0.0756303 0.0413031 0.034749
579 0 1 14 133 393 0.105263 0.0612359 0.0532319
580 0 1 13 113 383 0.115044 0.0624892 0.0524194
581 0 1 10 155 405 0.0645161 0.0399123 0.0357143
582 0 1 7 136 384 0.0514706 0.0306311 0.0269231
583 0 1 10 131 348 0.0763359 0.0468355 0.0417537
584 0 1 10 169 414 0.0591716 0.0378056 0.0343053
585 0 1 12 129 368 0.0930233 0.055076 0.0482897
586 0 1 8 117 340 0.0683761 0.0401105 0.0350109
587 0 1 13 107 313 0.121495 0.0710361 0.0619048
588 0 1 9 125 337 0.072 0.0438503 0.038961
589 0 1 4 113 300 0.0353982 0.021725 0.0193705
590 0 1 4 97 254 0.0412371 0.0254834 0.022792
591 0 1 1 83 228 0.0120482 0.00726932 0.00643087
592 0 1 0 87 229 0 0 0
593 0 1 0 56 187 0 0 0
594 0 1 0 53 153 0 0 0
595 0 1 0 60 128 0 0 0
596 0 1 0 82 147 0 0 0
597 0 1 0 61 147 0 0 0
598 0 1 0 52 116 0 0 0
599 0 1 0 36 106 0 0 0
600 0 1 0 42 118 0 0 0
601 0 1 0 42 105 0 0 0
602 0 1 0 34 89 0 0 0
603 0 1 0 43 94 0 0 0
604 0 1 0 67 123 0 0 0
605 0 1 0 67 112 0 0 0
606 0 1 0 60 101 0 0 0
607 0 1 0 51 107 0 0 0
608 0 1 0 73 90 0 0 0
609 0 1 1 56 101 0.0178571 0.0132967 0.0127389
610 0 1 0 48 117 0 0 0
611 0 1 0 49 92 0 0 0
612 0 1 0 77 112 0 0 0
613 0 1 0 70 95 0 0 0
614 0 1 0 69 95 0 0 0
615 0 1 0 66 95 0 0 0
616 0 1 0 78 141 0 0 0
617 0 1 0 67 158 0 0 0
618 0 1 0 68 140 0 0 0
619 0 1 0 47 126 0 0 0
620 0 1 0 75 134 0 0 0
621 0 1 0 68 106 0 0 0
622 0 1 0 62 105 0 0 0
623 0 1 0 69 105 0 0 0
624 0 1 0 113 136 0 0 0
625 0 1 0 90 144 0 0 0
626 0 1 0 85 159 0 0 0
627 0 1 0 87 151 0 0 0
628 0 1 0 106 182 0 0 0
629 0 1 0 98 184 0 0 0
630 0 1 0 89 177 0 0 0
631 0 1 0 83 136 0 0 0
632 0 1 0 90 157 0 0 0
633 0 1 0 81 137 0 0 0
634 0 1 0 69 129 0 0 0
635 0 1 2 64 116 0.03125 0.0232119 0.0222222
636 0 1 2 88 146 0.0227273 0.0176446 0.017094
637 0 1 2 62 129 0.0322581 0.0223635 0.0209424
638 0 1 2 65 143 0.0307692 0.0207446 0.0192308
639 0 1 4 44 119 0.0909091 0.055279 0.0490798
640 0 1 2 64 121 0.03125 0.0227273 0.0216216
641 0 1 1 59 89 0.0169492 0.0138 0.0135135
642 0 1 3 58 102 0.0517241 0.0390038 0.0375
643 0 1 0 62 108 0 0 0
644 0 1 0 84 130 0 0 0
645 0 1 1 74 131 0.0135135 0.0101566 0.0097561
646 0 1 1 54 133 0.0185185 0.0117999 0.0106952
647 0 1 0 58 134 0 0 0
648 0 1 0 76 151 0 0 0
649 0 1 0 73 147 0 0 0
650 0 1 0 54 109 0 0 0
651 0 1 0 70 110 0 0 0
652 0 1 0 77 131 0 0 0
653 0 1 1 90 137 0.0111111 0.00900572 0.00881057
654 0 1 0 78 154 0 0 0
655 0 1 0 70 153 0 0 0
656 0 1 1 64 150 0.015625 0.0102062 0.00934579
657 0 1 0 93 151 0 0 0
658 0 1 0 81 142 0 0 0
659 0 1 1 79 124 0.0126582 0.0101036 0.00985222
660 0 1 0 83 142 0 0 0
661 0 1 2 63 130 0.031746 0.0220998 0.0207254
662 0 1 0 68 115 0 0 0
663 0 1 0 67 109 0 0 0
664 0 1 0 93 123 0 0 0
665 0 1 0 82 137 0 0 0
666 0 1 0 80 137 0 0 0
667 0 1 0 90 123 0 0 0
668 0 1 0 76 124 0 0 0
669 0 1 0 81 102 0 0 0
670 0 1 0 96 121 0 0 0
671 0 1 0 64 91 0 0 0
672 0 1 0 70 78 0 0 0
673 0 1 0 90 99 0 0 0
674 0 1 0 101 100 0 0 0
675 0 1 0 117 129 0 0 0
676 0 1 0 104 125 0 0 0
677 0 1 1 88 112 0.0113636 0.0100728 0.01
678 0 1 0 90 120 0 0 0
679 0 1 1 99 127 0.010101 0.00891827 0.00884956
680 0 1 0 94 126 0 0 0
681 0 1 0 83 140 0 0 0
682 0 1 0 82 140 0 0 0
683 0 1 0 92 165 0 0 0
684 0 1 1 89 167 0.011236 0.00820251 0.0078125
685 0 1 1 88 186 0.0113636 0.00781632 0.00729927
686 0 1 0 117 189 0 0 0
687 0 1 1 97 156 0.0103093 0.00812928 0.00790514
688 0 1 0 83 157 0 0 0
689 0 1 1 71 161 0.0140845 0.00935315 0.00862069
690 0 1 0 90 158 0 0 0
691 0 1 0 78 134 0 0 0
692 0 1 0 57 117 0 0 0
693 0 1 0 66 110 0 0 0
694 0 1 0 68 127 0 0 0
695 0 1 0 48 127 0 0 0
696 0 1 0 48 103 0 0 0
697 0 1 0 61 127 0 0 0
698 0 1 0 54 125 0 0 0
699 0 1 0 57 119 0 0 0
700 0 1 0 50 134 0 0 0
701 0 1 0 45 117 0 0 0
702 0 1 0 41 132 0 0 0
703 0 1 0 50 158 0 0 0
704 0 1 0 30 144 0 0 0
705 0 1 0 38 128 0 0 0
706 0 1 0 41 125 0 0 0
707 0 1 0 40 124 0 0 0
708 0 1 0 51 132 0 0 0
709 0 1 1 44 136 0.0227273 0.0129272 0.0111111
710 0 1 0 55 140 0 0 0
711 0 1 1 46 157 0.0217391 0.0117671 0.00985222
712 0 1 0 49 164 0 0 0
713 0 1 0 47 187 0 0 0
714 0 1 0 39 179 0 0 0
715 0 1 0 57 232 0 0 0
716 0 1 0 52 227 0 0 0
717 0 1 0 39 197 0 0 0
718 0 1 0 64 179 0 0 0
719 0 1 0 66 183 0 0 0
720 0 1 0 74 209 0 0 0
721 0 1 0 55 235 0 0 0
722 0 1 0 44 207 0 0 0
723 0 1 0 68 215 0 0 0
724 0 1 0 61 216 0 0 0
725 0 1 0 65 259 0 0 0
726 0 1 0 53 240 0 0 0
727 0 1 0 72 223 0 0 0
728 0 1 0 60 222 0 0 0
729 0 1 0 92 247 0 0 0
730 0 1 0 81 267 0 0 0
731 0 1 0 70 209 0 0 0
732 0 1 0 71 216 0 0 0
733 0 1 0 61 236 0 0 0
734 0 1 0 72 249 0 0 0
735 0 1 0 59 259 0 0 0
736 0 1 0 73 276 0 0 0
737 0 1 0 57 242 0 0 0
738 0 1 0 54 217 0 0 0
739 0 1 0 48 218 0 0 0
740 0 1 0 56 224 0 0 0
741 0 1 0 48 209 0 0 0
742 0 1 0 96 224 0 0 0
743 0 1 0 83 240 0 0 0
744 0 1 0 66 253 0 0 0
745 0 1 0 72 248 0 0 0
746 0 1 0 53 245 0 0 0
747 0 1 0 56 219 0 0 0
748 0 1 0 66 196 0 0 0
749 0 1 0 58 172 0 0 0
750 0 1 0 56 172 0 0 0
751 0 1 0 68 192 0 0 0
752 0 1 0 46 202 0 0 0
753 0 1 0 72 201 0 0 0
754 0 1 0 68 218 0 0 0
755 0 1 0 65 222 0 0 0
756 0 1 0 63 235 0 0 0
757 0 1 0 56 219 0 0 0
758 0 1 0 51 217 0 0 0
759 0 1 0 94 241 0 0 0
760 0 1 0 81 227 0 0 0
761 0 1 0 63 235 0 0 0
762 0 1 0 88 260 0 0 0
763 0 1 0 74 244 0 0 0
764 0 1 0 82 252 0 0 0
765 0 1 0 80 245 0 0 0
766 0 1 0 89 262 0 0 0
767 0 1 0 93 267 0 0 0
768 0 1 1 77 260 0.012987 0.00706754 0.00593472
769 0 1 1 98 297 0.0102041 0.0058615 0.00506329
770 0 1 0 114 302 0 0 0
771 0 1 0 108 308 0 0 0
772 0 1 1 93 288 0.0107527 0.0061103 0.00524934
773 0 1 3 120 293 0.025 0.0159991 0.0145278
774 0 1 3 87 288 0.0344828 0.0189524 0.016
775 0 1 3 85 293 0.0352941 0.0190098 0.015873
776 0 1 4 106 291 0.0377358 0.0227751 0.0201511
777 0 1 6 103 271 0.0582524 0.0359127 0.0320856
778 0 1 4 97 278 0.0412371 0.0243586 0.0213333
779 0 1 4 97 271 0.0412371 0.0246712 0.0217391
780 0 1 4 81 241 0.0493827 0.0286292 0.0248447
781 0 1 7 74 241 0.0945946 0.0524172 0.0444444
782 0 1 9 86 288 0.104651 0.057187 0.0481283
783 0 1 7 87 307 0.0804598 0.0428321 0.035533
784 0 1 0 80 294 0 0 0
785 0 1 0 112 292 0 0 0
786 0 1 1 106 283 0.00943396 0.0057737 0.00514139
787 0 1 0 100 268 0 0 0
788 0 1 0 122 282 0 0 0
789 0 1 0 101 289 0 0 0
790 0 1 0 102 278 0 0 0
791 0 1 0 88 307 0 0 0
792 0 1 0 87 289 0 0 0
793 0 1 0 78 259 0 0 0
794 0 1 0 87 271 0 0 0
795 0 1 0 76 282 0 0 0
796 0 1 0 75 265 0 0 0
797 0 1 0 94 282 0 0 0
798 0 1 2 72 276 0.0277778 0.0141876 0.0114943
799 0 1 1 72 262 0.0138889 0.00728087 0.00598802
800 0 1 3 93 303 0.0322581 0.0178714 0.0151515
801 0 1 3 71 278 0.0422535 0.0213535 0.017192
802 0 1 6 76 276 0.0789474 0.0414276 0.0340909
803 0 1 4 104 289 0.0384615 0.0230725 0.0203562
804 0 1 3 83 270 0.0361446 0.0200401 0.0169972
805 0 1 3 79 263 0.0379747 0.0208128 0.0175439
806 0 1 0 89 295 0 0 0
807 0 1 3 52 266 0.0576923 0.0255081 0.0188679
808 0 1 1 58 261 0.0172414 0.00812766 0.00626959
809 0 1 4 72 254 0.0555556 0.0295785 0.0245399
810 0 1 0 69 252 0 0 0
811 0 1 2 77 289 0.025974 0.0134071 0.010929
812 0 1 1 69 285 0.0144928 0.00713104 0.00564972
813 0 1 0 85 296 0 0 0
814 0 1 2 89 303 0.0224719 0.0121791 0.0102041
815 0 1 1 94 299 0.0106383 0.00596486 0.00508906
816 0 1 1 84 330 0.0119048 0.00600625 0.00483092
817 0 1 2 74 273 0.027027 0.0140713 0.0115274
818 0 1 0 94 298 0 0 0
819 0 1 2 81 279 0.0246914 0.0133041 0.0111111
820 0 1 6 63 276 0.0952381 0.0455016 0.0353982
821 0 1 5 87 311 0.0574713 0.030397 0.0251256
822 0 1 8 83 290 0.0963855 0.0515646 0.0428954
823 0 1 4 59 267 0.0677966 0.0318697 0.0245399
824 0 1 2 86 311 0.0232558 0.0122293 0.0100756
825 0 1 4 73 295 0.0547945 0.0272576 0.0217391
826 0 1 4 86 296 0.0465116 0.0250706 0.0209424
827 0 1 5 89 305 0.0561798 0.0303477 0.0253807
828 0 1 6 85 282 0.0705882 0.0387541 0.0326975
829 0 1 5 91 291 0.0549451 0.0307258 0.026178
830 0 1 8 88 286 0.0909091 0.0504273 0.0427807
831 0 1 12 73 278 0.164384 0.0842359 0.0683761
832 0 1 13 94 291 0.138298 0.0786019 0.0675325
833 0 1 12 82 275 0.146341 0.0799113 0.0672269
834 0 1 10 99 280 0.10101 0.0600625 0.0527704
835 0 1 10 85 248 0.117647 0.0688755 0.0600601
836 0 1 7 93 260 0.0752688 0.0450163 0.0396601
837 0 1 6 76 235 0.0789474 0.0448963 0.0385852
838 0 1 2 85 251 0.0235294 0.0136925 0.0119048
839 0 1 6 82 246 0.0731707 0.0422451 0.0365854
840 0 1 4 85 261 0.0470588 0.0268553 0.0231214
841 0 1 3 80 259 0.0375 0.0208414 0.0176991
842 0 1 6 86 268 0.0697674 0.0395216 0.0338983
843 0 1 6 71 234 0.084507 0.0465494 0.0393443
844 0 1 13 61 226 0.213115 0.11072 0.0905923
845 0 1 11 72 248 0.152778 0.0823191 0.06875
846 0 1 7 70 250 0.1 0.052915 0.04375
847 0 1 0 63 208 0 0 0
848 0 1 0 73 227 0 0 0
849 0 1 0 65 225 0 0 0
850 0 1 0 79 217 0 0 0
851 0 1 2 73 203 0.0273973 0.0164294 0.0144928
852 0 1 0 71 214 0 0 0
853 0 1 0 69 219 0 0 0
854 0 1 0 77 214 0 0 0
855 0 1 0 65 207 0 0 0
856 0 1 0 67 198 0 0 0
857 0 1 0 52 156 0 0 0
858 0 1 0 45 169 0 0 0
859 0 1 0 64 189 0 0 0
860 0 1 0 50 172 0 0 0
861 0 1 0 59 149 0 0 0
862 0 1 0 41 143 0 0 0
863 0 1 0 55 159 0 0 0
864 0 1 0 34 139 0 0 0
865 0 1 0 48 135 0 0 0
866 0 1 0 34 157 0 0 0
867 0 1 0 46 147 0 0 0
868 0 1 0 33 136 0 0 0
869 0 1 0 28 134 0 0 0
870 0 1 0 28 129 0 0 0
871 0 1 0 28 118 0 0 0
872 0 1 0 27 96 0 0 0
873 0 1 0 35 85 0 0 0
874 0 1 0 29 86 0 0 0
875 0 1 0 23 70 0 0 0
876 0 1 0 27 69 0 0 0
877 0 1 0 27 44 0 0 0
878 0 1 0 36 52 0 0 0
879 0 1 0 32 71 0 0 0
880 0 1 0 34 85 0 0 0
881 0 1 0 34 64 0 0 0
882 0 1 0 50 108 0 0 0
883 0 1 0 38 58 0 0 0
884 0 1 0 55 98 0 0 0
885 0 1 0 79 172 0 0 0
886 0 1 0 58 134 0 0 0
887 0 1 0 69 172 0 0 0
888 0 1 0 70 182 0 0 0
889 0 1 0 87 193 0 0 0
890 0 1 0 82 202 0 0 0
891 0 1 1 94 228 0.0106383 0.00683075 0.00621118
892 0 1 0 95 255 0 0 0
893 0 1 0 90 243 0 0 0
894 0 1 1 89 249 0.011236 0.00671746 0.00591716
895 0 1 0 93 260 0 0 0
896 0 1 0 78 268 0 0 0
897 0 1 1 78 263 0.0128205 0.00698192 0.0058651
898 0 1 1 70 257 0.0142857 0.00745563 0.00611621
899 0 1 0 83 252 0 0 0
900 0 1 1 74 227 0.0135135 0.00771563 0.00664452
901 0 1 3 61 213 0.0491803 0.0263188 0.0218978
902 0 1 4 63 243 0.0634921 0.0323286 0.0261438
903 0 1 8 61 201 0.131148 0.0722482 0.0610687
904 0 1 4 55 188 0.0727273 0.0393369 0.0329218
905 0 1 7 46 172 0.152174 0.0786964 0.0642202
906 0 1 2 36 140 0.0555556 0.0281718 0.0227273
907 0 1 7 36 153 0.194444 0.0943194 0.0740741
908 0 1 2 53 163 0.0377358 0.0215178 0.0185185
909 0 1 6 37 128 0.162162 0.0871857 0.0727273
910 0 1 3 43 149 0.0697674 0.0374795 0.03125
911 0 1 3 48 148 0.0625 0.0355934 0.0306122
912 0 1 4 44 159 0.0909091 0.0478228 0.0394089
913 0 1 4 50 163 0.08 0.0443079 0.0375587
914 0 1 4 36 135 0.111111 0.0573775 0.0467836
915 0 1 6 27 103 0.222222 0.113776 0.0923077
916 0 1 5 51 136 0.0980392 0.0600365 0.0534759
917 0 1 0 29 93 0 0 0
918 0 1 0 37 108 0 0 0
919 0 1 0 54 115 0 0 0
920 0 1 0 33 94 0 0 0
921 0 1 0 39 87 0 0 0
922 0 1 0 29 77 0 0 0
923 0 1 0 32 85 0 0 0
924 0 1 0 39 96 0 0 0
925 0 1 0 47 106 0 0 0
926 0 1 0 48 120 0 0 0
927 0 1 0 69 141 0 0 0
928 0 1 0 52 125 0 0 0
929 0 1 0 103 172 0 0 0
930 0 1 0 90 194 0 0 0
931 0 1 0 73 180 0 0 0
932 0 1 0 111 224 0 0 0
933 0 1 0 98 237 0 0 0
934 0 1 0 84 232 0 0 0
935 0 1 0 76 225 0 0 0
936 0 1 0 110 266 0 0 0
937 0 1 0 97 256 0 0 0
938 0 1 0 82 267 0 0 0
939 0 1 0 79 242 0 0 0
940 0 1 2 95 266 0.0210526 0.0125814 0.0110803
941 0 1 4 100 273 0.04 0.0242091 0.0214477
942 0 1 2 86 271 0.0232558 0.0131007 0.0112045
943 0 1 2 73 255 0.0273973 0.0146588 0.0121951
944 0 1 2 73 252 0.0273973 0.0147458 0.0123077
945 0 1 1 67 239 0.0149254 0.00790248 0.00653595
946 0 1 1 105 284 0.00952381 0.0057909 0.00514139
947 0 1 3 84 288 0.0357143 0.0192879 0.016129
948 0 1 2 68 282 0.0294118 0.0144428 0.0114286
949 0 1 1 62 272 0.016129 0.00770051 0.00598802
950 0 1 2 48 257 0.0416667 0.0180071 0.0131148
951 0 1 2 62 275 0.0322581 0.0153168 0.0118694
952 0 1 0 46 268 0 0 0
953 0 1 0 41 264 0 0 0
954 0 1 0 37 211 0 0 0
955 0 1 0 47 238 0 0 0
956 0 1 0 48 217 0 0 0
957 0 1 0 46 197 0 0 0
958 0 1 0 41 174 0 0 0
959 0 1 0 55 193 0 0 0
960 0 1 0 49 190 0 0 0
961 0 1 0 42 168 0 0 0
962 0 1 0 58 190 0 0 0
963 0 1 0 49 201 0 0 0
964 0 1 0 46 191 0 0 0
965 0 1 0 29 180 0 0 0
966 0 1 0 53 176 0 0 0
967 0 1 0 39 174 0 0 0
968 0 1 0 77 200 0 0 0
969 0 1 0 48 165 0 0 0
970 0 1 0 81 186 0 0 0
971 0 1 0 56 154 0 0 0
972 0 1 1 78 159 0.0128205 0.00897954 0.00843882
973 0 1 1 46 128 0.0217391 0.0130322 0.0114943
974 0 1 0 82 147 0 0 0
975 0 1 0 55 139 0 0 0
976 0 1 0 73 136 0 0 0
977 0 1 0 84 153 0 0 0
978 0 1 3 94 162 0.0319149 0.0243108 0.0234375
979 0 1 1 117 169 0.00854701 0.00711154 0.00699301
980 0 1 0 116 184 0 0 0
981 0 1 0 121 204 0 0 0
982 0 1 0 109 206 0 0 0
983 0 1 0 124 236 0 0 0
984 0 1 1 104 278 0.00961538 0.00588113 0.0052356
985 0 1 0 103 281 0 0 0
986 0 1 0 62 293 0 0 0
987 0 1 1 89 285 0.011236 0.00627889 0.00534759
988 0 1 1 81 278 0.0123457 0.006664 0.00557103
989 0 1 1 88 325 0.0113636 0.00591312 0.00484262
990 0 1 2 87 342 0.0229885 0.0115946 0.00932401
991 0 1 1 70 316 0.0142857 0.00672369 0.00518135
992 0 1 1 62 289 0.016129 0.0074706 0.00569801
993 0 1 3 100 300 0.03 0.0173205 0.015
994 0 1 2 104 305 0.0192308 0.0112296 0.00977995
995 0 1 2 82 300 0.0243902 0.0127515 0.0104712
996 0 1 2 85 299 0.0235294 0.0125454 0.0104167
997 0 1 1 82 285 0.0121951 0.0065414 0.00544959
998 0 1 0 139 322 0 0 0
999 0 1 0 131 351 0 0 0
1000 0 1 1 117 365 0.00854701 0.00483906 0.00414938
1001 0 1 1 109 358 0.00917431 0.00506227 0.00428266
1002 0 1 1 101 354 0.00990099 0.00528856 0.0043956
1003 0 1 1 93 328 0.0107527 0.00572561 0.00475059
1004 0 1 2 89 308 0.0224719 0.0120798 0.0100756
1005 0 1 0 85 277 0 0 0
1006 0 1 0 116 288 0 0 0
1007 0 1 0 123 322 0 0 0
1008 0 1 0 105 309 0 0 0
1009 0 1 0 92 294 0 0 0
1010 0 1 0 88 277 0 0 0
1011 0 1 0 122 305 0 0 0
1012 0 1 0 99 308 0 0 0
1013 0 1 0 94 282 0 0 0
1014 0 1 0 120 305 0 0 0
1015 0 1 0 106 320 0 0 0
1016 0 1 1 93 306 0.0107527 0.00592786 0.00501253
1017 0 1 1 86 295 0.0116279 0.00627827 0.00524934
1018 0 1 0 120 323 0 0 0
1019 0 1 0 117 319 0 0 0
1020 0 1 0 94 294 0 0 0
1021 0 1 0 125 304 0 0 0
1022 0 1 1 107 291 0.00934579 0.00566711 0.00502513
1023 0 1 1 97 266 0.0103093 0.00622549 0.00550964
1024 0 1 1 90 224 0.0111111 0.00704295 0.00636943
1025 0 1 0 98 238 0 0 0
1026 0 1 0 89 246 0 0 0
1027 0 1 0 83 236 0 0 0
1028 0 1 0 74 228 0 0 0
1029 0 1 1 93 242 0.0107527 0.00666578 0.00597015
1030 0 1 1 80 243 0.0125 0.00717219 0.00619195
1031 0 1 1 74 225 0.0135135 0.00774984 0.00668896
1032 0 1 0 94 236 0 0 0
1033 0 1 1 75 223 0.0133333 0.00773245 0.00671141
1034 0 1 2 96 234 0.0208333 0.013344 0.0121212
1035 0 1 0 84 225 0 0 0
1036 0 1 2 93 260 0.0215054 0.0128618 0.0113314
1037 0 1 1 94 262 0.0106383 0.00637214 0.00561798
1038 0 1 1 77 247 0.012987 0.00725114 0.00617284
1039 0 1 1 107 267 0.00934579 0.00591633 0.00534759
1040 0 1 1 97 260 0.0103093 0.00629691 0.00560224
1041 0 1 1 108 287 0.00925926 0.00567999 0.00506329
1042 0 1 0 85 239 0 0 0
1043 0 1 2 84 213 0.0238095 0.014952 0.013468
1044 0 1 1 78 189 0.0128205 0.0082361 0.00749064
1045 0 1 0 89 216 0 0 0
1046 0 1 0 67 195 0 0 0
1047 0 1 0 61 200 0 0 0
1048 0 1 1 59 212 0.0169492 0.00894141 0.00738007
1049 0 1 1 65 235 0.0153846 0.00809113 0.00666667
1050 0 1 4 55 230 0.0727273 0.0355643 0.0280702
1051 0 1 1 54 243 0.0185185 0.00872971 0.00673401
1052 0 1 2 47 226 0.0425532 0.0194056 0.014652
1053 0 1 3 44 239 0.0681818 0.0292547 0.0212014
1054 0 1 2 46 208 0.0434783 0.0204465 0.015748
1055 0 1 1 59 182 0.0169492 0.00965024 0.00829876
1056 0 1 0 45 182 0 0 0
1057 0 1 1 58 191 0.0172414 0.009501 0.00803213
1058 0 1 0 45 170 0 0 0
1059 0 1 0 68 193 0 0 0
1060 0 1 0 71 240 0 0 0
1061 0 1 0 98 257 0 0 0
1062 0 1 0 92 248 0 0 0
1063 0 1 0 64 203 0 0 0
1064 0 1 0 74 202 0 0 0
1065 0 1 0 73 186 0 0 0
1066 0 1 0 80 210 0 0 0
1067 0 1 0 71 193 0 0 0
1068 0 1 0 80 195 0 0 0
1069 0 1 0 62 172 0 0 0
1070 0 1 0 90 184 0 0 0
1071 0 1 0 52 168 0 0 0
1072 0 1 1 89 178 0.011236 0.00794502 0.00749064
1073 0 1 0 72 182 0 0 0
1074 0 1 0 60 174 0 0 0
1075 0 1 0 82 174 0 0 0
1076 0 1 0 68 153 0 0 0
1077 0 1 0 95 187 0 0 0
1078 0 1 0 70 171 0 0 0
1079 0 1 0 91 199 0 0 0
1080 0 1 0 76 213 0 0 0
1081 0 1 0 98 224 0 0 0
1082 0 1 0 89 224 0 0 0
1083 0 1 0 105 212 0 0 0
1084 0 1 0 99 203 0 0 0
1085 0 1 0 108 203 0 0 0
1086 0 1 0 94 209 0 0 0
1087 0 1 0 105 190 0 0 0
1088 0 1 0 98 198 0 0 0
1089 0 1 0 108 237 0 0 0
1090 0 1 0 97 231 0 0 0
1091 0 1 0 123 276 0 0 0
1092 0 1 0 115 286 0 0 0
1093 0 1 0 108 290 0 0 0
1094 0 1 0 88 286 0 0 0
1095 0 1 0 83 278 0 0 0
1096 0 1 0 120 285 0 0 0
1097 0 1 0 105 286 0 0 0
1098 0 1 0 155 336 0 0 0
1099 0 1 0 131 339 0 0 0
1100 0 1 3 109 347 0.0275229 0.0154256 0.0131579

# ---------- Global Summary ----------
# CorrFrames: 1081
avg_CorrEdges: 1.01573
avg_match_A: 84.8464
avg_match_B: 224.805
global_RI_MNR: 0.0119713
global_RI_GNR: 0.00735457
global_RI_DICE: 0.00656045

# ---------- Per-Channel Summary ----------
chA: 0 chB: 1 | avgC: 1.01573 avgA: 84.8464 avgB: 224.805 MNR: 0.0112213 GNR: 0.00645637 DICE: 0.00557843
