1439804061.765718 -0.000135581 -0.001622958 0.027083008 -0.000234850 -0.000139441 0.000658388 0.999999702
1439804061.828221 -0.000303067 -0.003090958 0.054028701 -0.000517997 -0.000153383 0.001470288 0.999998748
1439804061.890720 -0.000719554 -0.004258846 0.082123831 -0.000992234 -0.000183715 0.001458306 0.999998450
1439804061.953224 -0.000952692 -0.005483863 0.109389156 -0.001676896 -0.000263689 0.001646609 0.999997199
1439804062.015724 -0.000705192 -0.006910771 0.136648074 -0.002147180 -0.000702619 0.002168404 0.999995112
1439804062.078224 -0.000813161 -0.008419577 0.164388627 -0.002288325 -0.000979667 0.002482517 0.999993801
1439804062.140726 -0.000671616 -0.009683049 0.191818044 -0.001893751 -0.001443330 0.003411605 0.999991357
1439804062.203228 -0.001091180 -0.011088378 0.219334304 -0.001371809 -0.001460384 0.004505178 0.999987841
1439804062.265729 -0.001400687 -0.012791476 0.246877775 -0.001193368 -0.001512825 0.004804772 0.999986589
1439804062.328228 -0.001537148 -0.014178109 0.274552315 -0.000882560 -0.002158739 0.005189738 0.999983788
1439804062.390730 -0.000965574 -0.015235330 0.302249223 -0.000491440 -0.003524151 0.005966583 0.999975860
1439804062.453231 -0.002451047 -0.016917447 0.329986513 -0.000803780 -0.004043971 0.006781949 0.999968529
1439804062.515733 -0.002789224 -0.018316187 0.357724637 -0.001302625 -0.005257197 0.007233912 0.999959171
1439804062.578234 -0.003315698 -0.019672329 0.385236353 -0.001922684 -0.006279089 0.007300577 0.999951780
1439804062.640736 -0.003961324 -0.021098420 0.412655026 -0.002676211 -0.006621064 0.007582122 0.999945760
1439804062.703240 -0.004551516 -0.022279873 0.440271497 -0.003335726 -0.006561283 0.007894761 0.999941766
1439804062.765739 -0.004987624 -0.023728136 0.467678696 -0.004006466 -0.006112076 0.007520554 0.999945045
1439804062.828240 -0.005534195 -0.024964957 0.494993329 -0.004830728 -0.004958234 0.007655095 0.999946713
1439804062.890746 -0.005729774 -0.026162375 0.522498429 -0.004785656 -0.004268451 0.007335497 0.999952495
1439804062.953243 -0.006030253 -0.027176045 0.549798489 -0.005178186 -0.003540519 0.008739067 0.999942124
1439804063.015745 -0.005807947 -0.028604256 0.576753616 -0.006815464 -0.003295685 0.011797052 0.999901772
1439804063.078246 -0.005976131 -0.029925022 0.603692830 -0.006949403 -0.003036476 0.012759415 0.999889851
1439804063.140747 -0.005926840 -0.030956890 0.630504727 -0.005937553 -0.002851965 0.013465391 0.999887645
1439804063.203249 -0.006081767 -0.032057878 0.657879770 -0.003813151 -0.002547995 0.013546921 0.999897718
1439804063.265750 -0.006281122 -0.033747245 0.684252918 -0.000864037 -0.002291164 0.013980933 0.999899268
1439804063.328252 -0.006249168 -0.035151031 0.711678565 0.001757540 -0.001941681 0.014181621 0.999895990
1439804063.390754 -0.006089174 -0.036585331 0.739492059 0.002462412 -0.001921059 0.013801370 0.999899864
1439804063.453255 -0.006620087 -0.037745673 0.766309381 0.001175835 -0.001621091 0.013634041 0.999905050
1439804063.515756 -0.007071725 -0.038977951 0.794097781 -0.000920762 -0.001112806 0.013257070 0.999911070
1439804063.578258 -0.007233886 -0.040843531 0.821206510 -0.003387151 -0.001039816 0.013427133 0.999903560
1439804063.640759 -0.007530944 -0.041573931 0.849013329 -0.004294065 -0.000931878 0.014570321 0.999884188
1439804063.703260 -0.007556289 -0.043362241 0.876479089 -0.004549539 -0.000778313 0.015118557 0.999875069
1439804063.765762 -0.007468153 -0.044687711 0.903795481 -0.003934247 -0.000774031 0.015692605 0.999868810
1439804063.828262 -0.007325447 -0.046210185 0.931200504 -0.003313549 -0.000750877 0.015953243 0.999866962
1439804063.890765 -0.007547103 -0.047580697 0.958469272 -0.002881400 -0.000733555 0.016183218 0.999864638
1439804063.953266 -0.007496856 -0.048732124 0.985531390 -0.002536547 -0.001277684 0.017168950 0.999848604
1439804064.015766 -0.007358964 -0.050294489 1.013075948 -0.002656597 -0.002060321 0.017981984 0.999832690
1439804064.078266 -0.007391841 -0.051806796 1.040637374 -0.002900975 -0.002795430 0.017904608 0.999831617
1439804064.140767 -0.007529654 -0.053098764 1.067002416 -0.002958056 -0.003573840 0.018493364 0.999818206
1439804064.203267 -0.008293917 -0.054398492 1.095750570 -0.002775647 -0.003944066 0.018812422 0.999811411
1439804064.265768 -0.008474816 -0.056419913 1.123249650 -0.002992580 -0.004558458 0.019085353 0.999802947
1439804064.328270 -0.009343023 -0.057065722 1.150111318 -0.002783723 -0.005015176 0.018748047 0.999807835
1439804064.390769 -0.010147581 -0.058481235 1.178619266 -0.002862485 -0.005601978 0.018606763 0.999807060
1439804064.453270 -0.010435448 -0.059843820 1.205557227 -0.003065930 -0.006202837 0.018975995 0.999796033
1439804064.515771 -0.011642663 -0.060718492 1.233935237 -0.003150975 -0.006836193 0.019403944 0.999783397
1439804064.578271 -0.012322836 -0.062171798 1.262344360 -0.003466384 -0.007690408 0.019995755 0.999764442
1439804064.640772 -0.013054834 -0.063419893 1.289671659 -0.003462750 -0.008144553 0.020137491 0.999758065
1439804064.703274 -0.014391165 -0.064478204 1.318837523 -0.003179304 -0.008472746 0.019916667 0.999760687
1439804064.765776 -0.014884173 -0.065853603 1.346604347 -0.003187143 -0.009652179 0.020030610 0.999747694
1439804064.828276 -0.016186710 -0.067493893 1.375388145 -0.003273024 -0.010277851 0.019694474 0.999747872
1439804064.890778 -0.017294744 -0.069157869 1.403785229 -0.003367714 -0.011311963 0.019658299 0.999737084
1439804064.953283 -0.018524356 -0.070462808 1.431847215 -0.002983568 -0.012146370 0.019534299 0.999730945
1439804065.015780 -0.019094348 -0.071589142 1.460005164 -0.002205108 -0.013075253 0.019525275 0.999721408
1439804065.078285 -0.020464826 -0.073485449 1.488358617 -0.001743976 -0.013408766 0.018852495 0.999730825
1439804065.140787 -0.021878973 -0.075211823 1.516529441 -0.001215894 -0.013199875 0.017794535 0.999753773
1439804065.203286 -0.022487164 -0.076546468 1.545315742 -0.000223932 -0.013367807 0.017163979 0.999763310
1439804065.265786 -0.023719558 -0.077965625 1.573727131 0.000355870 -0.013192016 0.017034343 0.999767840
1439804065.328288 -0.024571635 -0.079377934 1.602434516 0.000499710 -0.013467857 0.017340561 0.999758840
1439804065.390790 -0.024637317 -0.081160113 1.630005121 -0.000122934 -0.013983855 0.017593445 0.999747455
1439804065.453292 -0.025517745 -0.082344830 1.659118652 -0.000939956 -0.014144924 0.019210400 0.999714971
1439804065.515795 -0.026446775 -0.083962202 1.687820315 -0.001965912 -0.014263050 0.020575311 0.999684632
1439804065.578293 -0.026713818 -0.085351989 1.716178894 -0.002438189 -0.014611983 0.020550113 0.999679089
1439804065.640795 -0.028401174 -0.087172762 1.745522261 -0.002211589 -0.014652979 0.019263120 0.999704599
1439804065.703300 -0.029634856 -0.088500068 1.774430633 -0.001424599 -0.014887179 0.019049738 0.999706686
1439804065.765804 -0.030464970 -0.089934170 1.803446293 -0.000945931 -0.015227453 0.018766882 0.999707460
1439804065.828298 -0.031376112 -0.091498770 1.831763864 -0.000939676 -0.015680432 0.018802738 0.999699771
1439804065.890797 -0.032705374 -0.093160987 1.861204982 -0.001811632 -0.015760735 0.017860061 0.999714613
1439804065.953305 -0.033813119 -0.094563082 1.890450716 -0.002694129 -0.015679793 0.017450072 0.999721110
1439804066.015799 -0.035005119 -0.096123889 1.919557929 -0.003375173 -0.015695473 0.017582327 0.999716520
1439804066.078300 -0.036262713 -0.097750261 1.948792100 -0.003456610 -0.015746633 0.017921595 0.999709427
1439804066.140806 -0.036737561 -0.099051937 1.978392243 -0.003074631 -0.016115475 0.018403107 0.999696016
1439804066.203304 -0.037756883 -0.100613452 2.007062912 -0.002869111 -0.016295897 0.018028235 0.999700546
1439804066.265804 -0.039297961 -0.102427900 2.036169529 -0.002569712 -0.016293570 0.018113269 0.999699891
1439804066.328306 -0.039968878 -0.103772551 2.065650225 -0.002453681 -0.016668323 0.017896606 0.999697864
1439804066.390807 -0.041196957 -0.105230875 2.095110655 -0.002447704 -0.016896615 0.017193785 0.999706388
1439804066.453308 -0.042283505 -0.106784791 2.123970747 -0.002283959 -0.017123183 0.017279252 0.999701440
1439804066.515811 -0.043798931 -0.108494081 2.153373241 -0.002030103 -0.017027022 0.017074961 0.999707162
1439804066.578311 -0.044706717 -0.109789453 2.183234930 -0.001683068 -0.017116191 0.016467651 0.999716461
1439804066.640813 -0.046236929 -0.111604020 2.212633133 -0.001607158 -0.016856158 0.016191743 0.999725521
1439804066.703315 -0.047341455 -0.112664431 2.242356300 -0.001129422 -0.016867684 0.016961025 0.999713182
1439804066.765814 -0.048181877 -0.114357680 2.272242069 -0.000994123 -0.017166443 0.017742949 0.999694705
1439804066.828316 -0.049591176 -0.115556419 2.301950693 -0.000754242 -0.017381582 0.018349867 0.999680221
1439804066.890822 -0.050874174 -0.117020197 2.331820011 -0.000521150 -0.017479002 0.018739108 0.999671459
1439804066.953317 -0.052531235 -0.118846983 2.361474514 -0.000608761 -0.017635345 0.019711955 0.999649942
1439804067.015820 -0.053066012 -0.120125100 2.392057180 -0.000678380 -0.018234309 0.019606315 0.999641240
1439804067.078321 -0.054689616 -0.121697463 2.421890259 -0.001056366 -0.018335862 0.019471848 0.999641716
1439804067.140821 -0.055882473 -0.123625048 2.452413321 -0.001688288 -0.018610645 0.019291274 0.999639273
1439804067.203321 -0.057108954 -0.124827631 2.482260942 -0.001551863 -0.018712621 0.018834367 0.999646306
1439804067.265824 -0.058504164 -0.126323953 2.512503862 -0.001011091 -0.018888321 0.019061388 0.999639392
1439804067.328326 -0.059160009 -0.128274202 2.542633772 -0.000732088 -0.019329200 0.019003021 0.999632299
1439804067.390825 -0.060596049 -0.129872248 2.572598219 -0.000444783 -0.019470274 0.018898575 0.999631703
1439804067.453328 -0.061868247 -0.131860480 2.602616310 -0.000569032 -0.019682791 0.018492887 0.999635100
1439804067.515828 -0.063710161 -0.133641452 2.632705927 -0.000789927 -0.019589489 0.019043505 0.999626398
1439804067.578330 -0.064952575 -0.135406360 2.662812233 -0.001026016 -0.019915355 0.019076137 0.999619126
1439804067.640830 -0.066232830 -0.136757463 2.692933798 -0.000984826 -0.020181559 0.019234525 0.999610782
1439804067.703331 -0.067410693 -0.138374120 2.722844362 -0.000710298 -0.020382965 0.019095466 0.999609590
1439804067.765833 -0.068488762 -0.139565498 2.753032684 -0.000430909 -0.020698145 0.019001547 0.999605119
1439804067.828334 -0.070551336 -0.141490147 2.783151388 -0.000860689 -0.020611897 0.018944582 0.999607682
1439804067.890834 -0.071593121 -0.142860338 2.813253164 -0.000712371 -0.021147141 0.018468762 0.999605536
1439804067.953337 -0.073494688 -0.144631192 2.843411684 -0.000908027 -0.021502169 0.017140802 0.999621451
1439804068.015838 -0.075251535 -0.146547332 2.873445511 -0.000844498 -0.022094792 0.015438809 0.999636292
1439804068.078339 -0.076493293 -0.147992611 2.903295040 -0.000213874 -0.022986345 0.014887230 0.999624908
1439804068.140839 -0.077917464 -0.149579078 2.933193445 0.000364690 -0.023834981 0.014210510 0.999614835
1439804068.203344 -0.079744637 -0.151441306 2.963412762 0.000744443 -0.024408916 0.013001876 0.999617219
1439804068.265844 -0.081550613 -0.153238565 2.993816137 0.000587245 -0.024625815 0.011816612 0.999626696
1439804068.328343 -0.083436847 -0.154792145 3.024269819 0.000023913 -0.024806239 0.011782072 0.999622822
1439804068.390849 -0.085354656 -0.156234637 3.054774761 -0.000244873 -0.024834214 0.011865817 0.999621153
1439804068.453346 -0.086969197 -0.158277780 3.084911585 -0.000670826 -0.024997864 0.012260183 0.999612093
1439804068.515847 -0.088331491 -0.159773856 3.115323782 -0.000613529 -0.025567574 0.013031736 0.999587953
1439804068.578348 -0.090156138 -0.161450490 3.145662308 -0.000267485 -0.026131159 0.013807655 0.999563158
1439804068.640851 -0.091585211 -0.163025320 3.175683260 0.000097388 -0.027087590 0.015298998 0.999516010
1439804068.703350 -0.093127601 -0.164626837 3.206101179 0.000084670 -0.028036941 0.015979793 0.999479175
1439804068.765852 -0.095022574 -0.166122630 3.236320496 0.000075900 -0.028843632 0.015270151 0.999467313
1439804068.828353 -0.097088970 -0.167915434 3.266294956 0.000031572 -0.029428933 0.014502533 0.999461651
1439804068.890854 -0.099543899 -0.169732034 3.296521664 0.000206244 -0.029749231 0.013790823 0.999462187
1439804068.953355 -0.101606391 -0.171304405 3.326810837 0.000740713 -0.030475710 0.012702369 0.999454498
1439804069.015856 -0.103490375 -0.173210010 3.356857061 0.000768603 -0.031241506 0.011412933 0.999446392
1439804069.078362 -0.105787367 -0.174930304 3.386884928 0.000294793 -0.031492922 0.010147755 0.999452412
1439804069.140862 -0.108632497 -0.176508874 3.416595936 -0.000088838 -0.031362783 0.009536187 0.999462545
1439804069.203362 -0.110477477 -0.178461596 3.446727037 -0.000280047 -0.031847000 0.009257232 0.999449849
1439804069.265865 -0.112596944 -0.180579573 3.476875305 0.000215978 -0.032191314 0.008470634 0.999445796
1439804069.328363 -0.115050927 -0.182662725 3.506664038 0.001084929 -0.032200821 0.008099006 0.999448001
1439804069.390865 -0.117073014 -0.184208930 3.536400557 0.002244386 -0.032313924 0.007717389 0.999445438
1439804069.453367 -0.119044110 -0.185544357 3.566246510 0.003358895 -0.032146648 0.007575396 0.999448776
1439804069.515870 -0.121450633 -0.188237727 3.595997095 0.002555780 -0.031885054 0.007570156 0.999459624
1439804069.578370 -0.123630799 -0.190100193 3.625713587 0.002189245 -0.031572059 0.006676368 0.999476790
1439804069.640875 -0.125549346 -0.191670790 3.655440092 0.001416103 -0.031505451 0.005544326 0.999487221
1439804069.703373 -0.127699047 -0.193361074 3.684864759 0.000289778 -0.030986352 0.005206945 0.999506176
1439804069.765878 -0.129861236 -0.195059672 3.714578629 -0.000760814 -0.030703560 0.004422633 0.999518454
1439804069.828375 -0.131737381 -0.196750566 3.744136572 -0.001421871 -0.030615961 0.004036224 0.999522090
1439804069.890882 -0.133566305 -0.198620796 3.773541689 -0.001442253 -0.030508144 0.003429259 0.999527633
1439804069.953380 -0.135595530 -0.200369895 3.802968979 -0.001085412 -0.030353347 0.002763340 0.999534845
1439804070.015881 -0.137335986 -0.202175483 3.832313299 -0.000783133 -0.030191476 0.001983423 0.999541879
1439804070.078385 -0.139726892 -0.203650787 3.861930370 -0.000119626 -0.029666245 0.001559463 0.999558628
1439804070.140884 -0.141386732 -0.205187455 3.891175747 -0.000109144 -0.029569240 0.001488277 0.999561608
1439804070.203386 -0.143079162 -0.206902146 3.920740604 -0.000761282 -0.029285565 0.001310134 0.999569952
1439804070.265885 -0.145223960 -0.208297402 3.950350523 -0.000852320 -0.028619731 0.001622927 0.999588668
1439804070.328384 -0.146727860 -0.209982201 3.979360819 -0.001086023 -0.028509658 0.001659628 0.999591529
1439804070.390887 -0.149069399 -0.211493880 4.008916855 -0.001159239 -0.027796803 0.000936314 0.999612510
1439804070.453386 -0.150264591 -0.213114306 4.037441730 -0.001192773 -0.027915444 0.001240365 0.999608815
1439804070.515888 -0.152051687 -0.214732036 4.066417217 -0.001151922 -0.027719328 0.002019081 0.999613047
1439804070.578389 -0.153475255 -0.216542065 4.095354557 -0.001323505 -0.027786275 0.001880306 0.999611259
1439804070.640887 -0.155731365 -0.217530891 4.124724388 -0.000779976 -0.027342398 0.002415382 0.999622881
1439804070.703388 -0.154787719 -0.217017114 4.125652313 -0.000048472 -0.027205873 0.001583143 0.999628603
1439804070.765892 -0.154747784 -0.217065126 4.126645565 -0.000500090 -0.027527697 0.002161782 0.999618590
1439804071.265901 -0.154635921 -0.217180625 4.127593994 -0.000052810 -0.027281784 0.000495098 0.999627650
1439804071.328402 -0.154660791 -0.217511266 4.128959179 0.000227113 -0.027477356 0.002308032 0.999619782
1439804071.390901 -0.154612169 -0.217859119 4.128899097 0.000072042 -0.026592443 0.005351102 0.999632061
1439804071.515906 -0.155635983 -0.220661327 4.130106449 -0.002488268 -0.025439067 0.001964054 0.999671340
1439804071.578407 -0.155513614 -0.216471210 4.126360893 0.000908842 -0.026757333 0.006448079 0.999620795
