1439804067.640830 -0.000126375 -0.001798130 0.033821568 -0.000056495 -0.000282756 0.000033130 0.999999940
1439804067.703331 -0.000684325 -0.003607142 0.067453928 0.000226241 -0.000364563 0.000106978 0.999999881
1439804067.765833 -0.000588825 -0.005680053 0.101312071 0.000156876 -0.000577594 -0.000277101 0.999999762
1439804067.828334 -0.000680465 -0.007481526 0.134948537 -0.000145480 -0.000899931 -0.000324255 0.999999523
1439804067.890834 -0.001090523 -0.009369667 0.168805838 -0.000217117 -0.001151138 -0.000931309 0.999998868
1439804067.953337 -0.001457758 -0.011224311 0.202586070 -0.000459326 -0.001738206 -0.002221024 0.999995887
1439804068.015838 -0.002094142 -0.013135363 0.236337185 -0.000257614 -0.002388703 -0.003824619 0.999989808
1439804068.078339 -0.002513142 -0.015055300 0.270194888 0.000233861 -0.003118266 -0.004488020 0.999985039
1439804068.140839 -0.003208803 -0.016878538 0.304039121 0.000754610 -0.003781557 -0.005082967 0.999979675
1439804068.203344 -0.003670868 -0.018860364 0.337957799 0.001103646 -0.004434538 -0.006363150 0.999969304
1439804068.265844 -0.004339417 -0.020554179 0.372021317 0.001135904 -0.004805238 -0.007550941 0.999959290
1439804068.328343 -0.005054205 -0.022389824 0.406000376 0.000402833 -0.004955322 -0.007698296 0.999957979
1439804068.390849 -0.005673790 -0.024142142 0.440232754 -0.000016405 -0.005122098 -0.007718415 0.999957085
1439804068.453346 -0.006065161 -0.025748296 0.474261969 0.000048938 -0.005428164 -0.007163074 0.999959588
1439804068.515847 -0.006705073 -0.027727624 0.508230925 -0.000087092 -0.005658937 -0.006444459 0.999963224
1439804068.578348 -0.007111880 -0.029723139 0.542252779 0.000177032 -0.006396085 -0.005690801 0.999963343
1439804068.640851 -0.007482697 -0.031638905 0.576116562 0.000434035 -0.007343132 -0.004230475 0.999963999
1439804068.703350 -0.008542653 -0.033453856 0.610140264 0.000423930 -0.007925526 -0.003393686 0.999962747
1439804068.765852 -0.009278441 -0.035156775 0.644068301 0.000347198 -0.008752610 -0.004084554 0.999953270
1439804068.828353 -0.010293255 -0.037107911 0.677973151 0.000283920 -0.009376458 -0.004976464 0.999943614
1439804068.890854 -0.011528628 -0.039103914 0.711840570 0.000422968 -0.009774894 -0.005694840 0.999935925
1439804068.953355 -0.012548197 -0.040954039 0.745631397 0.000754508 -0.010454169 -0.006814314 0.999921858
1439804069.015856 -0.013640754 -0.042921081 0.779516697 0.000854006 -0.011070450 -0.008087276 0.999905646
1439804069.078362 -0.014908710 -0.044785414 0.813331008 0.000366395 -0.011419698 -0.009059091 0.999893665
1439804069.140862 -0.017009795 -0.046006180 0.847751498 0.000485219 -0.011249369 -0.009705299 0.999889493
1439804069.203362 -0.017218048 -0.048087798 0.881425261 0.000202949 -0.012097077 -0.009859147 0.999878228
1439804069.265865 -0.018431544 -0.049890477 0.915303946 0.001016045 -0.012358947 -0.010093780 0.999872148
1439804069.328363 -0.019997805 -0.052073427 0.948961377 0.002055323 -0.012242057 -0.011015968 0.999862313
1439804069.390865 -0.020994876 -0.053832073 0.982650697 0.003056404 -0.012401287 -0.011014212 0.999857724
1439804069.453367 -0.022219276 -0.055987999 1.016392946 0.003586499 -0.012216288 -0.011035083 0.999858022
1439804069.515870 -0.023537472 -0.058097761 1.050154924 0.003569342 -0.011856282 -0.010991051 0.999862909
1439804069.578370 -0.024565278 -0.060199171 1.084011436 0.003069533 -0.011657280 -0.011713484 0.999858737
1439804069.640875 -0.025895579 -0.062141519 1.117826819 0.002278381 -0.011191581 -0.012887979 0.999851704
1439804069.703373 -0.027301151 -0.064529493 1.151896477 0.000885413 -0.010673705 -0.013594658 0.999850214
1439804069.765878 -0.028013417 -0.065924138 1.185146809 0.000162921 -0.010607996 -0.013916617 0.999846876
1439804069.828375 -0.029129397 -0.068056859 1.218551397 -0.000645063 -0.010186228 -0.014532533 0.999842286
1439804069.890882 -0.029696263 -0.069966890 1.251618624 -0.000450613 -0.010145085 -0.014862916 0.999837935
1439804069.953380 -0.030730946 -0.071852997 1.284770727 -0.000096905 -0.009877843 -0.015442800 0.999831975
1439804070.015881 -0.031605214 -0.073637702 1.318099260 0.000534948 -0.009719726 -0.016127257 0.999822557
1439804070.078385 -0.032343324 -0.075415656 1.351273417 0.001061781 -0.009646597 -0.016703706 0.999813378
1439804070.140884 -0.033228837 -0.077235207 1.384524226 0.001194473 -0.009273264 -0.016795313 0.999815226
1439804070.203386 -0.034240358 -0.078984559 1.417604327 0.000738204 -0.008843668 -0.016647531 0.999822021
1439804070.265885 -0.035309296 -0.081034034 1.451003909 0.000249248 -0.008103527 -0.016415825 0.999832392
1439804070.328384 -0.036014870 -0.082664788 1.483859539 0.000303987 -0.007897548 -0.016437531 0.999833643
1439804070.390887 -0.036806326 -0.084505901 1.516797185 0.000159769 -0.007599833 -0.016919903 0.999827921
1439804070.453386 -0.037426446 -0.086358532 1.549687266 0.000211071 -0.007423185 -0.016792158 0.999831438
1439804070.515888 -0.038113482 -0.088203765 1.582534313 0.000171169 -0.007255587 -0.016419625 0.999838829
1439804070.578389 -0.038801461 -0.090072051 1.615348816 0.000021785 -0.007106675 -0.016271716 0.999842346
1439804070.640887 -0.039355703 -0.091716692 1.648017764 0.000365222 -0.006872675 -0.015993739 0.999848425
1439804070.703388 -0.039448321 -0.093790598 1.679224610 0.000175061 -0.006715218 -0.014566969 0.999871314
1439804070.765892 -0.039551225 -0.094558142 1.679973245 -0.001050579 -0.007194338 -0.015381863 0.999855280
