1439803650.445678 -0.000237914 -0.003494796 0.060397938 0.000897710 0.000075699 -0.000112626 0.999999583
1439803650.508180 -0.010547485 -0.002824896 0.069040060 0.003010599 0.011915698 -0.000051906 0.999924481
1439803650.570681 -0.008778516 -0.003537725 0.075805426 0.003997356 0.010624024 0.001237983 0.999934793
1439803650.695683 -0.005781562 -0.004662210 0.086031467 0.005542606 0.007826434 0.004289283 0.999944806
1439803650.758188 -0.003489522 -0.005436097 0.089287907 0.004492783 0.005574652 0.004665658 0.999963462
1439803650.820685 0.000193608 -0.006274157 0.092821129 0.002871397 0.001887183 0.004307481 0.999984801
1439803650.883186 0.004511431 -0.006673121 0.097229674 0.002023140 -0.003028106 0.004479395 0.999983311
1439803650.945688 0.008498531 -0.007232937 0.101137958 0.000334158 -0.007369976 0.004010215 0.999964774
1439803651.070689 0.014043608 -0.008492159 0.110190362 -0.002991768 -0.014049296 0.006498346 0.999875724
1439803651.133190 0.016085301 -0.007960415 0.114456601 -0.002168293 -0.016523963 0.009065775 0.999819994
1439803651.195692 0.018243063 -0.007804717 0.119595043 -0.001111264 -0.018769747 0.010248056 0.999770701
1439803651.258195 0.019631691 -0.007719444 0.125122324 0.000362069 -0.020035708 0.011037917 0.999738276
1439803651.383194 0.024515171 -0.008728333 0.133679524 0.000643679 -0.025977727 0.009770703 0.999614537
1439803651.445695 0.026894940 -0.008707530 0.138403311 0.001182442 -0.029170806 0.009427004 0.999529302
1439803651.508197 0.028900832 -0.009308690 0.143157497 0.000612875 -0.031920157 0.008245808 0.999456227
1439803651.570698 0.031153398 -0.009190577 0.148035154 0.000955475 -0.035271067 0.008046913 0.999344945
1439803651.695700 0.034893438 -0.009786034 0.157924503 0.001133666 -0.041020539 0.012460504 0.999079943
1439803651.758201 0.037129600 -0.010992365 0.160488397 0.000335289 -0.044249956 0.014602028 0.998913705
1439803651.820703 0.038556825 -0.011690532 0.164915502 0.000315380 -0.046054669 0.015187326 0.998823464
1439803651.883203 0.040646285 -0.011951435 0.169219464 0.000581762 -0.049057774 0.015306721 0.998678446
1439803651.945705 0.042475495 -0.012285324 0.173887670 0.000908859 -0.051864475 0.014084364 0.998554409
1439803652.008209 0.044526834 -0.013165003 0.178000316 0.000686599 -0.055127859 0.014265140 0.998377204
1439803652.133206 0.047788262 -0.015428333 0.186209857 -0.002251250 -0.060815167 0.014555302 0.998040378
1439803652.195710 0.049243324 -0.016181836 0.190728545 -0.003640196 -0.064021319 0.014923475 0.997830272
1439803652.258216 0.050909206 -0.016587934 0.194922015 -0.004013175 -0.067222781 0.017003600 0.997584999
1439803652.320718 0.052567478 -0.017196376 0.199424908 -0.004065403 -0.070287324 0.018404489 0.997348726
1439803652.383212 0.053552821 -0.017694909 0.203921914 -0.003675826 -0.072104551 0.018188633 0.997224450
1439803652.508214 0.056415543 -0.019692698 0.211604893 -0.004683153 -0.077800155 0.019179529 0.996773481
1439803652.570715 0.057758961 -0.020189505 0.216006666 -0.004698181 -0.080864005 0.018508848 0.996542215
1439803652.633215 0.059098072 -0.020431204 0.219928131 -0.004664254 -0.083718479 0.017887609 0.996317983
1439803652.695715 0.060056265 -0.020660857 0.224268913 -0.004674969 -0.086274721 0.018640164 0.996086061
1439803652.758216 0.061698630 -0.021569196 0.228442639 -0.006185191 -0.090097517 0.019130751 0.995729983
1439803652.820717 0.062862419 -0.022217631 0.233062059 -0.007168092 -0.093108170 0.019676547 0.995435715
1439803652.945717 0.064735159 -0.024076968 0.240566611 -0.011286600 -0.097930506 0.019205796 0.994943917
1439803653.008218 0.065671548 -0.024821091 0.244977161 -0.012841136 -0.100910403 0.019307390 0.994625270
1439803653.070718 0.066871315 -0.025780130 0.249103278 -0.014777875 -0.104529642 0.017923269 0.994250417
1439803653.133218 0.067450300 -0.026340211 0.253089726 -0.015702821 -0.106902689 0.016899647 0.994001806
1439803653.195719 0.068255484 -0.027160890 0.257332653 -0.017431006 -0.109778129 0.016365845 0.993668497
1439803653.258219 0.068830356 -0.027930111 0.261316597 -0.018849019 -0.112536766 0.015412700 0.993349195
1439803653.383220 0.069075495 -0.029575728 0.267681509 -0.022387259 -0.115548432 0.015400899 0.992930055
1439803653.445721 0.069376938 -0.030616289 0.271483690 -0.024604576 -0.117518395 0.015677398 0.992642045
1439803653.508221 0.069751158 -0.031116914 0.275270611 -0.026099073 -0.119814821 0.015240803 0.992336094
1439803653.570721 0.070159137 -0.031453721 0.279354900 -0.027495032 -0.122486420 0.014695760 0.991980374
1439803653.695723 0.071040891 -0.032692201 0.286840498 -0.030450858 -0.127590105 0.013451112 0.991268158
1439803653.758223 0.071624853 -0.033480417 0.290791929 -0.031605523 -0.130590186 0.012314055 0.990855992
1439803653.820723 0.072285905 -0.034043714 0.294849396 -0.032007795 -0.134030014 0.010792785 0.990401447
1439803653.883225 0.072823271 -0.034492690 0.299038827 -0.032930553 -0.137536421 0.009828854 0.989900351
1439803653.945725 0.073242031 -0.034557946 0.303172380 -0.032538272 -0.140700832 0.009509915 0.989471614
1439803654.008227 0.073807359 -0.035064459 0.307415098 -0.033188023 -0.144322932 0.009344531 0.988929808
1439803654.633234 0.074434236 -0.034949683 0.307849556 -0.033510424 -0.146655872 0.008612993 0.988582313
1439803654.695735 0.074110076 -0.034431256 0.307630211 -0.032571867 -0.145411953 0.009595380 0.988788307
1439803654.758235 0.073368393 -0.034584709 0.307202190 -0.032718413 -0.144127086 0.010037711 0.988967180
1439803654.820738 0.073847435 -0.034178227 0.306555241 -0.030979553 -0.144977868 0.008846838 0.988910198
1439803654.883238 0.073793873 -0.033448584 0.305412471 -0.030203454 -0.144920871 0.008839197 0.988942623
1439803654.945742 0.072696425 -0.034417029 0.305225074 -0.032767180 -0.142036945 0.010269715 0.989265561
1439803655.008245 0.066691034 -0.035618313 0.294702381 -0.038053751 -0.126003668 0.020389309 0.991089940
1439803655.070740 0.066629000 -0.035627306 0.295184940 -0.038107466 -0.125872061 0.019525643 0.991122007
1439803655.195743 0.067683734 -0.035959661 0.296198428 -0.039154667 -0.128023356 0.021035163 0.990774691
1439803655.320745 0.068595350 -0.035305344 0.295944631 -0.037018377 -0.129872456 0.018754827 0.990661919
1439803655.383245 0.068758056 -0.034745350 0.295291960 -0.035807803 -0.130141154 0.018933333 0.990667760
