1439803829.323870 -0.000964736 -0.002569231 0.058928046 -0.000300404 0.000351334 0.000525291 0.999999762
1439803829.386371 -0.000532580 -0.005622557 0.115732774 -0.000799054 0.000506874 0.000922801 0.999999106
1439803829.448873 -0.000666039 -0.008569868 0.173731536 -0.001254509 0.000900096 0.000691624 0.999998569
1439803829.511374 0.000526241 -0.012030999 0.233140260 -0.001698082 0.001158003 0.000769628 0.999997556
1439803829.573876 -0.000706766 -0.014396169 0.290621430 -0.001759748 0.002214972 0.000685079 0.999995768
1439803829.636376 -0.000159550 -0.017446384 0.349446803 -0.002030601 0.002780286 0.000447855 0.999993980
1439803829.698878 -0.000630518 -0.019928120 0.408851147 -0.002642079 0.003484482 0.000282556 0.999990404
1439803829.761380 -0.000131511 -0.022679338 0.468150139 -0.003501659 0.004069534 0.000572678 0.999985456
1439803829.823881 0.000232297 -0.025205495 0.528031647 -0.003919653 0.004636805 0.001341445 0.999980688
1439803829.886381 0.000747883 -0.028011836 0.587877989 -0.003756325 0.005084917 0.001861156 0.999978304
1439803829.948881 0.001192884 -0.031125098 0.647739589 -0.002825574 0.005592054 0.001763274 0.999978840
1439803830.011383 0.001530347 -0.034421962 0.707645118 -0.001139991 0.006096252 0.001434420 0.999979734
1439803830.073883 0.001987756 -0.037951190 0.767784357 0.001062865 0.006439744 0.001462180 0.999977648
1439803830.136385 0.002297007 -0.041502088 0.828162313 0.002931988 0.006546278 0.001662661 0.999972880
1439803830.198885 0.002738459 -0.044958428 0.889248490 0.003944020 0.006405850 0.001631304 0.999970376
1439803830.261384 0.003004592 -0.048442740 0.950485408 0.004209576 0.006211673 0.001719483 0.999970376
1439803830.323884 0.003315339 -0.051989518 1.012582541 0.004115839 0.005970649 0.001924133 0.999971867
1439803830.386386 0.003406363 -0.055808607 1.074999452 0.003631038 0.005750307 0.001930834 0.999974966
1439803830.448888 0.003660804 -0.059710331 1.137456656 0.002964675 0.005637733 0.002170380 0.999977350
1439803830.511389 0.003951276 -0.063403077 1.200016737 0.002559152 0.005428036 0.002224515 0.999979496
1439803830.573892 0.004139542 -0.066994071 1.263072610 0.002704460 0.005214029 0.002436840 0.999979794
1439803830.636390 0.004031353 -0.070908837 1.325642943 0.002589795 0.005145047 0.002257340 0.999980867
1439803830.698891 0.004186892 -0.074384414 1.388835192 0.002499139 0.004986535 0.001961687 0.999982476
1439803830.761392 0.004352917 -0.078043893 1.451803446 0.002597831 0.004898488 0.001858287 0.999982893
1439803830.823894 0.004621401 -0.081461765 1.514823914 0.002833209 0.004864768 0.002027411 0.999982119
1439803830.886395 0.005080382 -0.085513420 1.578791261 0.002895647 0.004725166 0.002286976 0.999981999
1439803830.948897 0.005374841 -0.089290462 1.642274857 0.002923535 0.004665910 0.002621855 0.999981403
1439803831.011400 0.005599330 -0.092968911 1.706922054 0.002851443 0.004613545 0.002655014 0.999981761
1439803831.073901 0.006144427 -0.096835613 1.770262361 0.002274024 0.004558693 0.002667509 0.999983430
1439803831.136401 0.006225256 -0.100218177 1.836638689 0.001979680 0.004496113 0.003132109 0.999983013
1439803831.198903 0.006453698 -0.103740916 1.902659059 0.001844092 0.004500390 0.003680876 0.999981403
1439803831.261404 0.007305028 -0.108570322 1.967188358 0.001616919 0.004658446 0.003841025 0.999980450
1439803831.323905 0.006930213 -0.111203432 2.033416510 0.002219904 0.004828489 0.004028301 0.999977767
1439803831.386411 0.007469705 -0.115237087 2.098081589 0.002238627 0.004832610 0.004101743 0.999977410
1439803831.448908 0.007304520 -0.118610017 2.164772749 0.002041173 0.004602911 0.004464705 0.999977350
1439803831.511410 0.007882097 -0.122438423 2.230967522 0.001429321 0.004076790 0.004572878 0.999980211
1439803831.573911 0.007908512 -0.125541523 2.298045874 0.000702443 0.003638745 0.005081474 0.999980211
1439803831.636412 0.007991040 -0.129338771 2.364675283 -0.000119237 0.003388892 0.005515792 0.999979019
1439803831.698914 0.008954758 -0.133254111 2.430948973 -0.000746307 0.003093677 0.005492742 0.999979854
1439803831.761415 0.007842581 -0.136454225 2.499020815 -0.001077004 0.003153959 0.005736287 0.999978006
1439803831.823916 0.008214395 -0.139707923 2.566330910 -0.001015385 0.002860035 0.005825326 0.999978423
1439803831.886419 0.008316908 -0.143089086 2.634083271 -0.000687083 0.002563019 0.006075058 0.999978006
1439803831.948919 0.008235980 -0.146569908 2.702086926 -0.000437839 0.002291026 0.006558982 0.999975801
1439803832.011419 0.007998760 -0.149985597 2.770133018 -0.000106013 0.002034037 0.007219843 0.999971867
1439803832.073922 0.008034632 -0.153741032 2.838344336 0.000273409 0.001712589 0.007628034 0.999969423
1439803832.136423 0.007629800 -0.157209888 2.907332897 0.000482887 0.001547983 0.007614522 0.999969721
1439803832.198925 0.007614735 -0.161014274 2.975314140 0.000374080 0.001434989 0.007831505 0.999968231
1439803832.261426 0.007418159 -0.164652824 3.043899298 0.000537241 0.001288454 0.008000548 0.999966979
1439803832.323927 0.007412920 -0.168807924 3.113158226 0.000749079 0.001111689 0.007930247 0.999967635
1439803832.386428 0.006986831 -0.172540739 3.182686567 0.001003768 0.000982231 0.007815547 0.999968469
1439803832.448930 0.006642080 -0.176583141 3.251698494 0.001365002 0.000884301 0.007373025 0.999971509
1439803832.511430 0.006458200 -0.180373639 3.320926428 0.001703295 0.000688233 0.006745742 0.999975562
1439803832.573932 0.005807179 -0.184324667 3.390542984 0.001660182 0.000550318 0.006317450 0.999978483
1439803832.636434 0.005250249 -0.188290656 3.460667372 0.001525764 0.000271187 0.006058647 0.999980450
1439803832.698935 0.004885449 -0.192132816 3.530378580 0.001129130 -0.000178637 0.005662560 0.999983311
1439803832.761436 0.004186608 -0.196078226 3.600260735 0.000426258 -0.000505493 0.005111760 0.999986708
1439803832.823938 0.003842168 -0.199950844 3.670669556 0.000487466 -0.000814375 0.005821857 0.999982595
1439803832.886439 0.003419252 -0.204030573 3.740964174 0.000821053 -0.001103082 0.006442694 0.999978304
1439803832.948945 0.003044747 -0.208510995 3.810503721 0.001529065 -0.001477955 0.006655747 0.999975622
1439803833.011446 0.002163986 -0.212448627 3.880840778 0.003040865 -0.001829872 0.007197691 0.999967754
1439803833.073944 0.001879899 -0.217006207 3.951187372 0.003694078 -0.002329024 0.008101814 0.999957621
1439803833.136445 0.001484217 -0.221419811 4.020398617 0.003720482 -0.002815801 0.008524272 0.999952793
1439803833.198946 -0.000079207 -0.225551546 4.091837406 0.003423196 -0.002935614 0.008362889 0.999954879
1439803833.261447 -0.000757596 -0.229829803 4.161808968 0.002363571 -0.003064317 0.008133736 0.999959409
1439803833.323951 -0.001947606 -0.233716115 4.232070923 0.001182886 -0.002842637 0.007466956 0.999967396
1439803833.386451 -0.002465449 -0.237921163 4.301498890 0.000208820 -0.002727428 0.007099695 0.999971032
1439803833.448952 -0.003061440 -0.242195204 4.370925903 -0.000392804 -0.002549926 0.007070641 0.999971688
1439803833.511453 -0.003902869 -0.245789751 4.441324711 -0.000499335 -0.002401066 0.007037347 0.999972224
1439803833.573957 -0.004234047 -0.249769777 4.509534836 -0.000322720 -0.002096918 0.007444030 0.999970019
1439803833.636455 -0.004667426 -0.253737658 4.579544544 0.000069810 -0.001873525 0.007894470 0.999967098
1439803833.698957 -0.004939266 -0.257618487 4.648433685 0.000643758 -0.001673707 0.008230966 0.999964535
1439803833.761459 -0.005316174 -0.261736959 4.717335224 0.000935032 -0.001367397 0.008302807 0.999964178
1439803833.823960 -0.006018059 -0.265344620 4.787568092 0.001018550 -0.001108758 0.009092380 0.999957502
1439803833.886462 -0.005891658 -0.269551218 4.855175972 0.000884832 -0.000892642 0.009350859 0.999955475
1439803833.948964 -0.006233905 -0.273410141 4.923457146 0.000653053 -0.000595721 0.009548866 0.999954045
1439803834.011464 -0.006552591 -0.277087837 4.992165565 0.000200536 -0.000295479 0.010291703 0.999946952
1439803834.073967 -0.006401566 -0.280968964 5.061300278 -0.000083379 -0.000089008 0.011067256 0.999938726
1439803834.136467 -0.006336206 -0.285529047 5.129530430 -0.000503643 0.000187143 0.011456458 0.999934196
1439803834.198971 -0.006214558 -0.288868725 5.197749615 -0.001402957 0.000454937 0.010950058 0.999938965
1439803834.261469 -0.006783593 -0.292109400 5.265833378 -0.002717966 0.000626155 0.009728047 0.999948800
1439803834.323971 -0.006920757 -0.295875072 5.334009171 -0.003565710 0.000805875 0.009446008 0.999948680
1439803834.386474 -0.007162850 -0.299905479 5.403162479 -0.003187023 0.000861223 0.011313725 0.999930561
1439803834.448973 -0.006724936 -0.303912342 5.470766544 -0.001511373 0.000689457 0.014180445 0.999898076
1439803834.511472 -0.006524646 -0.308329999 5.537683964 0.000898906 0.000916641 0.014954503 0.999887347
1439803834.573978 -0.006742444 -0.312176466 5.605284691 0.002865168 0.001181034 0.015103256 0.999881148
1439803834.636474 -0.007757349 -0.316125751 5.674109936 0.003999371 0.001609161 0.014422688 0.999886692
1439803834.698974 -0.006745178 -0.319968820 5.740454197 0.003847787 0.001533666 0.014891279 0.999880552
1439803834.761480 -0.007512055 -0.324340165 5.808176041 0.003088699 0.001533103 0.014628196 0.999887049
1439803834.823976 -0.007779952 -0.328335494 5.875753880 0.002059598 0.001504143 0.014299536 0.999894500
1439803834.886476 -0.008129504 -0.332510561 5.944053173 0.001192300 0.001584027 0.014074681 0.999898970
1439803834.948977 -0.007901423 -0.336736202 6.010125637 0.000894717 0.001744486 0.013539756 0.999906421
1439803835.011477 -0.008190669 -0.341015965 6.076852798 0.000843950 0.002040135 0.013332307 0.999908686
1439803835.073978 -0.008045252 -0.344779253 6.143318176 0.000902416 0.002304476 0.012850091 0.999914348
1439803835.136479 -0.008134168 -0.348639756 6.210724831 0.001376445 0.002620505 0.012721867 0.999914706
1439803835.198979 -0.007959645 -0.352746099 6.276257515 0.001691585 0.003004170 0.012410978 0.999917030
1439803835.261479 -0.007715844 -0.356799096 6.342196465 0.001751989 0.003405153 0.012351800 0.999916375
1439803835.323983 -0.007259559 -0.360826313 6.409044743 0.001614928 0.003898295 0.012654702 0.999911010
1439803835.386481 -0.006888196 -0.365058720 6.475079060 0.001526776 0.004507902 0.012546211 0.999909997
1439803835.448981 -0.006282724 -0.368512660 6.541060448 0.001277322 0.005096611 0.013088685 0.999900520
1439803835.511483 -0.005549870 -0.372723281 6.607403755 0.001014197 0.005625272 0.013250774 0.999895871
1439803835.573983 -0.004753299 -0.376108646 6.673164845 0.001136103 0.006056899 0.013173954 0.999894261
1439803835.636484 -0.004310608 -0.380008131 6.739661217 0.001446243 0.006522712 0.012840561 0.999895275
1439803835.698984 -0.003469683 -0.384736240 6.803304195 0.001350176 0.006876960 0.012737578 0.999894321
1439803835.761485 -0.003010049 -0.388351440 6.869013786 0.001439367 0.007164792 0.012710553 0.999892533
1439803835.823986 -0.001063496 -0.392785817 6.934069633 0.001063186 0.007394813 0.012602405 0.999892712
1439803835.886489 -0.001078829 -0.396004051 7.000784874 0.000729061 0.007848056 0.013273859 0.999880850
1439803835.948988 0.000367321 -0.399188429 7.062812805 0.000418430 0.008167125 0.013762837 0.999871850
1439803836.011490 0.001585789 -0.402283579 7.128772259 0.000506932 0.008560895 0.013949242 0.999865949
1439803836.073990 0.002416000 -0.406100959 7.192916870 0.000375376 0.009014027 0.014202106 0.999858439
1439803836.136491 0.003109381 -0.410002977 7.258444309 -0.000008135 0.009506709 0.014921979 0.999843478
1439803836.198993 0.005124941 -0.414431423 7.321465492 -0.000480217 0.009748224 0.015687969 0.999829292
1439803836.261495 0.006342962 -0.417323709 7.386955261 -0.000746324 0.010051408 0.015900530 0.999822795
1439803836.323997 0.007368803 -0.421069622 7.451457977 -0.000951961 0.010538707 0.016029958 0.999815524
1439803836.386498 0.009357899 -0.425091565 7.513820171 -0.000694425 0.010898075 0.017007468 0.999795735
1439803836.448999 0.010303080 -0.429098159 7.579559803 0.000006601 0.011300611 0.017857702 0.999776661
1439803836.511499 0.011848524 -0.432804495 7.643448353 0.000842168 0.011762955 0.018615248 0.999757171
1439803836.574002 0.013402030 -0.435775787 7.707350731 0.001329049 0.012320135 0.019005602 0.999742568
1439803836.636504 0.015768766 -0.439925164 7.770293236 0.001237531 0.012830630 0.018842315 0.999739349
1439803836.699007 0.017963648 -0.443616360 7.834122658 0.000691720 0.013293664 0.018822921 0.999734223
1439803836.761505 0.019496679 -0.447163314 7.897947788 -0.000425663 0.013871545 0.018434497 0.999733746
1439803836.824007 0.021115974 -0.450896084 7.961350441 -0.001238042 0.014413466 0.017929938 0.999734581
1439803836.886508 0.022458166 -0.454523712 8.025126457 -0.001740070 0.015306367 0.016374869 0.999747217
1439803836.949010 0.024684474 -0.458392054 8.088952065 -0.001954724 0.016577156 0.015764385 0.999736369
1439803837.011511 0.027076155 -0.461264908 8.152648926 -0.001484250 0.018092334 0.016697396 0.999695778
1439803837.074012 0.029612869 -0.464606404 8.215651512 -0.000650224 0.019641075 0.016359288 0.999673069
1439803837.136513 0.032745391 -0.468157411 8.279127121 0.000012984 0.020992901 0.015506170 0.999659359
1439803837.199014 0.035056204 -0.471411288 8.343337059 0.000205857 0.022470636 0.015100550 0.999633431
1439803837.261517 0.038240582 -0.474843323 8.406663895 -0.000329340 0.023589892 0.015350739 0.999603808
1439803837.324017 0.041528404 -0.477839679 8.470731735 -0.000882773 0.024443043 0.015524356 0.999580264
1439803837.386519 0.044838130 -0.481414229 8.534084320 -0.001257513 0.025203582 0.015608703 0.999559641
1439803837.449025 0.048037648 -0.485583246 8.597800255 -0.001002885 0.026097931 0.015519394 0.999538362
1439803837.511524 0.052261740 -0.489120543 8.661574364 0.000129373 0.026837619 0.015430437 0.999520719
1439803837.574024 0.055171371 -0.492267877 8.724545479 0.001688004 0.027589379 0.014649021 0.999510586
1439803837.636525 0.059169382 -0.495897651 8.787910461 0.002756231 0.028103406 0.014022089 0.999502897
1439803837.699027 0.061968148 -0.499271184 8.850691795 0.003153320 0.028500522 0.014018886 0.999490499
1439803837.761530 0.065218955 -0.503105640 8.914618492 0.003184699 0.028548878 0.013819189 0.999491811
1439803837.824029 0.068504989 -0.507159352 8.978002548 0.002800579 0.028462298 0.013695046 0.999497116
1439803837.886531 0.071440756 -0.511042297 9.041543007 0.002296911 0.028263738 0.013878339 0.999501526
1439803837.949032 0.074951231 -0.514915109 9.106047630 0.002052109 0.027655158 0.014304082 0.999513030
1439803838.011534 0.078088939 -0.518470109 9.169769287 0.002167805 0.027002230 0.014221941 0.999531865
1439803838.074041 0.081332743 -0.522821248 9.232896805 0.002249393 0.026105380 0.014450794 0.999552190
1439803838.136537 0.083646744 -0.526401281 9.297821999 0.002778780 0.025154406 0.014938969 0.999568105
1439803838.199037 0.086584628 -0.530330181 9.362120628 0.003691924 0.024091866 0.014962035 0.999590933
1439803838.261537 0.088822335 -0.533968806 9.425759315 0.004674695 0.023121890 0.014863674 0.999611199
1439803838.324042 0.091086268 -0.538564205 9.490544319 0.005406897 0.022206839 0.015004471 0.999626219
1439803838.386539 0.093412310 -0.542345583 9.554454803 0.005976018 0.021263741 0.014804449 0.999646425
1439803838.449039 0.095975697 -0.546370149 9.619286537 0.006103408 0.020131940 0.014805799 0.999669075
1439803838.511542 0.097574830 -0.550711811 9.684182167 0.005808806 0.019199619 0.014425130 0.999694705
1439803838.574041 0.099531651 -0.554677784 9.748976707 0.005538003 0.018134573 0.014192888 0.999719501
1439803838.636541 0.101661175 -0.559220970 9.813797951 0.004994998 0.017016811 0.014110812 0.999743164
1439803838.699044 0.102878004 -0.563098669 9.879706383 0.004895485 0.016102029 0.013842004 0.999762535
1439803838.761542 0.104773626 -0.567374885 9.945405006 0.005138308 0.014979078 0.014173093 0.999774158
1439803838.824042 0.105734929 -0.571693420 10.010002136 0.005374354 0.013955033 0.014100711 0.999788702
1439803838.886546 0.107106775 -0.575607419 10.075761795 0.005421647 0.012855517 0.013977389 0.999804974
1439803838.949046 0.108121231 -0.580023587 10.140047073 0.005091337 0.011883286 0.014204510 0.999815524
1439803839.011550 0.108539887 -0.583823442 10.205733299 0.004637184 0.010909805 0.014507975 0.999824464
1439803839.074050 0.108989269 -0.588504136 10.270762444 0.003930239 0.009657403 0.014948133 0.999833941
1439803839.136553 0.109888479 -0.592059612 10.336506844 0.003248848 0.008415404 0.015556432 0.999838293
1439803839.199054 0.110940211 -0.595988452 10.402943611 0.002670903 0.007070629 0.016292706 0.999838710
1439803839.261554 0.111318946 -0.600224018 10.467846870 0.002200675 0.005668585 0.016446343 0.999846280
1439803839.324055 0.111730345 -0.603350997 10.533794403 0.002133143 0.004198825 0.016800931 0.999847770
1439803839.386555 0.111437984 -0.607771397 10.598561287 0.001933178 0.002752299 0.017428074 0.999842465
1439803839.449058 0.110870920 -0.611372054 10.664259911 0.002330540 0.001440031 0.017826118 0.999837339
1439803839.511560 0.110838801 -0.615253747 10.728652000 0.002769235 -0.000108789 0.018472811 0.999825537
1439803839.574059 0.110550605 -0.619722605 10.794189453 0.003242458 -0.001376061 0.018652920 0.999819815
1439803839.636560 0.109794013 -0.624029994 10.858513832 0.003500895 -0.002611999 0.019149376 0.999807119
1439803839.699062 0.108583421 -0.627377748 10.924242020 0.003855501 -0.003882071 0.019231638 0.999800086
1439803839.761563 0.106996320 -0.631475806 10.989180565 0.004035690 -0.005182508 0.018764770 0.999802351
1439803839.824068 0.105955347 -0.635702729 11.054227829 0.004199635 -0.006549136 0.018650457 0.999795794
1439803839.886566 0.104295120 -0.640163064 11.118782043 0.004296461 -0.007922288 0.018569008 0.999786973
1439803839.949070 0.102754921 -0.644464910 11.183984756 0.004707113 -0.009375414 0.018378759 0.999776065
1439803840.011569 0.100309089 -0.648633480 11.248806000 0.005037603 -0.010658704 0.017162189 0.999783218
1439803840.074072 0.098288208 -0.653105855 11.313192368 0.005076337 -0.012048695 0.016343096 0.999780953
1439803840.136571 0.095605910 -0.657182038 11.378111839 0.005999478 -0.013285764 0.015649183 0.999771297
1439803840.199075 0.093159139 -0.662009597 11.442305565 0.007065205 -0.014506909 0.015215874 0.999754012
1439803840.261574 0.090363950 -0.667047262 11.506678581 0.007910736 -0.015464568 0.015229023 0.999733150
1439803840.324076 0.087797970 -0.671683431 11.571019173 0.008926388 -0.016313290 0.014749735 0.999718249
1439803840.386577 0.084880590 -0.676374078 11.635287285 0.009282338 -0.017094515 0.014274991 0.999708891
1439803840.449080 0.081903398 -0.680500627 11.700311661 0.007375068 -0.018046692 0.013617649 0.999717176
1439803840.511580 0.078209907 -0.684553683 11.765748978 0.004274746 -0.018732207 0.012241846 0.999740422
1439803840.574084 0.075394213 -0.688435555 11.829981804 0.000896080 -0.019496648 0.011081259 0.999748111
1439803840.636589 0.071904063 -0.691507518 11.895376205 -0.001854770 -0.020120284 0.011322419 0.999731719
1439803840.699084 0.069603413 -0.695876062 11.959138870 -0.003563351 -0.020612363 0.011764836 0.999711990
1439803840.761586 0.066433549 -0.699555755 12.023814201 -0.003637625 -0.020897625 0.011677575 0.999706805
1439803840.824087 0.063584685 -0.702447653 12.087142944 -0.003198812 -0.021375882 0.010686691 0.999709308
1439803840.886588 0.059808314 -0.705842257 12.151225090 -0.002608715 -0.021814927 0.009243514 0.999715924
1439803840.949090 0.056297839 -0.708769560 12.214861870 -0.002014337 -0.022473300 0.008374484 0.999710321
1439803841.011591 0.052600563 -0.712204933 12.278899193 -0.001970624 -0.023339856 0.007444389 0.999697924
1439803841.074093 0.048734128 -0.715420187 12.342560768 -0.001777625 -0.024327207 0.006998202 0.999677956
1439803841.136594 0.045191288 -0.719034612 12.406191826 -0.001465662 -0.025298318 0.006260837 0.999659240
1439803841.199094 0.040595829 -0.722148597 12.470287323 -0.001185948 -0.026199639 0.005863082 0.999638855
1439803841.261594 0.036209285 -0.725583851 12.534524918 -0.001314995 -0.027207790 0.005094036 0.999615967
1439803841.324095 0.031735361 -0.728837371 12.598061562 -0.001533478 -0.028135400 0.003813703 0.999595642
1439803841.386595 0.027147532 -0.732475460 12.661738396 -0.001657440 -0.029157171 0.003049396 0.999568820
1439803841.449095 0.022521973 -0.735617042 12.725481987 -0.001536417 -0.030294221 0.003447370 0.999533892
1439803841.511600 0.017736435 -0.738814056 12.789834976 -0.001034088 -0.031409878 0.003868661 0.999498546
1439803841.574102 0.013211012 -0.742397130 12.852975845 -0.000526081 -0.032495327 0.004274371 0.999462605
1439803841.636601 0.008170366 -0.746098876 12.916978836 0.000599902 -0.033567131 0.003834679 0.999428928
1439803841.699103 0.003118157 -0.749734223 12.980112076 0.001883503 -0.034557566 0.003309869 0.999395430
1439803841.761602 -0.002547324 -0.753534675 13.044278145 0.003439315 -0.035597391 0.002321414 0.999357581
1439803841.824105 -0.008195281 -0.757637739 13.107831955 0.004822539 -0.036699183 0.001441460 0.999313712
1439803841.886605 -0.013515770 -0.761696935 13.171168327 0.005572383 -0.038014062 0.001849729 0.999259949
1439803841.949108 -0.019259214 -0.765592217 13.235943794 0.004795863 -0.039455406 0.002763011 0.999206007
1439803842.011609 -0.024851918 -0.769645751 13.299525261 0.002992209 -0.040899120 0.002920443 0.999154508
1439803842.074110 -0.031404376 -0.773135245 13.364385605 0.001087127 -0.042240132 0.002835421 0.999102890
1439803842.136611 -0.037736177 -0.776843071 13.429578781 -0.000473155 -0.043634899 0.002270707 0.999044836
1439803842.199112 -0.044737935 -0.780771077 13.493301392 -0.001058456 -0.045034416 0.001475573 0.998983741
1439803842.261614 -0.051463842 -0.784416080 13.557244301 -0.000249196 -0.046740051 0.001376802 0.998906076
1439803842.324116 -0.058387756 -0.788572073 13.622142792 0.001164562 -0.048549734 0.001191501 0.998819351
1439803842.386617 -0.065700054 -0.792384386 13.686223030 0.002345278 -0.050313778 0.000669918 0.998730481
1439803842.449120 -0.073723078 -0.795966744 13.750612259 0.002945799 -0.051851757 -0.000212425 0.998650432
1439803842.511621 -0.081918836 -0.799242020 13.815129280 0.003216326 -0.053413730 -0.001421959 0.998566270
1439803842.574121 -0.089896321 -0.803372145 13.879052162 0.003214417 -0.055069212 -0.002831537 0.998473346
1439803842.636623 -0.098428845 -0.807221651 13.942470551 0.003547153 -0.056622036 -0.003943773 0.998381615
1439803842.699123 -0.107060075 -0.811596274 14.007252693 0.004015188 -0.058048401 -0.004256671 0.998296618
1439803842.761625 -0.115789294 -0.816002488 14.071354866 0.004442380 -0.059541147 -0.004276685 0.998206794
1439803842.824126 -0.124579906 -0.819968224 14.135964394 0.004921322 -0.060915172 -0.004577328 0.998120308
1439803842.886628 -0.133724809 -0.823766947 14.200050354 0.004980411 -0.062235173 -0.005156934 0.998035729
1439803842.949129 -0.142870545 -0.827867746 14.264735222 0.004804846 -0.063700989 -0.005170381 0.997944057
1439803843.011630 -0.152670979 -0.831517398 14.329358101 0.004469901 -0.065249383 -0.006511698 0.997837722
1439803843.074132 -0.162220478 -0.836128533 14.393880844 0.003862622 -0.066705607 -0.007272198 0.997738719
1439803843.136633 -0.171994448 -0.840092599 14.457596779 0.003315191 -0.067888975 -0.008579214 0.997650504
1439803843.199135 -0.181894898 -0.844238400 14.522720337 0.003007672 -0.069162227 -0.008143425 0.997567654
1439803843.261638 -0.191740036 -0.848589897 14.587308884 0.003009665 -0.070052572 -0.008008686 0.997506618
1439803843.324138 -0.201869965 -0.852856278 14.651549339 0.003849594 -0.070576802 -0.008992842 0.997458398
1439803843.386639 -0.211350560 -0.857046485 14.714981079 0.005053079 -0.071021654 -0.008629912 0.997424662
1439803843.449140 -0.221602678 -0.861588240 14.780343056 0.006295302 -0.071555436 -0.007740252 0.997386694
1439803843.511641 -0.231350064 -0.866303325 14.845198631 0.006983317 -0.072244234 -0.006539814 0.997341037
1439803843.574143 -0.241048336 -0.870048106 14.909234047 0.007059725 -0.072845362 -0.005173088 0.997304857
1439803843.636647 -0.251644373 -0.874743462 14.974491119 0.006647537 -0.073310599 -0.004816303 0.997275352
1439803843.699146 -0.261235356 -0.878790855 15.038591385 0.005423199 -0.073990040 -0.003587675 0.997237802
1439803843.761647 -0.270874023 -0.883505642 15.102935791 0.005213268 -0.074681565 -0.001390679 0.997192860
1439803843.824147 -0.280889869 -0.888090432 15.167361259 0.005837741 -0.075352430 -0.000722595 0.997139633
1439803843.886648 -0.291481256 -0.892850697 15.231431007 0.006743363 -0.075904705 -0.000646817 0.997092068
1439803843.949149 -0.301887989 -0.896964788 15.296108246 0.007484285 -0.076217443 -0.000873856 0.997062743
1439803844.011649 -0.312566042 -0.901403487 15.360274315 0.008558252 -0.076474778 -0.001230363 0.997034013
1439803844.074149 -0.323332787 -0.905448318 15.424885750 0.008099418 -0.076717466 -0.001697415 0.997018516
1439803844.136650 -0.334949017 -0.909457743 15.490695953 0.006302480 -0.076763205 -0.002496080 0.997026324
1439803844.199151 -0.344904661 -0.913422108 15.554924965 0.004378479 -0.077028833 -0.002173133 0.997016907
1439803844.261650 -0.355132818 -0.918088675 15.619785309 0.003380062 -0.077292256 -0.000191745 0.997002721
1439803844.324152 -0.365009546 -0.922476768 15.684361458 0.003177937 -0.077595711 0.001183069 0.996979117
1439803844.386652 -0.375111818 -0.926883698 15.748719215 0.003903535 -0.077764615 0.001489478 0.996963024
1439803844.449152 -0.385958433 -0.931249380 15.813385010 0.005835121 -0.077760532 0.001192377 0.996954262
1439803844.511654 -0.396647453 -0.935790658 15.877552032 0.007444839 -0.077831775 0.000681273 0.996938467
1439803844.574154 -0.407242298 -0.940418482 15.942098618 0.007973684 -0.078211389 0.001310600 0.996904016
1439803844.636654 -0.417393208 -0.944642425 16.006710052 0.007648949 -0.078693800 0.001914395 0.996867657
1439803844.699157 -0.428185225 -0.949310839 16.071487427 0.007161597 -0.078987047 0.002231050 0.996847451
1439803844.761655 -0.439159870 -0.954087257 16.136369705 0.006865345 -0.079240777 0.001691012 0.996830404
1439803844.824156 -0.450530529 -0.959001541 16.200675964 0.006374450 -0.079364195 0.000812428 0.996824980
1439803844.886657 -0.461972713 -0.963619947 16.265737534 0.005768570 -0.079544544 0.000280721 0.996814609
1439803844.949159 -0.472450972 -0.967953682 16.329725266 0.005146296 -0.079969816 -0.000196220 0.996783972
1439803845.011660 -0.483418465 -0.972419739 16.394908905 0.004226906 -0.080511242 -0.000270138 0.996744692
1439803845.074161 -0.494406700 -0.976477742 16.459499359 0.003395005 -0.080793723 -0.000583790 0.996724904
1439803845.136661 -0.505952120 -0.980489910 16.524192810 0.002954219 -0.081028543 -0.000999807 0.996706903
1439803845.199162 -0.517077208 -0.984593034 16.588830948 0.002709702 -0.081443541 -0.001201073 0.996673584
1439803845.261662 -0.527971983 -0.988482177 16.653486252 0.002539827 -0.081912391 -0.000764343 0.996636033
1439803845.324162 -0.539007425 -0.992338777 16.718074799 0.002495942 -0.082339957 -0.000328763 0.996601105
1439803845.386663 -0.550137281 -0.996153891 16.782535553 0.002656054 -0.082719103 -0.000278546 0.996569335
1439803845.449164 -0.561187983 -0.999855876 16.846946716 0.002832737 -0.083080627 -0.000157360 0.996538758
1439803845.511664 -0.572440147 -1.003622651 16.911560059 0.002587775 -0.083406180 0.000359119 0.996512175
1439803845.574165 -0.583715439 -1.007488728 16.976156235 0.002199954 -0.083806276 0.000956900 0.996479154
1439803845.636667 -0.595299482 -1.011085510 17.040985107 0.001937597 -0.084119380 0.001062698 0.996453226
1439803845.699168 -0.606793642 -1.014979243 17.105424881 0.001632605 -0.084444344 0.001158871 0.996426165
1439803845.761669 -0.618321180 -1.018836975 17.169895172 0.001589267 -0.084801935 0.001250238 0.996395767
1439803845.824172 -0.629868984 -1.022598743 17.234539032 0.001612989 -0.085235849 0.001504426 0.996358335
1439803845.886671 -0.641150713 -1.026180863 17.298845291 0.001714190 -0.085660607 0.001491295 0.996321797
1439803845.949173 -0.652601719 -1.030007958 17.362810135 0.001987909 -0.086032130 0.001206423 0.996289670
1439803846.011675 -0.664439440 -1.033924580 17.427389145 0.002317561 -0.086391926 0.001324019 0.996257663
1439803846.074177 -0.675909519 -1.037688136 17.491369247 0.002676191 -0.086763866 0.001238035 0.996224523
1439803846.136679 -0.687807798 -1.041962266 17.554723740 0.002972737 -0.087091528 0.001352816 0.996194959
1439803846.199180 -0.699757814 -1.045911193 17.618770599 0.003506425 -0.087466404 0.001162848 0.996160626
1439803846.261681 -0.711982489 -1.050074458 17.682489395 0.004200563 -0.087789364 0.000993151 0.996129692
1439803846.324179 -0.723787308 -1.054520130 17.745010376 0.004690448 -0.088142775 0.000976682 0.996096313
1439803846.386681 -0.736279726 -1.059046865 17.808652878 0.005150630 -0.088457279 0.000615807 0.996066451
1439803846.449181 -0.747850180 -1.062868834 17.872171402 0.005520642 -0.088974178 0.000472681 0.996018529
1439803846.511684 -0.760699749 -1.067257524 17.934934616 0.005443736 -0.089216150 -0.000033888 0.995997369
1439803846.574185 -0.772792578 -1.071946263 17.998485565 0.004778119 -0.089695103 -0.000484644 0.995957673
1439803846.636685 -0.784785509 -1.076303959 18.062152863 0.004126042 -0.090253584 -0.000639927 0.995910048
1439803846.699188 -0.797021389 -1.080114603 18.125795364 0.003763897 -0.090716422 -0.001309966 0.995868802
1439803846.761689 -0.809298038 -1.084295392 18.188936234 0.003244090 -0.091196522 -0.001765508 0.995826066
1439803846.824190 -0.821526289 -1.088537693 18.251924515 0.003136050 -0.091611102 -0.002632925 0.995786428
1439803846.886694 -0.834067583 -1.092367530 18.315076828 0.003603655 -0.091880128 -0.003187585 0.995758474
1439803846.949195 -0.846615553 -1.096346617 18.378282547 0.004324725 -0.092163779 -0.004097875 0.995726049
1439803847.011692 -0.859216690 -1.100375533 18.441047668 0.004755768 -0.092499599 -0.005083577 0.995688379
1439803847.074196 -0.870898724 -1.104272604 18.504148483 0.005123306 -0.093157381 -0.005505266 0.995622993
1439803847.136697 -0.883595228 -1.108312368 18.566905975 0.005401321 -0.093518287 -0.006361130 0.995582581
1439803847.199198 -0.895882368 -1.112555861 18.629665375 0.005145744 -0.094041236 -0.006633076 0.995532870
1439803847.261699 -0.908709764 -1.116189480 18.691976547 0.004703173 -0.094265349 -0.006891816 0.995512128
1439803847.324200 -0.921368361 -1.120300174 18.754320145 0.004134225 -0.094544515 -0.007086894 0.995486856
1439803847.386701 -0.933733463 -1.124282002 18.817090988 0.003687004 -0.095005184 -0.007107011 0.995444596
1439803847.449204 -0.946498871 -1.128162622 18.879289627 0.003371673 -0.095241152 -0.007061196 0.995423436
1439803847.511706 -0.958873510 -1.132049203 18.941223145 0.003236145 -0.095606178 -0.007230185 0.995387733
1439803847.574208 -0.971219540 -1.136095166 19.003471375 0.003310035 -0.095850289 -0.007473073 0.995362222
1439803847.636712 -0.983552933 -1.139782906 19.065053940 0.003312576 -0.095828600 -0.007484280 0.995364189
1439803847.699213 -0.995800734 -1.143335223 19.126861572 0.003044184 -0.095608264 -0.007205124 0.995388269
1439803847.761711 -1.008679867 -1.147239089 19.188724518 0.002817111 -0.095271975 -0.007150227 0.995421588
1439803847.824211 -1.020807505 -1.151021957 19.250246048 0.002782757 -0.095000520 -0.007405389 0.995445788
1439803847.886712 -1.033354282 -1.154764652 19.312072754 0.002933897 -0.094662584 -0.007909247 0.995473683
1439803847.949216 -1.045662880 -1.158548236 19.373598099 0.002721659 -0.094470896 -0.008025259 0.995491564
1439803848.011717 -1.057790756 -1.162449718 19.434768677 0.002749867 -0.094290204 -0.007825565 0.995510161
1439803848.074219 -1.069693565 -1.166233778 19.495901108 0.003103465 -0.093986146 -0.007394873 0.995541215
1439803848.136718 -1.081625700 -1.169886351 19.556997299 0.003515147 -0.093591727 -0.006942404 0.995580256
1439803848.199220 -1.093570471 -1.173917413 19.618206024 0.003768096 -0.093183234 -0.006944025 0.995617628
1439803848.261721 -1.105352879 -1.177694321 19.678920746 0.004142763 -0.092833586 -0.006958899 0.995648742
1439803848.324222 -1.117262602 -1.181236506 19.739692688 0.004384216 -0.092469409 -0.007599834 0.995676875
1439803848.386725 -1.129539967 -1.185293436 19.800207138 0.003949320 -0.092190623 -0.008468118 0.995697498
1439803848.449230 -1.141527414 -1.188913107 19.860397339 0.003523498 -0.091963500 -0.008430835 0.995720446
1439803848.511726 -1.152931929 -1.192855000 19.921642303 0.003152199 -0.091944583 -0.008252082 0.995724916
1439803848.574230 -1.164391041 -1.196869493 19.982185364 0.002909077 -0.091798134 -0.007577253 0.995744586
1439803848.636731 -1.175648212 -1.200684071 20.042314529 0.002976381 -0.091545068 -0.006957885 0.995772183
1439803848.699232 -1.187161446 -1.204707265 20.103294373 0.003351838 -0.091118254 -0.007009843 0.995809734
1439803848.761731 -1.198153257 -1.208718777 20.164361954 0.003578671 -0.090827882 -0.006744391 0.995837331
1439803848.824235 -1.209844828 -1.212450981 20.223426819 0.003542965 -0.090417169 -0.006536067 0.995876193
1439803848.886737 -1.220811129 -1.216015697 20.283082962 0.003394724 -0.090112470 -0.006154290 0.995906770
1439803848.949239 -1.232186556 -1.219532490 20.342607498 0.003050588 -0.089717641 -0.006030216 0.995944321
1439803849.011737 -1.243535995 -1.223046541 20.401781082 0.002401562 -0.089262940 -0.006294817 0.995985329
1439803849.074241 -1.254485130 -1.226644635 20.460887909 0.001512622 -0.088797241 -0.006395348 0.996028066
1439803849.136755 -1.265282393 -1.230082750 20.520011902 0.000872140 -0.088475786 -0.005997852 0.996059895
1439803849.199242 -1.275923252 -1.233616471 20.578586578 0.000564558 -0.088209286 -0.005673633 0.996085644
1439803849.261743 -1.286515236 -1.237163544 20.636358261 0.000386002 -0.087806724 -0.005487336 0.996122360
1439803849.324244 -1.297341824 -1.240575910 20.694417953 0.000033350 -0.087367035 -0.004810075 0.996164560
1439803849.386749 -1.307843447 -1.243984938 20.751585007 -0.000105657 -0.086896792 -0.004454616 0.996207356
1439803849.449248 -1.318512678 -1.247029185 20.808969498 -0.000109101 -0.086418122 -0.004176595 0.996250212
1439803849.511751 -1.329159975 -1.250197053 20.865802765 -0.000104643 -0.085929170 -0.004175893 0.996292472
1439803849.574253 -1.338459730 -1.253506303 20.921882629 -0.000015213 -0.085670270 -0.003792512 0.996316314
1439803849.636753 -1.348346233 -1.256997705 20.977457047 0.000554789 -0.085284837 -0.003423296 0.996350586
1439803849.699256 -1.357865334 -1.260517120 21.032794952 0.001212841 -0.085000589 -0.002813959 0.996376157
1439803849.761755 -1.367997646 -1.263488770 21.088153839 0.001808902 -0.084724233 -0.002160834 0.996400476
1439803849.824256 -1.377272606 -1.267076969 21.143550873 0.001899144 -0.084651470 -0.001598172 0.996407509
1439803849.886762 -1.386324167 -1.270753384 21.197519302 0.001730459 -0.084722959 -0.001271736 0.996402204
1439803849.949264 -1.395729065 -1.274065614 21.251884460 0.001591304 -0.084828176 -0.001011863 0.996393800
1439803850.011762 -1.404907942 -1.277278185 21.305191040 0.000975048 -0.084812798 -0.000994452 0.996395946
1439803850.074264 -1.414183855 -1.280560255 21.358947754 0.000398511 -0.084801681 -0.000175276 0.996397734
1439803850.136764 -1.423519850 -1.283965945 21.411876678 0.000114011 -0.084839754 0.000615333 0.996394455
1439803850.199266 -1.432647228 -1.287214279 21.464307785 0.000363927 -0.085045516 0.001125986 0.996376336
1439803850.261765 -1.441853046 -1.290518641 21.516353607 0.000832677 -0.085249595 0.000861290 0.996358931
1439803850.324269 -1.450616598 -1.294484854 21.567876816 0.001273924 -0.085500494 0.001098712 0.996336699
1439803850.386768 -1.460230589 -1.297079563 21.618978500 0.002133800 -0.085731596 0.001525829 0.996314824
1439803850.449272 -1.469250679 -1.300678611 21.669687271 0.002700259 -0.086124413 0.001511068 0.996279597
1439803850.511772 -1.478455305 -1.304089546 21.719802856 0.003074577 -0.086439453 0.001637136 0.996250987
1439803850.574272 -1.487478018 -1.306922674 21.770048141 0.003396346 -0.086725466 0.001834136 0.996224761
1439803850.636778 -1.496287823 -1.310137510 21.819940567 0.003470167 -0.087001592 0.001960353 0.996200204
1439803850.699277 -1.505607605 -1.313434005 21.869117737 0.003639401 -0.087124720 0.001761382 0.996189177
1439803850.761779 -1.514589310 -1.316562295 21.918214798 0.003918902 -0.087450132 0.001418051 0.996160150
1439803850.824278 -1.523603201 -1.319990635 21.966653824 0.004090253 -0.087620601 0.001279623 0.996144712
1439803850.886781 -1.532593489 -1.323252320 22.014945984 0.004034118 -0.087791272 0.001178930 0.996130049
1439803850.949281 -1.541759968 -1.326813221 22.063087463 0.004196206 -0.087980755 0.001267471 0.996112525
1439803851.011785 -1.550869703 -1.329893589 22.110849380 0.004435866 -0.088291816 0.001210294 0.996084034
1439803851.074289 -1.559807062 -1.333387136 22.158296585 0.004413082 -0.088496052 0.000665538 0.996066511
1439803851.136788 -1.568784714 -1.336508989 22.205333710 0.004429170 -0.088591576 0.000126412 0.996058166
1439803851.199289 -1.577572107 -1.339665651 22.252170563 0.004166067 -0.088850282 0.000168346 0.996036291
1439803851.261787 -1.586165905 -1.342889190 22.298618317 0.004314711 -0.089114800 -0.000031595 0.996012032
1439803851.324291 -1.594814777 -1.345982194 22.344854355 0.004761708 -0.089383170 -0.000242524 0.995985925
1439803851.386792 -1.603787184 -1.349531889 22.391008377 0.004668498 -0.089574233 -0.000604503 0.995968997
1439803851.449294 -1.612586021 -1.352197289 22.436372757 0.004680934 -0.089652076 -0.000589228 0.995961964
1439803851.511796 -1.621498823 -1.355574131 22.482595444 0.004588255 -0.089600116 -0.001074051 0.995966673
1439803851.574296 -1.630043507 -1.358467937 22.527566910 0.004750097 -0.089648567 -0.001522064 0.995960951
1439803851.636797 -1.639253139 -1.361754656 22.572368622 0.004984266 -0.089725398 -0.002037860 0.995952010
1439803851.699300 -1.647248983 -1.365134954 22.618043900 0.004995587 -0.090038545 -0.002195404 0.995923340
1439803851.761799 -1.656221867 -1.367998242 22.662065506 0.004832661 -0.090092137 -0.002487303 0.995918632
1439803851.824300 -1.663668394 -1.370153904 22.706964493 0.004952453 -0.090354726 -0.002773906 0.995893478
1439803851.886802 -1.672814846 -1.371256351 22.749382019 0.005479727 -0.090351433 -0.002561299 0.995891571
1439803851.949305 -1.680817366 -1.372074962 22.793071747 0.006130260 -0.090649463 -0.002699741 0.995860338
1439803852.074307 -1.705065727 -1.377666950 22.871212006 0.005741374 -0.089536726 -0.002749742 0.995963156
1439803852.136805 -1.711411238 -1.378901601 22.913139343 0.005222873 -0.089907892 -0.002209716 0.995933950
1439803852.199308 -1.720494032 -1.382986307 22.957607269 0.004512534 -0.089679874 -0.002726054 0.995956659
1439803852.261808 -1.732146263 -1.385048628 22.996162415 0.004260453 -0.089281209 -0.002857831 0.995993257
1439803852.324310 -1.736659527 -1.388711333 23.043403625 0.004109353 -0.089739040 -0.002593532 0.995953441
1439803852.449310 -1.753908157 -1.394992352 23.126226425 0.003697021 -0.089336999 -0.003219309 0.995989382
1439803852.511811 -1.760886908 -1.398696780 23.169710159 0.003214479 -0.089473136 -0.002575117 0.995980740
1439803852.574312 -1.768223763 -1.401334763 23.211959839 0.002832706 -0.089695498 -0.002088874 0.995963037
1439803852.636812 -1.775663376 -1.403972626 23.254030228 0.002780594 -0.089724936 -0.001484575 0.995961607
1439803852.699312 -1.783812046 -1.406507373 23.295797348 0.003224205 -0.089368947 -0.001945850 0.995991468
1439803852.824313 -1.798683882 -1.411470771 23.380247116 0.002314505 -0.089028224 -0.000933828 0.996025980
1439803852.886813 -1.807800293 -1.414167643 23.421833038 0.001418801 -0.088901147 -0.000975423 0.996038973
1439803852.949315 -1.814581633 -1.416899443 23.463745117 0.001109006 -0.089262299 -0.000517557 0.996007383
1439803853.011817 -1.823996305 -1.418707490 23.504232407 0.001549362 -0.089066550 -0.000676053 0.996024251
1439803853.074318 -1.831266642 -1.421321273 23.544485092 0.001854258 -0.089076385 0.000100049 0.996023059
1439803853.199315 -1.847886086 -1.426418066 23.628507614 0.001590646 -0.088974744 -0.000405290 0.996032536
1439803853.261818 -1.855967760 -1.428812504 23.670629501 0.001777896 -0.089341260 0.000072693 0.995999455
1439803853.324318 -1.863232613 -1.431454062 23.712760925 0.002037268 -0.089734010 0.000909111 0.995963275
1439803853.386820 -1.871038914 -1.433681250 23.754444122 0.001987336 -0.089872599 0.001414378 0.995950282
1439803853.449322 -1.880034685 -1.435848475 23.797296524 0.001910151 -0.089761302 0.001402376 0.995960474
1439803853.574326 -1.896797419 -1.440890551 23.881765366 0.002053047 -0.090365864 0.000074451 0.995906532
1439803853.636826 -1.905170441 -1.443832278 23.923810959 0.002976556 -0.090833470 -0.000386829 0.995861590
1439803853.699325 -1.914403677 -1.446038604 23.967393875 0.003439241 -0.091104195 -0.000457478 0.995835304
1439803853.761829 -1.922719002 -1.448948622 24.010719299 0.003510799 -0.091523863 0.000277910 0.995796680
1439803853.824329 -1.930099487 -1.451744914 24.053224564 0.004279050 -0.092265099 0.000818406 0.995724916
1439803853.886830 -1.937837124 -1.455056906 24.096275330 0.004981502 -0.092764065 0.000987945 0.995675147
1439803853.949332 -1.946792364 -1.457311153 24.139431000 0.005621213 -0.093003169 0.001177058 0.995649219
1439803854.011834 -1.955686092 -1.460102320 24.182619095 0.005773454 -0.093098789 0.000308785 0.995640099
1439803854.074333 -1.964683771 -1.462683678 24.227622986 0.005024372 -0.093354829 -0.000230819 0.995620191
1439803854.136838 -1.973572254 -1.465482712 24.270711899 0.004469763 -0.093692310 -0.000300772 0.995591104
1439803854.199336 -1.982643843 -1.468106508 24.315057755 0.004205956 -0.094166644 -0.000615482 0.995547354
1439803854.261840 -1.991639614 -1.470976830 24.359783173 0.003719215 -0.094749622 -0.000231665 0.995494187
1439803854.324341 -2.000151634 -1.473763704 24.402582169 0.003205370 -0.095085867 0.000217446 0.995463908
1439803854.386842 -2.008962393 -1.476517916 24.446840286 0.002975006 -0.095401876 0.000438534 0.995434284
1439803854.449342 -2.017865658 -1.479279280 24.490427017 0.002938400 -0.095686324 0.000924761 0.995406806
1439803854.511846 -2.026546478 -1.482533932 24.533603668 0.002932297 -0.096029453 0.001001336 0.995373666
1439803854.574348 -2.035537481 -1.485478044 24.577108383 0.003033400 -0.096402615 0.000927758 0.995337367
1439803854.636848 -2.044502258 -1.488008857 24.620243073 0.002803261 -0.096660569 0.000706587 0.995313168
1439803854.699349 -2.053415537 -1.490632892 24.664178848 0.002430249 -0.096897259 0.000801328 0.995291114
1439803854.761851 -2.062524080 -1.493196726 24.707328796 0.002011993 -0.096911378 0.000853357 0.995290637
1439803854.824352 -2.071463346 -1.495357275 24.750936508 0.001575033 -0.096967444 0.000556478 0.995286107
1439803854.886850 -2.080208540 -1.498044252 24.794385910 0.001152280 -0.097226113 0.001435141 0.995260596
1439803854.949353 -2.088992596 -1.500748634 24.837614059 0.000892764 -0.097413197 0.002202733 0.995241165
1439803855.011851 -2.097661495 -1.503716350 24.880859375 0.000361535 -0.097574547 0.002701951 0.995224476
1439803855.074351 -2.106410027 -1.506228805 24.923900604 0.000221236 -0.097492121 0.003296402 0.995230794
1439803855.136856 -2.114838362 -1.508663058 24.967163086 0.000027717 -0.097506396 0.004524801 0.995224595
1439803855.199355 -2.123008013 -1.510931253 25.010480881 -0.000552862 -0.097578563 0.006658229 0.995205402
1439803855.261853 -2.131181955 -1.512907147 25.053470612 -0.001096523 -0.097573504 0.008334148 0.995192826
1439803855.324357 -2.139684916 -1.515257359 25.096412659 -0.001087867 -0.097375728 0.008737334 0.995208740
1439803855.386854 -2.148555994 -1.517858863 25.139028549 -0.000318764 -0.096888579 0.007647821 0.995265782
1439803855.449357 -2.157033682 -1.520753026 25.181083679 0.000683010 -0.096181497 0.006611102 0.995341599
1439803855.511861 -2.165554523 -1.523283243 25.222982407 0.001269184 -0.095276497 0.005759422 0.995433390
1439803855.574355 -2.173948050 -1.525880694 25.264579773 0.001501692 -0.094079129 0.004811175 0.995551944
1439803855.636856 -2.181564808 -1.528475523 25.305713654 0.001859358 -0.092838861 0.004706318 0.995668292
1439803855.699361 -2.188729525 -1.530888081 25.346984863 0.002454127 -0.091578253 0.005686634 0.995778620
1439803855.761858 -2.195358753 -1.533482194 25.387485504 0.002702082 -0.089955255 0.006627979 0.995920062
1439803855.824358 -2.202030659 -1.536056042 25.427619934 0.002363488 -0.087982476 0.006999114 0.996094644
1439803855.886859 -2.208718300 -1.538753033 25.467992783 0.001972571 -0.085974552 0.007191188 0.996269405
1439803855.949359 -2.214843035 -1.541016579 25.507503510 0.001789490 -0.084077336 0.007172130 0.996431828
1439803856.011859 -2.221158028 -1.543762445 25.546476364 0.001519442 -0.081989624 0.006082933 0.996613443
1439803856.074362 -2.227422237 -1.546328902 25.585626602 0.001178959 -0.079622112 0.005778930 0.996807694
1439803856.136861 -2.232773781 -1.548520803 25.623725891 0.001593621 -0.077157557 0.005357143 0.997003257
1439803856.199361 -2.238620758 -1.551209927 25.661989212 0.002354878 -0.074265473 0.004265277 0.997226596
1439803856.261864 -2.243084431 -1.553745627 25.699520111 0.002703222 -0.071090549 0.003759868 0.997459114
1439803856.324365 -2.247279882 -1.555937767 25.737220764 0.002820273 -0.067308448 0.003404888 0.997722387
1439803856.386868 -2.251087666 -1.558532953 25.774608612 0.002563931 -0.062815584 0.003375291 0.998016119
1439803856.449371 -2.254021645 -1.560907364 25.811464310 0.002694890 -0.057872839 0.003442478 0.998314381
1439803856.511868 -2.256686687 -1.563174248 25.848785400 0.003198490 -0.052477531 0.003714482 0.998610079
1439803856.574375 -2.257833004 -1.565587640 25.885564804 0.003548020 -0.046942662 0.004814183 0.998879671
1439803856.636878 -2.259769201 -1.567039967 25.922426224 0.003530154 -0.040421594 0.005393094 0.999161899
1439803856.699376 -2.259925842 -1.569970250 25.959203720 0.002764754 -0.033400167 0.004654350 0.999427378
1439803856.761873 -2.259807110 -1.572605968 25.994752884 0.002239524 -0.025546825 0.004187508 0.999662340
1439803856.824373 -2.258884907 -1.574530721 26.030694962 0.002236319 -0.017460849 0.004251469 0.999836028
1439803856.886876 -2.256994486 -1.576534748 26.066284180 0.002258014 -0.008866197 0.004318689 0.999948800
1439803856.949376 -2.254163265 -1.578815103 26.101444244 0.002091985 0.000528396 0.004340045 0.999988258
1439803857.011879 -2.250292778 -1.581333041 26.135950089 0.001635804 0.011058475 0.005014826 0.999924958
1439803857.074381 -2.244832993 -1.582993031 26.171123505 0.001139937 0.022514062 0.005645998 0.999729931
1439803857.136880 -2.238296032 -1.584666371 26.205745697 0.000654178 0.035026647 0.005989397 0.999368191
1439803857.199385 -2.230709076 -1.586676478 26.239681244 -0.000041101 0.048641849 0.006413988 0.998795688
1439803857.261884 -2.221711636 -1.588168621 26.273466110 -0.000514808 0.063140221 0.007195192 0.997978568
1439803857.324384 -2.211488247 -1.589958668 26.306707382 -0.001106067 0.078349762 0.007920041 0.996893823
1439803857.386887 -2.200060368 -1.591700912 26.339220047 -0.001556658 0.093996793 0.008671990 0.995533526
1439803857.449389 -2.187232494 -1.593076348 26.370904922 -0.001780957 0.110244982 0.010342627 0.993849039
1439803857.511889 -2.173459530 -1.594644547 26.401569366 -0.001875652 0.127212331 0.011546548 0.991806507
1439803857.574391 -2.157879353 -1.596103191 26.432104111 -0.002098842 0.144609228 0.013099885 0.989399910
1439803857.636893 -2.141269207 -1.596995115 26.461910248 -0.002421804 0.162801430 0.014462653 0.986549854
1439803857.699394 -2.123649597 -1.597719669 26.490726471 -0.003487567 0.181481585 0.015808487 0.983261108
1439803857.761894 -2.104620934 -1.598428249 26.518459320 -0.005100032 0.200441658 0.017460626 0.979536772
1439803857.824398 -2.082725525 -1.598762274 26.547035217 -0.006505213 0.219823703 0.019894771 0.975315034
1439803857.886898 -2.060787201 -1.599010468 26.573787689 -0.007922445 0.239805266 0.022400688 0.970530152
1439803857.949400 -2.037031174 -1.599317789 26.598981857 -0.009423484 0.259882778 0.025310563 0.965262413
1439803858.011905 -2.011738777 -1.600022674 26.624477386 -0.011298670 0.280718207 0.028013205 0.959314764
1439803858.074401 -1.985348701 -1.599668264 26.648872375 -0.013062933 0.301513761 0.030285463 0.952891171
1439803858.136906 -1.957759857 -1.599207640 26.672279358 -0.014443862 0.322116762 0.032247528 0.946040273
1439803858.199409 -1.929025650 -1.598737121 26.694759369 -0.016229132 0.342766315 0.034525823 0.938645720
1439803858.261905 -1.898809433 -1.597723246 26.716381073 -0.018399658 0.363212496 0.036852688 0.930795372
1439803858.324408 -1.867449760 -1.596689463 26.736789703 -0.020320822 0.383652270 0.038854025 0.922436118
1439803858.386910 -1.835086823 -1.595401406 26.756595612 -0.022074472 0.403931320 0.039485905 0.913670123
1439803858.449412 -1.801888466 -1.593749285 26.775726318 -0.024221690 0.423716336 0.038701434 0.904643536
1439803858.511912 -1.767604828 -1.592283010 26.793289185 -0.025431409 0.442768335 0.039085634 0.895422637
1439803858.574413 -1.732067108 -1.590521216 26.809867859 -0.026328847 0.461281747 0.040249649 0.885949135
1439803858.636915 -1.695158005 -1.588370323 26.825490952 -0.027146753 0.479197353 0.042002659 0.876281202
1439803858.699418 -1.657411575 -1.586371303 26.839794159 -0.027781533 0.496282578 0.044232942 0.866588295
1439803858.761921 -1.618387222 -1.583708882 26.853094101 -0.027229782 0.512256920 0.047102224 0.857107222
1439803858.824422 -1.579178810 -1.581524253 26.865470886 -0.027192483 0.527242959 0.048662074 0.847884119
1439803858.886921 -1.539073944 -1.578727961 26.877895355 -0.027746627 0.541439950 0.048868064 0.838859260
1439803858.949422 -1.498393059 -1.576284766 26.889732361 -0.029140530 0.554818630 0.048646536 0.830036521
1439803859.011923 -1.456969738 -1.573816061 26.900812149 -0.030807417 0.567170501 0.048576526 0.821589231
1439803859.074423 -1.414776802 -1.571483374 26.911756516 -0.032516338 0.578521371 0.047939733 0.813607693
1439803859.136927 -1.372171402 -1.568953753 26.921064377 -0.033292927 0.588561118 0.047915049 0.806344569
1439803859.199428 -1.328634262 -1.566465855 26.930541992 -0.032516014 0.597922623 0.048135951 0.799446166
1439803859.261928 -1.284531116 -1.563715458 26.938951492 -0.030807236 0.606145322 0.048621729 0.793268323
1439803859.324432 -1.240251541 -1.561104774 26.946828842 -0.028898638 0.613221049 0.049260315 0.787844002
1439803859.386931 -1.195226669 -1.558499575 26.954765320 -0.027172765 0.619362593 0.049475189 0.783073366
1439803859.449434 -1.149758339 -1.555865765 26.962619781 -0.026299864 0.624573290 0.048997406 0.778983831
1439803859.511932 -1.103764534 -1.553220510 26.971033096 -0.026132572 0.629152477 0.048362963 0.775335610
1439803859.574432 -1.056745529 -1.550381899 26.978818893 -0.026418395 0.633224070 0.048148759 0.772017479
1439803859.636936 -1.009580374 -1.548161864 26.986330032 -0.026498966 0.636937976 0.049021814 0.768898368
1439803859.699433 -0.961472988 -1.545218110 26.994178772 -0.027009595 0.640435159 0.049143769 0.765962243
1439803859.761936 -0.913137674 -1.542448282 27.001510620 -0.027368978 0.643588424 0.049269751 0.763293743
1439803859.824442 -0.864186764 -1.539963007 27.008787155 -0.028132467 0.646506667 0.048908055 0.760819077
1439803859.886937 -0.815078497 -1.537488699 27.015544891 -0.028569236 0.649151444 0.048957378 0.758544207
1439803859.949436 -0.764989376 -1.534564734 27.023042679 -0.028626209 0.651665688 0.048284214 0.756426513
1439803860.011940 -0.715461731 -1.532401204 27.029752731 -0.027924575 0.653850377 0.047021203 0.754644930
1439803860.074439 -0.665028334 -1.529872775 27.036272049 -0.026209021 0.655862272 0.045450784 0.753055096
1439803860.136937 -0.614372015 -1.527768135 27.042963028 -0.025561882 0.657693624 0.043182272 0.751612306
1439803860.199442 -0.563453674 -1.525259495 27.049407959 -0.025464976 0.659217000 0.041630030 0.750367522
1439803860.261939 -0.511985302 -1.522718787 27.056135178 -0.025011534 0.660452902 0.041229472 0.749317348
1439803860.324440 -0.459789753 -1.519938350 27.062927246 -0.024755631 0.661368191 0.041581500 0.748498678
1439803860.386941 -0.407716990 -1.517430186 27.069488525 -0.025324969 0.662058711 0.042227671 0.747832656
1439803860.449440 -0.353911638 -1.515289426 27.076065063 -0.026403731 0.662744880 0.043322686 0.747124612
1439803860.511940 -0.300644875 -1.512924671 27.082719803 -0.027331745 0.663521409 0.043615580 0.746384621
1439803860.574444 -0.247792721 -1.511100292 27.089006424 -0.028343519 0.664261699 0.043271657 0.745708048
1439803860.636944 -0.194856882 -1.508900285 27.095539093 -0.029228291 0.665039718 0.042588696 0.745019555
1439803860.699447 -0.141622543 -1.506745815 27.101591110 -0.028818395 0.665633798 0.042844638 0.744490087
1439803860.761945 -0.087979555 -1.504206896 27.107280731 -0.027377238 0.666063786 0.043825850 0.744102716
1439803860.824448 -0.034122467 -1.501384258 27.113147736 -0.026748057 0.666288912 0.044858895 0.743862391
1439803860.886950 0.020179510 -1.498791099 27.118755341 -0.026461165 0.666386902 0.046357486 0.743693054
1439803860.949452 0.074336052 -1.495727301 27.125047684 -0.026822109 0.666531563 0.046994027 0.743510544
1439803861.011952 0.128900528 -1.493170738 27.131074905 -0.027480593 0.666692674 0.047382481 0.743317246
1439803861.074453 0.183372736 -1.490416050 27.137311935 -0.027680608 0.666840792 0.047840640 0.743147612
1439803861.136955 0.238431931 -1.487923503 27.143707275 -0.027743548 0.666960180 0.048114952 0.743020475
1439803861.199454 0.293384790 -1.485002279 27.149829865 -0.027395660 0.667110145 0.048131175 0.742897689
1439803861.261957 0.348572969 -1.482218385 27.155845642 -0.027328989 0.667264938 0.047783788 0.742783546
1439803861.324459 0.403948545 -1.479330182 27.162109375 -0.027715338 0.667426944 0.047252763 0.742657602
1439803861.386961 0.459785461 -1.476078987 27.168836594 -0.028818987 0.667603970 0.046286937 0.742517292
1439803861.449465 0.515556574 -1.473014951 27.175300598 -0.029782491 0.667658865 0.045744546 0.742463529
1439803861.511968 0.571651459 -1.469841003 27.181715012 -0.029749652 0.667815745 0.046084054 0.742302716
1439803861.574465 0.628401041 -1.466951132 27.187404633 -0.029497016 0.667854428 0.046652190 0.742242515
1439803861.636970 0.685076237 -1.464189410 27.193662643 -0.028998593 0.667984068 0.047159892 0.742113411
1439803861.699466 0.742006302 -1.461081147 27.199748993 -0.027962357 0.668269455 0.047954738 0.741845250
1439803861.761969 0.798615694 -1.458272457 27.205154419 -0.027083755 0.668516457 0.048817474 0.741598964
1439803861.824467 0.855977774 -1.455193043 27.211347580 -0.027482053 0.668794930 0.048497595 0.741354227
1439803861.886967 0.913058281 -1.451779127 27.217758179 -0.028309474 0.668921292 0.048404280 0.741215110
1439803861.949470 0.971029043 -1.448457837 27.223907471 -0.029475432 0.669022083 0.048961561 0.741042078
1439803862.011970 1.028636694 -1.445235968 27.230133057 -0.029952420 0.669110775 0.050050933 0.740870118
1439803862.074470 1.086729527 -1.441757321 27.236021042 -0.029790746 0.669140399 0.051106438 0.740777791
1439803862.136974 1.144827127 -1.438416719 27.242067337 -0.029367467 0.669238687 0.052083679 0.740637898
1439803862.199476 1.202345848 -1.435206771 27.247703552 -0.029172346 0.669379473 0.052592169 0.740482330
1439803862.261977 1.260748863 -1.431662202 27.253925323 -0.029102219 0.669724882 0.052556131 0.740175307
1439803862.324478 1.318721771 -1.428113580 27.259738922 -0.029038623 0.669964731 0.052903663 0.739935935
1439803862.386980 1.377376080 -1.424557328 27.266191483 -0.029024635 0.670298934 0.052759491 0.739644051
1439803862.449480 1.435546637 -1.421426892 27.272062302 -0.027560430 0.670472145 0.052456200 0.739564657
1439803862.511979 1.493143082 -1.418995142 27.277408600 -0.025180347 0.670530200 0.052116908 0.739620864
1439803862.574486 1.551921844 -1.416277409 27.283344269 -0.023456100 0.670626760 0.051347364 0.739643812
1439803862.636984 1.610477448 -1.413081288 27.289371490 -0.022289177 0.670652032 0.050439097 0.739719450
1439803862.699485 1.668479919 -1.410170555 27.295373917 -0.021580199 0.670524955 0.049997207 0.739885688
1439803862.761987 1.727534294 -1.407309532 27.301784515 -0.021677839 0.670100093 0.050416417 0.740239203
1439803862.824489 1.787072897 -1.404447317 27.308105469 -0.022082373 0.669476211 0.051383194 0.740725100
1439803862.886989 1.846176147 -1.401978970 27.314741135 -0.022674436 0.668788075 0.052219819 0.741270185
1439803862.949491 1.905605555 -1.399181128 27.321428299 -0.022611834 0.668111861 0.052465197 0.741864264
1439803863.011991 1.965013266 -1.396451473 27.328428268 -0.022319591 0.667500556 0.052071013 0.742451072
1439803863.074492 2.024475813 -1.393796802 27.335517883 -0.021975303 0.666938543 0.051916722 0.742976904
1439803863.136997 2.083851099 -1.391025662 27.342594147 -0.021872845 0.666361630 0.051563174 0.743521988
1439803863.199496 2.143513918 -1.388008952 27.349905014 -0.021772988 0.665744603 0.051639147 0.744072199
1439803863.262001 2.203825474 -1.384930253 27.357374191 -0.022136912 0.665050864 0.051850557 0.744666874
1439803863.324500 2.264292955 -1.381844521 27.365068436 -0.022827886 0.664325237 0.052297093 0.745262265
1439803863.386997 2.324000835 -1.378836989 27.372411728 -0.022665143 0.663635015 0.053486884 0.745797515
1439803863.449501 2.384441853 -1.376121759 27.379760742 -0.022080002 0.662987947 0.054760132 0.746298075
1439803863.512002 2.445088148 -1.373117805 27.387512207 -0.021826116 0.662344754 0.055607203 0.746813834
1439803863.574499 2.505039215 -1.369800091 27.395612717 -0.022079699 0.661744893 0.055429298 0.747351170
1439803863.637001 2.565512657 -1.366782188 27.403747559 -0.022211092 0.661196589 0.054288123 0.747916162
1439803863.699501 2.626201630 -1.363901258 27.412115097 -0.021754077 0.660735607 0.053622931 0.748384774
1439803863.762004 2.686154842 -1.360976219 27.420429230 -0.021360951 0.660220921 0.053072456 0.748889387
1439803863.824506 2.747221470 -1.358079672 27.428726196 -0.020930335 0.659862757 0.052648004 0.749247074
1439803863.887008 2.807723522 -1.355189800 27.436624527 -0.020353882 0.659622848 0.052564666 0.749480069
1439803863.949511 2.868288994 -1.352346182 27.445192337 -0.020428805 0.659740806 0.052371610 0.749387741
1439803864.012008 2.929892778 -1.349569321 27.453897476 -0.020528777 0.659993768 0.052571066 0.749148190
1439803864.074509 2.990928411 -1.346665502 27.461893082 -0.021538625 0.660074115 0.051897805 0.749096036
1439803864.137011 3.052383423 -1.343604088 27.470418930 -0.022769867 0.660103381 0.051703323 0.749047220
1439803864.199513 3.114380598 -1.340029716 27.478862762 -0.023858214 0.660066724 0.052356455 0.749000371
1439803864.262016 3.176501751 -1.336698294 27.487438202 -0.025887560 0.659991741 0.052096680 0.749017119
1439803864.324520 3.239092827 -1.333401084 27.495973587 -0.025956929 0.660024345 0.053062979 0.748918176
1439803864.387019 3.300884247 -1.330806613 27.503475189 -0.024493035 0.660037577 0.054004207 0.748888552
1439803864.449521 3.361985445 -1.328202844 27.511447906 -0.023052568 0.660064220 0.053680141 0.748934031
1439803864.512019 3.423933744 -1.325196743 27.519546509 -0.021883482 0.660056353 0.052799176 0.749038637
1439803864.574521 3.486659050 -1.322167397 27.527757645 -0.022452928 0.660109997 0.050983034 0.749100387
1439803864.637026 3.548518658 -1.318772316 27.537147522 -0.023192428 0.660226107 0.049813669 0.749054193
1439803864.699527 3.610988617 -1.315974236 27.545972824 -0.023641489 0.660336971 0.049585428 0.748957634
1439803864.762031 3.674000025 -1.313131809 27.553270340 -0.023417111 0.660416365 0.049914628 0.748872697
1439803864.824526 3.736673832 -1.310637474 27.561271667 -0.022300189 0.660796285 0.050946672 0.748502076
1439803864.887028 3.799645424 -1.307689667 27.568956375 -0.021751897 0.661232650 0.051069546 0.748124361
1439803864.949529 3.862938881 -1.304721117 27.577491760 -0.022245625 0.661804676 0.050542384 0.747639775
1439803865.012030 3.925107479 -1.302206278 27.585878372 -0.022509685 0.662279308 0.050298739 0.747227848
1439803865.074534 3.990027666 -1.298665047 27.592916489 -0.021622827 0.662638187 0.051241875 0.746871710
1439803865.137036 4.051922798 -1.296024799 27.601329803 -0.021067934 0.663018167 0.052189469 0.746484637
1439803865.199535 4.115828037 -1.293440819 27.608371735 -0.020701565 0.663254917 0.052600875 0.746255636
1439803865.262037 4.179366589 -1.290338874 27.616094589 -0.020360023 0.663636684 0.053007200 0.745896757
1439803865.324538 4.243951797 -1.287569284 27.623699188 -0.020902850 0.663880587 0.053196710 0.745651186
1439803865.387043 4.307603836 -1.284118652 27.631425858 -0.021268182 0.664095342 0.053675644 0.745415270
1439803865.449540 4.372118950 -1.280669928 27.639129639 -0.020976674 0.664307058 0.054362960 0.745185077
1439803865.512042 4.436212540 -1.277629137 27.646472931 -0.020941336 0.664420485 0.055461302 0.745003998
1439803865.574544 4.500536442 -1.274633646 27.654081345 -0.020919409 0.664545059 0.056197576 0.744838297
1439803865.637045 4.564698219 -1.271436930 27.661514282 -0.020572450 0.664655387 0.055960435 0.744767368
1439803865.699546 4.628954411 -1.268758059 27.669116974 -0.020007716 0.664817512 0.055516399 0.744671285
1439803865.762048 4.692545891 -1.265743732 27.676446915 -0.019935872 0.664752722 0.055201687 0.744754434
1439803865.824549 4.755473137 -1.262601256 27.684762955 -0.019816464 0.664671183 0.055041261 0.744842291
1439803865.887051 4.819815159 -1.258935690 27.692523956 -0.019721497 0.664473116 0.055917483 0.744956195
1439803865.949555 4.884867668 -1.255914927 27.699308395 -0.018989768 0.664103389 0.058191948 0.745130658
1439803866.012053 4.948269844 -1.252721071 27.706819534 -0.019378874 0.663868189 0.059078556 0.745260477
1439803866.074557 5.012248993 -1.249459505 27.715152740 -0.021516060 0.663697362 0.058159754 0.745426238
1439803866.137056 5.075694561 -1.246330380 27.723945618 -0.023281040 0.663601041 0.056699496 0.745571494
1439803866.199557 5.138909817 -1.243185639 27.732246399 -0.023378136 0.663419962 0.055435851 0.745824575
1439803866.262060 5.202658653 -1.239804029 27.740121841 -0.022890715 0.662995398 0.055122945 0.746240318
1439803866.324560 5.266112328 -1.236540675 27.747554779 -0.021974511 0.662502706 0.055973638 0.746641994
1439803866.387065 5.330379486 -1.233004570 27.755252838 -0.020731226 0.662384927 0.057461821 0.746668875
1439803866.449562 5.392735481 -1.229243279 27.762811661 -0.020499509 0.662306726 0.059366200 0.746595740
1439803866.512067 5.456673622 -1.225290537 27.770301819 -0.020684743 0.662218750 0.062193353 0.746438503
1439803866.574567 5.520493507 -1.221683621 27.778305054 -0.020755988 0.662182570 0.064459734 0.746276379
1439803866.637069 5.583196640 -1.218543887 27.785633087 -0.019817678 0.662016094 0.064646676 0.746433318
1439803866.699569 5.645662308 -1.216187119 27.793502808 -0.017562388 0.661928773 0.062921926 0.746714652
1439803866.762070 5.707816124 -1.214229822 27.801197052 -0.014428651 0.662151933 0.059550293 0.746860385
1439803866.824572 5.769392967 -1.211926818 27.808156967 -0.010180346 0.662446320 0.057539605 0.746826887
1439803866.887076 5.832221031 -1.209212184 27.815399170 -0.007457526 0.662698746 0.056262173 0.746732414
1439803866.949578 5.894384384 -1.206653118 27.823305130 -0.007592322 0.662964642 0.056404531 0.746484220
1439803867.012075 5.958465576 -1.203605413 27.830537796 -0.009147771 0.663297653 0.058733258 0.745991230
1439803867.074582 6.022157192 -1.200762749 27.838088989 -0.012172380 0.663506329 0.061135359 0.745569289
1439803867.137078 6.085846901 -1.197785616 27.846029282 -0.015079061 0.663634956 0.062482554 0.745290041
1439803867.199580 6.148284912 -1.195092797 27.853858948 -0.017435698 0.663851261 0.062700488 0.745027602
1439803867.262081 6.210987091 -1.191790938 27.860967636 -0.018863596 0.664053380 0.063166581 0.744773328
1439803867.324582 6.274416924 -1.188088298 27.869411469 -0.021181485 0.664314687 0.062646113 0.744521856
1439803867.387087 6.337315559 -1.184397817 27.877319336 -0.022915490 0.664647043 0.061709836 0.744252026
1439803867.449588 6.400856972 -1.180332065 27.885097504 -0.023708947 0.665230155 0.061560981 0.743718386
1439803867.512088 6.463860512 -1.176727653 27.892158508 -0.023205165 0.665779948 0.061464798 0.743250012
1439803867.574591 6.526256084 -1.173761487 27.899408340 -0.021743413 0.666390002 0.058830589 0.742960691
1439803867.637089 6.588108540 -1.171362400 27.906929016 -0.020039674 0.667353034 0.054084923 0.742504716
1439803867.699591 6.650397778 -1.168572307 27.913825989 -0.017131535 0.668279231 0.051239505 0.741946042
1439803867.762093 6.713048935 -1.165907145 27.920619965 -0.015446480 0.668733358 0.049587067 0.741686046
1439803867.824594 6.776761055 -1.162883759 27.927776337 -0.016231962 0.668960094 0.049156319 0.741493464
1439803867.887097 6.840533733 -1.159934998 27.934562683 -0.018938215 0.669224739 0.049830321 0.741145432
1439803867.949597 6.904511452 -1.157006025 27.941621780 -0.021531329 0.669840515 0.051326942 0.740415871
1439803868.012099 6.967932224 -1.154987574 27.948211670 -0.022467794 0.670225263 0.051631115 0.740018606
1439803868.074601 7.030992508 -1.153290033 27.954376221 -0.020924356 0.670696616 0.051051199 0.739676952
1439803868.137099 7.093142509 -1.151591420 27.960294724 -0.018472403 0.671453595 0.049125079 0.739185750
1439803868.199599 7.155639648 -1.149316072 27.966117859 -0.015712792 0.672247469 0.047206625 0.738652766
1439803868.262101 7.219190598 -1.146458745 27.972131729 -0.014987424 0.672975481 0.047046904 0.738014817
1439803868.324604 7.283288002 -1.143241882 27.977617264 -0.015502658 0.673498213 0.050391164 0.737306237
1439803868.387101 7.347342491 -1.140255451 27.983055115 -0.016980177 0.673892975 0.054150529 0.736646175
1439803868.449603 7.411195755 -1.138055086 27.988634109 -0.018008718 0.674303532 0.055386942 0.736153960
1439803868.574603 7.463174820 -1.140999913 27.975799561 -0.014599819 0.673744738 0.057591703 0.736571789
1439803868.762105 7.725542068 -1.131712675 28.016849518 -0.012467961 0.679052830 0.031488881 0.733307719
1439803868.824605 7.783166885 -1.131169796 28.022626877 -0.013525771 0.678898215 0.036418319 0.733203888
