1439803654.820738 0.000028409 -0.002306934 0.039672062 0.000619113 0.001066596 0.000496279 0.999999106
1439803654.883238 0.000156657 -0.003486602 0.059443958 0.000988479 0.001171850 0.001006313 0.999998331
1439803654.945742 0.000327804 -0.004541567 0.079500124 0.001300214 0.001287160 0.002832892 0.999994278
1439803655.008245 0.000637705 -0.005817308 0.100387171 0.001213251 0.001502204 0.003824461 0.999990821
1439803655.070740 0.000626317 -0.007013949 0.120814867 0.001027826 0.001924247 0.004164190 0.999988973
1439803655.133243 0.000672487 -0.007934550 0.139781058 0.001109708 0.002257409 0.004807416 0.999985278
1439803655.195743 0.001038068 -0.009193871 0.160164401 0.001412387 0.002193318 0.006160876 0.999977648
1439803655.258243 0.000957891 -0.010369401 0.180143610 0.001555355 0.002384434 0.005587418 0.999980330
1439803655.320745 0.000925802 -0.011468015 0.200783089 0.000877102 0.002532614 0.004233837 0.999987483
1439803655.383245 0.000757236 -0.012425211 0.221140042 0.000206016 0.002694234 0.004185790 0.999987602
1439803655.445747 0.000744922 -0.013440624 0.241809160 -0.000221274 0.002599740 0.004519625 0.999986410
1439803655.508249 0.000757362 -0.014644375 0.262258738 -0.000690170 0.002340431 0.004818672 0.999985397
1439803655.570750 0.000744542 -0.015691213 0.282780856 -0.001288300 0.001882950 0.005085954 0.999984443
1439803655.633252 0.000853746 -0.016796060 0.303207159 -0.001881145 0.001380423 0.006345698 0.999977112
1439803655.695752 0.000894099 -0.018001249 0.323846817 -0.002158227 0.001148712 0.006590792 0.999975264
1439803655.758254 0.000797269 -0.019330338 0.343925744 -0.001384603 0.001268349 0.006389695 0.999977827
1439803655.820755 0.000756605 -0.020603193 0.364369124 -0.000312047 0.001361313 0.006580747 0.999977350
1439803655.883257 0.000645989 -0.021593485 0.384489685 0.000095945 0.001194422 0.006233466 0.999979854
1439803655.945758 0.000404995 -0.022604434 0.405170619 -0.000058244 0.000984022 0.005270928 0.999985635
1439803656.008259 0.000102658 -0.023622639 0.425429523 -0.000369432 0.000832943 0.003997086 0.999991596
1439803656.070763 0.000118283 -0.024688400 0.445762277 -0.000574418 0.000806599 0.003771071 0.999992371
1439803656.133264 0.000013659 -0.025763614 0.466059893 -0.000783602 0.001132123 0.003657117 0.999992371
1439803656.195764 -0.000005596 -0.027012285 0.486407548 -0.001539134 0.001436500 0.004197323 0.999988973
1439803656.258266 0.000251941 -0.028157584 0.506886721 -0.002382749 0.001633130 0.005481450 0.999980807
1439803656.320766 0.000588079 -0.029080186 0.526878059 -0.002975349 0.001873657 0.005783971 0.999977052
1439803656.383267 0.000654789 -0.030157102 0.547168970 -0.003599408 0.002583072 0.005196178 0.999976695
1439803656.445773 0.000679578 -0.031055167 0.567459285 -0.003964834 0.003627735 0.004361938 0.999976039
1439803656.508269 0.000800657 -0.031893663 0.587359369 -0.004990721 0.004636367 0.004346851 0.999967337
1439803656.570769 0.001004909 -0.032781765 0.607432306 -0.005451557 0.005372075 0.004433728 0.999960899
1439803656.633274 0.001256484 -0.033764824 0.627389133 -0.004637348 0.006065219 0.004306744 0.999961555
1439803656.695771 0.001813414 -0.035016075 0.646779418 -0.003762146 0.006926171 0.004799565 0.999957383
1439803656.758270 0.002428207 -0.036153853 0.666741908 -0.003168996 0.008299029 0.006173064 0.999941468
1439803656.820772 0.002965645 -0.037234806 0.686396301 -0.002278936 0.009945174 0.007120766 0.999922574
1439803656.883272 0.003583665 -0.038371507 0.705969274 -0.001439014 0.011570388 0.007939168 0.999900520
1439803656.945774 0.004275810 -0.039362758 0.725426078 0.000108907 0.013032592 0.007789484 0.999884725
1439803657.008275 0.005116152 -0.040367439 0.744872153 0.000743956 0.014584153 0.007664065 0.999863982
1439803657.070777 0.005848527 -0.041603230 0.764458477 0.000495034 0.016639568 0.007148887 0.999835849
1439803657.133277 0.006598761 -0.042641725 0.783942282 -0.000197301 0.018648550 0.005546180 0.999810696
1439803657.195778 0.007288933 -0.043592885 0.803470016 -0.001262385 0.020259265 0.004863239 0.999782145
1439803657.258278 0.008408561 -0.044580907 0.822933257 -0.002078113 0.021550979 0.005532030 0.999750257
1439803657.320781 0.009576976 -0.045776810 0.842236400 -0.002337887 0.022969889 0.007326776 0.999706566
1439803657.383281 0.010998415 -0.046809956 0.861187994 -0.002220301 0.024472546 0.009319601 0.999654591
1439803657.445782 0.012265816 -0.047844894 0.880391777 -0.002346796 0.026280480 0.010922913 0.999592185
1439803657.508282 0.013968840 -0.048867553 0.899603903 -0.002958052 0.027698509 0.012687560 0.999531448
1439803657.570784 0.015020978 -0.049811117 0.918711364 -0.004192977 0.029551951 0.012271112 0.999479115
1439803657.633285 0.016116101 -0.050596088 0.937970102 -0.005127551 0.031446926 0.010922629 0.999432564
1439803657.695786 0.017375574 -0.051099420 0.957112908 -0.006196228 0.033125963 0.009167803 0.999389946
1439803657.758287 0.018579736 -0.051794380 0.976010799 -0.007399668 0.034666184 0.008324789 0.999336898
1439803657.820788 0.019834846 -0.052534319 0.995019853 -0.008682997 0.036010269 0.007752230 0.999283612
1439803657.883290 0.021658782 -0.053260300 1.014280200 -0.009845655 0.036926698 0.008761306 0.999231040
1439803657.945791 0.023797523 -0.053990379 1.033554673 -0.009867967 0.037828967 0.012445398 0.999157965
1439803658.008292 0.025852337 -0.055140562 1.052052975 -0.009385261 0.038687140 0.016195115 0.999076068
1439803658.070794 0.027782489 -0.056087896 1.071020484 -0.008374056 0.039620716 0.018323911 0.999011695
1439803658.133294 0.029470183 -0.057023309 1.089882970 -0.007108482 0.040533103 0.018257730 0.998986125
1439803658.195794 0.030987728 -0.057890140 1.108834028 -0.005749140 0.041312207 0.016972445 0.998985589
1439803658.258296 0.032248385 -0.058545887 1.128090739 -0.004787063 0.042333111 0.014557397 0.998986065
1439803658.320800 0.033427097 -0.059279878 1.146592259 -0.003467561 0.043443371 0.012222421 0.998975098
1439803658.383299 0.034775421 -0.060064346 1.165618181 -0.002449829 0.044151127 0.011450405 0.998956203
1439803658.445803 0.036559872 -0.061106835 1.184604287 -0.001944080 0.043993182 0.012515937 0.998951554
1439803658.508300 0.038707756 -0.061957408 1.204090714 -0.001531962 0.043401651 0.014431356 0.998952270
1439803658.570801 0.040818453 -0.063020557 1.222882032 -0.001581605 0.042608287 0.017059393 0.998944998
1439803658.633304 0.042678844 -0.064143509 1.242408752 -0.002009043 0.041803926 0.019142171 0.998940468
1439803658.695804 0.044176765 -0.065075740 1.261460900 -0.002273560 0.040726583 0.019915339 0.998969257
1439803658.758305 0.045353584 -0.066027544 1.280595779 -0.002715894 0.039358728 0.019004270 0.999040723
1439803658.820807 0.046336640 -0.066717617 1.300081372 -0.002984718 0.037675165 0.017435538 0.999133468
1439803658.883306 0.047166616 -0.067608498 1.319446921 -0.003516921 0.035901837 0.015866151 0.999223173
1439803658.945807 0.047969855 -0.068356857 1.338738084 -0.004280908 0.033995871 0.014043665 0.999314129
1439803659.008309 0.048612680 -0.069476396 1.358482361 -0.005252390 0.031984221 0.014016340 0.999376237
1439803659.070811 0.049615461 -0.070185214 1.378212690 -0.006113878 0.029605728 0.014906008 0.999431789
1439803659.133312 0.050736196 -0.071005948 1.397832870 -0.006480859 0.026822608 0.016640382 0.999480665
1439803659.195813 0.051355787 -0.071978450 1.417581081 -0.006739399 0.024029663 0.018592788 0.999515593
1439803659.258315 0.051792268 -0.072832748 1.437021732 -0.007020170 0.020983966 0.019635465 0.999562323
1439803659.320819 0.052081332 -0.073560402 1.456926942 -0.007288780 0.017798023 0.019229425 0.999630094
1439803659.383319 0.051979601 -0.074327126 1.476673126 -0.007588701 0.014444742 0.017940592 0.999705911
1439803659.445818 0.051687159 -0.075495586 1.496415019 -0.007233895 0.010895826 0.017268687 0.999765337
1439803659.508320 0.051542994 -0.076310009 1.516059875 -0.006171256 0.007032143 0.017180236 0.999808609
1439803659.570821 0.050967235 -0.077297270 1.535646558 -0.005089722 0.003204998 0.017964812 0.999820530
1439803659.633322 0.050537858 -0.078423336 1.555204153 -0.004168110 -0.000633396 0.018564127 0.999818802
1439803659.695824 0.050031949 -0.079416402 1.574932694 -0.003529214 -0.004443065 0.019458622 0.999794602
1439803659.758325 0.049312226 -0.080455437 1.594464779 -0.003394040 -0.008276153 0.020043820 0.999759138
1439803659.820829 0.048177544 -0.081234582 1.614522696 -0.003009122 -0.012038487 0.020123180 0.999720514
1439803659.883329 0.046930686 -0.082176276 1.634263277 -0.003455749 -0.016138442 0.020508759 0.999653459
1439803659.945828 0.045538276 -0.083167203 1.654329658 -0.003737743 -0.020381849 0.020749642 0.999569952
1439803660.008335 0.044043526 -0.084273145 1.674167156 -0.003784408 -0.024810400 0.020423422 0.999476314
1439803660.070831 0.042153850 -0.085357264 1.693961143 -0.003659976 -0.028986940 0.019278802 0.999387145
1439803660.133333 0.040131688 -0.086504303 1.713687658 -0.003646080 -0.032881532 0.018880663 0.999274254
1439803660.195834 0.037990630 -0.087570600 1.733486295 -0.003478415 -0.036492400 0.018130308 0.999163389
1439803660.258335 0.036059439 -0.088719837 1.753168106 -0.003078301 -0.039972663 0.017208274 0.999047816
1439803660.320838 0.033650398 -0.089681029 1.773164868 -0.002492567 -0.042842396 0.016721483 0.998938799
1439803660.383338 0.031374216 -0.090573601 1.793123007 -0.002194872 -0.045530993 0.016184716 0.998829424
1439803660.445839 0.029151797 -0.091668688 1.812891126 -0.002599703 -0.047847807 0.015418908 0.998732269
1439803660.508342 0.026678503 -0.092587687 1.832809925 -0.003327985 -0.049691033 0.014908157 0.998647809
1439803660.570842 0.024247900 -0.093635313 1.852743745 -0.003500513 -0.051225793 0.015231243 0.998564780
1439803660.633343 0.022065252 -0.094728127 1.872790813 -0.003602467 -0.052768916 0.015748845 0.998476028
1439803660.695844 0.019701481 -0.095759943 1.892839789 -0.003633727 -0.054144725 0.015822764 0.998401105
1439803660.758346 0.017263889 -0.096934684 1.913027287 -0.003717620 -0.055423126 0.016211484 0.998324394
1439803660.820846 0.014703259 -0.098012418 1.933166146 -0.003949855 -0.056409948 0.016159846 0.998269081
1439803660.883348 0.011968821 -0.099100649 1.953192711 -0.004027435 -0.057107139 0.014510102 0.998254478
1439803660.945850 0.009321898 -0.099954829 1.973649740 -0.003425605 -0.057586122 0.012483300 0.998256624
1439803661.008352 0.006526813 -0.100847155 1.993909597 -0.003317552 -0.057855658 0.010236156 0.998266935
1439803661.070853 0.003856122 -0.101883814 2.014356136 -0.003786992 -0.057842866 0.008666885 0.998280883
1439803661.133354 0.001295745 -0.102892593 2.034915924 -0.004541538 -0.057442021 0.007305868 0.998311758
1439803661.195854 -0.001150429 -0.103794359 2.055495024 -0.005370458 -0.056804314 0.006703429 0.998348355
1439803661.258356 -0.003555804 -0.104684323 2.076328754 -0.005691447 -0.056175478 0.007430660 0.998377025
1439803661.320857 -0.005761757 -0.105729148 2.096909523 -0.005276532 -0.055501886 0.007785422 0.998414278
1439803661.383360 -0.007928491 -0.106892467 2.117751122 -0.004726934 -0.054842021 0.007990933 0.998451889
1439803661.445862 -0.010287717 -0.107829124 2.138716936 -0.004569287 -0.053924203 0.007186110 0.998508751
1439803661.508361 -0.012748078 -0.108727112 2.159654856 -0.004289045 -0.052812669 0.005278955 0.998581231
1439803661.570863 -0.015070975 -0.109683730 2.180674791 -0.003771802 -0.051412355 0.003940160 0.998662591
1439803661.633364 -0.017407909 -0.110635899 2.201922894 -0.003302111 -0.049720943 0.002529325 0.998754501
1439803661.695865 -0.019527540 -0.111798160 2.223031759 -0.003212526 -0.047924496 0.001417793 0.998844802
1439803661.758367 -0.021309361 -0.112732157 2.244258642 -0.002779979 -0.046128675 0.002062563 0.998929501
1439803661.820868 -0.022886500 -0.114046387 2.265567780 -0.002327611 -0.044246811 0.003315615 0.999012411
1439803661.883369 -0.024369776 -0.115216225 2.286858559 -0.001566206 -0.042108029 0.004120080 0.999103367
1439803661.945870 -0.025839254 -0.116650917 2.308017015 -0.001345964 -0.039872032 0.005097261 0.999190867
1439803662.008372 -0.026964650 -0.117636077 2.329843998 -0.000851339 -0.037919108 0.006012282 0.999262393
1439803662.070873 -0.028514698 -0.118648589 2.351250172 -0.000301242 -0.035623342 0.005648383 0.999349296
1439803662.133374 -0.029697970 -0.119868949 2.372994423 -0.000060241 -0.033546239 0.005446561 0.999422312
1439803662.195875 -0.031034850 -0.121090144 2.394842625 -0.000337025 -0.031497259 0.005330222 0.999489546
1439803662.258377 -0.032143772 -0.122249141 2.416656494 -0.000745373 -0.029453026 0.004967608 0.999553502
1439803662.320878 -0.033125766 -0.123339735 2.438577175 -0.001042949 -0.027358703 0.004745292 0.999613822
1439803662.383380 -0.034123331 -0.124428742 2.460500956 -0.001139253 -0.025186067 0.004824498 0.999670506
1439803662.445881 -0.034895912 -0.125691086 2.482439756 -0.001437888 -0.023047406 0.005063741 0.999720514
1439803662.508382 -0.035734527 -0.126760677 2.504544020 -0.001939713 -0.020909179 0.005142340 0.999766290
1439803662.570886 -0.036131334 -0.127972394 2.526497364 -0.002585637 -0.018923633 0.005217577 0.999803960
1439803662.633385 -0.036713827 -0.128880352 2.548875093 -0.002978539 -0.016772814 0.004964087 0.999842584
1439803662.695885 -0.037501771 -0.129851386 2.571193695 -0.003616892 -0.014415503 0.004583650 0.999879062
1439803662.758385 -0.037722155 -0.130724624 2.593461752 -0.004865183 -0.012307025 0.004290895 0.999903202
1439803662.820886 -0.037991945 -0.131861567 2.615805864 -0.006048904 -0.010172523 0.003838870 0.999922574
1439803662.883386 -0.038359951 -0.132803008 2.638399124 -0.006368948 -0.008230564 0.003238651 0.999940574
1439803662.945887 -0.038609542 -0.133960575 2.660974026 -0.006318589 -0.006334716 0.002491986 0.999956846
1439803663.008388 -0.038796596 -0.134778976 2.683610439 -0.005697352 -0.004504389 0.002090678 0.999971449
1439803663.070888 -0.038781889 -0.135791659 2.706202030 -0.005197536 -0.002811512 0.001470266 0.999981463
1439803663.133389 -0.038661215 -0.137068257 2.728834867 -0.004427994 -0.001209766 0.001876497 0.999987721
1439803663.195889 -0.038389646 -0.138203546 2.751194239 -0.004280539 0.000093833 0.001619930 0.999989510
1439803663.258390 -0.038463846 -0.138918623 2.774500370 -0.004344332 0.001385254 0.001705445 0.999988139
1439803663.320890 -0.038156901 -0.139769405 2.797254562 -0.004039743 0.002324597 0.001739783 0.999987602
1439803663.383391 -0.037744340 -0.140860632 2.820107698 -0.003661889 0.002934271 0.001842941 0.999987304
1439803663.445891 -0.037968561 -0.142118111 2.843107462 -0.003353872 0.003521622 0.001943339 0.999986291
1439803663.508391 -0.037784684 -0.143339396 2.866522551 -0.003120859 0.003879667 0.002243997 0.999985099
1439803663.570893 -0.037617750 -0.144647494 2.889290333 -0.002728181 0.004524152 0.001876187 0.999984264
1439803663.633393 -0.037509002 -0.145752445 2.912679911 -0.002020397 0.005151134 0.001167571 0.999984026
1439803663.695893 -0.037368502 -0.146827400 2.935781002 -0.002325041 0.005551912 0.000389473 0.999981761
1439803663.758394 -0.037146669 -0.147797212 2.959161520 -0.003310398 0.005729605 -0.000277985 0.999978065
1439803663.820895 -0.036991693 -0.148878857 2.982569695 -0.004034564 0.005865516 0.000132118 0.999974668
1439803663.883395 -0.036785875 -0.149977043 3.006242752 -0.004315251 0.005915402 0.000127509 0.999973178
1439803663.945896 -0.036872067 -0.151439711 3.029989243 -0.004277839 0.005945529 0.000190802 0.999973178
1439803664.008397 -0.036718994 -0.152633503 3.053529263 -0.003951315 0.006116904 0.000414517 0.999973416
1439803664.070912 -0.036612626 -0.153818130 3.077021837 -0.003014769 0.006428205 -0.000443916 0.999974668
1439803664.133399 -0.036560874 -0.155188441 3.100536346 -0.001699351 0.006755163 -0.001343468 0.999974847
1439803664.195901 -0.036333606 -0.156297207 3.123849630 -0.000624527 0.006821956 -0.001709374 0.999975085
1439803664.258402 -0.036284868 -0.157643065 3.147582531 -0.000436635 0.006957277 -0.002918561 0.999971449
1439803664.320903 -0.036101889 -0.158850983 3.171205997 -0.000401803 0.007013084 -0.003436685 0.999969423
1439803664.383405 -0.036007050 -0.160077721 3.195177794 -0.000624354 0.007175376 -0.003699752 0.999967217
1439803664.445906 -0.035859592 -0.161237597 3.219188690 -0.001191169 0.007333382 -0.004488227 0.999962330
1439803664.508408 -0.035792343 -0.162399396 3.243415594 -0.002108807 0.007509978 -0.005116056 0.999956489
1439803664.570909 -0.035380624 -0.163655981 3.266829491 -0.002772027 0.007653601 -0.004524624 0.999956608
1439803664.633410 -0.035111312 -0.164866671 3.290924072 -0.002965583 0.007966837 -0.004433025 0.999954045
1439803664.695911 -0.035051733 -0.166211873 3.314986706 -0.003160067 0.008471587 -0.005040701 0.999946415
1439803664.758413 -0.034643468 -0.167226627 3.338855267 -0.003254373 0.008902962 -0.005383938 0.999940574
1439803664.820914 -0.034212857 -0.168323547 3.363545656 -0.003494627 0.009417497 -0.005607246 0.999933779
1439803664.883415 -0.033856340 -0.169546768 3.387636900 -0.003412365 0.009891205 -0.006155862 0.999926329
1439803664.945916 -0.033314236 -0.170612529 3.411582947 -0.003165616 0.010241554 -0.005985517 0.999924600
1439803665.008418 -0.032919869 -0.172083974 3.435822248 -0.002776180 0.010546004 -0.005966695 0.999922752
1439803665.070919 -0.032526925 -0.173280820 3.460334301 -0.002226425 0.011040688 -0.006268302 0.999916911
1439803665.133421 -0.031961352 -0.174436405 3.484710455 -0.001804212 0.011459972 -0.006364475 0.999912441
1439803665.195922 -0.031391576 -0.175672010 3.509130716 -0.001428838 0.011834094 -0.006892541 0.999905169
1439803665.258424 -0.030874074 -0.177012220 3.532932281 -0.000974830 0.012181913 -0.007177434 0.999899566
1439803665.320925 -0.030479066 -0.178242341 3.557695627 -0.001177411 0.012562294 -0.006808719 0.999897182
1439803665.383425 -0.029973753 -0.179380447 3.582491159 -0.002650208 0.013002404 -0.007342227 0.999884963
1439803665.445927 -0.029594585 -0.180463627 3.607261181 -0.004379163 0.013438840 -0.008440412 0.999864459
1439803665.508428 -0.029180601 -0.181507722 3.631338358 -0.005101272 0.013825778 -0.009119065 0.999849856
1439803665.570945 -0.029018946 -0.182845026 3.655790806 -0.005271128 0.014338291 -0.009940773 0.999833882
1439803665.633431 -0.027978763 -0.184327334 3.680471420 -0.004874115 0.014600169 -0.010416017 0.999827266
1439803665.695932 -0.027563460 -0.185557649 3.704657078 -0.004124235 0.015015449 -0.011035397 0.999817848
1439803665.758433 -0.026920028 -0.186692163 3.728938341 -0.002911000 0.015268525 -0.011164564 0.999816835
1439803665.820935 -0.026263706 -0.187824935 3.752975941 -0.002083625 0.015611893 -0.011313937 0.999811947
1439803665.883441 -0.025553003 -0.189088315 3.776995659 -0.001906898 0.016012533 -0.011470851 0.999804199
1439803665.945937 -0.025338650 -0.190407559 3.801440239 -0.001850498 0.016658010 -0.011622013 0.999791980
1439803666.008440 -0.024693131 -0.191579714 3.825804949 -0.001954852 0.017057909 -0.012048338 0.999779999
1439803666.070942 -0.024069041 -0.192907751 3.849807024 -0.003134206 0.017291533 -0.013388920 0.999755919
1439803666.133443 -0.023238376 -0.193972766 3.874424696 -0.003890122 0.017705925 -0.013311569 0.999747038
1439803666.195943 -0.022541285 -0.195313737 3.898487329 -0.004128857 0.018165013 -0.012999791 0.999741971
1439803666.258444 -0.021440908 -0.196416706 3.922920942 -0.003989752 0.018264322 -0.012542333 0.999746561
1439803666.320945 -0.020813122 -0.197677538 3.947066069 -0.004172088 0.018392537 -0.012108731 0.999748826
1439803666.383446 -0.019770101 -0.198708013 3.971596479 -0.004132872 0.018521685 -0.012106314 0.999746561
1439803666.445948 -0.019295409 -0.200081527 3.995243073 -0.003700658 0.018884450 -0.011957135 0.999743283
1439803666.508449 -0.018452287 -0.201153532 4.019620419 -0.003851055 0.019185094 -0.011514749 0.999742210
1439803666.570950 -0.017727241 -0.202338219 4.043813705 -0.004048180 0.019272884 -0.011653745 0.999738157
1439803666.633451 -0.017053306 -0.203412652 4.068001747 -0.003939171 0.019414006 -0.011924415 0.999732673
1439803666.695955 -0.016354501 -0.204942778 4.092181683 -0.003545208 0.019411800 -0.011808019 0.999735534
1439803666.758454 -0.015775681 -0.206222057 4.115944862 -0.003275223 0.019544786 -0.012546751 0.999724925
1439803666.820957 -0.015212581 -0.207518861 4.140050888 -0.003191627 0.019643310 -0.013557676 0.999710023
1439803666.883458 -0.014479265 -0.208373934 4.164641380 -0.002972578 0.019494392 -0.014169279 0.999705136
1439803666.945958 -0.013485119 -0.209214777 4.188561440 -0.003085495 0.019312849 -0.014067238 0.999709725
1439803667.008459 -0.012713775 -0.210532635 4.212581158 -0.003598466 0.019363966 -0.013949909 0.999708712
1439803667.070961 -0.011985436 -0.211955667 4.236535072 -0.004308360 0.019499144 -0.014112168 0.999701023
1439803667.133462 -0.011135533 -0.213118538 4.260777950 -0.004717708 0.019545963 -0.014520458 0.999692380
1439803667.195964 -0.010581926 -0.214327306 4.284492016 -0.004708217 0.019619182 -0.015181736 0.999681175
1439803667.258465 -0.010070905 -0.215388194 4.308676720 -0.004497640 0.019531833 -0.015868410 0.999673188
1439803667.320966 -0.009489805 -0.216452017 4.332590580 -0.004800138 0.018966449 -0.016514672 0.999672174
1439803667.383467 -0.009061471 -0.217638507 4.356507778 -0.004900489 0.018080287 -0.016554115 0.999687493
1439803667.445969 -0.007875323 -0.218713894 4.381392002 -0.004649054 0.017265478 -0.016649043 0.999701500
1439803667.508472 -0.007500291 -0.219897658 4.405039787 -0.003911471 0.016503621 -0.015277556 0.999739408
1439803667.570971 -0.006193325 -0.221478090 4.430057526 -0.003534728 0.015789559 -0.014591902 0.999762654
1439803667.633472 -0.005895272 -0.222575948 4.453468800 -0.002753059 0.015077643 -0.014575893 0.999776304
1439803667.695976 -0.005893558 -0.223800525 4.476727486 -0.001570112 0.014650091 -0.015155382 0.999776602
1439803667.758476 -0.005438849 -0.224935308 4.500733852 -0.000633997 0.014249834 -0.015545331 0.999777436
1439803667.820976 -0.005058102 -0.226303071 4.524590969 -0.000341794 0.013612213 -0.016088588 0.999777853
1439803667.883478 -0.004362933 -0.227277264 4.549310207 -0.000575141 0.012673349 -0.015807929 0.999794602
1439803667.945980 -0.003885202 -0.228521690 4.573380947 -0.000856471 0.011810433 -0.015184135 0.999814630
1439803668.008485 -0.003748089 -0.229815587 4.597028255 -0.000823528 0.011095886 -0.014550657 0.999832213
1439803668.070982 -0.003382303 -0.231390223 4.620877743 -0.000930440 0.010284279 -0.014220446 0.999845564
1439803668.133486 -0.003602192 -0.232437283 4.644065380 -0.001292160 0.009333117 -0.014341665 0.999852777
1439803668.195986 -0.003242731 -0.234062493 4.668930531 -0.001635282 0.008392170 -0.014403014 0.999859691
1439803668.258486 -0.003158502 -0.235365137 4.692901611 -0.001490108 0.007369332 -0.015143546 0.999857068
1439803668.320988 -0.003565978 -0.236361980 4.716116428 -0.001171709 0.006299717 -0.015819238 0.999854326
1439803668.383491 -0.003680848 -0.238043964 4.739886284 -0.000855994 0.005057291 -0.014508468 0.999881625
1439803668.445994 -0.003595576 -0.239396766 4.763344765 -0.000363685 0.003862803 -0.013206868 0.999905288
1439803668.508492 -0.003054621 -0.240854993 4.788380623 0.000017102 0.002858089 -0.013039420 0.999910891
1439803668.570996 -0.004340788 -0.241669521 4.810449600 -0.000059959 0.002097988 -0.015184942 0.999882519
1439803668.633497 -0.004641222 -0.243204385 4.834913254 -0.000224143 0.001488617 -0.016849397 0.999856889
1439803668.695998 -0.005033677 -0.244063348 4.859245300 -0.000185664 0.001272672 -0.018290494 0.999831855
1439803668.758512 -0.004903582 -0.245953545 4.883048534 -0.000088934 0.000717073 -0.018222805 0.999833703
1439803668.820999 -0.005824166 -0.246467382 4.906119823 -0.000282921 0.000281082 -0.019185709 0.999815822
1439803668.883501 -0.006082263 -0.247746393 4.929910183 -0.000699819 -0.000124812 -0.019917671 0.999801338
1439803668.946000 -0.006114813 -0.249192923 4.953751564 -0.001091369 -0.000259906 -0.021066574 0.999777436
1439803669.008501 -0.006471654 -0.250026971 4.977526188 -0.002184083 -0.000156795 -0.021316115 0.999770403
1439803669.071000 -0.006632471 -0.250774533 5.001582623 -0.003236870 -0.000187911 -0.021068674 0.999772727
1439803669.133500 -0.006954914 -0.252801001 5.026128769 -0.004282744 -0.000280046 -0.019665012 0.999797404
1439803669.196003 -0.007083943 -0.253797889 5.049845695 -0.004814710 -0.000262095 -0.018900806 0.999809742
1439803669.258502 -0.007265964 -0.254615247 5.073779583 -0.005122678 -0.000113609 -0.019603809 0.999794722
1439803669.321002 -0.007504562 -0.255977124 5.097944736 -0.005200620 0.000083877 -0.020713873 0.999771953
1439803669.446005 -0.008352436 -0.258255750 5.145625591 -0.004543636 0.000123038 -0.021938067 0.999749005
1439803669.508502 -0.008023817 -0.259694189 5.170155048 -0.004178321 -0.000311716 -0.020552672 0.999779999
1439803669.571007 -0.008089401 -0.261001945 5.194688320 -0.003810716 -0.000459056 -0.018873220 0.999814510
1439803669.696003 -0.008129479 -0.263454258 5.242404461 -0.001619093 -0.000421843 -0.017928412 0.999837875
1439803669.758504 -0.008484715 -0.263812304 5.266503811 -0.000274102 -0.000177476 -0.019081818 0.999817908
1439803669.821005 -0.008865098 -0.265703678 5.290454865 -0.000109025 0.000055875 -0.020238705 0.999795198
1439803669.883508 -0.008807668 -0.266692311 5.315110683 -0.000107270 0.000078287 -0.020806422 0.999783516
1439803669.946010 -0.009313032 -0.268236130 5.339484215 -0.000803677 -0.000083469 -0.020169150 0.999796271
1439803670.008513 -0.009519949 -0.269590646 5.364159107 -0.001347178 -0.000220156 -0.020343989 0.999792099
1439803670.071011 -0.009406555 -0.270835012 5.388775826 -0.001546057 -0.000317982 -0.019704595 0.999804616
1439803670.133517 -0.009749603 -0.272126973 5.413192272 -0.001887688 -0.000035693 -0.019757608 0.999803007
1439803670.196012 -0.010094623 -0.273532301 5.437678814 -0.001956075 0.000298568 -0.020320192 0.999791563
1439803670.258512 -0.010091162 -0.274728090 5.461693764 -0.001464043 0.000244655 -0.019310454 0.999812424
1439803670.321015 -0.010149210 -0.276130259 5.486268997 -0.001039975 0.000164710 -0.018687259 0.999824822
1439803670.383513 -0.010252692 -0.277283043 5.511096954 -0.000938727 0.000167711 -0.019771269 0.999804080
1439803670.446014 -0.010849666 -0.278579921 5.535425663 -0.001216787 0.000431475 -0.021334797 0.999771535
1439803670.508517 -0.011021792 -0.279944807 5.559506893 -0.001595178 0.000472466 -0.023247505 0.999728382
1439803670.571015 -0.011598978 -0.280906439 5.585192680 -0.002778345 0.000617884 -0.024676640 0.999691427
1439803670.633515 -0.011900469 -0.281878144 5.610358715 -0.003819033 0.000472301 -0.023653060 0.999712825
1439803670.696020 -0.011878931 -0.283520460 5.634942055 -0.003776937 0.000216764 -0.021858031 0.999753952
1439803670.758517 -0.011831356 -0.284752458 5.658360958 -0.002182682 -0.000462302 -0.020489095 0.999787569
1439803670.821017 -0.012360698 -0.286491990 5.683204651 -0.000144810 -0.000779311 -0.020302847 0.999793589
1439803670.883518 -0.012497335 -0.287864983 5.707042217 0.001744306 -0.001176064 -0.020934733 0.999778628
1439803670.946018 -0.013092057 -0.289333373 5.732112408 0.003535131 -0.001519208 -0.021656893 0.999758065
1439803671.008519 -0.013720552 -0.290694058 5.757080078 0.004346569 -0.002156674 -0.021966461 0.999746919
1439803671.071022 -0.014821397 -0.291765362 5.781181335 0.003086022 -0.002916128 -0.022877667 0.999729276
1439803671.133524 -0.015667494 -0.293066114 5.806412220 0.001762370 -0.003453962 -0.022797059 0.999732614
1439803671.196025 -0.015464239 -0.294813246 5.830408573 0.000918379 -0.004277245 -0.021557063 0.999758065
1439803671.258528 -0.015973777 -0.296166033 5.855434895 0.000629298 -0.004848003 -0.020409994 0.999779761
1439803671.321028 -0.016665738 -0.297549367 5.880742073 0.000153390 -0.005404773 -0.019876044 0.999787867
1439803671.383527 -0.017400205 -0.299042791 5.905322552 -0.000039934 -0.005960041 -0.020847876 0.999764919
1439803671.446031 -0.018109903 -0.300341159 5.930844784 0.000330882 -0.006431567 -0.019865187 0.999781907
1439803671.508529 -0.018823303 -0.301642895 5.955836773 0.000368578 -0.006931291 -0.018492633 0.999804914
1439803671.571031 -0.019880988 -0.302890778 5.981155396 -0.000781987 -0.007521154 -0.018929221 0.999792218
1439803671.633532 -0.020338260 -0.304349005 6.005597115 -0.001659778 -0.008290522 -0.019937688 0.999765456
1439803671.696034 -0.020918719 -0.305667311 6.029985905 -0.001552217 -0.008913701 -0.020242149 0.999754131
1439803671.758537 -0.021690845 -0.307067931 6.054799080 -0.000748683 -0.009515501 -0.019435693 0.999765515
1439803671.821039 -0.022269890 -0.308565229 6.079760075 -0.000669632 -0.010482700 -0.018142998 0.999780238
1439803671.883539 -0.022739977 -0.310008109 6.104415417 -0.000678220 -0.011450625 -0.017783884 0.999776065
1439803671.946039 -0.023590922 -0.311426699 6.129154205 0.000011621 -0.011594254 -0.017692266 0.999776244
1439803672.008540 -0.024931580 -0.312809080 6.154794693 0.000500970 -0.011554112 -0.016680045 0.999794006
1439803672.071042 -0.025586717 -0.314209193 6.179551601 0.000963544 -0.011981198 -0.014995391 0.999815285
1439803672.133543 -0.026240677 -0.315868795 6.204429626 0.001545386 -0.012611527 -0.015038468 0.999806166
1439803672.196044 -0.027658686 -0.317325532 6.230468750 0.002289138 -0.012938903 -0.016331663 0.999780297
1439803672.258544 -0.028988108 -0.318538040 6.255906582 0.002355751 -0.013153343 -0.018587347 0.999737918
1439803672.321045 -0.030119583 -0.320177168 6.281351566 0.001938819 -0.013449970 -0.018986227 0.999727428
1439803672.383546 -0.030576527 -0.321410060 6.305428982 0.001289562 -0.014139632 -0.017910626 0.999738753
1439803672.446045 -0.031417429 -0.322936714 6.330627918 0.000858486 -0.014812219 -0.016841998 0.999748111
1439803672.508545 -0.032176495 -0.324222028 6.355836868 0.000424570 -0.015294643 -0.015837206 0.999757528
1439803672.571047 -0.033213824 -0.325921297 6.380723953 -0.000033693 -0.015463928 -0.016193287 0.999749303
1439803672.633548 -0.034386098 -0.327512413 6.405840397 -0.000247920 -0.015555022 -0.016497368 0.999742866
1439803672.696049 -0.035505831 -0.328904450 6.431280136 -0.000016782 -0.015896954 -0.016566599 0.999736369
1439803672.758551 -0.036758557 -0.330262780 6.456705570 -0.000140523 -0.016406802 -0.016930960 0.999722004
1439803672.821053 -0.037942320 -0.331691146 6.481797218 -0.000997735 -0.017105393 -0.017558575 0.999698997
1439803672.883553 -0.039037839 -0.333082974 6.507220268 -0.001476323 -0.017663285 -0.017595733 0.999688089
1439803672.946053 -0.040439367 -0.334433407 6.532631397 -0.001673464 -0.017932272 -0.018570291 0.999665320
1439803673.008554 -0.041772336 -0.335700035 6.558120251 -0.001659636 -0.018345388 -0.019235503 0.999645293
1439803673.071055 -0.042972013 -0.337257475 6.583801746 -0.001897779 -0.018900514 -0.019331131 0.999632657
1439803673.133557 -0.044245720 -0.338296115 6.609067440 -0.002048476 -0.019438555 -0.019319011 0.999622285
1439803673.196058 -0.045429811 -0.339595139 6.634984016 -0.002145994 -0.019973010 -0.018233193 0.999631941
1439803673.258560 -0.046596333 -0.340830952 6.660407066 -0.002896917 -0.020586720 -0.016821522 0.999642313
1439803673.321060 -0.047841147 -0.342047721 6.686336040 -0.003190025 -0.020854149 -0.016772779 0.999636710
1439803673.383562 -0.049041569 -0.343365520 6.711193562 -0.003279520 -0.021110712 -0.016513409 0.999635339
1439803673.446064 -0.050307274 -0.344642520 6.736593723 -0.003087420 -0.021598982 -0.016051931 0.999633074
1439803673.508564 -0.051517904 -0.346071810 6.761504173 -0.002002433 -0.022454645 -0.016839927 0.999604046
1439803673.571066 -0.053010911 -0.347432852 6.787308216 -0.000522007 -0.023161588 -0.016882915 0.999589026
1439803673.633568 -0.054568887 -0.348857582 6.812517643 0.000972872 -0.023863306 -0.017978720 0.999553084
1439803673.696068 -0.056162775 -0.350341320 6.838124275 0.002542282 -0.024557034 -0.018563256 0.999522805
1439803673.758570 -0.057784617 -0.351873785 6.863752842 0.003924127 -0.025827659 -0.017216485 0.999510467
1439803673.821075 -0.059543431 -0.353504062 6.888617516 0.003744431 -0.027029628 -0.018001346 0.999465525
1439803673.883573 -0.061146975 -0.354893744 6.914268494 0.003461863 -0.028396863 -0.018549249 0.999418616
1439803673.946073 -0.063134044 -0.356561124 6.939348221 0.002929336 -0.029753160 -0.019407671 0.999364555
1439803674.008575 -0.065754086 -0.357828021 6.965483189 0.001894319 -0.030741369 -0.021359650 0.999297321
1439803674.071076 -0.067735612 -0.359598398 6.992257595 0.001004087 -0.031967636 -0.021718066 0.999252439
1439803674.133578 -0.069990844 -0.361320823 7.017307758 0.000533677 -0.033135109 -0.021702506 0.999215066
1439803674.196079 -0.072108179 -0.362496972 7.043723106 0.000720436 -0.034534130 -0.022451624 0.999151051
1439803674.258580 -0.074097693 -0.363971025 7.069768429 0.001103086 -0.036191016 -0.021990014 0.999102354
1439803674.321082 -0.076350659 -0.365490735 7.095546246 0.001140341 -0.037772000 -0.022049773 0.999042451
1439803674.383584 -0.078875870 -0.367380679 7.120575428 0.001230820 -0.039200749 -0.021616846 0.998996735
1439803674.446087 -0.081682622 -0.368694901 7.146194458 0.002107751 -0.040532243 -0.022330310 0.998926461
1439803674.508586 -0.084586084 -0.370317638 7.172046185 0.003241434 -0.041873254 -0.023131929 0.998849869
1439803674.571087 -0.087460041 -0.371942610 7.197667599 0.004446881 -0.043231044 -0.023844562 0.998770595
1439803674.633590 -0.089778185 -0.373560876 7.223264217 0.005819730 -0.044779751 -0.023683110 0.998699188
1439803674.696090 -0.092846632 -0.375348985 7.247512817 0.006670220 -0.046227653 -0.023940893 0.998621762
1439803674.758593 -0.095824301 -0.377085179 7.274658680 0.007177903 -0.047592428 -0.024291601 0.998545587
1439803674.821096 -0.098764360 -0.378778130 7.300313473 0.007569517 -0.048928231 -0.024467414 0.998473883
1439803674.883593 -0.101833045 -0.380445629 7.326498985 0.007756918 -0.050103426 -0.023702485 0.998432577
1439803674.946092 -0.105040312 -0.382345319 7.352455616 0.006911922 -0.051192999 -0.023687139 0.998383880
1439803675.008594 -0.108093262 -0.383534193 7.378489494 0.006125752 -0.052490000 -0.023589756 0.998323977
1439803675.071094 -0.111267924 -0.385248780 7.403557301 0.005600154 -0.053698611 -0.023935998 0.998254538
1439803675.133594 -0.114403605 -0.386913896 7.427632809 0.004737918 -0.054881133 -0.024457267 0.998182058
1439803675.196096 -0.117513895 -0.388332605 7.454759598 0.003867697 -0.056099124 -0.024206480 0.998124242
1439803675.258595 -0.120742977 -0.389953405 7.480437756 0.002958538 -0.057299703 -0.023908170 0.998066306
1439803675.321096 -0.124335885 -0.391380876 7.506309032 0.003064770 -0.058330759 -0.023819534 0.998008370
1439803675.383597 -0.127679169 -0.393048316 7.531720638 0.002936861 -0.059655692 -0.023511540 0.997937739
1439803675.446097 -0.130857348 -0.394822955 7.556640148 0.002940362 -0.060914792 -0.023860274 0.997853398
1439803675.508597 -0.134423077 -0.395993501 7.581923485 0.002880877 -0.062044799 -0.024309954 0.997773111
1439803675.571099 -0.137945473 -0.397418916 7.607295036 0.002568461 -0.063017868 -0.023307534 0.997736871
1439803675.633601 -0.141494751 -0.398794979 7.632547379 0.002332180 -0.063855246 -0.024125548 0.997664809
1439803675.696103 -0.144959092 -0.400339931 7.657045841 0.002844442 -0.064710386 -0.024414975 0.997601330
1439803675.758605 -0.148892283 -0.402148336 7.683013439 0.003848473 -0.065153055 -0.024487052 0.997567356
1439803675.821105 -0.152648628 -0.403889298 7.708273411 0.005149637 -0.065633498 -0.025156675 0.997513354
1439803675.883604 -0.156256258 -0.405312479 7.732581615 0.006145113 -0.066328153 -0.025785256 0.997445703
1439803675.946107 -0.160082042 -0.406987011 7.759218216 0.006737679 -0.067043111 -0.025638891 0.997397840
1439803676.008610 -0.163692236 -0.408645511 7.783789635 0.006492036 -0.067354567 -0.024986520 0.997395039
1439803676.071109 -0.167535663 -0.410274446 7.810429096 0.005893910 -0.067580178 -0.023913968 0.997409761
1439803676.133610 -0.171245635 -0.411907583 7.835331440 0.004728624 -0.067832440 -0.024611682 0.997381926
1439803676.196111 -0.175069749 -0.413518041 7.860103607 0.004048927 -0.067986920 -0.026294120 0.997331440
1439803676.258616 -0.179336548 -0.415152162 7.887813091 0.004002918 -0.068046100 -0.027365534 0.997298777
1439803676.321113 -0.183251977 -0.416557759 7.912807941 0.003824536 -0.068266854 -0.028206475 0.997260928
1439803676.383614 -0.187172949 -0.418017507 7.938166618 0.002967545 -0.068798997 -0.027729902 0.997240663
1439803676.446116 -0.190383434 -0.419635266 7.963109970 0.002172888 -0.069378391 -0.026270960 0.997242093
1439803676.508617 -0.194128752 -0.421210498 7.990895748 0.001699024 -0.069367267 -0.025481286 0.997264266
1439803676.571119 -0.197659075 -0.422711700 8.015974998 0.001759282 -0.069340959 -0.024968963 0.997278929
1439803676.633620 -0.201444805 -0.424091965 8.041625023 0.002121449 -0.069294482 -0.025331041 0.997272313
1439803676.696121 -0.205330908 -0.425435424 8.067262650 0.003133739 -0.069277450 -0.025269361 0.997272372
1439803676.758623 -0.209204614 -0.427004039 8.091912270 0.003817377 -0.069497921 -0.025413683 0.997251034
1439803676.821124 -0.212932050 -0.428988218 8.117097855 0.004118186 -0.069907807 -0.025304513 0.997223973
1439803676.883627 -0.217220008 -0.430652201 8.145896912 0.003903552 -0.070188522 -0.025162783 0.997208714
1439803676.946127 -0.221271157 -0.431983739 8.172019958 0.003586244 -0.070306778 -0.025575966 0.997191072
1439803677.008627 -0.225868106 -0.433672220 8.198836327 0.003498435 -0.070278890 -0.024804303 0.997212827
1439803677.071129 -0.228860021 -0.435044378 8.223167419 0.003260891 -0.070680104 -0.024395131 0.997195363
1439803677.133631 -0.233054042 -0.436987221 8.250824928 0.003307417 -0.070859715 -0.022299314 0.997231543
1439803677.196130 -0.236727238 -0.438799679 8.276487350 0.003413385 -0.070977114 -0.021377714 0.997242987
1439803677.258630 -0.240803063 -0.440385669 8.302439690 0.003875801 -0.070881762 -0.021122226 0.997253537
1439803677.321132 -0.245115459 -0.441912949 8.329983711 0.004469969 -0.070842586 -0.020899476 0.997258484
1439803677.383633 -0.249251068 -0.443810284 8.355934143 0.005051317 -0.070764877 -0.022169072 0.997233868
1439803677.446135 -0.253240764 -0.445310563 8.382137299 0.004705418 -0.070953019 -0.022252368 0.997220337
1439803677.508636 -0.257153213 -0.447105587 8.408097267 0.003120819 -0.071156874 -0.021443022 0.997229755
1439803677.571137 -0.261150420 -0.448705435 8.434453964 0.000889751 -0.071282819 -0.021967359 0.997213840
1439803677.633640 -0.265053928 -0.449645817 8.460947990 -0.000734000 -0.071260065 -0.022676798 0.997199714
1439803677.696140 -0.268934071 -0.451147169 8.487220764 -0.001942425 -0.070754029 -0.023073556 0.997225046
1439803677.758641 -0.273311317 -0.452604890 8.513987541 -0.001907953 -0.070049733 -0.023044543 0.997275472
1439803677.821145 -0.276569307 -0.454232693 8.539446831 -0.000962654 -0.070006683 -0.023363607 0.997272432
1439803677.883644 -0.280846357 -0.455632210 8.565683365 0.001157918 -0.069756754 -0.024347296 0.997266173
1439803677.946145 -0.284737647 -0.457376063 8.591858864 0.003489141 -0.069423705 -0.025355101 0.997258902
1439803678.008647 -0.288950801 -0.458813310 8.618658066 0.005124353 -0.069099881 -0.026179690 0.997253001
1439803678.071148 -0.293117821 -0.460379958 8.645657539 0.004807759 -0.068949580 -0.025646737 0.997278869
1439803678.133649 -0.296463192 -0.461912036 8.671977043 0.003990632 -0.068942919 -0.024747491 0.997305632
1439803678.196151 -0.300525606 -0.463473856 8.699157715 0.003271504 -0.068567872 -0.024604371 0.997337639
1439803678.258651 -0.304204583 -0.464990139 8.725504875 0.002209804 -0.068186738 -0.023912268 0.997383535
1439803678.321153 -0.308164895 -0.466765761 8.752368927 0.001131817 -0.067647591 -0.024628123 0.997404635
1439803678.383654 -0.311994135 -0.468202591 8.779009819 0.001373022 -0.067345470 -0.024299532 0.997432828
1439803678.446155 -0.315526187 -0.469767958 8.805006027 0.002219184 -0.067199104 -0.023512959 0.997460008
1439803678.508657 -0.319105506 -0.471360564 8.831420898 0.002893858 -0.066949323 -0.022953946 0.997488081
1439803678.571159 -0.322959542 -0.472897619 8.858399391 0.003321317 -0.066603765 -0.022441471 0.997521579
1439803678.633659 -0.326725245 -0.474567413 8.885147095 0.003723297 -0.066208214 -0.022324115 0.997549117
1439803678.696161 -0.330458879 -0.476157695 8.911984444 0.004087584 -0.065885171 -0.021564545 0.997585773
1439803678.758662 -0.333883524 -0.477619290 8.938060760 0.004215322 -0.065610446 -0.020724736 0.997621179
1439803678.821163 -0.337525725 -0.479417980 8.964825630 0.003941040 -0.065329425 -0.020726889 0.997640669
1439803678.883665 -0.341176152 -0.480791420 8.991234779 0.003701490 -0.065072730 -0.020595308 0.997661054
1439803678.946166 -0.344881177 -0.482466251 9.017967224 0.003410841 -0.064705819 -0.021015994 0.997677207
1439803679.008668 -0.348534882 -0.484100014 9.044554710 0.003254326 -0.064462185 -0.021579742 0.997681499
1439803679.071169 -0.352323949 -0.485471278 9.071830750 0.003323211 -0.064251207 -0.022057807 0.997684419
1439803679.133670 -0.355824709 -0.487139791 9.097013474 0.003444002 -0.064039610 -0.022247795 0.997693419
1439803679.196172 -0.359402955 -0.488759339 9.123548508 0.003527781 -0.063809007 -0.022403432 0.997704387
1439803679.258672 -0.363300502 -0.490100354 9.150600433 0.003760011 -0.063370995 -0.022891499 0.997720361
1439803679.321177 -0.367051065 -0.491624922 9.177212715 0.003999700 -0.063027382 -0.023426687 0.997728765
1439803679.383677 -0.370615363 -0.493130147 9.203845978 0.004057648 -0.062661529 -0.023792138 0.997742951
1439803679.446178 -0.374052465 -0.494820446 9.230298042 0.003990585 -0.062326439 -0.023789715 0.997764289
1439803679.508678 -0.377377272 -0.496430904 9.256808281 0.004064101 -0.062075369 -0.023706056 0.997781634
1439803679.571180 -0.381171346 -0.498072267 9.283191681 0.003973992 -0.061832752 -0.024737418 0.997771978
1439803679.633681 -0.384748995 -0.499741644 9.310083389 0.003609414 -0.061557397 -0.025655605 0.997767210
1439803679.696182 -0.388105333 -0.501240432 9.335969925 0.003143154 -0.061338078 -0.026333828 0.997764647
1439803679.758683 -0.392001390 -0.502717197 9.362759590 0.002606355 -0.061019864 -0.027037088 0.997766912
1439803679.821185 -0.395268977 -0.504341066 9.389117241 0.002097112 -0.060851440 -0.027073324 0.997777402
1439803679.883686 -0.398807585 -0.505820751 9.416261673 0.002076653 -0.060530324 -0.026305960 0.997817516
1439803679.946187 -0.401977658 -0.507156312 9.442721367 0.001973339 -0.059965607 -0.026202757 0.997854531
1439803680.008698 -0.405669332 -0.508812129 9.469402313 0.001723987 -0.059039272 -0.027360875 0.997879148
1439803680.071189 -0.409123003 -0.510211229 9.496161461 0.001812946 -0.058037598 -0.028221056 0.997913778
1439803680.133691 -0.412311256 -0.511638343 9.522932053 0.001889376 -0.057153005 -0.028200215 0.997965276
1439803680.196193 -0.415480852 -0.513053596 9.549563408 0.001560533 -0.056406613 -0.027841518 0.998018384
1439803680.258694 -0.418534219 -0.514557123 9.576330185 0.001353059 -0.055726532 -0.027345331 0.998070657
1439803680.321195 -0.421687543 -0.515981793 9.603842735 0.001234049 -0.054964371 -0.026281061 0.998141646
1439803680.383697 -0.424644053 -0.517527878 9.630367279 0.001166755 -0.054070354 -0.026026946 0.998197198
1439803680.446197 -0.427779913 -0.518960238 9.657577515 0.000971573 -0.053044122 -0.026018480 0.998252690
1439803680.508699 -0.430888891 -0.520496309 9.684453011 0.000850721 -0.051967669 -0.025824688 0.998314440
1439803680.571201 -0.433797777 -0.521855235 9.711632729 0.000798331 -0.051198479 -0.026306229 0.998341620
1439803680.633700 -0.436678112 -0.523347259 9.738356590 0.000541172 -0.050420273 -0.026594192 0.998373806
1439803680.696200 -0.439511001 -0.524686873 9.765415192 0.000111436 -0.049619075 -0.026073385 0.998427808
1439803680.758702 -0.442427635 -0.526142895 9.793025970 -0.000559068 -0.048708055 -0.025591113 0.998484969
1439803680.821201 -0.445166290 -0.527392387 9.820026398 -0.001131756 -0.047930524 -0.025485942 0.998524845
1439803680.883702 -0.447868973 -0.528910339 9.847424507 -0.001769695 -0.047090147 -0.025808346 0.998555601
1439803680.946203 -0.450470597 -0.530140340 9.874564171 -0.002341461 -0.046185218 -0.025919143 0.998593807
1439803681.008703 -0.453135461 -0.531417966 9.901474953 -0.003154352 -0.045306742 -0.025639554 0.998639047
1439803681.071204 -0.455521226 -0.532718241 9.928819656 -0.003627826 -0.044595852 -0.026103957 0.998657405
1439803681.133705 -0.458024979 -0.534174442 9.955947876 -0.003707753 -0.043952748 -0.026268976 0.998681307
1439803681.196205 -0.460840732 -0.535476983 9.983309746 -0.003234816 -0.043103829 -0.026155207 0.998722911
1439803681.258705 -0.463072121 -0.536843777 10.010443687 -0.002445846 -0.042408690 -0.026014209 0.998758614
1439803681.321221 -0.465351939 -0.538021088 10.037815094 -0.001669261 -0.041745998 -0.025897669 0.998791158
1439803681.383706 -0.467531949 -0.539580405 10.065095901 -0.001496376 -0.041097257 -0.026174560 0.998811126
1439803681.446207 -0.469984055 -0.540434301 10.092983246 -0.001271488 -0.040397782 -0.026527939 0.998830676
1439803681.508708 -0.472516030 -0.542016625 10.120577812 -0.001458787 -0.039907064 -0.026654372 0.998846769
1439803681.571208 -0.474853724 -0.543757558 10.147771835 -0.002157456 -0.039322294 -0.026413610 0.998875082
1439803681.633708 -0.476914912 -0.545051873 10.175459862 -0.002622348 -0.038730416 -0.026635366 0.998891175
1439803681.696209 -0.478675574 -0.546774983 10.202375412 -0.002906898 -0.038222022 -0.027100082 0.998897493
1439803681.758710 -0.481160462 -0.547919512 10.230016708 -0.003304862 -0.037545439 -0.027763432 0.998903692
1439803681.821210 -0.483187079 -0.549380422 10.257386208 -0.003997820 -0.037117068 -0.028490897 0.998896718
1439803681.883711 -0.485442370 -0.550651610 10.284829140 -0.003947345 -0.036647923 -0.028910000 0.998902202
1439803681.946211 -0.487595439 -0.552106559 10.312417984 -0.003812999 -0.036242045 -0.028671788 0.998924375
1439803682.008713 -0.489801049 -0.553459644 10.340085983 -0.003311725 -0.035750084 -0.028472470 0.998949587
1439803682.071215 -0.491933346 -0.555016935 10.367551804 -0.002717779 -0.035332121 -0.028639479 0.998961449
1439803682.133715 -0.494011223 -0.556106448 10.394689560 -0.002355902 -0.034890961 -0.028707946 0.998975933
1439803682.196216 -0.496125787 -0.557216644 10.422620773 -0.002725177 -0.034577113 -0.028975468 0.998978198
1439803682.258716 -0.498406768 -0.558535099 10.449960709 -0.003847316 -0.034229781 -0.029062219 0.998983979
1439803682.321219 -0.500202417 -0.559783280 10.477822304 -0.006164034 -0.034115765 -0.026121041 0.999057472
1439803682.383721 -0.502038479 -0.560819030 10.505127907 -0.008489043 -0.034088589 -0.024603732 0.999079883
1439803682.446236 -0.504305243 -0.562132359 10.532196045 -0.008385833 -0.034408480 -0.025055835 0.999058545
1439803682.508726 -0.506589115 -0.563454270 10.559898376 -0.005516998 -0.034708988 -0.025491526 0.999057055
1439803682.571225 -0.508728862 -0.565206766 10.587067604 -0.001477837 -0.035056673 -0.026174096 0.999041438
1439803682.633727 -0.510991573 -0.566655457 10.614416122 0.002891012 -0.035846826 -0.025665950 0.999023438
1439803682.696226 -0.513495445 -0.568143964 10.641971588 0.005932482 -0.036402632 -0.025954310 0.998982489
1439803682.758726 -0.515924811 -0.569613278 10.669479370 0.005886662 -0.036564365 -0.026620451 0.998959303
1439803682.821230 -0.518336296 -0.571207702 10.697047234 0.003938059 -0.036715318 -0.026488703 0.998966873
1439803682.883730 -0.520871818 -0.572813928 10.724282265 0.000917951 -0.036917422 -0.027359774 0.998943269
1439803682.946233 -0.523556769 -0.574384451 10.751743317 -0.001625936 -0.037308410 -0.028419141 0.998898268
1439803683.008732 -0.525702834 -0.576048255 10.779640198 -0.002752528 -0.037693363 -0.028928202 0.998866737
1439803683.071234 -0.528276980 -0.577709198 10.805290222 -0.002503563 -0.038022142 -0.028928593 0.998854935
1439803683.133736 -0.530775189 -0.578684866 10.833701134 -0.001667923 -0.038424045 -0.028735155 0.998846889
1439803683.196236 -0.532911301 -0.580098927 10.859559059 -0.000722448 -0.038714968 -0.028695034 0.998837948
1439803683.258737 -0.535027027 -0.581726909 10.886939049 0.000193745 -0.038864106 -0.029080933 0.998821199
1439803683.321238 -0.537661552 -0.583187461 10.913669586 0.000541830 -0.038756445 -0.028801519 0.998833358
1439803683.383740 -0.540134251 -0.584762812 10.940559387 0.000218230 -0.038628995 -0.028546354 0.998845756
1439803683.446241 -0.542087853 -0.585970223 10.967314720 0.000004131 -0.038631011 -0.027648686 0.998870969
1439803683.508742 -0.544458628 -0.587701678 10.993494987 -0.000454997 -0.038561955 -0.026811985 0.998896301
1439803683.571244 -0.546704829 -0.588902712 11.020602226 -0.000724226 -0.038387205 -0.027086793 0.998895466
1439803683.633745 -0.548429251 -0.590287209 11.046971321 -0.001035816 -0.038315706 -0.027454697 0.998887897
1439803683.696246 -0.551217079 -0.591770411 11.073991776 -0.000844674 -0.038129799 -0.027927039 0.998882115
1439803683.758747 -0.553732097 -0.593410075 11.099331856 -0.000906032 -0.038012810 -0.028004568 0.998884380
1439803683.821248 -0.555624604 -0.594531417 11.126684189 -0.001482227 -0.038079783 -0.027804954 0.998886704
1439803683.883750 -0.558008790 -0.595564127 11.152835846 -0.002414450 -0.038045160 -0.028473627 0.998867333
1439803683.946251 -0.560190380 -0.596825600 11.179512024 -0.003936552 -0.037834451 -0.029381776 0.998844206
1439803684.008753 -0.562464237 -0.598116159 11.205647469 -0.005388109 -0.037421715 -0.029959314 0.998835862
1439803684.071254 -0.564565003 -0.599433422 11.232034683 -0.006016292 -0.037043266 -0.030219099 0.998838544
1439803684.133757 -0.566766858 -0.600733399 11.258133888 -0.005678670 -0.036707722 -0.029971469 0.998860359
1439803684.196257 -0.568897665 -0.601992130 11.284555435 -0.005034589 -0.036298480 -0.029431090 0.998894870
1439803684.258758 -0.570758164 -0.603272915 11.309389114 -0.003932440 -0.035916284 -0.028750267 0.998933434
1439803684.321259 -0.572834611 -0.604397416 11.335612297 -0.003165728 -0.035506859 -0.028441709 0.998959601
1439803684.383761 -0.574403524 -0.604839683 11.361780167 -0.003134599 -0.035250485 -0.028592283 0.998964489
1439803684.446262 -0.576591372 -0.606316209 11.386758804 -0.003786375 -0.034867354 -0.028369198 0.998982072
1439803684.508764 -0.578591824 -0.608142436 11.413571358 -0.004043769 -0.034498185 -0.027961226 0.999005318
1439803684.571265 -0.580651641 -0.609571457 11.438864708 -0.004114189 -0.034204274 -0.028243847 0.999007225
1439803684.633766 -0.582485676 -0.610920668 11.465146065 -0.004054916 -0.033888586 -0.029238196 0.998989582
1439803684.696267 -0.584538996 -0.612125397 11.490562439 -0.003740138 -0.033530913 -0.029771531 0.998987138
1439803684.758769 -0.586482286 -0.613117933 11.515698433 -0.003375986 -0.033170469 -0.029805364 0.998999476
1439803684.821270 -0.587953091 -0.614622355 11.541172028 -0.003029822 -0.032938857 -0.029926229 0.999004602
1439803684.883771 -0.590121150 -0.615607262 11.567059517 -0.002430205 -0.032547876 -0.029809194 0.999022603
1439803684.946273 -0.591912270 -0.617015362 11.592083931 -0.001846948 -0.032119699 -0.029830292 0.999037087
1439803685.008774 -0.593735397 -0.618139863 11.617692947 -0.001273081 -0.031670097 -0.029832946 0.999052227
1439803685.071275 -0.595589638 -0.619511902 11.642961502 -0.001023900 -0.031202365 -0.029572716 0.999074996
1439803685.133776 -0.597164869 -0.620808840 11.668146133 -0.000692042 -0.030915322 -0.029579394 0.999083996
1439803685.196278 -0.598851740 -0.622336149 11.693292618 -0.000669653 -0.030568901 -0.029047331 0.999110281
1439803685.258779 -0.600518942 -0.623757005 11.718231201 -0.000902907 -0.030274713 -0.028402414 0.999137580
1439803685.321280 -0.602027535 -0.625152707 11.742644310 -0.001304749 -0.029945826 -0.028584603 0.999141872
1439803685.383782 -0.603556633 -0.626488090 11.766972542 -0.001482712 -0.029665790 -0.028649600 0.999148130
1439803685.446282 -0.605472624 -0.627865016 11.791373253 -0.001473297 -0.029280396 -0.028775763 0.999155879
1439803685.508787 -0.607228279 -0.629080892 11.815804482 -0.001662942 -0.029027101 -0.028737992 0.999164045
1439803685.571287 -0.608749628 -0.630462587 11.839420319 -0.002054515 -0.028902562 -0.028610941 0.999170542
1439803685.633787 -0.610221922 -0.631753504 11.863418579 -0.002262123 -0.028956793 -0.028266735 0.999178350
1439803685.696288 -0.611894369 -0.632887125 11.886570930 -0.002277585 -0.028937653 -0.028334325 0.999176979
1439803685.758789 -0.613651395 -0.634727716 11.909276962 -0.002420992 -0.028991297 -0.028755656 0.999163032
1439803685.821291 -0.615567505 -0.636250794 11.933254242 -0.002582422 -0.028917657 -0.029031085 0.999156773
1439803685.883792 -0.617088199 -0.637072206 11.956785202 -0.002689629 -0.029142007 -0.028822856 0.999155998
1439803685.946293 -0.618837237 -0.638356209 11.979743004 -0.002651102 -0.029486179 -0.028813781 0.999146283
1439803686.008795 -0.620643198 -0.639369607 12.002742767 -0.002217381 -0.030180378 -0.028814543 0.999126613
1439803686.071296 -0.622034907 -0.640450478 12.025375366 -0.002277518 -0.031168103 -0.028229954 0.999112844
1439803686.133798 -0.623628557 -0.641790688 12.046469688 -0.002666121 -0.032332510 -0.027888760 0.999084413
1439803686.196299 -0.625477433 -0.643083572 12.068525314 -0.003027743 -0.033394732 -0.027527900 0.999058485
1439803686.258800 -0.627297759 -0.643934846 12.089643478 -0.003277034 -0.034465536 -0.027580196 0.999019861
1439803686.321301 -0.629337311 -0.645259321 12.112076759 -0.003777142 -0.035369728 -0.028278952 0.998966932
1439803686.383803 -0.631294429 -0.646105945 12.134083748 -0.004349570 -0.036292173 -0.028888667 0.998914123
1439803686.446304 -0.633354962 -0.647377491 12.154809952 -0.004582429 -0.037679031 -0.028640881 0.998868823
1439803686.508805 -0.635643959 -0.648334503 12.175523758 -0.004529634 -0.039296560 -0.028487742 0.998811126
1439803686.571306 -0.637522340 -0.649482250 12.195958138 -0.004709394 -0.041402761 -0.028074579 0.998736918
1439803686.633808 -0.639497638 -0.650527298 12.215884209 -0.004957928 -0.043620616 -0.027533606 0.998656392
1439803686.696309 -0.641732812 -0.651071429 12.235893250 -0.004683292 -0.045741808 -0.027618134 0.998560429
1439803686.758811 -0.643987238 -0.652089298 12.255153656 -0.004530689 -0.048124939 -0.027462089 0.998453438
1439803686.821314 -0.646482348 -0.653125226 12.274222374 -0.004536849 -0.050681978 -0.027820425 0.998316944
1439803686.883813 -0.649165392 -0.653975070 12.293197632 -0.004502615 -0.053636510 -0.028538324 0.998142481
1439803686.946314 -0.652080238 -0.654777110 12.311735153 -0.004398412 -0.056896251 -0.029138796 0.997945070
1439803687.008816 -0.654972017 -0.655453801 12.328880310 -0.004414516 -0.060337894 -0.029895887 0.997720420
1439803687.071317 -0.658072591 -0.656249344 12.346313477 -0.004366120 -0.063909501 -0.030618506 0.997476339
1439803687.133818 -0.661229432 -0.657190979 12.363395691 -0.004433985 -0.067589596 -0.030835079 0.997226775
1439803687.196319 -0.664324403 -0.658007562 12.380431175 -0.004422206 -0.071531288 -0.030521857 0.996961415
1439803687.258821 -0.667409778 -0.658691108 12.397311211 -0.004273271 -0.075617321 -0.030422088 0.996663570
1439803687.321322 -0.670488715 -0.659369946 12.413270950 -0.004030393 -0.079667471 -0.030252591 0.996354163
1439803687.383823 -0.673793077 -0.660436392 12.428408623 -0.003799477 -0.083737433 -0.029605616 0.996040702
1439803687.446324 -0.677313447 -0.661364317 12.443448067 -0.003479336 -0.088003792 -0.029333139 0.995682061
1439803687.508828 -0.680885315 -0.662043035 12.458677292 -0.003159700 -0.092821628 -0.028663242 0.995265067
1439803687.571328 -0.684839129 -0.662889183 12.473385811 -0.002538179 -0.097954452 -0.028906476 0.994767725
1439803687.633828 -0.688671947 -0.663651526 12.487603188 -0.001706771 -0.103591301 -0.028923834 0.994197845
1439803687.696330 -0.692995906 -0.664268076 12.502004623 -0.000656500 -0.109760456 -0.028987749 0.993535101
1439803687.758831 -0.697577000 -0.664979160 12.515798569 0.000096750 -0.116498642 -0.028836116 0.992772162
1439803687.821332 -0.702101946 -0.665702820 12.529371262 0.000466733 -0.123652041 -0.029065888 0.991899788
1439803687.883834 -0.706809521 -0.666186512 12.542917252 0.000386442 -0.130986437 -0.029147334 0.990955532
1439803687.946335 -0.711776733 -0.667062581 12.555368423 -0.000300700 -0.138444826 -0.028927330 0.989947557
1439803688.008837 -0.716881275 -0.667769313 12.567624092 -0.000805155 -0.146275416 -0.028401792 0.988835752
1439803688.071338 -0.722014904 -0.668529630 12.579716682 -0.000945707 -0.154512659 -0.027457222 0.987608731
1439803688.133839 -0.727386236 -0.669157147 12.591543198 -0.000828489 -0.163031563 -0.027181387 0.986245990
1439803688.196341 -0.732939482 -0.669825971 12.603200912 -0.000710216 -0.171594322 -0.027244715 0.984790623
1439803688.258846 -0.738736153 -0.670404434 12.614404678 -0.000750509 -0.179907039 -0.027124492 0.983309269
1439803688.383844 -0.750291586 -0.671423733 12.635159492 -0.000182329 -0.196960822 -0.026934085 0.980041325
1439803688.446344 -0.756343365 -0.671956122 12.645422935 -0.000180148 -0.206184462 -0.026443915 0.978155732
1439803688.508845 -0.762253761 -0.672493935 12.654729843 -0.000137969 -0.215665907 -0.026511345 0.976107240
1439803688.571347 -0.768694401 -0.672908008 12.664190292 0.000293404 -0.225031629 -0.026996555 0.973977327
1439803688.633849 -0.775290012 -0.673364460 12.673078537 0.000958042 -0.234211251 -0.027967511 0.971782923
1439803688.758850 -0.787707329 -0.674361706 12.688644409 0.001786750 -0.252390057 -0.030920394 0.967129767
1439803688.821351 -0.793991566 -0.674919486 12.696201324 0.001986834 -0.261548132 -0.031937949 0.964659810
1439803688.883853 -0.800697803 -0.675148547 12.703986168 0.002396643 -0.270709544 -0.032289155 0.962116420
1439803688.946354 -0.807036877 -0.675543189 12.711246490 0.002631291 -0.279865921 -0.031815182 0.959508181
1439803689.008855 -0.813425064 -0.675887465 12.718166351 0.002702789 -0.288457841 -0.031624019 0.956966400
1439803689.133857 -0.826091766 -0.676496983 12.731168747 0.001816651 -0.304574817 -0.032623880 0.951927781
1439803689.196358 -0.832458973 -0.676761627 12.737503052 0.001180596 -0.312669903 -0.032703042 0.949297965
1439803689.258860 -0.838686943 -0.676971793 12.743185043 0.000968395 -0.320434093 -0.033323966 0.946683943
1439803689.321361 -0.844865322 -0.677140057 12.748795509 0.000897325 -0.328253210 -0.033364244 0.943999887
1439803689.383862 -0.850863457 -0.677287519 12.753996849 0.000923426 -0.335713625 -0.033606406 0.941363931
1439803689.508863 -0.862495422 -0.677780807 12.763080597 0.001536450 -0.349408120 -0.035411615 0.936299980
1439803689.571364 -0.867979050 -0.677978635 12.767299652 0.002005637 -0.356063306 -0.035815373 0.933773100
1439803689.633866 -0.873392582 -0.678136110 12.771300316 0.002298250 -0.362432122 -0.036128100 0.931306839
1439803689.696367 -0.878400326 -0.678309917 12.775075912 0.002364773 -0.368546486 -0.036280841 0.928898036
1439803689.758868 -0.883448124 -0.678396821 12.778839111 0.002328413 -0.374009937 -0.036688693 0.926695764
1439803689.821374 -0.888087273 -0.678634346 12.782070160 0.002275723 -0.379102498 -0.036688197 0.924624324
1439803689.946373 -0.896715641 -0.678987622 12.788085938 0.002274093 -0.388753951 -0.036700908 0.920607567
1439803690.008873 -0.900851250 -0.679049790 12.790882111 0.002255676 -0.393148720 -0.036971524 0.918728530
1439803690.071374 -0.904484749 -0.679236412 12.793322563 0.001955149 -0.397417128 -0.036856119 0.916895509
1439803690.133876 -0.908098221 -0.679265618 12.795462608 0.001917854 -0.401196808 -0.037053205 0.915240109
1439803690.196376 -0.911554337 -0.679323971 12.797697067 0.001929028 -0.404631734 -0.037272129 0.913717806
1439803690.321378 -0.917949677 -0.679483891 12.801555634 0.002885369 -0.410855383 -0.037633598 0.910918891
1439803690.383880 -0.920490265 -0.679702342 12.803155899 0.003326078 -0.414132178 -0.037255559 0.909447908
1439803690.446380 -0.923573971 -0.679866433 12.804770470 0.003817616 -0.417043447 -0.037126690 0.908119917
1439803690.508882 -0.926094055 -0.679924548 12.806392670 0.004254249 -0.419888556 -0.036824908 0.906818330
1439803690.571385 -0.928796768 -0.680001676 12.807920456 0.004673496 -0.422324717 -0.036819249 0.905684471
1439803690.696388 -0.933954716 -0.680192947 12.810838699 0.005185009 -0.427154660 -0.036715660 0.903417945
1439803690.758899 -0.936279774 -0.680374980 12.812224388 0.005340282 -0.429677516 -0.036691353 0.902220845
1439803690.821387 -0.938703537 -0.680282712 12.813562393 0.005695199 -0.431983739 -0.037016101 0.901103437
1439803690.883889 -0.941093922 -0.680366933 12.814749718 0.006004529 -0.434019327 -0.037306834 0.900110722
1439803690.946390 -0.942708015 -0.680545092 12.815728188 0.006152150 -0.436090946 -0.037194714 0.899112582
1439803691.071391 -0.946424007 -0.680642247 12.817744255 0.006242017 -0.439922988 -0.037226167 0.897241890
1439803691.133892 -0.948153019 -0.680717707 12.818754196 0.006007966 -0.441915989 -0.036919374 0.896276236
1439803691.196394 -0.950005054 -0.680725694 12.819858551 0.005811544 -0.443594635 -0.036620229 0.895460248
1439803691.258895 -0.951981544 -0.680622101 12.821005821 0.005778752 -0.445026398 -0.036276504 0.894763708
1439803691.383899 -0.955122471 -0.680720568 12.822710991 0.005673966 -0.447796315 -0.036108166 0.893388212
1439803691.446399 -0.956460476 -0.680605531 12.823522568 0.005657860 -0.449344337 -0.035971642 0.892616212
1439803691.508900 -0.957665920 -0.680814385 12.824153900 0.005588111 -0.450738102 -0.035967786 0.891913831
1439803691.571401 -0.959114075 -0.680996180 12.824563980 0.005528850 -0.451800138 -0.036070172 0.891372561
1439803691.633902 -0.960474491 -0.680835307 12.825568199 0.005543359 -0.452819347 -0.035950422 0.890860021
1439803691.758904 -0.962658882 -0.680993795 12.826479912 0.005303827 -0.454878956 -0.035767637 0.889818907
1439803691.821407 -0.963877678 -0.680944324 12.827119827 0.005330915 -0.455881387 -0.035608266 0.889311969
1439803691.883909 -0.964677334 -0.680939019 12.827741623 0.005369856 -0.456833690 -0.035439827 0.888829648
1439803691.946407 -0.965853214 -0.680838943 12.828203201 0.005485350 -0.457539111 -0.035397757 0.888467729
1439803692.071409 -0.967357159 -0.680728376 12.829135895 0.005547377 -0.459154993 -0.035148088 0.887643278
1439803692.133913 -0.968564034 -0.680698633 12.829474449 0.005665290 -0.459791154 -0.035291504 0.887307465
1439803692.196414 -0.968894482 -0.681182563 12.829679489 0.005576768 -0.460571557 -0.035215475 0.886906207
1439803692.258914 -0.969484806 -0.681160986 12.830135345 0.005635680 -0.461301088 -0.034818754 0.886542261
1439803692.321415 -0.970559597 -0.681068957 12.830617905 0.005730396 -0.461881995 -0.034652073 0.886245668
1439803692.383918 -0.971271515 -0.681087434 12.831018448 0.005741097 -0.462595195 -0.034423959 0.885882437
1439803692.508919 -0.972721577 -0.681237936 12.831598282 0.005803164 -0.463994116 -0.034355294 0.885152817
1439803692.571420 -0.973547935 -0.681256473 12.832032204 0.005799882 -0.464660138 -0.034299374 0.884805560
1439803692.633920 -0.974587440 -0.681182802 12.832573891 0.005911484 -0.465412557 -0.034058619 0.884418607
1439803692.696423 -0.975162983 -0.681346714 12.832868576 0.005973489 -0.466331124 -0.033876568 0.883941174
1439803692.821428 -0.977313519 -0.681531787 12.833940506 0.006110641 -0.468116015 -0.033694148 0.883003235
1439803692.883926 -0.978774071 -0.681486666 12.834709167 0.006022647 -0.469093710 -0.033397578 0.882496178
1439803692.946425 -0.980010033 -0.681548953 12.835278511 0.005871431 -0.470084667 -0.033222143 0.881976366
1439803693.008928 -0.981097221 -0.681505680 12.835728645 0.005814970 -0.471206814 -0.033088271 0.881382704
1439803693.133930 -0.984075069 -0.681589723 12.837201118 0.005707237 -0.473697603 -0.032668624 0.880062938
1439803693.196432 -0.985729694 -0.681637764 12.837985992 0.005758670 -0.475015640 -0.032446455 0.879360080
1439803693.258933 -0.987445831 -0.681718349 12.838768005 0.005852503 -0.476394385 -0.032087568 0.878626525
1439803693.321435 -0.989453316 -0.681759000 12.839708328 0.005964502 -0.477939874 -0.031761721 0.877797902
1439803693.383936 -0.991641521 -0.681816459 12.840763092 0.005961352 -0.479689121 -0.031279102 0.876860559
1439803693.508936 -0.996541977 -0.681985140 12.843132019 0.005611782 -0.483445704 -0.030340485 0.874830425
1439803693.571437 -0.999397755 -0.682054222 12.844497681 0.005311348 -0.485450715 -0.030044846 0.873731494
1439803693.633943 -1.002385139 -0.682195485 12.845858574 0.005173378 -0.487578601 -0.029769020 0.872556090
1439803693.696441 -1.005645752 -0.682301760 12.847308159 0.005589108 -0.489797145 -0.029723905 0.871311665
1439803693.821442 -1.012726307 -0.682642102 12.850083351 0.007778793 -0.495183617 -0.030064503 0.868233204
1439803693.883941 -1.016625881 -0.682843804 12.851506233 0.009026421 -0.498457551 -0.030156629 0.866342425
1439803693.946444 -1.020995140 -0.682992876 12.853073120 0.010068727 -0.501889348 -0.030361144 0.864340127
1439803694.071446 -1.030839920 -0.683132112 12.856655121 0.010732185 -0.509387434 -0.031118756 0.859907508
1439803694.133948 -1.036215305 -0.683247983 12.858590126 0.010459239 -0.513764262 -0.031137744 0.857302368
1439803694.196449 -1.041931152 -0.683414221 12.860448837 0.010306112 -0.518606067 -0.031420175 0.854373634
1439803694.258950 -1.048077583 -0.683549523 12.862371445 0.009980612 -0.524001122 -0.031812657 0.851064742
1439803694.321450 -1.054596424 -0.683651209 12.864198685 0.009736602 -0.529908776 -0.032331903 0.847382128
1439803694.383948 -1.061273098 -0.683873773 12.865928650 0.009619017 -0.536329091 -0.032492090 0.843328416
1439803694.508950 -1.075525761 -0.684182286 12.868959427 0.009145518 -0.551555812 -0.032733589 0.833445311
1439803694.571453 -1.083273888 -0.684209228 12.870351791 0.008458762 -0.560660481 -0.032227457 0.827375114
1439803694.633951 -1.090934277 -0.684276700 12.871392250 0.007415526 -0.570379674 -0.031362083 0.820748687
1439803694.696451 -1.099294424 -0.684211731 12.872332573 0.006480664 -0.580505133 -0.030888267 0.813644707
1439803694.821453 -1.115768194 -0.684508026 12.872566223 0.005361888 -0.602409959 -0.032144420 0.797521293
1439803694.883953 -1.124500990 -0.684553146 12.872252464 0.005391981 -0.614356577 -0.032910965 0.788323343
1439803694.946453 -1.133012056 -0.684542179 12.871242523 0.005519887 -0.626560926 -0.033517178 0.778631866
1439803695.008954 -1.141984224 -0.684529603 12.870207787 0.005515359 -0.639348805 -0.034603212 0.768118024
1439803695.071454 -1.151087284 -0.684381485 12.868613243 0.005333341 -0.652313888 -0.035970658 0.757076144
1439803695.196455 -1.169147849 -0.684183180 12.864418030 0.004657655 -0.679387093 -0.036362436 0.732863724
1439803695.258955 -1.178228736 -0.684189916 12.861870766 0.003827669 -0.693575680 -0.035895251 0.719478786
1439803695.321455 -1.187886119 -0.683889687 12.858742714 0.002715793 -0.707911789 -0.035375137 0.705409229
1439803695.383971 -1.196727753 -0.683957934 12.855165482 0.000909992 -0.722701073 -0.034551661 0.690295935
1439803695.508959 -1.215501070 -0.683214366 12.846345901 -0.001497369 -0.752268255 -0.034888834 0.657930851
1439803695.571458 -1.224503398 -0.682934821 12.841172218 -0.001409392 -0.766338170 -0.036168884 0.641416907
1439803695.633960 -1.234180689 -0.682416499 12.835074425 -0.000674807 -0.779780567 -0.037255451 0.624943078
1439803695.696461 -1.243264198 -0.682102799 12.828675270 0.001296263 -0.793003619 -0.038951103 0.607969046
1439803695.758960 -1.251846790 -0.681794167 12.821889877 0.003602266 -0.805909812 -0.040906236 0.590612411
1439803695.821459 -1.259578466 -0.680752993 12.815219879 0.005016902 -0.818448424 -0.042045366 0.573017597
1439803695.883961 -1.268302441 -0.679679632 12.807506561 0.005026433 -0.830558300 -0.041668020 0.555348039
1439803695.946461 -1.276205301 -0.677979171 12.800114632 0.005456453 -0.842117608 -0.041921798 0.537634432
1439803696.008962 -1.284429073 -0.676877081 12.790561676 0.003569345 -0.852575004 -0.041013818 0.520980835
1439803696.071463 -1.305006027 -0.685844541 12.786805153 0.000017177 0.865338385 0.048121158 -0.498872608
