1439803608.257451 -0.007293176 -0.001105055 0.016276971 0.000664951 -0.027150739 0.001757462 0.999629557
1439803608.319953 -0.008290289 -0.001181184 0.018439934 0.000768679 -0.030558443 0.001929882 0.999530792
1439803608.382454 -0.009398349 -0.001139966 0.021084921 0.001018814 -0.034557413 0.002306134 0.999399543
1439803608.444955 -0.010638762 -0.001307346 0.023663480 0.001137129 -0.038810201 0.002440813 0.999242961
1439803608.507458 -0.012538349 -0.001503204 0.026719188 0.001304218 -0.043121036 0.002621041 0.999065578
1439803608.632458 -0.015948230 -0.001978605 0.033028167 0.001412503 -0.052869670 0.002707021 0.998596728
1439803608.694958 -0.017789414 -0.002116588 0.036801487 0.001459741 -0.058208827 0.002835863 0.998299360
1439803608.757459 -0.019761313 -0.002295082 0.040858880 0.001447075 -0.063823357 0.002997815 0.997955620
1439803608.819959 -0.021730430 -0.002682108 0.044205520 0.001209353 -0.069695204 0.003063864 0.997562885
1439803608.882460 -0.024160236 -0.002862425 0.048803098 0.001143917 -0.075691357 0.003122215 0.997125745
1439803609.007461 -0.029598054 -0.003455271 0.059320729 0.000864735 -0.088104732 0.002855087 0.996106744
1439803609.069960 -0.032708190 -0.003742267 0.064399250 0.000676726 -0.094187669 0.002318587 0.995551527
1439803609.132463 -0.034620024 -0.004084503 0.068510287 0.000315895 -0.100625619 0.001558692 0.994923115
1439803609.194962 -0.037832387 -0.004407612 0.074335441 0.000075684 -0.106982760 0.001073362 0.994260311
1439803609.257462 -0.040886119 -0.004635561 0.080226511 -0.000280709 -0.113451436 0.000585810 0.993543327
1439803609.382465 -0.047686350 -0.004771264 0.092823647 -0.000991143 -0.126130506 -0.000301990 0.992013156
1439803609.444963 -0.051393889 -0.005075258 0.099103801 -0.001661583 -0.132418752 -0.000123984 0.991192460
1439803609.507464 -0.054944448 -0.005479489 0.105241798 -0.002463293 -0.139043555 -0.000027818 0.990283191
1439803609.632471 -0.062146194 -0.005910104 0.117466375 -0.003414491 -0.152039617 -0.000330436 0.988368452
1439803609.694965 -0.065910384 -0.006053015 0.123795167 -0.003609964 -0.158163011 -0.000306803 0.987406373
1439803609.757465 -0.069573551 -0.006436449 0.129900575 -0.003763440 -0.164209038 -0.000169132 0.986418426
1439803609.819968 -0.073208787 -0.007040127 0.134305477 -0.004006338 -0.170016333 -0.000635110 0.985432923
1439803609.882467 -0.077215843 -0.007637213 0.139753088 -0.004264420 -0.176123887 -0.000653806 0.984358549
1439803609.944967 -0.081266582 -0.007861202 0.145441398 -0.004379824 -0.182078734 -0.000816597 0.983273864
1439803610.007470 -0.084821053 -0.008147977 0.151255399 -0.004510732 -0.187766135 -0.001205091 0.982202649
1439803610.069969 -0.088692307 -0.008606278 0.156946152 -0.004744824 -0.192828804 -0.001742945 0.981219411
1439803610.132468 -0.092690676 -0.008514088 0.162748694 -0.004637903 -0.197657868 -0.001612181 0.980258763
1439803610.194970 -0.096740715 -0.008696470 0.168542519 -0.004753395 -0.202520162 -0.001775333 0.979264975
1439803610.257471 -0.100615501 -0.009044917 0.174016818 -0.004984467 -0.207543373 -0.001790434 0.978211462
1439803610.319972 -0.104277767 -0.009482831 0.179581240 -0.005205879 -0.212688729 -0.001741801 0.977104545
1439803610.382472 -0.108036295 -0.009636883 0.185195982 -0.005037322 -0.217734337 -0.001704359 0.975993574
1439803610.444972 -0.112234145 -0.009994692 0.190580875 -0.005042734 -0.222373590 -0.001702598 0.974947035
1439803610.507476 -0.116538279 -0.010207318 0.196066335 -0.004946913 -0.226913661 -0.001825061 0.973900616
1439803610.569974 -0.120378189 -0.010562565 0.201738685 -0.004908350 -0.231787324 -0.002033653 0.972751975
1439803610.632474 -0.124522582 -0.010802053 0.206438273 -0.004643503 -0.236344978 -0.001817635 0.971656442
1439803610.694978 -0.128633097 -0.011121600 0.211588681 -0.004337704 -0.240797058 -0.001878703 0.970563948
1439803610.757476 -0.132814512 -0.011870960 0.216533229 -0.004247277 -0.244879663 -0.002118038 0.969541848
1439803610.819978 -0.137160286 -0.011870090 0.221479028 -0.003667984 -0.248737112 -0.002480632 0.968560934
1439803610.882480 -0.141330332 -0.012324742 0.226729155 -0.003427163 -0.252753407 -0.002676689 0.967520952
1439803610.944980 -0.145823419 -0.012695774 0.231324926 -0.003256169 -0.256420583 -0.002978145 0.966555238
1439803611.007481 -0.149712041 -0.013283601 0.236325279 -0.003201175 -0.260385334 -0.002944459 0.965494990
1439803611.069983 -0.153810129 -0.013660464 0.241338596 -0.002980783 -0.264048904 -0.002636166 0.964501083
1439803611.132483 -0.157797530 -0.014107656 0.246243015 -0.002702764 -0.267676443 -0.002400841 0.963502049
1439803611.194984 -0.162146226 -0.014432442 0.251217216 -0.002310419 -0.271022320 -0.002348766 0.962567449
1439803611.257485 -0.166340783 -0.014778498 0.256053060 -0.001876820 -0.274503738 -0.002375999 0.961581290
1439803611.319988 -0.170371205 -0.014947768 0.261162013 -0.001336521 -0.278184235 -0.002528316 0.960523486
1439803611.382487 -0.174905166 -0.015306036 0.265891403 -0.000909553 -0.281339049 -0.002820275 0.959603846
1439803611.444988 -0.179204375 -0.015660472 0.270948887 -0.000517467 -0.284600139 -0.002900962 0.958641827
1439803611.507491 -0.183371529 -0.015828349 0.275674373 -0.000102021 -0.287902802 -0.002833090 0.957655430
1439803611.569991 -0.187542960 -0.016132208 0.280726254 0.000121721 -0.291029543 -0.002723643 0.956710219
1439803611.632491 -0.191785917 -0.016627384 0.285115540 0.000173374 -0.293647885 -0.002952311 0.955909073
1439803611.694994 -0.195953473 -0.016890408 0.290044576 0.000449904 -0.296227634 -0.003008186 0.955112517
1439803611.757494 -0.200407594 -0.017304845 0.294689983 0.000645804 -0.298356563 -0.003123713 0.954449177
1439803611.820001 -0.204329878 -0.017542399 0.299648494 0.000974158 -0.300920397 -0.003152886 0.953643560
1439803611.882497 -0.208500013 -0.018084584 0.304347932 0.001064509 -0.303293109 -0.003410439 0.952890635
1439803611.944998 -0.212771311 -0.018359108 0.308950812 0.001021967 -0.305530936 -0.003324150 0.952175796
1439803612.007499 -0.216889560 -0.018766506 0.313625515 0.000860374 -0.307804376 -0.003054507 0.951444387
1439803612.070000 -0.220744714 -0.019116249 0.318257928 0.000702813 -0.310072094 -0.002949232 0.950708210
1439803612.132502 -0.224927619 -0.019321527 0.322728068 0.000700784 -0.311975121 -0.003186919 0.950084686
1439803612.195003 -0.228810042 -0.019587584 0.326993853 0.000584839 -0.313903153 -0.002998765 0.949450135
1439803612.257506 -0.232389554 -0.019781062 0.330781639 0.000598889 -0.315813661 -0.002930485 0.948816478
1439803612.320006 -0.236044452 -0.020013453 0.334664553 0.000652610 -0.317677706 -0.002671303 0.948194802
1439803612.382507 -0.239480153 -0.020266343 0.338341177 0.000745286 -0.319564700 -0.002420901 0.947561085
1439803612.445011 -0.242787465 -0.020469224 0.341904640 0.000939566 -0.321373373 -0.002282995 0.946949363
1439803612.507510 -0.246160030 -0.020858854 0.345627457 0.001027710 -0.323149204 -0.002436278 0.946344376
1439803612.570011 -0.249618724 -0.021026669 0.348875493 0.001224138 -0.324823707 -0.002697801 0.945769966
1439803612.632512 -0.253042012 -0.021213764 0.352483273 0.001384504 -0.326683760 -0.002993013 0.945127964
1439803612.695014 -0.256247669 -0.021492446 0.355526000 0.001469366 -0.328503460 -0.003148686 0.944496334
1439803612.757515 -0.259665757 -0.021784075 0.358700186 0.001613571 -0.330185115 -0.003553117 0.943908155
1439803612.820019 -0.262746811 -0.021979621 0.361723632 0.001849383 -0.331818163 -0.003967984 0.943333209
1439803612.882519 -0.265884608 -0.022152886 0.364750952 0.002084936 -0.333336383 -0.004451624 0.942795157
1439803612.945018 -0.269053370 -0.022438675 0.367622733 0.002282270 -0.334787190 -0.004954969 0.942277968
1439803613.007520 -0.272160053 -0.022740679 0.370494276 0.002534614 -0.336313695 -0.005723164 0.941729188
1439803613.070021 -0.275159210 -0.022776768 0.373153865 0.002915595 -0.337781996 -0.006045779 0.941200435
1439803613.132523 -0.278002530 -0.023053374 0.375821501 0.003072995 -0.339183837 -0.006466485 0.940692842
1439803613.195024 -0.280739933 -0.023292629 0.378428370 0.003182549 -0.340457231 -0.006568976 0.940231681
1439803613.257525 -0.283353925 -0.023605352 0.381171316 0.003187109 -0.341760427 -0.006622401 0.939758420
1439803613.320026 -0.286091506 -0.023708638 0.383802533 0.003284993 -0.342997849 -0.006535001 0.939307690
1439803613.382527 -0.288745910 -0.023832539 0.386435807 0.003332278 -0.344316632 -0.006491771 0.938825190
1439803613.445028 -0.291416079 -0.024090869 0.388993025 0.003327112 -0.345619112 -0.006685133 0.938345194
1439803613.507530 -0.294057339 -0.024228258 0.391342700 0.003359595 -0.346764475 -0.006994615 0.937920153
1439803613.570031 -0.296613097 -0.024347527 0.393664777 0.003315896 -0.347807139 -0.007215510 0.937532485
1439803613.632532 -0.299063295 -0.024552085 0.395968109 0.003207380 -0.348855495 -0.007470592 0.937141240
1439803613.695033 -0.301365823 -0.024628693 0.398187101 0.003213143 -0.349939108 -0.007515981 0.936736763
1439803613.757535 -0.303657860 -0.024936996 0.400196642 0.002988127 -0.350905448 -0.007764137 0.936373949
1439803613.820038 -0.305777252 -0.025085893 0.402266890 0.002910222 -0.351924002 -0.007864996 0.935990989
1439803613.882538 -0.307847351 -0.025183244 0.404201597 0.002859498 -0.352847517 -0.007998162 0.935642302
1439803613.945043 -0.309940845 -0.025370119 0.406068206 0.002721480 -0.353650749 -0.008140694 0.935338140
1439803614.007540 -0.311928183 -0.025454896 0.407949775 0.002708021 -0.354513943 -0.008311884 0.935009897
1439803614.070041 -0.313865364 -0.025584312 0.409745425 0.002609065 -0.355332077 -0.008340721 0.934699297
1439803614.132543 -0.315688342 -0.025633872 0.411465347 0.002540678 -0.356092393 -0.008308017 0.934410393
1439803614.195044 -0.317480206 -0.025842693 0.413197130 0.002325933 -0.356786281 -0.008209912 0.934147060
1439803614.257545 -0.319138110 -0.026024953 0.414866447 0.002155404 -0.357437819 -0.008111489 0.933899224
1439803614.320046 -0.320797056 -0.026135616 0.416407138 0.002077220 -0.357998610 -0.007970633 0.933685780
1439803614.382549 -0.322390020 -0.026209490 0.418019533 0.002060120 -0.358613789 -0.007918920 0.933450162
1439803614.445051 -0.323924571 -0.026347885 0.419484884 0.001989844 -0.359261602 -0.007826568 0.933201909
1439803614.507550 -0.325584769 -0.026434947 0.420909733 0.001991573 -0.359746784 -0.007933151 0.933014095
1439803614.570055 -0.327084273 -0.026581032 0.422359943 0.001953184 -0.360342711 -0.007957175 0.932784021
1439803614.632556 -0.328644544 -0.026700344 0.423817545 0.001961861 -0.360853851 -0.008072490 0.932585359
1439803614.695056 -0.330090344 -0.026843319 0.425126314 0.001934284 -0.361390591 -0.008095327 0.932377338
1439803614.757557 -0.331509590 -0.026879111 0.426516145 0.001995491 -0.361973554 -0.008148981 0.932150602
1439803614.820057 -0.332880080 -0.027005335 0.427697659 0.001993836 -0.362452686 -0.008063546 0.931965172
1439803614.882559 -0.334272265 -0.027207714 0.429052770 0.001916940 -0.362945318 -0.008280990 0.931771696
1439803614.945059 -0.335615307 -0.027290383 0.430148154 0.001844539 -0.363314420 -0.008295054 0.931627810
1439803615.007561 -0.336853534 -0.027330691 0.431238562 0.001839384 -0.363699019 -0.008427070 0.931476593
1439803615.070062 -0.337990105 -0.027460169 0.432289869 0.001832818 -0.364138335 -0.008468156 0.931304574
1439803615.132563 -0.339024276 -0.027543079 0.433248192 0.001842126 -0.364520758 -0.008480562 0.931154788
1439803615.195064 -0.339969873 -0.027605722 0.434165984 0.001836534 -0.364894092 -0.008472702 0.931008697
1439803615.257571 -0.340893835 -0.027695032 0.434988022 0.001790992 -0.365197599 -0.008492089 0.930889547
1439803615.320080 -0.341736585 -0.027748365 0.435753524 0.001811302 -0.365492553 -0.008452841 0.930774093
1439803615.382569 -0.342572331 -0.027841616 0.436527640 0.001793139 -0.365791589 -0.008473664 0.930656493
1439803615.445069 -0.343336910 -0.027881781 0.437230676 0.001818461 -0.366089821 -0.008501842 0.930538893
1439803615.507571 -0.344136626 -0.027928283 0.437865585 0.001821784 -0.366319805 -0.008551355 0.930447936
1439803615.570072 -0.344757736 -0.028035477 0.438494235 0.001738492 -0.366606236 -0.008475057 0.930335939
1439803615.632575 -0.345439285 -0.028066497 0.439079285 0.001780747 -0.366761506 -0.008585745 0.930273712
1439803615.695074 -0.345995188 -0.028169559 0.439572543 0.001738083 -0.366949886 -0.008622091 0.930199087
1439803615.757575 -0.346513391 -0.028200511 0.439965069 0.001789764 -0.367079765 -0.008598641 0.930148005
1439803615.820077 -0.347093105 -0.028271986 0.440340400 0.001840572 -0.367177069 -0.008579162 0.930109680
1439803615.882579 -0.347436458 -0.028257657 0.440732419 0.001896714 -0.367405325 -0.008345320 0.930021524
1439803615.945079 -0.347948700 -0.028268075 0.441216081 0.001999830 -0.367615938 -0.008387581 0.929937720
1439803616.007581 -0.348461539 -0.028339660 0.441665888 0.001946150 -0.367845327 -0.008251883 0.929848313
1439803616.070082 -0.349060386 -0.028368145 0.442087561 0.001931794 -0.368011981 -0.008192177 0.929782927
1439803616.132584 -0.349645853 -0.028433263 0.442691922 0.001906338 -0.368337542 -0.008124861 0.929654658
1439803616.195085 -0.350300729 -0.028468451 0.443444878 0.001933234 -0.368752658 -0.008022936 0.929490924
1439803616.257585 -0.351039201 -0.028546266 0.444027662 0.001905466 -0.369102061 -0.008075996 0.929351807
1439803616.320087 -0.351934284 -0.028598966 0.444762677 0.001947381 -0.369463980 -0.008231677 0.929206550
1439803616.382589 -0.352832019 -0.028757300 0.445389271 0.001896535 -0.369874060 -0.008331455 0.929042578
1439803616.445089 -0.353802294 -0.028793989 0.446183622 0.001921972 -0.370326012 -0.008341894 0.928862393
1439803616.507590 -0.354742855 -0.028877843 0.446934164 0.001791647 -0.370704293 -0.008406340 0.928711176
1439803616.570092 -0.355639100 -0.028916921 0.447717696 0.001714708 -0.371098489 -0.008541215 0.928552628
1439803616.632593 -0.356372654 -0.028914414 0.448517770 0.001713548 -0.371593893 -0.008526732 0.928354621
1439803616.695098 -0.357067257 -0.028963745 0.449202806 0.001751483 -0.372019053 -0.008564415 0.928183913
1439803616.757596 -0.357727170 -0.029048501 0.449749023 0.001694104 -0.372366309 -0.008581404 0.928044617
1439803616.820097 -0.358287930 -0.028991487 0.450168788 0.001779634 -0.372590899 -0.008615494 0.927954018
1439803616.882598 -0.358775049 -0.029115831 0.450551718 0.001697049 -0.372762263 -0.008613060 0.927885354
1439803616.945100 -0.359144151 -0.029072832 0.450859845 0.001768085 -0.372921467 -0.008658561 0.927820802
1439803617.070104 -0.359597862 -0.029122123 0.451244116 0.001746763 -0.373186439 -0.008662753 0.927714288
1439803617.132604 -0.359739453 -0.029128797 0.451378465 0.001777812 -0.373242021 -0.008677710 0.927691698
1439803617.195103 -0.359804809 -0.029123038 0.451491237 0.001816926 -0.373284876 -0.008621478 0.927674949
1439803617.257605 -0.359862417 -0.029156268 0.451437891 0.001818877 -0.373217195 -0.008716847 0.927701235
1439803617.320106 -0.359881252 -0.029073838 0.451400846 0.001898900 -0.373182714 -0.008696478 0.927715182
1439803617.382604 -0.359942973 -0.029162074 0.451395988 0.001917382 -0.373117536 -0.008678283 0.927741528
1439803617.507604 -0.359835327 -0.029150113 0.451939940 0.001840668 -0.373343229 -0.008566332 0.927651882
1439803617.570108 -0.359949648 -0.029145956 0.452024251 0.001761307 -0.373261154 -0.008636873 0.927684426
1439803617.632606 -0.359866887 -0.029052086 0.452111930 0.001846232 -0.373362303 -0.008554601 0.927644312
1439803617.695106 -0.359894305 -0.029027896 0.452096045 0.001922485 -0.373343140 -0.008546081 0.927652001
1439803617.757607 -0.359973133 -0.029054711 0.451986253 0.001907931 -0.373284698 -0.008535438 0.927675605
1439803617.820108 -0.359860390 -0.029081969 0.451708496 0.001852974 -0.373295575 -0.008513420 0.927671552
1439803617.945110 -0.359951049 -0.029081976 0.451526761 0.001823814 -0.373185813 -0.008586013 0.927715123
1439803618.007609 -0.359883428 -0.029052906 0.451551914 0.001855576 -0.373272061 -0.008607408 0.927680135
1439803618.070110 -0.359939396 -0.029057339 0.451552689 0.001895488 -0.373250484 -0.008633742 0.927688479
1439803618.132609 -0.359897375 -0.029049316 0.451524466 0.001903884 -0.373292714 -0.008632615 0.927671492
1439803618.257610 -0.360008895 -0.029107217 0.451353014 0.001814007 -0.373145431 -0.008689024 0.927730381
1439803618.320111 -0.359838337 -0.029036323 0.451385587 0.001890338 -0.373266846 -0.008588831 0.927682281
1439803618.382615 -0.359870225 -0.029029626 0.451396674 0.001899445 -0.373242915 -0.008538774 0.927692413
1439803618.445113 -0.359938979 -0.029010098 0.451341242 0.001974614 -0.373198628 -0.008595863 0.927709520
1439803618.507613 -0.359935313 -0.029023170 0.451281250 0.001966119 -0.373173028 -0.008672574 0.927719116
1439803618.570115 -0.359964341 -0.028984807 0.451344609 0.001967805 -0.373165339 -0.008592842 0.927722991
1439803618.632617 -0.359978497 -0.028984530 0.451331884 0.001971810 -0.373162687 -0.008587625 0.927724063
1439803618.695117 -0.359965116 -0.028983302 0.451276839 0.001985533 -0.373143047 -0.008561315 0.927732170
1439803618.757619 -0.359980464 -0.028982790 0.451269209 0.001991041 -0.373134673 -0.008630863 0.927734911
1439803618.820120 -0.360160917 -0.028964128 0.451238543 0.002010989 -0.372982562 -0.008690941 0.927795470
1439803618.882622 -0.360077858 -0.029039491 0.451306313 0.001944917 -0.373057365 -0.008572779 0.927766621
1439803618.945123 -0.360092849 -0.029028960 0.451224864 0.001941411 -0.373025596 -0.008569862 0.927779436
1439803619.007625 -0.360151887 -0.029051781 0.451227278 0.001924634 -0.373012871 -0.008556903 0.927784681
1439803619.070126 -0.360218674 -0.029033637 0.451191902 0.001970317 -0.372954994 -0.008614766 0.927807331
1439803619.132631 -0.360190243 -0.029030992 0.451159775 0.001953591 -0.372952998 -0.008617586 0.927808166
1439803619.195128 -0.360253721 -0.029031187 0.451135337 0.001974356 -0.372910291 -0.008675268 0.927824736
1439803619.257630 -0.360209048 -0.029031044 0.451080054 0.001959871 -0.372937679 -0.008642961 0.927814066
1439803619.320133 -0.360163957 -0.029034207 0.451007247 0.001940493 -0.372933567 -0.008632689 0.927815855
1439803619.382635 -0.360223353 -0.029045194 0.451062053 0.001951471 -0.372917593 -0.008649438 0.927822113
1439803619.445134 -0.360234112 -0.029044216 0.451012969 0.001968934 -0.372885525 -0.008676052 0.927834690
1439803619.507635 -0.360287935 -0.029066375 0.450988293 0.001950700 -0.372851908 -0.008656837 0.927848458
1439803619.570137 -0.359946281 -0.028996576 0.451420695 0.001927053 -0.373197645 -0.008482295 0.927711129
1439803619.632638 -0.359928638 -0.029024389 0.451391041 0.001908232 -0.373204201 -0.008460918 0.927708685
1439803619.695139 -0.359931052 -0.029049458 0.451360196 0.001915880 -0.373183489 -0.008483962 0.927716792
1439803619.757640 -0.359839439 -0.029059896 0.451400965 0.001906838 -0.373250037 -0.008469181 0.927690148
1439803619.820142 -0.359900296 -0.029000944 0.451383710 0.001943826 -0.373228937 -0.008450039 0.927698731
1439803619.882646 -0.359917641 -0.029052753 0.451381147 0.001906000 -0.373198509 -0.008441419 0.927711129
1439803619.945144 -0.359973371 -0.029007876 0.451343745 0.001930785 -0.373142123 -0.008504884 0.927733183
1439803620.007646 -0.359956682 -0.029024903 0.451391309 0.001921462 -0.373158932 -0.008522864 0.927726269
1439803620.070147 -0.360016108 -0.029019497 0.451386184 0.001927889 -0.373112261 -0.008515451 0.927745104
1439803620.132649 -0.360004634 -0.029027313 0.451310664 0.001935172 -0.373110086 -0.008510816 0.927745998
1439803620.195150 -0.359961599 -0.029024184 0.451363862 0.001930239 -0.373135060 -0.008547205 0.927735627
1439803620.257652 -0.359971225 -0.029049780 0.451342136 0.001914987 -0.373110324 -0.008550675 0.927745581
1439803620.320157 -0.359934956 -0.029059703 0.451321781 0.001899053 -0.373143554 -0.008501176 0.927732646
1439803620.382654 -0.359953165 -0.029055862 0.451359481 0.001907630 -0.373136073 -0.008473950 0.927735925
1439803620.445155 -0.359945565 -0.029058918 0.451351672 0.001911142 -0.373138040 -0.008517848 0.927734733
1439803620.507657 -0.359869510 -0.029103352 0.451417446 0.001854980 -0.373189390 -0.008429638 0.927715003
1439803620.570160 -0.359929770 -0.029072488 0.451395333 0.001888409 -0.373156339 -0.008496278 0.927727640
1439803620.632664 -0.359957516 -0.029081460 0.451325744 0.001878857 -0.373119086 -0.008514542 0.927742481
1439803620.695161 -0.360066324 -0.029069828 0.451250345 0.001913300 -0.373021901 -0.008559388 0.927781105
1439803620.757665 -0.360040992 -0.029071290 0.451269448 0.001916632 -0.373056263 -0.008552848 0.927767336
1439803620.820164 -0.360023320 -0.029069869 0.451308757 0.001911358 -0.373089761 -0.008551180 0.927753925
1439803620.882665 -0.359998167 -0.029070131 0.451354712 0.001887377 -0.373121232 -0.008522910 0.927741528
1439803620.945167 -0.359977484 -0.029047858 0.451412976 0.001897260 -0.373158783 -0.008445703 0.927727103
1439803621.007668 -0.359978318 -0.029049126 0.451278985 0.001926493 -0.373106003 -0.008512653 0.927747667
1439803621.070169 -0.360060543 -0.029062793 0.451386452 0.001907456 -0.373113424 -0.008539987 0.927744508
1439803621.132674 -0.360073805 -0.029046195 0.451384962 0.001898274 -0.373131156 -0.008484868 0.927737832
1439803621.195175 -0.360133529 -0.029050950 0.451168388 0.001904031 -0.373045206 -0.008542758 0.927771866
1439803621.257673 -0.360143751 -0.028984157 0.451238751 0.001928311 -0.373101801 -0.008479046 0.927749634
1439803621.320174 -0.360136718 -0.029003009 0.451179951 0.001937161 -0.373108655 -0.008507607 0.927746654
1439803621.382681 -0.360042095 -0.028941542 0.451333046 0.001954053 -0.373243511 -0.008410125 0.927693248
1439803621.445176 -0.360009968 -0.028982701 0.451310545 0.001956498 -0.373278409 -0.008406735 0.927679181
1439803621.507678 -0.359996945 -0.029025268 0.451228142 0.001906557 -0.373263866 -0.008433498 0.927684963
1439803621.570179 -0.360001415 -0.029018449 0.451247066 0.001907113 -0.373264700 -0.008460138 0.927684367
1439803621.632680 -0.360003710 -0.029001988 0.451254994 0.001907480 -0.373275071 -0.008423422 0.927680492
1439803621.757682 -0.360007972 -0.029017629 0.451187134 0.001882488 -0.373279423 -0.008409276 0.927678943
1439803621.820184 -0.360019147 -0.028996482 0.451206833 0.001918317 -0.373289883 -0.008391487 0.927674830
1439803621.882684 -0.360013992 -0.029021941 0.451232940 0.001899711 -0.373308033 -0.008384855 0.927667618
1439803621.945190 -0.359996170 -0.029012805 0.451207221 0.001899702 -0.373346627 -0.008349731 0.927652419
1439803622.070187 -0.359993666 -0.029034631 0.451237679 0.001848277 -0.373354018 -0.008375109 0.927649319
1439803622.132691 -0.359987795 -0.029047765 0.451100945 0.001848033 -0.373350680 -0.008349589 0.927650869
1439803622.195190 -0.360011637 -0.029079217 0.451092631 0.001798571 -0.373368174 -0.008326880 0.927644134
1439803622.257692 -0.360013187 -0.029074134 0.451093704 0.001791811 -0.373403192 -0.008341625 0.927629948
1439803622.320194 -0.359998584 -0.029062737 0.451073408 0.001791101 -0.373422861 -0.008332968 0.927622080
1439803622.445196 -0.360013187 -0.029015809 0.451223433 0.001798433 -0.373491883 -0.008319966 0.927594423
1439803622.507695 -0.360009342 -0.029017504 0.451158524 0.001798638 -0.373478323 -0.008308244 0.927599967
1439803622.570196 -0.359966755 -0.029002987 0.451199204 0.001787517 -0.373487234 -0.008279639 0.927596629
1439803622.632697 -0.359985352 -0.029037274 0.451217175 0.001775628 -0.373503476 -0.008264547 0.927590251
1439803622.695198 -0.359990567 -0.028992141 0.451176524 0.001810781 -0.373501390 -0.008299271 0.927590728
1439803622.757700 -0.360037357 -0.029012565 0.451251566 0.001797237 -0.373497337 -0.008314830 0.927592218
1439803622.882704 -0.359993964 -0.029007461 0.451194286 0.001811143 -0.373510242 -0.008346030 0.927586734
1439803622.945204 -0.360007107 -0.029003479 0.451242119 0.001824643 -0.373544693 -0.008351712 0.927572787
1439803623.007703 -0.360049665 -0.028991401 0.451234639 0.001834931 -0.373504698 -0.008380272 0.927588642
1439803623.070207 -0.359992743 -0.029012680 0.451238036 0.001789946 -0.373542935 -0.008283657 0.927574217
1439803623.132708 -0.360038996 -0.028952120 0.451259941 0.001862947 -0.373499125 -0.008355196 0.927591026
1439803623.257707 -0.360072732 -0.028995477 0.451246053 0.001843396 -0.373495013 -0.008379770 0.927592516
1439803623.320209 -0.360072821 -0.028981797 0.451201141 0.001845468 -0.373481244 -0.008406574 0.927597821
1439803623.382710 -0.360017478 -0.028998941 0.451300919 0.001859771 -0.373532712 -0.008367248 0.927577436
1439803623.445211 -0.359973431 -0.028925380 0.451301813 0.001901445 -0.373548001 -0.008379198 0.927571058
1439803623.507713 -0.359996289 -0.028978087 0.451358527 0.001865003 -0.373568147 -0.008358190 0.927563190
1439803623.570214 -0.360037476 -0.028987966 0.451285154 0.001868392 -0.373561084 -0.008383696 0.927565813
1439803623.695215 -0.360050857 -0.028972818 0.451295972 0.001867414 -0.373582572 -0.008393974 0.927557051
1439803623.757716 -0.360048950 -0.028982285 0.451294124 0.001872551 -0.373560369 -0.008394743 0.927565992
1439803623.820218 -0.360010386 -0.029021906 0.451275349 0.001840891 -0.373595417 -0.008370762 0.927552164
1439803623.882719 -0.360050112 -0.028951634 0.451301992 0.001890291 -0.373587936 -0.008408100 0.927554727
1439803623.945220 -0.360007137 -0.028973332 0.451363742 0.001873060 -0.373608828 -0.008411088 0.927546322
1439803624.070221 -0.360049963 -0.028998416 0.451373875 0.001846726 -0.373590738 -0.008398778 0.927553773
1439803624.132723 -0.360079765 -0.029011177 0.451324373 0.001860339 -0.373546988 -0.008413667 0.927571237
1439803624.195223 -0.360096127 -0.028983088 0.451254964 0.001886775 -0.373519719 -0.008413110 0.927582204
1439803624.257725 -0.360071898 -0.028960140 0.451324940 0.001932434 -0.373548716 -0.008421506 0.927570283
1439803624.320228 -0.360039175 -0.029036982 0.451339006 0.001816981 -0.373589635 -0.008395355 0.927554309
1439803624.445228 -0.360036641 -0.029004293 0.451322138 0.001831156 -0.373584569 -0.008405576 0.927556217
1439803624.507729 -0.360017598 -0.028991986 0.451341689 0.001848595 -0.373589933 -0.008396376 0.927554131
1439803624.570230 -0.360023558 -0.029008487 0.451282293 0.001847822 -0.373562366 -0.008381275 0.927565396
1439803624.632731 -0.360022783 -0.028989900 0.451244622 0.001856592 -0.373561144 -0.008409213 0.927565575
1439803624.695233 -0.360061616 -0.028983351 0.451317728 0.001853002 -0.373572052 -0.008376527 0.927561522
1439803624.757733 -0.360079914 -0.028988609 0.451267332 0.001853160 -0.373548925 -0.008410044 0.927570522
1439803624.882735 -0.360077560 -0.028998081 0.451276422 0.001846747 -0.373563975 -0.008371643 0.927564800
1439803624.945250 -0.360070616 -0.028969053 0.451295853 0.001854544 -0.373584330 -0.008374871 0.927556574
1439803625.007738 -0.360037714 -0.028949888 0.451302558 0.001864259 -0.373592973 -0.008320818 0.927553535
1439803625.070239 -0.360064209 -0.029006291 0.451290905 0.001852153 -0.373609453 -0.008361361 0.927546561
1439803625.132740 -0.360091746 -0.028964829 0.451243579 0.001875891 -0.373649269 -0.008321152 0.927530885
1439803625.257742 -0.360202521 -0.028884189 0.451309294 0.001981533 -0.373817712 -0.008376265 0.927462280
1439803625.320243 -0.360159308 -0.028873853 0.451329887 0.001971666 -0.373873234 -0.008382175 0.927439868
1439803625.382745 -0.360293180 -0.028883280 0.451407552 0.002017221 -0.373879880 -0.008461182 0.927436352
1439803625.445248 -0.360162199 -0.028980933 0.451433539 0.001975204 -0.374021739 -0.008510388 0.927378774
1439803625.507747 -0.360224128 -0.028979065 0.451506525 0.001975527 -0.374151468 -0.008533410 0.927326262
1439803625.570252 -0.360439956 -0.028979411 0.451564044 0.002040980 -0.374228626 -0.008543926 0.927294910
1439803625.695249 -0.360651553 -0.028913449 0.451740682 0.002074746 -0.374378353 -0.008505350 0.927234709
1439803625.757752 -0.360789448 -0.028953355 0.451692313 0.002071745 -0.374384016 -0.008565210 0.927231908
1439803625.820252 -0.360927552 -0.028969964 0.451852769 0.002129710 -0.374488801 -0.008615525 0.927188993
1439803625.882753 -0.361027658 -0.028979845 0.451916844 0.002108210 -0.374574006 -0.008681708 0.927154005
1439803625.945254 -0.361242801 -0.028991610 0.452107400 0.002143412 -0.374685109 -0.008653261 0.927109301
1439803626.007759 -0.361411363 -0.029033991 0.452095896 0.002179716 -0.374716610 -0.008715566 0.927095890
1439803626.132757 -0.361540675 -0.029031631 0.452378601 0.002155506 -0.375008196 -0.008647876 0.926978648
1439803626.195258 -0.361749351 -0.029000590 0.452434927 0.002254612 -0.375077069 -0.008798106 0.926949143
1439803626.257759 -0.362004310 -0.028967874 0.452553123 0.002277830 -0.375126064 -0.008782919 0.926929355
1439803626.320260 -0.362160742 -0.029005866 0.452659845 0.002311209 -0.375201821 -0.008819052 0.926898301
1439803626.382762 -0.362292647 -0.029149618 0.452720881 0.002299233 -0.375254035 -0.008949454 0.926875949
1439803626.445263 -0.362564385 -0.029074047 0.452890366 0.002273790 -0.375401258 -0.008821372 0.926817656
1439803626.570264 -0.363178253 -0.029083736 0.453274488 0.002360966 -0.375686675 -0.008880805 0.926701188
1439803626.632765 -0.363388509 -0.029239899 0.453321815 0.002337847 -0.375822902 -0.008924449 0.926645577
1439803626.695267 -0.363782525 -0.029269982 0.453588456 0.002341895 -0.376001209 -0.008912332 0.926573336
1439803626.757768 -0.364033103 -0.029103924 0.454082936 0.002382966 -0.376382023 -0.008621546 0.926421404
1439803626.882769 -0.365106404 -0.029240098 0.454722464 0.002380980 -0.377024233 -0.008755606 0.926158965
1439803626.945271 -0.365606397 -0.029205568 0.455164909 0.002496557 -0.377322614 -0.008920551 0.926035523
1439803627.007772 -0.366159827 -0.029232390 0.455492169 0.002516093 -0.377753049 -0.008711904 0.925861955
1439803627.070274 -0.366903514 -0.029457729 0.456226140 0.002437486 -0.378210932 -0.008654097 0.925675809
1439803627.132774 -0.367632270 -0.029459018 0.456693113 0.002521057 -0.378646225 -0.008694140 0.925497174
1439803627.257776 -0.369085163 -0.029555848 0.457930744 0.002593521 -0.379645348 -0.008645664 0.925088048
1439803627.320277 -0.369998157 -0.029684683 0.458544284 0.002606470 -0.380073965 -0.008558499 0.924912810
1439803627.382779 -0.371270955 -0.029641615 0.459192216 0.002725905 -0.380476624 -0.008757037 0.924745023
1439803627.445279 -0.371803492 -0.029950153 0.459699422 0.002708754 -0.381030321 -0.008739992 0.924517274
1439803627.507782 -0.372892022 -0.029772298 0.460750610 0.002842373 -0.381608456 -0.008749229 0.924278259
1439803627.570283 -0.374359369 -0.029693656 0.461762637 0.002939237 -0.382172406 -0.008665858 0.924045742
1439803627.695282 -0.376412630 -0.030121326 0.463444531 0.002842959 -0.383281291 -0.008627834 0.923586965
1439803627.757784 -0.377167821 -0.030287493 0.464143842 0.002825587 -0.383848101 -0.008680608 0.923351109
1439803627.820286 -0.375112921 -0.031824857 0.464319050 0.002582902 -0.384711772 -0.009090095 0.922988355
1439803627.882784 -0.380106330 -0.030190278 0.466511786 0.002925933 -0.384913385 -0.008750559 0.922906578
1439803627.945284 -0.380480796 -0.030708328 0.467196882 0.002795086 -0.385497719 -0.008835832 0.922662199
1439803628.007785 -0.379975736 -0.031814225 0.468172878 0.002615852 -0.386103421 -0.008994209 0.922407925
1439803628.132785 -0.381781787 -0.032630686 0.470313787 0.002473305 -0.387006998 -0.009225224 0.922027290
1439803628.195285 -0.385501713 -0.031721149 0.472266078 0.002701727 -0.387097836 -0.009259189 0.921988189
1439803628.257787 -0.386994004 -0.031792179 0.473655045 0.002715198 -0.387386620 -0.009212009 0.921867371
1439803628.320286 -0.387834817 -0.032054808 0.475141078 0.002565053 -0.387745798 -0.008951994 0.921719313
1439803628.382787 -0.388714135 -0.032289900 0.476621509 0.002482345 -0.387946993 -0.008938227 0.921635032
1439803628.445288 -0.389933079 -0.032742929 0.478038341 0.002413066 -0.388098955 -0.008849091 0.921572089
1439803628.570288 -0.396611571 -0.031794865 0.482161164 0.002708036 -0.388043493 -0.008803934 0.921595037
1439803628.632789 -0.397109509 -0.032303639 0.483680099 0.002608378 -0.388387889 -0.008729574 0.921450973
1439803628.695289 -0.400756419 -0.031848960 0.485832483 0.002747309 -0.388248175 -0.008711715 0.921509624
1439803628.757790 -0.401437163 -0.032430213 0.487403095 0.002623595 -0.388386518 -0.008818554 0.921450675
1439803628.820290 -0.404456496 -0.032245949 0.489414185 0.002634733 -0.388236642 -0.008935180 0.921512663
1439803628.882791 -0.405851454 -0.032375395 0.491156995 0.002609289 -0.388448328 -0.009023978 0.921422601
1439803628.945292 -0.410038769 -0.031888802 0.493908405 0.002742269 -0.388328403 -0.009193379 0.921471179
1439803629.007792 -0.411432087 -0.032475606 0.495501161 0.002490713 -0.388377458 -0.009190455 0.921451211
1439803629.070293 -0.414629191 -0.032051116 0.497825056 0.002634816 -0.388179898 -0.009384444 0.921532035
1439803629.132793 -0.415238142 -0.033010550 0.499325663 0.002237971 -0.388223886 -0.009298391 0.921515465
1439803629.195293 -0.419294268 -0.032777734 0.502524018 0.002317352 -0.388139933 -0.008982409 0.921553791
1439803629.257794 -0.421110094 -0.033177104 0.504607379 0.002202228 -0.388050079 -0.008959470 0.921592116
1439803629.320296 -0.423093051 -0.033404570 0.506878734 0.002204993 -0.387916714 -0.008872597 0.921649098
1439803629.382797 -0.424854577 -0.033561271 0.509135246 0.002165825 -0.387683362 -0.008711395 0.921748877
1439803629.445298 -0.428271651 -0.033645686 0.511704326 0.002328271 -0.387210876 -0.008883489 0.921945453
1439803629.507797 -0.429526001 -0.033968009 0.513610840 0.002274773 -0.386930436 -0.008796982 0.922064126
1439803629.570298 -0.433440685 -0.033779312 0.517131090 0.002525441 -0.386346310 -0.008933491 0.922307074
1439803629.632800 -0.438147485 -0.033444751 0.520693839 0.002801468 -0.385647804 -0.008854778 0.922599316
1439803629.695302 -0.439727426 -0.033992317 0.523091197 0.002916161 -0.384994864 -0.009051727 0.922869742
1439803629.757803 -0.443786383 -0.034056854 0.526633978 0.003134597 -0.384014100 -0.009021418 0.923277855
1439803629.820302 -0.445827723 -0.034515794 0.529569864 0.003168704 -0.383203328 -0.009090942 0.923613846
1439803629.882804 -0.449688405 -0.034709435 0.533284664 0.003258346 -0.382234246 -0.009170915 0.924014211
1439803629.945305 -0.453055978 -0.034868237 0.537257433 0.003251486 -0.381391644 -0.008910870 0.924364924
1439803630.007807 -0.456899166 -0.035186637 0.541378260 0.003362794 -0.380321056 -0.009031377 0.924804330
1439803630.070307 -0.460377395 -0.035633054 0.545375586 0.003335786 -0.379314989 -0.008863368 0.925219119
1439803630.132810 -0.464484453 -0.035826277 0.549878478 0.003478417 -0.378290951 -0.008664042 0.925639629
1439803630.195312 -0.468019307 -0.035893220 0.554283023 0.003476270 -0.377476215 -0.008041395 0.925977826
1439803630.257812 -0.473030001 -0.036161676 0.558884442 0.003651718 -0.376456916 -0.007917045 0.926393092
1439803630.320314 -0.477812976 -0.036845125 0.564139903 0.003545499 -0.375517756 -0.007416123 0.926778734
1439803630.382816 -0.481973469 -0.036923651 0.569006920 0.003490042 -0.374681056 -0.006815367 0.927122176
1439803630.445314 -0.486537755 -0.037142631 0.574448705 0.003449260 -0.374016136 -0.006309821 0.927394331
1439803630.507815 -0.490671277 -0.037780080 0.579402030 0.003362436 -0.373559803 -0.005921095 0.927581131
1439803630.570318 -0.495882154 -0.038235456 0.584581912 0.003137501 -0.373020053 -0.005460194 0.927801907
1439803630.632816 -0.501020908 -0.038614411 0.589874148 0.002769005 -0.372523248 -0.005287845 0.928003669
1439803630.695317 -0.505937338 -0.038978644 0.595427454 0.002307627 -0.372154534 -0.005059789 0.928154111
1439803630.757818 -0.507825494 -0.039809942 0.599200666 0.001956346 -0.371978790 -0.005492726 0.928222895
1439803630.820320 -0.512985408 -0.040409449 0.604450226 0.001850709 -0.371848524 -0.005626651 0.928274512
1439803630.882820 -0.517953694 -0.040777996 0.609825611 0.001792514 -0.371905148 -0.005297885 0.928253889
1439803630.945322 -0.522918165 -0.041185591 0.615229428 0.001758859 -0.371913493 -0.004971439 0.928252399
1439803631.007823 -0.527967036 -0.041500550 0.620573878 0.001694059 -0.371697217 -0.004609533 0.928341031
1439803631.070325 -0.532951236 -0.042048272 0.626021326 0.001425655 -0.371370971 -0.004080890 0.928474545
1439803631.132825 -0.537981689 -0.042476919 0.631511927 0.001211609 -0.371179163 -0.003736552 0.928552985
1439803631.195327 -0.543163061 -0.043009743 0.636912882 0.001324389 -0.371065736 -0.003688422 0.928598285
1439803631.257827 -0.548138618 -0.043343417 0.641998351 0.001629165 -0.371023089 -0.003963498 0.928613782
1439803631.320328 -0.552894115 -0.043800451 0.647067308 0.001970601 -0.370986462 -0.004089534 0.928627193
1439803631.382830 -0.558181405 -0.044324622 0.652192354 0.002298444 -0.370790780 -0.003905036 0.928705394
1439803631.445332 -0.562886655 -0.044897251 0.657532454 0.002580248 -0.370620281 -0.003691503 0.928773582
1439803631.507833 -0.567609131 -0.045378383 0.662448883 0.002734916 -0.370364457 -0.003554848 0.928875685
1439803631.570334 -0.572133183 -0.045788784 0.667666733 0.002879630 -0.370253414 -0.003497608 0.928919733
1439803631.632837 -0.575791776 -0.045959502 0.671932757 0.003048263 -0.370250821 -0.003213426 0.928921282
1439803631.695335 -0.580477476 -0.046431556 0.676827192 0.003446042 -0.370212466 -0.003217585 0.928935111
1439803631.757837 -0.585085928 -0.046915803 0.681396365 0.003954708 -0.370062917 -0.003140553 0.928992987
1439803631.820337 -0.589554846 -0.047373235 0.686224699 0.004488202 -0.369904071 -0.002939760 0.929054499
1439803631.882842 -0.594070792 -0.047866393 0.691012740 0.004841197 -0.369703621 -0.002816755 0.929132819
1439803631.945342 -0.598649919 -0.048345007 0.695679963 0.005113994 -0.369525284 -0.002707111 0.929202676
1439803632.007841 -0.603129506 -0.048753403 0.700542092 0.005365486 -0.369360089 -0.002360565 0.929267824
1439803632.070342 -0.607684076 -0.049023427 0.705406368 0.005700624 -0.369186491 -0.002214609 0.929335177
1439803632.132844 -0.611871481 -0.049636871 0.709850848 0.005813798 -0.369043738 -0.002254019 0.929391086
1439803632.195345 -0.616067648 -0.050207384 0.713900745 0.005906915 -0.368833512 -0.002731411 0.929472685
1439803632.257846 -0.620936632 -0.050332848 0.718922198 0.006293627 -0.368665010 -0.002971000 0.929536223
1439803632.320347 -0.625199437 -0.050628122 0.724065185 0.006883162 -0.368679732 -0.003113697 0.929525793
1439803632.382852 -0.629684508 -0.051545262 0.728611350 0.007507544 -0.368478239 -0.003140141 0.929600775
1439803632.445351 -0.633402586 -0.052134492 0.733217299 0.008030089 -0.368258268 -0.003557583 0.929682076
1439803632.507853 -0.637966871 -0.052530404 0.737935483 0.008259095 -0.367841810 -0.004018179 0.929843009
1439803632.570353 -0.642402649 -0.053125709 0.742047787 0.008150216 -0.367527455 -0.004337730 0.929966807
1439803632.632855 -0.647291660 -0.052595764 0.747299671 0.008393789 -0.367310643 -0.004697300 0.930048585
1439803632.695357 -0.652697384 -0.053265717 0.751388252 0.008346763 -0.366882920 -0.004959112 0.930216491
1439803632.757857 -0.657914042 -0.053330142 0.756361187 0.008639147 -0.366420567 -0.005269944 0.930394292
1439803632.820357 -0.661790490 -0.053760745 0.761054158 0.008783703 -0.365996867 -0.005728633 0.930557013
1439803632.882857 -0.666249096 -0.054421894 0.766998768 0.008689901 -0.365767479 -0.006059647 0.930645943
1439803632.945358 -0.671100497 -0.054602914 0.772140384 0.008512273 -0.365664035 -0.005790503 0.930689931
1439803633.007861 -0.675669432 -0.054913644 0.777397871 0.008330050 -0.365573436 -0.005091180 0.930731297
1439803633.070359 -0.680518270 -0.055533171 0.782687604 0.008131375 -0.365176111 -0.004541405 0.930891871
1439803633.132860 -0.685347557 -0.055845149 0.788045645 0.007698349 -0.364676565 -0.003874133 0.931094348
1439803633.195362 -0.689290285 -0.056084916 0.793106675 0.007159763 -0.364375323 -0.003328757 0.931218684
1439803633.257863 -0.694208503 -0.056256268 0.798753858 0.006954643 -0.364127666 -0.003550419 0.931316257
1439803633.320365 -0.698721826 -0.056962483 0.803695023 0.006895395 -0.363896996 -0.004380357 0.931403339
1439803633.382866 -0.703850806 -0.057180073 0.808461070 0.006994007 -0.363596320 -0.005433648 0.931514502
1439803633.445370 -0.708578289 -0.057801440 0.813016415 0.006906219 -0.363416255 -0.006449183 0.931578934
1439803633.507869 -0.713339210 -0.057967689 0.817894638 0.006861649 -0.363390684 -0.007594209 0.931580603
1439803633.570368 -0.717932880 -0.058373518 0.823028684 0.006620800 -0.363457918 -0.008496353 0.931548297
1439803633.632868 -0.722567856 -0.058664322 0.827698708 0.006222981 -0.363486916 -0.008891968 0.931536078
1439803633.695370 -0.725856781 -0.058600981 0.832738400 0.005924207 -0.363734961 -0.009029767 0.931439877
1439803633.757871 -0.730977893 -0.059391558 0.837185681 0.005611122 -0.363508672 -0.009310605 0.931527376
1439803633.820373 -0.735079765 -0.059665985 0.842242122 0.005377018 -0.363552690 -0.009557300 0.931509078
1439803633.882874 -0.740447581 -0.060146157 0.846195102 0.004974385 -0.363340646 -0.009882623 0.931590676
1439803633.945375 -0.744948983 -0.060049936 0.851467073 0.004765132 -0.363447666 -0.010044944 0.931548297
1439803634.007876 -0.748722076 -0.061540604 0.855815172 0.004328033 -0.363546908 -0.010134438 0.931510687
1439803634.070382 -0.752395689 -0.061326571 0.860611498 0.004453870 -0.363727927 -0.009909839 0.931441844
1439803634.132880 -0.755933046 -0.061437070 0.864877701 0.004447762 -0.363824636 -0.009770332 0.931405604
1439803634.195379 -0.761423767 -0.061865695 0.869470298 0.004295601 -0.363592416 -0.009705341 0.931497693
1439803634.257884 -0.765767395 -0.061648484 0.873904705 0.004388268 -0.363460362 -0.009449277 0.931551397
1439803634.320380 -0.769216478 -0.064092636 0.878546596 0.004056410 -0.363468230 -0.009658792 0.931547642
1439803634.382882 -0.773278952 -0.063174181 0.882527113 0.004219369 -0.363383204 -0.009479698 0.931581974
1439803634.445384 -0.777207434 -0.062745899 0.887844622 0.004009385 -0.363555402 -0.009549307 0.931514978
1439803634.507884 -0.781702995 -0.062339261 0.891764700 0.003872056 -0.363392144 -0.009807667 0.931576610
1439803634.570387 -0.785555005 -0.065490335 0.895221353 0.003140728 -0.363119811 -0.010322029 0.931679964
1439803634.632888 -0.789332330 -0.065867849 0.899962604 0.003270945 -0.363041878 -0.010652597 0.931706190
1439803634.695390 -0.793851137 -0.065347202 0.903528512 0.003695080 -0.362843990 -0.010798841 0.931779981
1439803634.757890 -0.797678709 -0.065958433 0.907782137 0.003977146 -0.362876445 -0.011296405 0.931760252
1439803634.820393 -0.801899612 -0.066572137 0.911421776 0.004076461 -0.362812519 -0.011556186 0.931781530
1439803634.882893 -0.806225181 -0.066723622 0.915921569 0.004243237 -0.362674534 -0.011911943 0.931830049
1439803634.945393 -0.809951425 -0.066270068 0.920018196 0.004387515 -0.362643391 -0.012284018 0.931836665
1439803635.007894 -0.814275146 -0.066829033 0.924063385 0.004352052 -0.362540156 -0.012819949 0.931869805
1439803635.070396 -0.818467557 -0.066228263 0.928490818 0.004735639 -0.362624288 -0.013040412 0.931832135
1439803635.132899 -0.822580993 -0.066040330 0.932870507 0.004827326 -0.362730592 -0.013345292 0.931786001
1439803635.195399 -0.826221883 -0.066068664 0.936862111 0.004467228 -0.363034755 -0.013586861 0.931665838
1439803635.257899 -0.830680370 -0.067531615 0.940960407 0.003650181 -0.363175839 -0.013950500 0.931609035
1439803635.320400 -0.834166586 -0.066616446 0.945309699 0.003444745 -0.363396436 -0.013809114 0.931525886
1439803635.382901 -0.839622140 -0.067130536 0.949718058 0.002870719 -0.363220245 -0.013611051 0.931599438
1439803635.445406 -0.841801941 -0.068339430 0.952875674 0.002330425 -0.363501072 -0.013693181 0.931490242
1439803635.507904 -0.845712781 -0.068845339 0.957394183 0.002148019 -0.363819957 -0.014082842 0.931360364
1439803635.570408 -0.850164831 -0.068582430 0.961286128 0.002130905 -0.364021778 -0.014092733 0.931281388
1439803635.632909 -0.853887618 -0.068797745 0.965586424 0.002056218 -0.364344537 -0.014395549 0.931150675
1439803635.695408 -0.858262539 -0.069213822 0.969525278 0.001979246 -0.364450246 -0.015041456 0.931099236
1439803635.757912 -0.862475455 -0.069136105 0.973893404 0.001979633 -0.364771008 -0.015668575 0.930963337
1439803635.820411 -0.866672873 -0.069335505 0.978065968 0.001861430 -0.365218937 -0.016200835 0.930778801
1439803635.882913 -0.870158434 -0.069767721 0.982329845 0.001572440 -0.365879744 -0.016781047 0.930509508
1439803635.945415 -0.875316620 -0.069874421 0.986734390 0.001266820 -0.366183549 -0.016920434 0.930387914
1439803636.007915 -0.879282117 -0.069140300 0.991166651 0.001148820 -0.366680831 -0.016977103 0.930191159
1439803636.070418 -0.883439779 -0.069970846 0.995245576 0.000828181 -0.367032677 -0.017494923 0.930043161
1439803636.132917 -0.887175679 -0.070592016 0.999582708 0.000517072 -0.367707968 -0.017890217 0.929769099
1439803636.195419 -0.891987145 -0.070925169 1.003485680 0.000012894 -0.368396133 -0.017847104 0.929497600
1439803636.257920 -0.895709932 -0.071035311 1.007460117 -0.000743020 -0.369353950 -0.017737009 0.929119170
1439803636.320421 -0.900187552 -0.071435258 1.012206316 -0.001808059 -0.370040357 -0.017718077 0.928844929
1439803636.382922 -0.905137002 -0.071192518 1.016296148 -0.002629529 -0.370321721 -0.017715465 0.928730905
1439803636.445427 -0.909194946 -0.071507290 1.020867229 -0.003483162 -0.370864958 -0.017818922 0.928509295
1439803636.507925 -0.913674772 -0.071991190 1.024521232 -0.004323764 -0.371516198 -0.018042229 0.928241074
1439803636.570426 -0.917542815 -0.072289929 1.028765321 -0.005061777 -0.372689188 -0.018385720 0.927760243
1439803636.632928 -0.921997309 -0.071507290 1.032626510 -0.005542897 -0.373641044 -0.018685084 0.927368581
1439803636.695429 -0.925001502 -0.072248667 1.036717296 -0.006440154 -0.374726295 -0.019035617 0.926917672
1439803636.757931 -0.930057883 -0.072360530 1.040119171 -0.006825845 -0.375085175 -0.019242778 0.926765442
1439803636.820433 -0.933651984 -0.072930336 1.043578863 -0.007284718 -0.375777811 -0.019395951 0.926478148
1439803636.882934 -0.938295305 -0.072747126 1.046824098 -0.007438172 -0.376481831 -0.019364228 0.926191747
1439803636.945435 -0.942017853 -0.073045388 1.050210953 -0.007906225 -0.377552152 -0.019491220 0.925749362
1439803637.007935 -0.945946515 -0.073059916 1.053915501 -0.008307372 -0.378512949 -0.019807734 0.925346792
1439803637.070436 -0.949682176 -0.073157474 1.057264566 -0.008729981 -0.379280746 -0.019971883 0.925024867
1439803637.132942 -0.953479469 -0.073328674 1.060621977 -0.009092681 -0.379935086 -0.020248814 0.924746811
1439803637.195466 -0.957119226 -0.073531330 1.063917279 -0.009485362 -0.380687505 -0.020579256 0.924426079
1439803637.257940 -0.960785389 -0.073692262 1.067173958 -0.009936063 -0.381541073 -0.020938287 0.924061298
1439803637.320442 -0.964454770 -0.073787525 1.070343375 -0.010357681 -0.382403523 -0.021077827 0.923696935
1439803637.382944 -0.968016684 -0.073834024 1.073638678 -0.010615805 -0.383217067 -0.021169668 0.923354685
1439803637.445448 -0.971661448 -0.073968068 1.076789379 -0.010841384 -0.383807063 -0.021288326 0.923104227
1439803637.507948 -0.975068748 -0.073977143 1.079933405 -0.011083663 -0.384459138 -0.021281313 0.922830105
1439803637.570446 -0.978661776 -0.074216411 1.083059430 -0.011391280 -0.385189384 -0.021580510 0.922514856
1439803637.632951 -0.982195377 -0.074208140 1.086233735 -0.011609058 -0.385977536 -0.021801120 0.922177494
1439803637.695449 -0.986000180 -0.074249521 1.089437246 -0.011710279 -0.386737078 -0.022202531 0.921848357
1439803637.757951 -0.989481807 -0.074360043 1.092447758 -0.011894143 -0.387493998 -0.022470176 0.921521604
1439803637.820457 -0.992908597 -0.074510545 1.095396519 -0.012117058 -0.388248891 -0.022735162 0.921194375
1439803637.882955 -0.996409476 -0.074470781 1.098442435 -0.012428598 -0.388977885 -0.022678396 0.920884073
1439803637.945458 -0.999832988 -0.074546441 1.101629376 -0.012865111 -0.389756978 -0.022588635 0.920550823
1439803638.007957 -1.003268719 -0.074701242 1.104657650 -0.013363953 -0.390485287 -0.022534000 0.920236290
1439803638.070457 -1.006763101 -0.074716762 1.107751966 -0.013701067 -0.391186446 -0.022543684 0.919933259
1439803638.132958 -1.010126591 -0.074785516 1.110733271 -0.014069504 -0.391944408 -0.022583712 0.919604003
1439803638.195463 -1.013829112 -0.074676506 1.113801718 -0.014386341 -0.392691433 -0.022700356 0.919277549
1439803638.257961 -1.017359734 -0.074811324 1.116821647 -0.014704756 -0.393496931 -0.023016306 0.918920159
1439803638.320464 -1.020823598 -0.074980065 1.119767904 -0.015071866 -0.394324541 -0.023130946 0.918556452
1439803638.382966 -1.024356484 -0.075064681 1.122687817 -0.015396135 -0.395109057 -0.023255782 0.918210745
1439803638.445467 -1.027936816 -0.075226367 1.125622511 -0.015828401 -0.395913661 -0.023309622 0.917855382
1439803638.507968 -1.031284571 -0.074984767 1.128664732 -0.016134398 -0.396837622 -0.023216158 0.917453349
1439803638.570469 -1.034398913 -0.075008512 1.131473541 -0.016425254 -0.397841930 -0.023114869 0.917015672
1439803638.632969 -1.037667990 -0.074872747 1.134342313 -0.016525194 -0.398788959 -0.022912513 0.916607499
1439803638.695470 -1.040991187 -0.074850604 1.137066364 -0.016700014 -0.399731606 -0.022644348 0.916200280
1439803638.757971 -1.044313431 -0.074925803 1.139616966 -0.017074257 -0.400723428 -0.022655005 0.915759802
1439803638.820474 -1.047965884 -0.074693061 1.142630100 -0.017560676 -0.401841760 -0.022831170 0.915256023
1439803638.882976 -1.051477790 -0.074731492 1.145429015 -0.018106567 -0.403118014 -0.023210231 0.914674461
1439803638.945477 -1.055640936 -0.075026385 1.147664785 -0.018537559 -0.404268086 -0.023429722 0.914152443
1439803639.007977 -1.059769750 -0.074841075 1.150556445 -0.018690279 -0.406073183 -0.023081349 0.913357794
1439803639.070479 -1.063760757 -0.074967913 1.153686523 -0.018758019 -0.408264399 -0.022777809 0.912386715
1439803639.132981 -1.067993879 -0.074999243 1.156718135 -0.018873150 -0.410434842 -0.022536296 0.911416054
1439803639.195485 -1.072429061 -0.075043261 1.159738064 -0.019182984 -0.412635207 -0.022339001 0.910420358
1439803639.257988 -1.076707959 -0.075222455 1.162618995 -0.019638060 -0.415120900 -0.022115598 0.909285367
1439803639.320483 -1.081545591 -0.075122513 1.165675879 -0.019950736 -0.417843550 -0.021967059 0.908034265
1439803639.382986 -1.086339593 -0.075174011 1.168620348 -0.020103514 -0.420893878 -0.022243131 0.906614304
1439803639.445486 -1.091374159 -0.075217083 1.171478868 -0.020219728 -0.424264848 -0.022495078 0.905032873
1439803639.507987 -1.096433282 -0.075162515 1.174289584 -0.020328829 -0.428012967 -0.022486087 0.903264105
1439803639.570488 -1.101917744 -0.075199932 1.176978827 -0.020353574 -0.431985974 -0.022795353 0.901362419
1439803639.632992 -1.107374549 -0.075455673 1.180156946 -0.020334195 -0.436437935 -0.023187501 0.899205625
1439803639.695491 -1.113945603 -0.075073995 1.182298541 -0.020235419 -0.440877944 -0.023139792 0.897040546
1439803639.757992 -1.120113730 -0.075061299 1.185081601 -0.020258389 -0.445996583 -0.023152430 0.894505799
1439803639.820493 -1.126788855 -0.075045668 1.187877893 -0.020354927 -0.451367855 -0.023223203 0.891803503
1439803639.882993 -1.133214235 -0.075173013 1.190533042 -0.020626882 -0.457145363 -0.023258004 0.888848543
1439803639.945493 -1.140236855 -0.075412214 1.193132877 -0.020942291 -0.463157952 -0.023388086 0.885719597
1439803640.007994 -1.147557497 -0.075036198 1.195667863 -0.021006955 -0.469465613 -0.023593001 0.882385492
1439803640.070495 -1.155238748 -0.074847244 1.198115706 -0.021250496 -0.476202846 -0.023631440 0.878760934
1439803640.195496 -1.157197475 -0.083263077 1.189802289 -0.023833055 -0.486872435 -0.028091323 0.872695863
1439803640.257998 -1.182062387 -0.073895022 1.204936147 -0.021102436 -0.498080254 -0.025126927 0.866509855
1439803640.320498 -1.189254284 -0.074292861 1.207199216 -0.023072319 -0.507066846 -0.024197515 0.861258030
1439803640.382997 -1.198189020 -0.074345306 1.209295154 -0.023584681 -0.515697956 -0.023871176 0.856113076
1439803640.507998 -1.217158556 -0.074492872 1.211574078 -0.019231569 -0.533119678 -0.026263557 0.845413387
1439803640.570498 -1.227568507 -0.074272685 1.211766481 -0.015626861 -0.542687654 -0.029304549 0.839277744
1439803640.632998 -1.239549518 -0.073508032 1.211773157 -0.011583494 -0.552906036 -0.031586237 0.832564175
1439803640.695501 -1.251686573 -0.073082030 1.212379456 -0.007596610 -0.563928127 -0.031770542 0.825177550
1439803640.758001 -1.263036132 -0.072846353 1.212038994 -0.003483520 -0.574256241 -0.030500174 0.818099916
1439803640.820500 -1.269037127 -0.076585323 1.210475683 -0.001424885 -0.584236324 -0.030254990 0.811018169
1439803640.945502 -1.275391340 -0.083346985 1.207684875 -0.001425473 -0.605820358 -0.027860625 0.795112193
1439803641.008002 -1.303753614 -0.077275090 1.210722208 0.001796648 -0.617717624 -0.023847166 0.786036253
1439803641.070503 -1.316042900 -0.077986419 1.210243940 0.002436321 -0.628864884 -0.022714876 0.777178943
1439803641.133004 -1.328710675 -0.077631652 1.208978653 0.004045974 -0.639422238 -0.022313725 0.768521249
1439803641.195504 -1.341549158 -0.077901199 1.206820965 0.005104502 -0.649608076 -0.021878067 0.759937227
1439803641.258006 -1.354831815 -0.078000739 1.205127001 0.006272874 -0.660128772 -0.021299938 0.750824213
1439803641.320507 -1.368798018 -0.077677168 1.203004241 0.008073789 -0.670618415 -0.020543206 0.741473973
1439803641.383007 -1.381998658 -0.078085884 1.200569272 0.009196184 -0.680964231 -0.019667216 0.731994808
1439803641.445507 -1.395763159 -0.078451656 1.197397947 0.009831470 -0.690826237 -0.018190078 0.722725093
1439803641.508007 -1.410706043 -0.078379378 1.195244908 0.010022710 -0.700832784 -0.015230987 0.713092506
1439803641.570507 -1.424592137 -0.078715742 1.191523075 0.010325667 -0.710118055 -0.014853632 0.703850210
1439803641.633008 -1.439900517 -0.078382596 1.187126040 0.011745369 -0.718766868 -0.016207865 0.694963038
1439803641.695511 -1.454548120 -0.078826249 1.182380080 0.012969697 -0.727271199 -0.019092366 0.685962081
1439803641.758010 -1.469687223 -0.078834921 1.176848531 0.014213176 -0.735565186 -0.022234220 0.676939785
1439803641.820510 -1.485267639 -0.079108126 1.171868205 0.015007396 -0.744153917 -0.025144592 0.667366087
1439803641.883013 -1.500718474 -0.078952380 1.164932609 0.016652985 -0.752281129 -0.027902650 0.658040464
1439803641.945513 -1.516551495 -0.078722082 1.157738090 0.020559458 -0.760313869 -0.030354513 0.648520350
1439803642.008016 -1.531190634 -0.078989193 1.150995612 0.022628684 -0.768522859 -0.031026391 0.638668895
1439803642.070516 -1.546335340 -0.079401799 1.143961787 0.023133606 -0.776941776 -0.032063946 0.628329694
1439803642.133017 -1.561570764 -0.079572491 1.136443377 0.023055302 -0.785409570 -0.033817455 0.617621779
1439803642.195519 -1.577773809 -0.079636797 1.128848076 0.022226166 -0.793908417 -0.034923885 0.606626570
1439803642.258020 -1.593332291 -0.080017217 1.120614409 0.020523980 -0.801988602 -0.035118241 0.595952809
1439803642.320521 -1.609038472 -0.080326125 1.112128019 0.018507496 -0.809829831 -0.034744620 0.585342526
1439803642.383022 -1.624568343 -0.080487251 1.103078365 0.017583510 -0.817586184 -0.035025582 0.574470937
1439803642.445521 -1.640231609 -0.080357872 1.093318462 0.018076451 -0.825245380 -0.035930440 0.563340366
1439803642.508024 -1.655965090 -0.080240220 1.082561851 0.018556470 -0.832564473 -0.036759928 0.552395523
1439803642.570524 -1.671513081 -0.080099873 1.071585178 0.018307736 -0.839592695 -0.036834400 0.541656911
1439803642.633025 -1.687384486 -0.079889670 1.060394049 0.017922228 -0.846416056 -0.036954079 0.530935943
1439803642.695529 -1.702879667 -0.079344019 1.049034834 0.017426647 -0.853132606 -0.036856811 0.520098686
1439803642.758031 -1.718342543 -0.079407416 1.037171125 0.016597636 -0.859714687 -0.036816765 0.509175420
1439803642.820529 -1.734029770 -0.079400137 1.024803400 -0.015546997 0.865949750 0.036831312 -0.498530596
1439803642.883032 -1.749284625 -0.079411298 1.012203813 -0.015260139 0.871839881 0.037873738 -0.488086045
1439803642.945533 -1.765078545 -0.078763142 0.997627020 -0.015791627 0.877330124 0.039496351 -0.477998465
1439803643.008035 -1.780364513 -0.078755438 0.983729422 -0.016526764 0.882803082 0.041489955 -0.467615396
1439803643.070537 -1.796384573 -0.077841610 0.967493474 -0.017882546 0.887772739 0.043450050 -0.457877547
1439803643.133038 -1.811774611 -0.077060238 0.952205360 -0.018815653 0.892514408 0.045104340 -0.448363304
1439803643.195537 -1.827359319 -0.076405197 0.936674178 -0.018710919 0.896881521 0.045695473 -0.439505786
1439803643.258038 -1.843461990 -0.075751662 0.920716822 -0.018701512 0.900873005 0.045958322 -0.431237698
1439803643.320537 -1.859603167 -0.074984178 0.903716087 -0.019401718 0.904462874 0.047142856 -0.423494965
1439803643.383039 -1.875672340 -0.074033976 0.886838675 -0.019197211 0.907913148 0.048210837 -0.415933818
1439803643.445539 -1.891843796 -0.073649906 0.869883478 -0.018558983 0.911094308 0.049149815 -0.408836156
1439803643.508039 -1.908249617 -0.072838604 0.851998746 -0.018037125 0.913829088 0.049168184 -0.402707756
1439803643.570541 -1.924394488 -0.072895005 0.835113764 -0.018475858 0.916194260 0.049336344 -0.397256374
1439803643.633041 -1.941028595 -0.072302707 0.817197561 -0.019425619 0.918057084 0.049287349 -0.392892569
1439803643.695543 -1.957305789 -0.072052971 0.799280643 -0.020623796 0.919584036 0.049191814 -0.389255732
1439803643.758047 -1.974574089 -0.071115308 0.780729294 -0.021029828 0.920973301 0.048530050 -0.386019051
1439803643.820547 -1.991824865 -0.070205361 0.762189269 -0.021087086 0.922283530 0.048419304 -0.382889032
1439803643.883048 -2.009417057 -0.069363989 0.743076026 -0.021122603 0.923429310 0.048298240 -0.380130768
1439803643.945550 -2.027107239 -0.068661362 0.723989248 -0.021386750 0.924330056 0.048165753 -0.377937347
1439803644.008052 -2.044934273 -0.068012789 0.704915762 -0.020483298 0.925172269 0.047771484 -0.375971615
1439803644.070553 -2.063304186 -0.067133717 0.684817433 -0.019678351 0.925936162 0.048227470 -0.374070942
1439803644.133066 -2.081444263 -0.066433400 0.664729834 -0.020114627 0.926626027 0.049944006 -0.372109115
1439803644.195554 -2.099902153 -0.065384477 0.644247591 -0.019752631 0.927313805 0.050594386 -0.370322943
1439803644.258068 -2.118629456 -0.064824007 0.623473883 -0.019067518 0.927965820 0.050573215 -0.368725002
1439803644.320556 -2.137334108 -0.064178184 0.602819622 -0.019376999 0.928476453 0.050737798 -0.367398500
1439803644.383057 -2.156283379 -0.063371629 0.581753194 -0.020455349 0.928736091 0.051454760 -0.366583258
1439803644.445558 -2.175360203 -0.062473059 0.560441136 -0.020781867 0.928726017 0.051771898 -0.366545767
1439803644.508060 -2.194867373 -0.061510183 0.539119303 -0.021429390 0.928619564 0.051981684 -0.366748363
1439803644.570561 -2.213675499 -0.060539216 0.518713355 -0.021351214 0.928441226 0.051792294 -0.367230982
1439803644.633062 -2.233532190 -0.059906535 0.497423828 -0.021529811 0.928252220 0.051327053 -0.367763311
1439803644.695563 -2.253882885 -0.058679827 0.476011455 -0.020146726 0.928145349 0.050889149 -0.368172020
1439803644.758065 -2.274381876 -0.057728879 0.454574049 -0.018936876 0.927979410 0.051460750 -0.368574888
1439803644.820566 -2.295225620 -0.056851171 0.432298124 -0.019259108 0.927741468 0.052179977 -0.369055629
1439803644.883067 -2.315811872 -0.055951513 0.410715520 -0.019306544 0.927537382 0.051877957 -0.369608313
1439803644.945568 -2.335447550 -0.055592395 0.389784098 -0.020195981 0.927291691 0.052099742 -0.370145738
1439803645.008069 -2.355984926 -0.054443322 0.367161870 -0.022019897 0.927015483 0.053587984 -0.370520890
1439803645.070572 -2.377138853 -0.053354934 0.344713449 -0.021849204 0.926815987 0.054611538 -0.370880365
1439803645.133072 -2.398122311 -0.052457191 0.322370172 -0.021944150 0.926685512 0.054939743 -0.371152222
1439803645.195573 -2.419094801 -0.051637687 0.299393773 -0.022478187 0.926559508 0.054358020 -0.371520489
1439803645.258074 -2.441032410 -0.050542399 0.277379394 -0.022507636 0.926461160 0.053143073 -0.371939391
1439803645.320576 -2.461376190 -0.050480500 0.256381869 -0.021223987 0.926408291 0.051692992 -0.372350693
1439803645.383077 -2.483567953 -0.049861558 0.233252048 -0.020890702 0.926330745 0.050778005 -0.372688293
1439803645.445578 -2.505058527 -0.049050070 0.210948110 -0.022063622 0.926158786 0.050055098 -0.373145580
1439803645.508080 -2.526819229 -0.048494913 0.188060880 -0.022539016 0.925989449 0.049116075 -0.373661786
1439803645.570581 -2.548396587 -0.047406770 0.165331364 -0.023287753 0.925753772 0.049257755 -0.374180824
1439803645.633082 -2.570322752 -0.046056092 0.142102718 -0.024190569 0.925521433 0.050300125 -0.374559402
1439803645.695584 -2.592640162 -0.045439437 0.118758559 -0.023655221 0.925402105 0.051277138 -0.374755979
1439803645.758088 -2.615478039 -0.044457376 0.094836593 -0.022541948 0.925283432 0.052287571 -0.374977976
1439803645.820587 -2.638010025 -0.043752477 0.071260095 -0.022036158 0.925221801 0.053672038 -0.374964446
1439803645.883087 -2.660706997 -0.042822003 0.048030376 -0.021376243 0.925211072 0.054303396 -0.374938279
1439803645.945589 -2.683362961 -0.041654721 0.023897409 -0.020643707 0.925240397 0.054165419 -0.374926835
1439803646.008092 -2.705466270 -0.041434526 0.001552820 -0.020138863 0.925432205 0.053784434 -0.374535561
1439803646.070591 -2.728340626 -0.040135995 -0.022113919 -0.021011434 0.925514102 0.053586852 -0.374313533
1439803646.133093 -2.750877619 -0.039227739 -0.046312332 -0.021831470 0.925518274 0.053271178 -0.374301285
1439803646.195595 -2.773651123 -0.038517803 -0.069257140 -0.022608241 0.925604224 0.052700143 -0.374123454
1439803646.258095 -2.796060562 -0.037349582 -0.093561292 -0.023808746 0.925588429 0.052555501 -0.374108523
1439803646.320599 -2.818947554 -0.036537811 -0.117860556 -0.024079151 0.925606549 0.052540503 -0.374048293
1439803646.383098 -2.842058182 -0.035214916 -0.142688394 -0.024222959 0.925623596 0.053115744 -0.373915672
1439803646.445602 -2.865870476 -0.034107521 -0.167915344 -0.024791552 0.925625741 0.054399669 -0.373688459
1439803646.508101 -2.888830662 -0.033206433 -0.192332625 -0.025285807 0.925625384 0.055363953 -0.373514593
1439803646.570602 -2.912210941 -0.032487631 -0.216944575 -0.025396438 0.925655246 0.055959113 -0.373344302
1439803646.633109 -2.935476780 -0.031181321 -0.241494894 -0.025282979 0.925742209 0.056083430 -0.373117566
1439803646.695605 -2.958624840 -0.030490100 -0.265587568 -0.024078296 0.925939798 0.055320989 -0.372820705
1439803646.758106 -2.982630014 -0.029932499 -0.290353417 -0.023554124 0.926167488 0.054272965 -0.372442424
1439803646.820607 -3.005760193 -0.028926596 -0.315416217 -0.024156198 0.926197052 0.053535525 -0.372437090
1439803646.883108 -3.028707027 -0.027921125 -0.339809656 -0.024382187 0.926209807 0.052890938 -0.372482836
1439803646.945611 -3.051790714 -0.026605576 -0.363923192 -0.024854356 0.926260829 0.053199574 -0.372280687
1439803647.008111 -3.075162888 -0.025265798 -0.389544249 -0.026072733 0.926316082 0.053844422 -0.371967047
1439803647.070612 -3.097878933 -0.024502575 -0.414329886 -0.026785007 0.926452696 0.054350462 -0.371502370
1439803647.133117 -3.121321201 -0.024077892 -0.439410090 -0.026154069 0.926611125 0.054460883 -0.371135712
1439803647.195615 -3.145227432 -0.023405835 -0.464496493 -0.025602832 0.926817060 0.054517958 -0.370651364
1439803647.258117 -3.168485403 -0.022794694 -0.489528894 -0.024433536 0.927015305 0.054285020 -0.370268494
1439803647.320618 -3.192295074 -0.021725401 -0.514319181 -0.024266239 0.927122593 0.054523766 -0.369975686
1439803647.383119 -3.215701818 -0.020822093 -0.539408565 -0.024102623 0.927137017 0.054699741 -0.369924247
1439803647.445625 -3.237771511 -0.020093113 -0.563935995 -0.024926990 0.927109301 0.054968249 -0.369899273
1439803647.508122 -3.260947227 -0.018958613 -0.588984251 -0.026120404 0.927208066 0.054767724 -0.369598985
1439803647.570623 -3.283885002 -0.018549472 -0.613409162 -0.025675682 0.927412450 0.054007404 -0.369229138
1439803647.633124 -3.308035374 -0.017022163 -0.639998794 -0.025901251 0.927486181 0.053267088 -0.369135648
1439803647.695625 -3.331172228 -0.016352341 -0.664535284 -0.025910225 0.927550912 0.053153221 -0.368988693
1439803647.758127 -3.354857922 -0.015421495 -0.690022349 -0.025687942 0.927557886 0.053116929 -0.368991971
1439803647.820628 -3.378523827 -0.014125690 -0.715355635 -0.025002994 0.927534342 0.053494867 -0.369043648
1439803647.883129 -3.401915073 -0.012864724 -0.740764976 -0.023910239 0.927480042 0.053827561 -0.369204193
1439803647.945630 -3.425342321 -0.012099043 -0.765271783 -0.022646969 0.927538693 0.053776614 -0.369143784
1439803648.008132 -3.448855400 -0.011712119 -0.790406227 -0.022163045 0.927681804 0.053601891 -0.368838906
1439803648.070634 -3.472072124 -0.011536434 -0.815551877 -0.022853265 0.927776992 0.053833164 -0.368523419
1439803648.133134 -3.495145321 -0.010486066 -0.841095448 -0.023393800 0.927807450 0.053390075 -0.368477315
1439803648.195641 -3.518711090 -0.009636775 -0.866554022 -0.023511510 0.927871346 0.053070132 -0.368355125
1439803648.258138 -3.541705132 -0.008828804 -0.891340494 -0.023093704 0.928038895 0.052094202 -0.368098736
1439803648.320640 -3.565465450 -0.007733569 -0.916776419 -0.023140941 0.928200305 0.051457494 -0.367778152
1439803648.383139 -3.589111805 -0.006671533 -0.941172361 -0.021772388 0.928360283 0.050422061 -0.367601395
1439803648.445642 -3.612381220 -0.006260142 -0.966749430 -0.021053007 0.928264916 0.049761552 -0.367973953
1439803648.508142 -3.635405540 -0.005656436 -0.991801023 -0.021775851 0.928128958 0.049760286 -0.368274897
1439803648.570645 -3.658846855 -0.005079374 -1.017333865 -0.022141280 0.927998245 0.049846813 -0.368570626
1439803648.633144 -3.682371616 -0.003981948 -1.042543292 -0.022045204 0.927878916 0.049820788 -0.368880212
1439803648.695646 -3.705307722 -0.003370821 -1.067102909 -0.022277733 0.927727401 0.050809313 -0.369112492
1439803648.758147 -3.728851795 -0.002128482 -1.092355967 -0.021184063 0.927566111 0.051682778 -0.369460851
1439803648.820650 -3.752890587 -0.001114875 -1.118163466 -0.019318415 0.927373827 0.053010508 -0.369857401
1439803648.883150 -3.776867867 0.000332654 -1.143090963 -0.018808573 0.927173972 0.055352114 -0.370041639
1439803648.945651 -3.800518990 0.001431316 -1.168881297 -0.017990867 0.926946342 0.056773249 -0.370437056
1439803649.008152 -3.824179173 0.002412558 -1.193871617 -0.017912339 0.926826537 0.057069950 -0.370694965
1439803649.070654 -3.847648144 0.003301263 -1.219321847 -0.019706195 0.926683426 0.057136957 -0.370951176
1439803649.133156 -3.870987415 0.003615439 -1.244320512 -0.021030571 0.926645815 0.056116149 -0.371128261
1439803649.195657 -3.895234108 0.004789591 -1.268925667 -0.021480313 0.926795185 0.054157704 -0.371020555
1439803649.258157 -3.918956757 0.005527973 -1.293452859 -0.022451639 0.926876247 0.052606948 -0.370983571
1439803649.320659 -3.942303658 0.006607264 -1.318531752 -0.023337904 0.926811039 0.051846836 -0.371198744
1439803649.445661 -3.989889622 0.008427888 -1.369171381 -0.024533268 0.926463425 0.052347738 -0.371918499
1439803649.508164 -4.013879776 0.009915143 -1.394455910 -0.025281051 0.926238716 0.053169295 -0.372311413
1439803649.570662 -4.037321091 0.010590076 -1.419895411 -0.024864404 0.926158369 0.053457160 -0.372498065
1439803649.633164 -4.060911655 0.011010736 -1.445140958 -0.024297589 0.926146626 0.053459387 -0.372564375
1439803649.695667 -4.084803104 0.011856526 -1.470136046 -0.023793349 0.926150322 0.052907873 -0.372666299
1439803649.758168 -4.108430386 0.012432009 -1.494128108 -0.023049273 0.926127434 0.052495647 -0.372828335
1439803649.883168 -4.156704426 0.014387459 -1.544723153 -0.021577563 0.925866127 0.052486379 -0.373565942
1439803649.945672 -4.180377960 0.015757769 -1.570286989 -0.021056613 0.925718248 0.053183883 -0.373863310
1439803650.008173 -4.204848289 0.016827583 -1.595021605 -0.020063497 0.925627410 0.054566320 -0.373943686
1439803650.070673 -4.228436947 0.018226206 -1.620151281 -0.019573454 0.925465643 0.055810895 -0.374186277
1439803650.133174 -4.252287865 0.019058436 -1.645377159 -0.018723805 0.925321519 0.056393832 -0.374498636
1439803650.258178 -4.300243855 0.020697415 -1.694325805 -0.017538719 0.925298870 0.055882428 -0.374688566
1439803650.320676 -4.324375153 0.022487342 -1.719645739 -0.017178193 0.925313175 0.055024412 -0.374796897
1439803650.383177 -4.348412514 0.023557931 -1.744416595 -0.017862996 0.925321400 0.054081995 -0.374881774
1439803650.445678 -4.371454716 0.024401069 -1.768827081 -0.018242151 0.925265670 0.053310566 -0.375111490
1439803650.508180 -4.395264149 0.025558442 -1.793499231 -0.018476961 0.925217152 0.052433968 -0.375343204
1439803650.570681 -4.418470860 0.026509076 -1.817638636 -0.017948687 0.925208032 0.050962381 -0.375593871
1439803650.695683 -4.466081142 0.027197480 -1.865723252 -0.015875973 0.925204039 0.048245940 -0.376055568
1439803650.758188 -4.489609718 0.028333753 -1.890132785 -0.015106137 0.924972832 0.048249405 -0.376655132
1439803650.820685 -4.513387680 0.029275030 -1.913588643 -0.015200701 0.924741149 0.049254198 -0.377089798
1439803650.883186 -4.536655903 0.030411154 -1.938398719 -0.015538991 0.924386024 0.050338253 -0.377803028
1439803650.945688 -4.560045242 0.031530678 -1.961814523 -0.015142782 0.924263120 0.051307380 -0.377989322
1439803651.070689 -4.606634617 0.032980740 -2.010226727 -0.011531999 0.924026310 0.052490354 -0.378532827
1439803651.133190 -4.630172729 0.033807546 -2.033223629 -0.009849795 0.923925519 0.052030552 -0.378889740
1439803651.195692 -4.653100967 0.034345835 -2.056244850 -0.008877904 0.923726976 0.051285747 -0.379499018
1439803651.258195 -4.676625252 0.034951568 -2.079675198 -0.008769749 0.923551917 0.050375421 -0.380049050
1439803651.383194 -4.721582413 0.036950082 -2.126313448 -0.010823974 0.923100770 0.050380617 -0.381090075
1439803651.445695 -4.744237900 0.038286746 -2.149372816 -0.011606321 0.922981918 0.050641611 -0.381320298
1439803651.508197 -4.766635895 0.039195299 -2.172131062 -0.012692015 0.922867119 0.051432155 -0.381457686
1439803651.570698 -4.789066792 0.040632159 -2.195924520 -0.013653572 0.922655106 0.052515555 -0.381789565
1439803651.695700 -4.835309505 0.042232007 -2.240658998 -0.010053102 0.922651112 0.051012993 -0.382114559
1439803651.758201 -4.857996941 0.042712182 -2.262953043 -0.009225700 0.922469318 0.049963977 -0.382712573
1439803651.820703 -4.880381584 0.042872816 -2.284931421 -0.008822362 0.922267139 0.049364559 -0.383286685
1439803651.883203 -4.903119564 0.043629020 -2.307159424 -0.008956648 0.922072887 0.049303029 -0.383758545
1439803651.945705 -4.925390244 0.045156896 -2.330201149 -0.010855969 0.921740890 0.049741272 -0.384449780
1439803652.008209 -4.947452545 0.046271414 -2.352242470 -0.012333895 0.921515644 0.049976312 -0.384914488
1439803652.133206 -4.991796494 0.048140287 -2.396898270 -0.012558671 0.921170712 0.050530527 -0.385659814
1439803652.195710 -5.014413834 0.049193591 -2.419363976 -0.012181516 0.921124816 0.051047035 -0.385713369
1439803652.258216 -5.037249565 0.050019532 -2.440953732 -0.010628834 0.921115696 0.050434556 -0.385861635
1439803652.320718 -5.059008598 0.050399095 -2.462305546 -0.009594553 0.920950115 0.049479682 -0.386407226
1439803652.383212 -5.081206322 0.051057607 -2.484278679 -0.010543711 0.920685947 0.049249645 -0.387040973
1439803652.508214 -5.125662804 0.052524239 -2.528099537 -0.011791388 0.920343518 0.048011351 -0.387973726
1439803652.570715 -5.147701263 0.053361446 -2.549943447 -0.012480279 0.920210540 0.047923788 -0.388278395
1439803652.633215 -5.170025826 0.054537594 -2.571440458 -0.012994727 0.920082986 0.047757037 -0.388584107
1439803652.695715 -5.192581654 0.055144191 -2.592916012 -0.012211843 0.920007110 0.047383800 -0.388834804
1439803652.758216 -5.214427471 0.055918783 -2.614401340 -0.011508189 0.919861495 0.047121175 -0.389232576
1439803652.820717 -5.237125397 0.056629747 -2.635641336 -0.010800662 0.919754684 0.046897594 -0.389532119
1439803652.945717 -5.281499863 0.057911873 -2.678543568 -0.009869254 0.919323206 0.047427073 -0.390509993
1439803653.008218 -5.303338051 0.058293641 -2.699957371 -0.009213486 0.919193625 0.047637053 -0.390805513
1439803653.070718 -5.325535774 0.059162021 -2.721487284 -0.009847786 0.919103563 0.048195779 -0.390933216
1439803653.133218 -5.347183228 0.059802234 -2.742887974 -0.010273938 0.918962836 0.048610054 -0.391201824
1439803653.195719 -5.369008064 0.060528606 -2.764379501 -0.010329798 0.918801665 0.048977241 -0.391532898
1439803653.258219 -5.390861034 0.061590731 -2.785730362 -0.010823068 0.918744564 0.049260426 -0.391618043
1439803653.383220 -5.435126305 0.063268661 -2.828441143 -0.010563277 0.918709457 0.049209386 -0.391713917
1439803653.445721 -5.457489014 0.064201832 -2.849705219 -0.009804069 0.918645144 0.048637636 -0.391955853
1439803653.508221 -5.479316235 0.064869732 -2.871141434 -0.009707870 0.918522298 0.049262907 -0.392167866
1439803653.570721 -5.501858711 0.065950155 -2.892831326 -0.009651648 0.918403625 0.049997441 -0.392354310
1439803653.695723 -5.546564102 0.068150192 -2.935881376 -0.010190161 0.918146193 0.050459970 -0.392883539
1439803653.758223 -5.568822861 0.068806946 -2.957448959 -0.010895072 0.918017387 0.050074689 -0.393214762
1439803653.820723 -5.590554237 0.069671303 -2.978858709 -0.011755397 0.917844355 0.049550928 -0.393660009
1439803653.883225 -5.612742424 0.070473671 -3.000377178 -0.012390549 0.917712033 0.049718883 -0.393927842
1439803653.945725 -5.635165215 0.070949942 -3.021420479 -0.012446994 0.917730212 0.049735412 -0.393881559
