1403636581.163556 0.0000000 0.0000000 0.0000000 0.0000000 0.0000000 0.0000000 1.0000000
1403636588.113555 0.0509192 0.0244861 0.0055489 -0.2003382 0.0426381 0.0424094 0.9778793
1403636588.213556 0.0539999 0.0251835 0.0060174 -0.2024368 0.0429153 0.0419982 0.9774527
1403636588.713556 0.0500705 0.0253514 0.0045527 -0.1957982 0.0383043 0.0444585 0.9788868
1403636589.963556 -0.0315223 0.0269753 -0.0075232 -0.1970926 -0.0267126 0.0191389 0.9798340
1403636590.013556 -0.0338481 0.0273022 -0.0078414 -0.1964784 -0.0311009 0.0192020 0.9798266
1403636590.113555 -0.0372865 0.0273699 -0.0083229 -0.1905879 -0.0372001 0.0183790 0.9807928
1403636590.613555 -0.0269705 0.0261650 -0.0097887 -0.1826550 -0.0220323 0.0129699 0.9828446
1403636590.863556 -0.0106310 0.0259857 -0.0087893 -0.1895583 -0.0102789 0.0188480 0.9816347
1403636591.263556 0.0169724 0.0264264 -0.0047939 -0.1940348 -0.0064710 0.0256484 0.9806380
1403636591.363556 0.0222659 0.0269640 -0.0036575 -0.1968089 -0.0028620 0.0273368 0.9800565
1403636593.913555 -0.0093861 0.0379530 -0.0132449 -0.1867146 -0.0344039 0.0481703 0.9806292
1403636594.013556 -0.0012041 0.0391805 -0.0155510 -0.1762350 0.0056735 0.0618360 0.9823875
1403636594.113555 0.0073879 0.0392041 -0.0168087 -0.1708419 0.0441473 0.0737042 0.9815456
1403636596.213556 0.0245128 0.0463609 -0.0120355 -0.1701966 0.0386504 0.0348245 0.9840358
1403636596.463556 0.0135478 0.0470205 -0.0270241 -0.1595541 0.0446728 0.0400920 0.9853626
1403636596.563555 0.0079343 0.0471361 -0.0327508 -0.1547374 0.0416019 0.0335593 0.9865087
1403636596.663556 0.0033215 0.0473954 -0.0366441 -0.1557481 0.0409927 0.0309285 0.9864612
1403636597.063555 0.0033375 0.0442960 -0.0236533 -0.1566367 0.0410881 0.0151866 0.9866844
1403636598.313555 -0.0024164 0.0410291 -0.0011759 -0.1748587 -0.0894879 -0.0425373 0.9795953
1403636598.463556 0.0000701 0.0449661 -0.0014780 -0.1809229 -0.0783042 -0.0476500 0.9792165
1403636598.963556 0.0062203 0.0503314 0.0243504 -0.0936739 -0.1124469 -0.0383671 0.9884882
1403636599.163556 0.0070710 0.0535966 0.0318443 -0.0551873 -0.1234536 -0.0295184 0.9903748
1403636624.463556 0.0096595 0.0587927 0.0410908 0.0092651 -0.0974566 -0.0039555 0.9951888
1403636624.663556 0.0122540 0.0592262 0.0397246 0.0024265 -0.0909962 -0.0082023 0.9958145
1403636624.813555 0.0154455 0.0602419 0.0381790 0.0029378 -0.0860418 -0.0226354 0.9960300
1403636624.913555 0.0180867 0.0603857 0.0362820 -0.0065167 -0.0816589 -0.0379526 0.9959161
1403636629.113555 0.0731286 -0.0184424 0.0333690 -0.0225040 -0.0182808 -0.0092440 0.9995369
1403636629.263556 0.0799184 -0.0220852 0.0369974 -0.0200262 -0.0038279 -0.0037579 0.9997851
1403636630.413555 0.1477649 -0.0268077 0.0917432 -0.0068090 0.1370467 0.0485256 0.9893519
1403636630.513556 0.1544795 -0.0309731 0.0965913 -0.0114139 0.1373005 0.0458363 0.9894025
1403636630.963556 0.1826836 -0.0472632 0.1210291 -0.0158302 0.1259227 0.0420369 0.9910226
1403636631.463556 0.2104266 -0.0526365 0.1550945 -0.0078170 0.1216821 0.0402598 0.9917215
1403636631.663556 0.2210926 -0.0514536 0.1698563 -0.0090819 0.1206703 0.0354094 0.9920194
1403636631.963556 0.2356925 -0.0550493 0.1886722 -0.0117059 0.1194369 0.0308386 0.9922937
1403636632.413555 0.2523408 -0.0631451 0.2157387 -0.0070270 0.1236949 0.0285879 0.9918835
1403636632.563555 0.2549583 -0.0625439 0.2263346 -0.0181565 0.1160126 0.0406178 0.9922508
1403636632.663556 0.2570703 -0.0617193 0.2330405 -0.0263982 0.1031795 0.0468163 0.9932096
1403636632.713556 0.2574052 -0.0610771 0.2367397 -0.0283521 0.0952773 0.0471114 0.9939311
1403636632.763556 0.2582609 -0.0609170 0.2406664 -0.0292376 0.0859249 0.0455573 0.9948300
1403636632.863556 0.2608708 -0.0617801 0.2476799 -0.0254281 0.0659243 0.0318096 0.9969932
1403636633.063555 0.2672165 -0.0660576 0.2619384 -0.0142553 0.0323885 0.0022297 0.9993712
1403636633.213556 0.2712647 -0.0699408 0.2735232 -0.0128484 0.0164868 -0.0064732 0.9997606
1403636633.363556 0.2750670 -0.0718340 0.2857836 -0.0171324 0.0066935 -0.0040889 0.9998224
1403636633.613555 0.2814036 -0.0722005 0.3081286 -0.0265894 0.0043652 0.0038082 0.9996297
1403636633.813555 0.2869804 -0.0752513 0.3274646 -0.0269737 0.0096589 0.0069432 0.9995654
1403636633.963556 0.2907722 -0.0808454 0.3431073 -0.0231724 0.0110546 0.0174314 0.9995184
1403636634.113555 0.2959433 -0.0858852 0.3585014 -0.0216967 0.0119843 0.0239734 0.9994053
1403636634.213556 0.3001393 -0.0898300 0.3686796 -0.0244259 0.0124889 0.0194404 0.9994346
1403636634.313555 0.3046603 -0.0950834 0.3797550 -0.0209129 0.0137393 0.0114947 0.9996208
1403636634.413555 0.3097858 -0.1002553 0.3906299 -0.0116515 0.0138090 0.0053002 0.9998227
1403636634.513556 0.3141715 -0.1047865 0.4017754 -0.0052004 0.0134647 0.0014133 0.9998949
1403636634.713556 0.3233811 -0.1106164 0.4240235 -0.0004015 0.0048658 -0.0071028 0.9999629
1403636634.863556 0.3295588 -0.1151606 0.4398127 -0.0062306 -0.0057652 -0.0108239 0.9999054
1403636635.063555 0.3365509 -0.1239290 0.4590823 -0.0122733 -0.0167898 -0.0170714 0.9996380
1403636635.163556 0.3397284 -0.1277438 0.4689919 -0.0145305 -0.0202940 -0.0187784 0.9995121
1403636635.313555 0.3438674 -0.1321339 0.4846714 -0.0184169 -0.0255325 -0.0155068 0.9993840
1403636635.463556 0.3481883 -0.1363619 0.5003470 -0.0211350 -0.0296009 -0.0088464 0.9992992
1403636635.563555 0.3507961 -0.1406870 0.5112922 -0.0220772 -0.0306527 -0.0051794 0.9992728
1403636635.663556 0.3540074 -0.1463962 0.5218355 -0.0207644 -0.0306135 -0.0031243 0.9993107
1403636635.813555 0.3588715 -0.1566322 0.5378599 -0.0121542 -0.0311778 0.0042508 0.9994309
1403636635.963556 0.3651336 -0.1693607 0.5527231 -0.0148743 -0.0320773 0.0123611 0.9992983
1403636636.113555 0.3728813 -0.1807149 0.5687171 -0.0264339 -0.0273277 0.0011690 0.9992763
1403636636.263556 0.3809550 -0.1940545 0.5852025 -0.0135556 -0.0228649 -0.0110675 0.9995854
1403636636.413555 0.3893458 -0.2088589 0.6004997 0.0076330 -0.0216753 -0.0145793 0.9996296
1403636636.663556 0.4018672 -0.2268289 0.6252750 0.0193603 -0.0159503 -0.0300907 0.9992324
1403636636.813555 0.4083936 -0.2333677 0.6389216 0.0183517 -0.0119009 -0.0431556 0.9988289
1403636637.013556 0.4127787 -0.2366533 0.6550431 0.0092356 -0.0183199 -0.0329964 0.9992449
1403636637.213556 0.4146255 -0.2372809 0.6698628 -0.0036174 -0.0259813 -0.0187597 0.9994798
1403636637.413555 0.4154931 -0.2389206 0.6839704 -0.0122141 -0.0284758 -0.0188376 0.9993423
1403636637.613555 0.4159558 -0.2452321 0.6961049 -0.0163220 -0.0314735 -0.0180271 0.9992087
1403636637.763556 0.4158932 -0.2533228 0.7056019 -0.0153873 -0.0328995 -0.0183473 0.9991718
1403636637.913555 0.4157272 -0.2633396 0.7140426 -0.0094674 -0.0337978 -0.0186862 0.9992092
1403636638.063555 0.4157457 -0.2713944 0.7233555 -0.0034806 -0.0349052 -0.0185798 0.9992118
1403636638.213556 0.4154170 -0.2737251 0.7344345 0.0008262 -0.0359806 -0.0175971 0.9991972
1403636638.363556 0.4149675 -0.2743985 0.7447909 -0.0067886 -0.0384571 -0.0126800 0.9991567
1403636638.513556 0.4150287 -0.2730857 0.7559069 -0.0363864 -0.0436278 0.0001631 0.9983850
1403636638.713556 0.4170081 -0.2744775 0.7731140 -0.0384597 -0.0407504 -0.0099520 0.9983793
1403636638.863556 0.4192510 -0.2800403 0.7870393 -0.0234290 -0.0399011 -0.0135760 0.9988366
1403636639.013556 0.4216012 -0.2885650 0.8012764 -0.0174336 -0.0440015 -0.0038318 0.9988720
1403636639.163556 0.4247770 -0.2963499 0.8156908 -0.0175783 -0.0493099 0.0108750 0.9985696
1403636639.363556 0.4318629 -0.2990482 0.8386233 -0.0186842 -0.0471696 0.0050324 0.9986994
1403636639.513556 0.4389100 -0.2988799 0.8569738 -0.0171496 -0.0405965 -0.0143128 0.9989259
1403636639.713556 0.4487003 -0.2979672 0.8819417 -0.0049379 -0.0371653 -0.0274937 0.9989187
1403636639.913555 0.4561622 -0.3005241 0.9052629 0.0025080 -0.0414076 -0.0174817 0.9989862
1403636640.113555 0.4637034 -0.3064870 0.9253811 0.0042977 -0.0476309 -0.0224837 0.9986027
1403636640.313555 0.4704415 -0.3149060 0.9422478 0.0033745 -0.0628842 -0.0291048 0.9975907
1403636640.513556 0.4771538 -0.3207923 0.9582008 0.0027266 -0.0718171 -0.0334538 0.9968529
1403636640.663556 0.4817971 -0.3228484 0.9698424 0.0035097 -0.0751656 -0.0350382 0.9965491
1403636640.813555 0.4860059 -0.3240684 0.9809199 0.0002297 -0.0771791 -0.0362736 0.9963571
1403636641.013556 0.4919103 -0.3278555 0.9940242 -0.0018388 -0.0776862 -0.0377052 0.9962629
1403636641.263556 0.4975920 -0.3313478 1.0097932 0.0014819 -0.0765571 -0.0355132 0.9964315
1403636641.413555 0.5000117 -0.3311105 1.0191259 -0.0003450 -0.0791002 -0.0236618 0.9965857
1403636641.613555 0.5044419 -0.3297868 1.0309937 0.0004682 -0.0761308 -0.0280813 0.9967023
1403636641.763556 0.5080311 -0.3317401 1.0385276 0.0003620 -0.0741513 -0.0317204 0.9967423
1403636641.963556 0.5127319 -0.3367068 1.0457933 0.0028480 -0.0699393 -0.0298807 0.9970996
1403636642.163556 0.5177041 -0.3443023 1.0517536 0.0060497 -0.0528725 -0.0248960 0.9982725
1403636642.313555 0.5208946 -0.3479637 1.0554777 0.0072562 -0.0430178 -0.0198987 0.9988497
1403636642.513556 0.5252631 -0.3487879 1.0609747 0.0065607 -0.0268643 -0.0132353 0.9995300
1403636642.713556 0.5293583 -0.3457971 1.0664073 -0.0096201 -0.0186619 -0.0101357 0.9997282
1403636643.163556 0.5384647 -0.3470419 1.0778067 -0.0085085 -0.0180394 -0.0050691 0.9997882
1403636643.463556 0.5455067 -0.3494156 1.0873295 -0.0139005 -0.0201399 -0.0048062 0.9996890
1403636643.713556 0.5522830 -0.3552234 1.0936211 -0.0301267 -0.0224860 -0.0083555 0.9992582
1403636643.913555 0.5583838 -0.3640725 1.1019065 -0.0393589 -0.0232349 -0.0117616 0.9988857
1403636644.113555 0.5638783 -0.3703331 1.1142519 -0.0435648 -0.0226498 -0.0135311 0.9987022
1403636644.313555 0.5688951 -0.3758249 1.1316131 -0.0220771 -0.0269596 0.0012425 0.9993919
1403636644.513556 0.5751495 -0.3781782 1.1515847 0.0006894 -0.0320101 0.0194872 0.9992973
1403636644.713556 0.5855816 -0.3753462 1.1716356 0.0067816 -0.0299173 0.0136907 0.9994356
1403636644.913555 0.5978830 -0.3681963 1.1912254 0.0022485 -0.0187130 -0.0121216 0.9997489
1403636645.113555 0.6103009 -0.3618493 1.2076237 -0.0312477 -0.0178884 -0.0090662 0.9993105
1403636645.463556 0.6297178 -0.3652412 1.2432231 -0.0411353 -0.0150328 -0.0098802 0.9989916
1403636645.663556 0.6416671 -0.3687768 1.2682623 -0.0325901 -0.0143966 -0.0114061 0.9993000
1403636645.863556 0.6509985 -0.3754722 1.2954268 -0.0311519 -0.0148076 -0.0093664 0.9993611
1403636646.063555 0.6615909 -0.3885691 1.3228256 -0.0195019 -0.0087276 0.0022518 0.9997692
1403636646.263556 0.6732094 -0.4034888 1.3503269 -0.0064386 0.0257904 0.0271339 0.9992783
1403636646.513556 0.6913688 -0.4181418 1.3848710 0.0142925 0.0908553 0.0466609 0.9946677
1403636646.763556 0.7105694 -0.4339343 1.4127462 0.0103709 0.1278178 0.0476670 0.9905972
1403636647.013556 0.7294673 -0.4522526 1.4331502 0.0064725 0.1381763 0.0492535 0.9891610
1403636647.263556 0.7475286 -0.4653603 1.4519467 -0.0051721 0.1372293 0.0490052 0.9893128
1403636647.513556 0.7655462 -0.4741004 1.4717679 0.0050366 0.1307313 0.0528283 0.9899966
1403636647.763556 0.7847610 -0.4815167 1.4862801 0.0123422 0.1301364 0.0558096 0.9898472
1403636648.013556 0.8047233 -0.4871697 1.4978071 0.0071265 0.1542222 0.0587043 0.9862649
1403636648.313555 0.8312508 -0.4831425 1.5085648 0.0057457 0.2236322 0.0834251 0.9710798
1403636648.613555 0.8575305 -0.4722586 1.5155245 0.0049969 0.2974631 0.1084905 0.9485360
1403636648.963556 0.8844545 -0.4677332 1.5174432 -0.0286589 0.3281578 0.1230690 0.9361331
1403636649.163556 0.9012299 -0.4738511 1.5158528 -0.0124583 0.3313425 0.1159441 0.9362766
1403636649.363556 0.9176408 -0.4829964 1.5140040 -0.0006067 0.3292998 0.1083036 0.9379933
1403636649.663556 0.9386727 -0.5025551 1.5086358 0.0049457 0.3219342 0.1097183 0.9403700
1403636649.913555 0.9564215 -0.5150802 1.5017171 0.0114541 0.3394784 0.1121328 0.9338359
1403636650.163556 0.9707513 -0.5202276 1.4944221 0.0122558 0.3573523 0.1160643 0.9266489
1403636650.413555 0.9833943 -0.5172949 1.4878192 0.0057334 0.4085227 0.1358200 0.9025682
1403636650.663556 0.9934567 -0.5078305 1.4780438 -0.0079945 0.4554092 0.1584366 0.8760344
1403636650.813555 0.9982985 -0.5031680 1.4733135 -0.0099783 0.4711267 0.1637572 0.8666739
1403636650.963556 1.0036795 -0.5008775 1.4666216 -0.0012900 0.4797472 0.1604626 0.8626081
1403636651.413555 1.0110959 -0.5033286 1.4421482 -0.0068678 0.4744001 0.1599210 0.8656343
1403636651.663556 1.0120037 -0.5021669 1.4300442 0.0023595 0.4688366 0.1546295 0.8696415
1403636651.863556 1.0121176 -0.4981218 1.4197872 0.0154507 0.4724308 0.1653622 0.8655782
1403636652.063555 1.0119866 -0.4884996 1.4070204 0.0193976 0.5038327 0.1790685 0.8448141
1403636652.213556 1.0113375 -0.4792805 1.3955982 0.0057250 0.5447490 0.1885583 0.8171056
1403636652.313555 1.0096428 -0.4731618 1.3890318 -0.0053487 0.5729130 0.2019126 0.7943383
1403636652.413555 1.0076544 -0.4658522 1.3815610 -0.0142954 0.5971847 0.2158822 0.7723736
1403636652.513556 1.0068147 -0.4603782 1.3741090 -0.0191741 0.6137263 0.2273679 0.7558283
1403636652.613555 1.0061572 -0.4544682 1.3660451 -0.0256592 0.6242427 0.2376027 0.7437793
1403636652.713556 1.0062928 -0.4503713 1.3582656 -0.0338061 0.6313998 0.2418709 0.7359958
1403636652.813555 1.0069748 -0.4479228 1.3499138 -0.0353878 0.6350091 0.2438292 0.7321601
1403636652.913555 1.0094557 -0.4464232 1.3414813 -0.0332347 0.6371592 0.2421250 0.7309577
1403636653.013556 1.0119975 -0.4459765 1.3324904 -0.0306126 0.6381245 0.2377828 0.7316552
1403636653.113555 1.0152574 -0.4438346 1.3248616 -0.0266646 0.6384235 0.2317248 0.7334903
1403636653.313555 1.0230252 -0.4375528 1.3105825 -0.0127700 0.6384528 0.2143019 0.7391140
1403636653.463556 1.0280446 -0.4344917 1.2998666 -0.0101650 0.6344390 0.2091592 0.7440673
1403636653.613555 1.0320613 -0.4342716 1.2894839 -0.0091252 0.6301275 0.2077790 0.7481202
1403636653.763556 1.0357575 -0.4343566 1.2793679 -0.0031669 0.6290054 0.2022700 0.7506191
1403636653.863556 1.0372978 -0.4329333 1.2735214 -0.0014828 0.6291668 0.1990106 0.7513599
1403636653.963556 1.0389549 -0.4308331 1.2670823 -0.0015754 0.6277490 0.2009220 0.7520366
1403636654.213556 1.0391012 -0.4226671 1.2538724 0.0024400 0.6315038 0.2090808 0.7466474
1403636654.363556 1.0378969 -0.4197077 1.2459211 -0.0027473 0.6460997 0.2136849 0.7327253
1403636654.513556 1.0358518 -0.4190342 1.2358466 -0.0083175 0.6657967 0.2217713 0.7123644
1403636654.663556 1.0332547 -0.4202219 1.2255335 -0.0116310 0.6831799 0.2348851 0.6913458
1403636654.813555 1.0300514 -0.4188811 1.2157599 -0.0149489 0.6943179 0.2428077 0.6773061
1403636654.963556 1.0271065 -0.4165673 1.2076681 -0.0142931 0.7032151 0.2413866 0.6685931
1403636655.113555 1.0244050 -0.4128202 1.2005914 -0.0041628 0.7099900 0.2339784 0.6641920
1403636655.263556 1.0202056 -0.4078817 1.1938461 0.0037823 0.7134964 0.2306472 0.6615970
1403636655.413555 1.0146809 -0.4029193 1.1875223 0.0091896 0.7204823 0.2332258 0.6530135
1403636655.613555 1.0035164 -0.3982775 1.1780998 0.0032698 0.7331774 0.2472389 0.6334928
1403636655.763556 0.9943628 -0.3936320 1.1714398 -0.0046602 0.7407851 0.2661957 0.6167298
1403636655.913555 0.9853615 -0.3845749 1.1652577 -0.0058022 0.7539934 0.2783096 0.5949824
1403636656.063555 0.9762821 -0.3745172 1.1574397 -0.0033278 0.7693145 0.2837662 0.5723818
1403636656.163556 0.9700366 -0.3704607 1.1516613 -0.0065284 0.7765756 0.2853239 0.5616743
1403636656.313555 0.9615216 -0.3659083 1.1411252 -0.0134218 0.7820864 0.2872821 0.5528378
1403636656.413555 0.9562844 -0.3649709 1.1332945 -0.0150423 0.7830590 0.2890606 0.5504873
1403636656.663556 0.9453294 -0.3647728 1.1110127 -0.0139771 0.7845290 0.2810425 0.5525703
1403636656.763556 0.9413507 -0.3640890 1.1024952 -0.0045657 0.7873904 0.2686222 0.5548311
1403636656.863556 0.9372203 -0.3622154 1.0941069 -0.0023371 0.7890434 0.2594309 0.5568668
1403636656.963556 0.9324571 -0.3591367 1.0866715 0.0004836 0.7890304 0.2545413 0.5591416
1403636657.063555 0.9272873 -0.3553522 1.0797478 0.0049863 0.7878969 0.2538143 0.5610454
1403636657.213556 0.9179120 -0.3490208 1.0708255 0.0110595 0.7854974 0.2567393 0.5629889
1403636657.363556 0.9070122 -0.3442462 1.0599129 0.0085736 0.7817450 0.2664000 0.5637662
1403636657.513556 0.8946343 -0.3394541 1.0498586 0.0038253 0.7767885 0.2816710 0.5632464
1403636657.663556 0.8821317 -0.3329338 1.0388230 0.0004142 0.7754540 0.2859214 0.5629563
1403636657.813555 0.8694872 -0.3248819 1.0277588 0.0031742 0.7772635 0.2880000 0.5593813
1403636657.963556 0.8570963 -0.3158206 1.0158025 0.0071583 0.7760825 0.2994334 0.5549634
1403636658.113555 0.8448633 -0.3083659 1.0004585 -0.0014289 0.7791492 0.2964965 0.5522810
1403636658.263556 0.8329916 -0.3025429 0.9831930 -0.0140363 0.7837133 0.2885699 0.5498399
1403636658.363556 0.8254962 -0.2975495 0.9713565 -0.0188563 0.7851507 0.2862945 0.5488335
1403636658.463556 0.8182638 -0.2922026 0.9602021 -0.0242166 0.7862732 0.2844853 0.5479563
1403636658.663556 0.8061308 -0.2808862 0.9388559 -0.0354137 0.7894999 0.2768573 0.5466130
1403636658.763556 0.8008624 -0.2751271 0.9287952 -0.0371635 0.7912872 0.2721372 0.5462826
1403636658.913555 0.7944064 -0.2655175 0.9152265 -0.0343976 0.7952638 0.2614783 0.5458950
1403636659.013556 0.7905959 -0.2592509 0.9073954 -0.0239992 0.7955782 0.2614614 0.5460012
1403636659.163556 0.7850790 -0.2489560 0.8970244 -0.0140792 0.7969767 0.2576442 0.5461221
1403636659.363556 0.7762060 -0.2348501 0.8856564 -0.0147445 0.7953452 0.2612932 0.5467490
1403636659.463556 0.7713901 -0.2298492 0.8803970 -0.0218741 0.7927563 0.2680685 0.5469902
1403636659.563555 0.7671187 -0.2264409 0.8748270 -0.0235570 0.7921897 0.2701018 0.5467409
1403636659.713556 0.7610518 -0.2201330 0.8678071 -0.0220475 0.7948691 0.2649620 0.5454285
1403636659.813555 0.7569944 -0.2152396 0.8637959 -0.0213460 0.7962940 0.2632767 0.5441927
1403636659.913555 0.7529205 -0.2096548 0.8611779 -0.0212312 0.7966345 0.2651192 0.5428025
1403636660.013556 0.7486939 -0.2031633 0.8590736 -0.0264234 0.7952856 0.2713146 0.5414895
1403636660.163556 0.7434258 -0.1932680 0.8568482 -0.0341627 0.7929542 0.2806045 0.5397385
1403636660.263556 0.7401746 -0.1862470 0.8560703 -0.0366804 0.7920856 0.2840196 0.5390620
1403636660.363556 0.7381089 -0.1799646 0.8550804 -0.0440838 0.7891417 0.2922555 0.5384226
1403636660.463556 0.7373037 -0.1750977 0.8538128 -0.0498404 0.7862273 0.3003530 0.5377273
1403636660.613555 0.7383337 -0.1685763 0.8518101 -0.0453075 0.7897741 0.2901621 0.5385258
1403636660.763556 0.7417343 -0.1606297 0.8504146 -0.0377069 0.7977328 0.2660928 0.5398102
1403636660.863556 0.7447315 -0.1547353 0.8506994 -0.0402600 0.8015535 0.2534274 0.5400608
1403636661.013556 0.7490215 -0.1449580 0.8532175 -0.0349604 0.8022391 0.2502703 0.5408835
1403636661.163556 0.7537187 -0.1352711 0.8586711 -0.0245351 0.8012988 0.2542973 0.5409724
1403636661.263556 0.7563873 -0.1292163 0.8629646 -0.0199252 0.8007511 0.2559976 0.5411708
1403636661.413555 0.7598257 -0.1226222 0.8701954 -0.0176709 0.8008990 0.2555970 0.5412195
1403636661.513556 0.7617920 -0.1197408 0.8749346 -0.0172132 0.8000970 0.2576072 0.5414675
1403636661.663556 0.7638967 -0.1180998 0.8822190 -0.0143239 0.7979459 0.2622260 0.5425078
1403636661.763556 0.7647717 -0.1183125 0.8869976 -0.0078326 0.7975503 0.2627970 0.5429456
1403636661.913555 0.7653741 -0.1209622 0.8938420 0.0023487 0.7960048 0.2655157 0.5439414
1403636662.163556 0.7637460 -0.1291216 0.9029295 -0.0007850 0.7965403 0.2624165 0.5446655
1403636662.313555 0.7605313 -0.1329970 0.9084539 -0.0153970 0.7982112 0.2586449 0.5438058
1403636662.463556 0.7570605 -0.1351409 0.9155595 -0.0264322 0.7971162 0.2641688 0.5423301
1403636662.663556 0.7529175 -0.1364334 0.9271894 -0.0189683 0.7919591 0.2832941 0.5405418
1403636662.813555 0.7505039 -0.1360053 0.9357846 -0.0002759 0.7902895 0.2905087 0.5394878
1403636662.963556 0.7481258 -0.1332539 0.9437287 -0.0050360 0.7882966 0.2977263 0.5384442
1403636663.113555 0.7462339 -0.1305425 0.9493652 -0.0004709 0.7837917 0.3112254 0.5374097
1403636663.313555 0.7441533 -0.1265423 0.9523708 -0.0241048 0.7875361 0.3023296 0.5364723
1403636663.463556 0.7445973 -0.1208879 0.9535768 -0.0473929 0.7884884 0.2976554 0.5361356
1403636663.663556 0.7488164 -0.1116630 0.9561238 -0.0599750 0.7871732 0.2997194 0.5356581
1403636663.763556 0.7534660 -0.1066692 0.9574055 -0.0667423 0.7886598 0.2929825 0.5363976
1403636663.913555 0.7635761 -0.1019412 0.9594336 -0.0729814 0.7935547 0.2733560 0.5387218
1403636664.063555 0.7768987 -0.1004062 0.9632186 -0.0695009 0.7985176 0.2530308 0.5417700
1403636664.213556 0.7924688 -0.1028257 0.9697016 -0.0504205 0.7979398 0.2504244 0.5459280
1403636664.363556 0.8086725 -0.1039741 0.9785416 -0.0341485 0.7959026 0.2489827 0.5508000
1403636664.563555 0.8298601 -0.0996408 0.9951873 -0.0225680 0.7917955 0.2479364 0.5577438
1403636664.763556 0.8493768 -0.0978954 1.0142860 -0.0139559 0.7850996 0.2541368 0.5646577
1403636664.963556 0.8664393 -0.1002086 1.0326024 -0.0196634 0.7803136 0.2559510 0.5702746
1403636665.163556 0.8829989 -0.1072873 1.0504652 -0.0265066 0.7727987 0.2704403 0.5735343
1403636665.363556 0.9010010 -0.1172033 1.0670339 -0.0085709 0.7711368 0.2726270 0.5752817
1403636665.563555 0.9169009 -0.1259570 1.0819805 -0.0257032 0.7752674 0.2629305 0.5737310
1403636665.813555 0.9379702 -0.1389759 1.1021192 -0.0301622 0.7806631 0.2545368 0.5699706
1403636666.063555 0.9577965 -0.1533021 1.1245304 0.0013663 0.7782764 0.2692766 0.5672514
1403636666.363556 0.9778575 -0.1618113 1.1509091 0.0017745 0.7808297 0.2610590 0.5675825
1403636666.663556 0.9918002 -0.1706565 1.1760664 -0.0096546 0.7753879 0.2690056 0.5712411
1403636667.063555 1.0091205 -0.1864447 1.2038108 -0.0099839 0.7598305 0.3038736 0.5746467
1403636667.363556 1.0253497 -0.1884823 1.2192558 -0.0158184 0.7756575 0.2545260 0.5773402
1403636667.713556 1.0415236 -0.1901771 1.2410822 -0.0192613 0.7648345 0.2824133 0.5787054
1403636668.013556 1.0574279 -0.1966226 1.2556843 -0.0139978 0.7655311 0.2841600 0.5770783
1403636668.313555 1.0747404 -0.1951558 1.2702800 -0.0295144 0.7723053 0.2771473 0.5708439
1403636668.613555 1.0948999 -0.1880626 1.2857059 -0.0286314 0.7777337 0.2734291 0.5652848
1403636668.913555 1.1178427 -0.1822302 1.3043964 -0.0423666 0.7879674 0.2491339 0.5614666
1403636669.163556 1.1373007 -0.1873827 1.3233556 -0.0188089 0.7879140 0.2535678 0.5608397
1403636669.413555 1.1558611 -0.1919996 1.3457012 -0.0152045 0.7886971 0.2538032 0.5597408
1403636669.613555 1.1682849 -0.1933962 1.3671316 -0.0068816 0.7922843 0.2416189 0.5602307
1403636669.813555 1.1761068 -0.1968633 1.3887312 0.0109741 0.7919372 0.2372885 0.5625026
1403636670.063555 1.1791285 -0.2076091 1.4162341 0.0413348 0.7745273 0.2813827 0.5649979
1403636670.313555 1.1729114 -0.2203164 1.4343057 0.0733064 0.7618858 0.2884939 0.5752629
1403636671.263556 1.0623533 -0.2288318 1.3579981 0.0753787 0.6111223 0.2542280 0.7457987
1403636671.663556 0.9911503 -0.2179483 1.2574204 -0.0402983 0.5657732 0.2175538 0.7943218
1403636672.113555 0.9370099 -0.2043992 1.1545625 -0.0972339 0.5554438 0.2184242 0.7964412
1403636672.613555 0.9279984 -0.2076997 1.0833980 -0.0479049 0.5800194 0.1675847 0.7957374
1403636674.863556 0.9833529 -0.1830663 1.1539650 -0.0205271 0.4572772 0.1850547 0.8696154
1403636677.763556 1.1323923 -0.2291699 1.4898229 0.0188447 0.1512052 0.0478596 0.9871632
1403636678.113555 1.1315193 -0.2432256 1.5141337 -0.0064694 0.0616386 0.0398262 0.9972827
1403636678.513556 1.1376585 -0.2541473 1.5389955 -0.0082272 0.0022842 -0.0011718 0.9999629
1403636678.813555 1.1419129 -0.2660826 1.5536346 -0.0044482 -0.0571969 -0.0509954 0.9970497
1403636679.113555 1.1404072 -0.2704512 1.5685911 0.0007600 -0.1163318 -0.0869296 0.9893986
1403636679.363556 1.1315469 -0.2704687 1.5790007 0.0111562 -0.1878639 -0.0709572 0.9795651
1403636679.613555 1.1237730 -0.2748653 1.5828924 0.0074512 -0.2435559 -0.0835203 0.9662553
1403636679.813555 1.1199939 -0.2821950 1.5837817 0.0071650 -0.2632294 -0.0945783 0.9600593
1403636680.013556 1.1173711 -0.2929920 1.5819449 0.0228545 -0.2627032 -0.1107776 0.9582239
1403636680.213556 1.1142943 -0.3039206 1.5760498 0.0306584 -0.2538258 -0.1289537 0.9581250
1403636680.463556 1.1073871 -0.3102044 1.5635295 0.0299396 -0.2415310 -0.1448042 0.9590611
1403636680.713556 1.0939720 -0.3087650 1.5460529 0.0206851 -0.2386123 -0.1355249 0.9613892
1403636680.913555 1.0789084 -0.3042667 1.5285416 -0.0008442 -0.2495879 -0.0963139 0.9635501
1403636681.113555 1.0635301 -0.2961762 1.5121663 -0.0321936 -0.2491178 -0.0948561 0.9632789
1403636681.363556 1.0439749 -0.2873702 1.4959440 -0.0017711 -0.2474045 -0.1036414 0.9633516
1403636681.613555 1.0225732 -0.2828616 1.4792049 0.0082888 -0.2520650 -0.1002901 0.9624637
1403636681.863556 1.0010438 -0.2769195 1.4610279 0.0113212 -0.2547951 -0.1044717 0.9612684
1403636682.113555 0.9796416 -0.2729439 1.4392555 0.0108943 -0.2604129 -0.0996425 0.9602801
1403636682.363556 0.9591569 -0.2699080 1.4162259 -0.0088582 -0.2621239 -0.0989029 0.9599119
1403636682.663556 0.9344124 -0.2614276 1.3917465 0.0076002 -0.2568316 -0.0999222 0.9612467
1403636682.913555 0.9142132 -0.2563340 1.3700182 0.0162149 -0.2524382 -0.0985273 0.9624471
1403636683.163556 0.8948638 -0.2526560 1.3454857 0.0158797 -0.2509875 -0.1014844 0.9625248
1403636683.513556 0.8666879 -0.2384376 1.3105135 0.0091706 -0.2589959 -0.0962963 0.9610224
1403636683.763556 0.8465976 -0.2232077 1.2851164 -0.0003999 -0.2617666 -0.0961871 0.9603260
1403636684.013556 0.8272437 -0.2135019 1.2591327 -0.0048885 -0.2651505 -0.0964206 0.9593614
1403636684.263556 0.8096552 -0.2108039 1.2328038 0.0027020 -0.2708637 -0.0954581 0.9578691
1403636684.563555 0.7893384 -0.2074013 1.2009481 0.0086598 -0.2765450 -0.0900989 0.9567288
1403636684.863556 0.7732570 -0.1946690 1.1721598 0.0108654 -0.2784301 -0.0878965 0.9563644
1403636685.163556 0.7622329 -0.1791114 1.1430416 0.0086325 -0.2703825 -0.1032191 0.9571649
1403636685.463556 0.7505068 -0.1708925 1.1104305 0.0035454 -0.2609192 -0.1087515 0.9592089
1403636685.813555 0.7353032 -0.1553567 1.0731623 0.0070266 -0.2583488 -0.1069573 0.9600868
1403636686.113555 0.7192986 -0.1374362 1.0412340 -0.0018325 -0.2618178 -0.0982257 0.9601040
1403636686.413555 0.7038108 -0.1276511 1.0083413 -0.0078579 -0.2617553 -0.0946309 0.9604517
1403636686.713556 0.6891241 -0.1172121 0.9796029 -0.0103170 -0.2621771 -0.0963122 0.9601462
1403636687.063555 0.6718227 -0.1073389 0.9496437 -0.0027429 -0.2658473 -0.0915127 0.9596578
1403636687.413555 0.6578595 -0.1024924 0.9222676 0.0039658 -0.2673147 -0.0928386 0.9591184
1403636687.763556 0.6453798 -0.0871184 0.8998278 0.0063179 -0.2713371 -0.0880042 0.9584318
1403636688.113555 0.6367579 -0.0619601 0.8803947 0.0084518 -0.2675239 -0.1012013 0.9581847
1403636688.463556 0.6281142 -0.0411630 0.8584734 0.0047720 -0.2692210 -0.0979850 0.9580690
1403636688.763556 0.6208181 -0.0204132 0.8404245 0.0064738 -0.2651281 -0.1163734 0.9571428
1403636689.013556 0.6107584 -0.0042030 0.8230045 -0.0011866 -0.2793064 -0.1136880 0.9534472
1403636689.163556 0.6038522 0.0010977 0.8110123 -0.0085023 -0.2910632 -0.1105568 0.9502563
1403636689.463556 0.5894558 0.0044211 0.7875395 -0.0122629 -0.3042915 -0.1113989 0.9459633
1403636689.713556 0.5763153 -0.0004360 0.7702950 -0.0265182 -0.3090886 -0.1068541 0.9446392
1403636689.963556 0.5628067 -0.0047680 0.7590538 -0.0355397 -0.3134418 -0.0844276 0.9451789
1403636690.163556 0.5532084 -0.0071791 0.7567875 -0.0318710 -0.3065379 -0.0958026 0.9464886
1403636690.363556 0.5446894 -0.0122564 0.7581203 -0.0272468 -0.3009555 -0.1060706 0.9473291
1403636690.513556 0.5376689 -0.0187493 0.7606683 -0.0256699 -0.3022634 -0.1018250 0.9474226
1403636690.713556 0.5280614 -0.0252694 0.7674049 -0.0263147 -0.3104874 -0.0768933 0.9470969
1403636691.163556 0.5229535 -0.0289055 0.7996949 0.0240237 -0.3257453 -0.0334820 0.9445590
1403636691.313555 0.5312128 -0.0338427 0.8116156 0.0428788 -0.3173786 -0.0636922 0.9451855
1403636691.563555 0.5546217 -0.0454365 0.8236989 0.0156168 -0.3153083 -0.0899904 0.9445838
1403636691.913555 0.5922108 -0.0657000 0.8348427 0.0064028 -0.3123179 -0.1107921 0.9434732
1403636692.313555 0.6355720 -0.0837334 0.8443311 0.0112885 -0.3098564 -0.1124097 0.9440475
1403636692.713556 0.6773909 -0.1144394 0.8434850 0.0061648 -0.3028467 -0.1174963 0.9457486
1403636693.163556 0.7137785 -0.1437380 0.8373299 -0.0005148 -0.2969233 -0.1324288 0.9456738
1403636693.663556 0.7336050 -0.1581146 0.8355040 -0.0472418 -0.3042863 -0.1244600 0.9432326
1403636694.113555 0.7345946 -0.1678100 0.8529238 0.0048693 -0.3118714 -0.1095189 0.9437786
1403636695.463556 0.7401445 -0.1875600 0.9040310 0.0013070 -0.3011045 -0.1087678 0.9473668
1403636696.363556 0.7446876 -0.1890755 0.9327855 0.0040732 -0.2899546 -0.1160350 0.9499714
1403636700.063555 0.6247329 -0.1392497 0.8340288 -0.0089219 0.2064580 0.0909339 0.9741799
1403636702.413555 0.7086251 -0.0675694 0.8038173 -0.0179151 0.3588046 0.1283777 0.9243687
1403636703.563555 0.7722502 -0.0198827 0.8321794 -0.0099000 0.3716862 0.1284630 0.9193740
1403636704.413555 0.8265482 -0.0121920 0.8439645 -0.0235364 0.3598943 0.1293556 0.9236824
1403636705.413555 0.9084865 -0.0106360 0.8951356 -0.0255302 0.3571157 0.1124962 0.9269094
1403636706.063555 0.9675010 -0.0215567 0.9633906 -0.0028574 0.3481680 0.1379845 0.9272169
1403636707.013556 1.0561411 -0.0400502 1.0552950 -0.0307953 0.3564040 0.1141753 0.9268181
1403636707.963556 1.1288348 -0.1027341 1.1654069 -0.0222451 0.3598036 0.1348086 0.9229698
1403636708.713556 1.1973829 -0.1116096 1.2670668 0.0025783 0.3548164 0.1259032 0.9264163
1403636709.213556 1.2382157 -0.1193204 1.3165206 -0.0004146 0.3775082 0.1038017 0.9201698
1403636709.713556 1.2557583 -0.1323638 1.3630924 -0.0198150 0.3781262 0.1072465 0.9193074
1403636710.213556 1.2609214 -0.1467149 1.4168612 -0.0156659 0.3689992 0.1031959 0.9235501
1403636710.663556 1.2550745 -0.1496975 1.4711490 0.0019789 0.3193193 0.1283238 0.9389166
1403636711.113555 1.2494859 -0.1481873 1.5150790 -0.0066956 0.2619797 0.0685179 0.9626147
1403636711.513556 1.2384943 -0.1589811 1.5467594 0.0184249 0.2493343 0.0655174 0.9660230
1403636714.263556 0.9974427 -0.2406497 1.4543542 0.0005835 0.1979066 0.0739141 0.9774300
1403636714.913555 0.9582812 -0.2240447 1.4021682 -0.0253920 0.1295989 0.0445717 0.9902387
1403636717.213556 0.9105102 -0.2051683 1.2703006 -0.0022132 -0.0157687 -0.0117167 0.9998046
1403636718.263556 0.8696657 -0.1776176 1.1861980 -0.0023654 -0.1063564 -0.0533305 0.9928941
1403636719.063555 0.8126481 -0.1344588 1.1338835 -0.0008074 -0.1860086 -0.0719975 0.9799064
1403636719.913555 0.7719774 -0.1032727 1.0748229 -0.0011860 -0.1761192 -0.0566827 0.9827348
1403636720.563555 0.7526048 -0.0791346 1.0328512 -0.0068657 -0.1755467 -0.0539316 0.9829687
1403636721.263556 0.7473481 -0.0642709 1.0002351 0.0033585 -0.1133296 -0.0277153 0.9931651
1403636724.063555 0.7460606 -0.0155892 0.8496386 -0.0129170 0.0099834 0.0026574 0.9998632
1403636728.763556 0.6812831 -0.0751064 0.6268654 0.0029191 0.0587404 0.0201595 0.9980655
1403636729.913555 0.6320148 -0.0612638 0.5443934 -0.0034044 0.0089606 -0.0036259 0.9999475
1403636731.113555 0.5763472 -0.0474751 0.4753701 -0.0159654 -0.0021796 0.0246373 0.9995666
1403636732.363556 0.5708073 -0.0155171 0.4572332 0.0035322 0.0049140 0.0003838 0.9999816
1403636733.913555 0.5279376 -0.0076935 0.3525009 -0.0094113 -0.0004069 -0.0100912 0.9999047
1403636735.063555 0.4707045 0.0061568 0.2675214 -0.0127178 -0.0091327 -0.0075505 0.9998489
1403636736.263556 0.4235516 -0.0104322 0.2165697 -0.0026876 -0.0205961 -0.0085605 0.9997476
1403636737.413555 0.3738997 -0.0028204 0.1810127 -0.0050291 -0.0636327 -0.0251414 0.9976439
1403636738.513556 0.3363217 -0.0297611 0.1501742 -0.0143613 -0.0570095 -0.0135686 0.9981781
1403636739.113555 0.3390615 -0.0250903 0.1582340 -0.0047407 0.0616878 0.0512293 0.9967687
1403636739.763556 0.3633011 -0.0076493 0.1680294 -0.0063202 0.2150053 0.0799048 0.9733180
1403636740.413555 0.3836305 0.0130699 0.1769294 -0.0046809 0.2185400 0.0706428 0.9732563
1403636741.113555 0.4004728 0.0470363 0.1837466 -0.0014767 0.2166119 0.0521134 0.9748647
1403636741.613555 0.4063174 0.0829308 0.1876416 -0.0223955 0.2314670 0.0910790 0.9683110
1403636742.463556 0.4185116 0.1123163 0.1985952 -0.0149305 0.2174389 0.0774002 0.9728857
1403636743.263556 0.4320702 0.1339698 0.2182697 -0.0431447 0.2238112 0.0910952 0.9694064
1403636743.863556 0.4564842 0.1454273 0.2511887 -0.0116324 0.2420282 0.0874458 0.9662506
1403636744.713556 0.4908564 0.2065716 0.3183971 0.0155465 0.2669361 0.1130618 0.9569328
1403636745.413555 0.5169065 0.2588202 0.3502598 -0.0037381 0.2561603 0.0888317 0.9625367
1403636746.363556 0.5364597 0.2447171 0.3614084 0.0181388 0.3013594 0.0741407 0.9504508
1403636747.713556 0.5058255 0.2080265 0.3818347 -0.0117656 0.2881036 0.0943063 0.9528716
1403636748.863556 0.4973294 0.1465236 0.4084283 0.0016550 0.2947135 0.1197322 0.9480535
1403636749.663556 0.5122978 0.1164937 0.4113078 -0.0028711 0.3162992 0.0934931 0.9440368
1403636751.513556 0.4748414 0.0243188 0.3556483 -0.0097153 0.2806945 0.1100439 0.9534183
1403636752.763556 0.4721436 -0.0444997 0.3306264 -0.0047406 0.1671892 0.0549034 0.9843835
1403636756.213556 0.2891430 -0.0393303 0.2145197 0.0041710 -0.0751256 -0.0384266 0.9964247
1403636756.963556 0.2193264 -0.0308006 0.1640166 0.0083472 -0.0826736 -0.0377865 0.9958251
1403636757.563555 0.1662551 -0.0162729 0.1142651 -0.0036945 -0.0870601 -0.0482240 0.9950283
1403636758.063555 0.1172787 -0.0178202 0.0720107 -0.0155686 -0.1177768 -0.0519018 0.9915606
1403636758.463556 0.0764464 -0.0189990 0.0483144 -0.0135037 -0.1259904 -0.0395500 0.9911508
1403636759.213556 0.0207912 -0.0031088 0.0346845 -0.0006486 -0.1358490 -0.0057652 0.9907126
1403636759.513556 0.0121110 0.0090857 0.0350115 0.0041237 -0.1302552 -0.0251741 0.9911523
1403636759.813555 0.0104659 0.0191948 0.0333355 0.0079688 -0.1266064 -0.0434968 0.9909669
1403636760.013556 0.0102166 0.0226186 0.0293261 -0.0085403 -0.1262176 -0.0449716 0.9909459
1403636760.563555 0.0101072 0.0361147 0.0239625 0.0007825 -0.1245984 -0.0475475 0.9910671
1403636761.213556 0.0051065 0.0535970 0.0167106 -0.0319374 -0.1251290 -0.0564960 0.9900156
1403636761.363556 0.0017786 0.0559496 0.0164112 -0.0351001 -0.1252588 -0.0562308 0.9899072
1403636761.863556 -0.0112260 0.0533724 0.0187974 -0.0010439 -0.1334512 -0.0248523 0.9907432
1403636762.113555 -0.0135193 0.0509758 0.0187434 0.0040522 -0.1192625 -0.0592164 0.9910870
1403636762.313555 -0.0163568 0.0493281 0.0174554 -0.0171622 -0.1145557 -0.0694188 0.9908398
1403636762.513556 -0.0224328 0.0506720 0.0181974 -0.0286919 -0.1239825 -0.0399663 0.9910640
1403636762.713556 -0.0281700 0.0556710 0.0226271 -0.0094786 -0.1352944 -0.0069546 0.9907357
1403636762.863556 -0.0277176 0.0620925 0.0294676 0.0287372 -0.1353597 -0.0119194 0.9903080
1403636763.813555 -0.0287777 0.0615854 0.0306351 0.0489674 -0.1304383 -0.0063123 0.9902263
