0.104128 -0.000235727 -0.000916360 0.050786618 -0.000922852 -0.000116612 0.000332501 0.999999523
0.208254 -0.000377637 -0.001599279 0.101468854 -0.000907227 -0.000313487 0.000859043 0.999999166
0.312504 -0.000544673 -0.002300062 0.152088776 -0.000391863 -0.000379293 0.001550732 0.999998629
0.416625 -0.000896460 -0.003215015 0.202767804 -0.000527890 -0.000261713 0.001793707 0.999998212
0.520755 -0.000964961 -0.004079120 0.254389346 -0.000948318 -0.000303419 0.001947729 0.999997616
0.625004 -0.001405854 -0.004748579 0.305439681 -0.001557079 -0.000060067 0.002528491 0.999995589
0.729128 -0.001555867 -0.005455169 0.356768012 -0.001762746 -0.000137112 0.002281486 0.999995828
0.833252 -0.001809350 -0.006176946 0.408709258 -0.000869305 -0.000307244 0.001836234 0.999997914
0.937506 -0.002003091 -0.006969442 0.460245609 0.000214120 -0.000438343 0.000606279 0.999999702
1.041630 -0.002677866 -0.007823772 0.511707842 0.000661479 -0.000240414 -0.001121270 0.999999106
1.145875 -0.003040359 -0.008705404 0.563772321 0.000739852 -0.000267737 -0.002377011 0.999996841
1.250003 -0.003563550 -0.009644746 0.615764141 0.000243549 -0.000116316 -0.002988680 0.999995470
1.354255 -0.003502036 -0.010382636 0.668244302 -0.001079210 0.000034939 -0.001719117 0.999997914
1.458401 -0.003457846 -0.011112351 0.720376730 -0.002014061 0.000073754 0.000489978 0.999997854
1.562526 -0.003272846 -0.011802810 0.773005307 -0.000815474 -0.000158057 0.001666596 0.999998271
1.666754 -0.003599818 -0.012436143 0.825152993 0.000272835 -0.000049643 0.001977976 0.999997973
1.771007 -0.003798370 -0.013217486 0.878070295 0.001164841 0.000262832 0.000811673 0.999998927
1.875129 -0.003993209 -0.014194626 0.931158364 0.000080726 0.000508108 -0.000447821 0.999999762
1.979377 -0.004124535 -0.015244169 0.984052718 -0.001904786 0.000663027 -0.000687159 0.999997735
2.083502 -0.004273002 -0.015532531 1.037270784 -0.002641228 0.001003035 0.000416302 0.999995887
2.187759 -0.004614276 -0.015983297 1.090251446 -0.001621396 0.000975868 0.002398293 0.999995291
2.291881 -0.004387029 -0.016692389 1.143872142 -0.000530655 0.000912121 0.002510391 0.999996305
2.396132 -0.004700419 -0.017400781 1.196856260 0.000900998 0.001267357 0.002559669 0.999995530
2.500257 -0.004559767 -0.018698208 1.250698090 0.001001273 0.001405311 0.001096725 0.999997914
2.604383 -0.004690164 -0.019844677 1.304007173 0.002105162 0.001563552 0.000547201 0.999996424
2.708628 -0.004482229 -0.020848850 1.358089805 0.001747424 0.001414969 0.000249097 0.999997437
2.812757 -0.004738771 -0.021838456 1.411582708 0.001225829 0.001451813 -0.000015291 0.999998212
2.916881 -0.004968455 -0.022902159 1.465370655 0.000310678 0.001359709 -0.000659999 0.999998808
3.021006 -0.005214510 -0.023874665 1.519398212 0.000163677 0.001368688 -0.001915889 0.999997199
3.125256 -0.005600397 -0.024635915 1.573802233 0.000400143 0.001516388 -0.003051805 0.999994099
3.229379 -0.005911879 -0.025440566 1.627542853 0.000183468 0.001538994 -0.004245566 0.999989748
3.333502 -0.006001133 -0.026332600 1.682076693 0.000187080 0.001299578 -0.004446943 0.999989271
3.437629 -0.006529628 -0.027266765 1.736446857 0.000187713 0.001247674 -0.004067777 0.999990940
3.541754 -0.006301553 -0.028445143 1.791142106 0.000362285 0.000712002 -0.003610128 0.999993205
3.645880 -0.006494446 -0.029176217 1.845950127 0.000322934 0.000328314 -0.003270552 0.999994516
3.750007 -0.006644981 -0.030181700 1.900875449 -0.000295129 -0.000276079 -0.003325677 0.999994397
3.854131 -0.007066744 -0.030907098 1.956096530 -0.000014824 -0.000772678 -0.003622566 0.999993145
3.958276 -0.007698311 -0.031625453 2.010896683 -0.000134174 -0.001199537 -0.003721077 0.999992371
4.062383 -0.008062592 -0.032503076 2.066071033 -0.000535884 -0.001822756 -0.003976737 0.999990284
4.166506 -0.008384485 -0.033746034 2.121225595 -0.001261721 -0.002268387 -0.003040440 0.999992013
4.270633 -0.009052902 -0.034357272 2.176073790 -0.001142041 -0.002460428 -0.002313850 0.999993622
4.374756 -0.009523666 -0.035112306 2.231178761 -0.000744717 -0.002631357 -0.001242054 0.999995470
4.478884 -0.010074937 -0.036018386 2.286244392 -0.000934933 -0.002692131 -0.000595575 0.999995768
4.583132 -0.010346035 -0.036953311 2.341053486 -0.001310300 -0.002567300 -0.000033212 0.999995828
4.687259 -0.010856948 -0.037698258 2.395638943 -0.001609394 -0.002327937 0.000424825 0.999995887
4.791384 -0.010972428 -0.038710363 2.449730635 -0.001522159 -0.002167095 0.001331899 0.999995589
4.895505 -0.011555785 -0.039468322 2.503814459 -0.001129254 -0.001816727 0.002286902 0.999995112
4.999630 -0.011819314 -0.040286012 2.558480740 -0.000926808 -0.001538302 0.001933269 0.999996483
5.103758 -0.012356941 -0.041457340 2.612077236 -0.001035928 -0.001259641 0.001471940 0.999997556
5.207869 -0.012839222 -0.042329155 2.666830063 -0.001577373 -0.001039688 -0.000074034 0.999998212
5.311998 -0.013440083 -0.042989142 2.720685005 -0.002284779 -0.000594355 -0.001717270 0.999995708
5.416245 -0.013588361 -0.043698121 2.774690151 -0.002397836 -0.000356963 -0.003739120 0.999990046
5.520244 -0.014469981 -0.044485603 2.828508377 -0.002176721 0.000086266 -0.006292537 0.999977827
5.624505 -0.014730940 -0.045163140 2.882105827 -0.001847897 0.000340194 -0.007528622 0.999969900
5.728633 -0.015038500 -0.046015795 2.935415506 -0.001863813 0.000643956 -0.008295625 0.999963641
5.832639 -0.015308380 -0.046715617 2.988725185 -0.001872490 0.000886970 -0.008574146 0.999961078
5.936757 -0.015871109 -0.047670990 3.041935921 -0.001679810 0.001050099 -0.008413817 0.999962628
6.040889 -0.016158367 -0.048340905 3.095185280 -0.001232079 0.001180228 -0.007653080 0.999969244
6.145012 -0.015545701 -0.049306501 3.148154259 -0.001359255 0.000637204 -0.007052877 0.999974012
6.249010 -0.015614390 -0.050249625 3.201969862 -0.001366894 0.000399891 -0.007121897 0.999973595
6.353135 -0.015853489 -0.050948154 3.254677534 -0.001198190 0.000073134 -0.006635658 0.999977291
6.457260 -0.016065143 -0.051966615 3.307781458 -0.001359097 -0.000405248 -0.007088482 0.999973834
6.561386 -0.016463501 -0.052791473 3.359773159 -0.001756576 -0.000872948 -0.006790990 0.999975026
6.665511 -0.016985366 -0.053515125 3.413250685 -0.002183561 -0.001435895 -0.005746653 0.999980032
6.769636 -0.017615287 -0.054180175 3.465584517 -0.002294790 -0.001943690 -0.004807391 0.999983907
6.873636 -0.017754842 -0.055338502 3.517440557 -0.002489651 -0.002385014 -0.003552843 0.999987721
6.977759 -0.018440163 -0.056269366 3.569787741 -0.002303409 -0.002574356 -0.003071547 0.999989331
7.081885 -0.018616300 -0.056941837 3.620804787 -0.002109324 -0.002792259 -0.002425314 0.999990940
7.186013 -0.018937238 -0.057623103 3.673090935 -0.001814252 -0.003091030 -0.002328497 0.999990821
7.290011 -0.019866301 -0.058484539 3.724576473 -0.001481217 -0.002824582 -0.002418564 0.999991953
7.394135 -0.020247478 -0.059423767 3.775405407 -0.001236595 -0.002785726 -0.002842948 0.999991298
7.498256 -0.021037057 -0.060290698 3.826129913 -0.001415311 -0.002613807 -0.003442329 0.999989629
7.602386 -0.021523722 -0.061020002 3.878080130 -0.002145523 -0.002657550 -0.003457836 0.999988198
7.706383 -0.022215491 -0.061750263 3.928804159 -0.002741974 -0.002421715 -0.004167489 0.999984622
7.810511 -0.022724818 -0.062531635 3.979278564 -0.002013627 -0.002376541 -0.003950242 0.999987364
7.914632 -0.023420949 -0.063351870 4.030088425 -0.000863388 -0.002327956 -0.004165806 0.999988258
8.018763 -0.023634963 -0.064117543 4.081126690 -0.000196508 -0.002552806 -0.003705660 0.999989867
8.122760 -0.023978332 -0.065120973 4.132056236 -0.001026338 -0.002602853 -0.002394849 0.999993205
8.226883 -0.024852429 -0.066020168 4.182521820 -0.002004433 -0.002063946 -0.001264074 0.999995053
8.331011 -0.025127461 -0.066551514 4.233039379 -0.002127312 -0.001672362 -0.000695298 0.999996066
8.435138 -0.025351796 -0.067336664 4.283475399 -0.001427717 -0.001339636 0.000013378 0.999998093
8.539282 -0.025986429 -0.068222679 4.333789349 -0.000315844 -0.000881824 -0.000917460 0.999999106
8.643387 -0.026317399 -0.068982452 4.383622169 0.000747668 -0.000302345 -0.002180541 0.999997258
8.747509 -0.027378483 -0.069676042 4.432758331 0.000817117 0.000754120 -0.003944002 0.999991596
8.851635 -0.027064476 -0.070769556 4.483845711 -0.000202789 0.001052495 -0.004385725 0.999989808
8.955763 -0.027433559 -0.071385421 4.534108639 -0.001291953 0.001663517 -0.004387599 0.999988139
9.059886 -0.027353521 -0.072040461 4.584495068 -0.001521687 0.001990797 -0.004123562 0.999988317
9.164012 -0.027240161 -0.072706543 4.634755611 -0.001119762 0.002479588 -0.004457325 0.999986351
9.268135 -0.027419433 -0.073511668 4.684663296 -0.000909247 0.003164165 -0.005377003 0.999980092
9.372259 -0.027245525 -0.074404202 4.734976768 -0.000800866 0.003657357 -0.006376733 0.999972641
9.476392 -0.027071226 -0.075100891 4.786496162 -0.000147210 0.003955531 -0.006793357 0.999969125
9.580513 -0.027494308 -0.075731732 4.835674763 0.000257524 0.004862661 -0.007373681 0.999960959
9.684640 -0.027170420 -0.076132074 4.886074066 0.000551009 0.005359711 -0.006940967 0.999961376
9.788784 -0.026406329 -0.077553883 4.936079502 -0.000251910 0.005627855 -0.006791951 0.999961019
9.892888 -0.026093069 -0.078139842 4.986548901 -0.000674336 0.005955531 -0.005760174 0.999965429
9.997010 -0.025403086 -0.079242326 5.036890507 -0.000881897 0.006103809 -0.005805687 0.999964118
10.101140 -0.025180273 -0.080014311 5.087171078 -0.000854965 0.006224665 -0.004978748 0.999967873
10.205260 -0.024486881 -0.080620974 5.137786388 -0.001038190 0.005904099 -0.004056853 0.999973774
10.309390 -0.024350081 -0.081672624 5.187876701 -0.001106755 0.005827625 -0.003425577 0.999976516
10.413390 -0.024211835 -0.082440019 5.237857342 -0.001021236 0.005271330 -0.002855476 0.999981523
10.517510 -0.023826718 -0.083411343 5.288067341 -0.001519254 0.004773910 -0.002245386 0.999984920
10.621640 -0.023546401 -0.084139943 5.337930202 -0.001590011 0.004251380 -0.001596237 0.999988437
10.725760 -0.023542043 -0.084692836 5.387585163 -0.001440302 0.003698165 -0.001394206 0.999991179
10.829890 -0.023349069 -0.085548066 5.438030720 -0.001292600 0.003105088 -0.001172233 0.999993622
10.934020 -0.023224121 -0.086430468 5.488015652 -0.001146917 0.002557448 -0.001167136 0.999995351
11.038140 -0.023162376 -0.087253086 5.538257599 -0.000093721 0.002024639 0.000232990 0.999997914
11.142270 -0.022914032 -0.087752059 5.588444233 0.000493427 0.001474365 0.002723603 0.999995053
11.246390 -0.022583790 -0.088223927 5.639430523 -0.000490962 0.001045815 0.006237955 0.999979854
11.350520 -0.022232747 -0.089429371 5.689493656 -0.001460562 0.000130874 0.009872227 0.999950171
11.454640 -0.022076000 -0.089720935 5.739118099 0.000553594 -0.000347096 0.011211352 0.999936938
11.558780 -0.022511344 -0.090995803 5.789549351 0.001891416 -0.000087057 0.011002949 0.999937654
11.663020 -0.022747174 -0.092272267 5.839970112 0.002786546 0.000307725 0.009517440 0.999950767
11.767160 -0.022954535 -0.093028434 5.890076637 0.002983408 0.000797015 0.009459026 0.999950469
11.871260 -0.022985954 -0.094768912 5.940430164 0.000939369 0.001051063 0.011198201 0.999936283
11.975390 -0.023586245 -0.095000684 5.990325451 0.000029953 0.001585941 0.013475155 0.999907911
12.079640 -0.022254191 -0.096221544 6.042026997 -0.000936454 0.001178594 0.015564851 0.999877751
12.183770 -0.022372529 -0.096573353 6.092131615 -0.000586138 0.001241120 0.016093163 0.999869525
12.287890 -0.022139294 -0.097775549 6.143269062 -0.001191399 0.001699618 0.015303197 0.999880731
12.392020 -0.022199331 -0.098064326 6.194670677 -0.000347317 0.002194431 0.013024556 0.999912679
12.496260 -0.022471860 -0.099434309 6.244568825 0.000414539 0.002732178 0.011259301 0.999932766
12.600390 -0.022993233 -0.100422226 6.295289040 0.000851635 0.003285799 0.009483936 0.999949217
12.704520 -0.022420458 -0.101174362 6.346526146 0.000166437 0.003202797 0.008739308 0.999956667
12.808640 -0.021570146 -0.102450669 6.398781776 0.000111344 0.002570237 0.008176606 0.999963284
12.912790 -0.022115327 -0.103425458 6.449299812 0.001285957 0.002738252 0.007089043 0.999970257
13.016890 -0.021545805 -0.104477376 6.499130249 0.002902237 0.002401473 0.005101393 0.999979854
13.121140 -0.022097565 -0.105615467 6.551892757 0.003384636 0.002412340 0.002471507 0.999988317
13.225270 -0.023570117 -0.106217623 6.605496407 0.003045641 0.002550900 0.000142131 0.999992073
13.329390 -0.022971779 -0.107870631 6.653852463 0.001819428 0.003022353 -0.001293755 0.999992907
13.433520 -0.023806043 -0.108728558 6.705909729 0.000772630 0.003489560 -0.002133854 0.999991298
13.537640 -0.022877842 -0.109714277 6.758270264 0.000180496 0.002616062 0.000181032 0.999996543
13.641770 -0.022669721 -0.110887527 6.810198307 -0.000058396 0.001531058 0.001394529 0.999997854
13.745910 -0.022859186 -0.111400232 6.864063740 0.002247181 0.000540287 0.001759848 0.999995768
13.850020 -0.022871818 -0.112662986 6.916838646 0.004479410 -0.000320553 0.001086306 0.999989331
13.954150 -0.022957055 -0.113753349 6.967044830 0.004753056 -0.000514701 -0.001865960 0.999986827
14.058400 -0.026239524 -0.115442440 7.020333767 0.004185405 -0.000016965 -0.003569892 0.999984860
14.162520 -0.024120282 -0.116047986 7.071762085 0.002657388 -0.000410261 -0.004469707 0.999986410
14.266640 -0.024340736 -0.117217936 7.123706818 0.001650554 -0.000243091 -0.004869930 0.999986768
14.370770 -0.024408802 -0.118283831 7.175848484 0.001036787 -0.000174875 -0.004437706 0.999989629
14.474890 -0.024479281 -0.118924119 7.230081558 0.000845611 -0.000308725 -0.003489105 0.999993503
14.579010 -0.024221662 -0.120017700 7.283741474 0.000574093 -0.000223981 -0.002061551 0.999997675
14.683140 -0.024438566 -0.120991282 7.335600853 0.000552673 -0.000215110 -0.000771017 0.999999523
14.787290 -0.024902988 -0.121742643 7.388888359 0.000109946 0.000117487 0.000484382 0.999999881
14.891390 -0.024875417 -0.122669138 7.441489697 -0.000652784 0.000335607 0.002788954 0.999995828
14.995520 -0.025113041 -0.123311013 7.495223522 -0.000567385 0.000517136 0.003996618 0.999991715
15.099640 -0.024681635 -0.124160260 7.548776627 0.001593901 0.000413202 0.002910123 0.999994397
15.203790 -0.025843430 -0.125288859 7.602649689 0.004136879 0.000884063 -0.000777809 0.999990761
15.308020 -0.026766535 -0.126607433 7.656240940 0.004202531 0.001713083 -0.005419478 0.999975026
15.412140 -0.026690666 -0.127591848 7.711110592 0.002333876 0.002062290 -0.009028063 0.999954402
15.516270 -0.027399689 -0.128750905 7.764257431 0.001217963 0.002672046 -0.009796173 0.999947667
15.620390 -0.027500857 -0.129569829 7.818024635 0.001053935 0.002513966 -0.009053215 0.999955297
15.724520 -0.027092626 -0.130441710 7.872373104 0.001060998 0.001735081 -0.007381571 0.999970675
15.828640 -0.026992930 -0.131470680 7.926819801 0.001388860 0.001316242 -0.006314006 0.999978244
15.932650 -0.027178375 -0.132635504 7.981186390 0.001606498 0.001039944 -0.006524004 0.999976873
16.036770 -0.027306717 -0.133603603 8.036046028 0.001510342 0.000905837 -0.007111715 0.999973118
16.140900 -0.027637357 -0.134619176 8.090741158 0.001087779 0.000915084 -0.007649106 0.999969721
16.245020 -0.027800895 -0.135769024 8.145536423 0.001297210 0.000805943 -0.007398486 0.999971449
16.349140 -0.027860601 -0.136969298 8.201162338 0.001734782 0.000562240 -0.007325474 0.999971509
16.453270 -0.028039228 -0.138036340 8.256005287 0.001901979 0.000410107 -0.007106768 0.999972820
16.557390 -0.028389810 -0.139226913 8.311718941 0.001971726 0.000317917 -0.007097805 0.999972820
16.661520 -0.028511778 -0.140304446 8.367367744 0.002038852 0.000095694 -0.007327264 0.999971032
16.765650 -0.028840607 -0.141388461 8.423236847 0.002134652 -0.000039423 -0.007293038 0.999971092
16.869650 -0.029074684 -0.142457902 8.479160309 0.002369379 -0.000256341 -0.007676022 0.999967694
16.973770 -0.028914411 -0.143782943 8.535234451 0.002341535 -0.000651918 -0.007309078 0.999970317
17.077890 -0.029171869 -0.144914344 8.591755867 0.002396220 -0.000837656 -0.007479284 0.999968827
17.182030 -0.029506650 -0.146037325 8.647871971 0.002357856 -0.000891078 -0.007002684 0.999972284
17.286140 -0.029759679 -0.147362411 8.704396248 0.002489683 -0.000957876 -0.006320932 0.999976456
17.390270 -0.030005582 -0.148391187 8.760807991 0.002465688 -0.000948074 -0.005704738 0.999980211
17.494400 -0.030034194 -0.149616450 8.817399025 0.002024894 -0.000995386 -0.004856262 0.999985635
17.598420 -0.030435877 -0.150783271 8.873684883 0.001974686 -0.000947825 -0.004935001 0.999985456
17.702520 -0.030736709 -0.152134046 8.930423737 0.001991530 -0.001065691 -0.005001236 0.999984920
17.806640 -0.031207165 -0.153360948 8.986667633 0.002243000 -0.000807036 -0.005360145 0.999982774
17.910650 -0.031513661 -0.154083058 9.043836594 0.002153901 -0.000539889 -0.006075170 0.999979079
18.014770 -0.032063290 -0.155240446 9.100242615 0.001187126 -0.000182295 -0.006381504 0.999978900
18.118900 -0.032294005 -0.156427592 9.157822609 0.000854544 0.000068999 -0.006192612 0.999980450
18.223020 -0.033057552 -0.157767624 9.214709282 0.001627556 0.000625965 -0.006602646 0.999976695
18.327020 -0.033290923 -0.159028426 9.272393227 0.002256094 0.000760095 -0.006635019 0.999975145
18.431150 -0.033791445 -0.160309881 9.329566002 0.001836386 0.001096157 -0.006649737 0.999975562
18.535360 -0.033995844 -0.161449239 9.386725426 0.001363610 0.001025685 -0.006523707 0.999977231
18.639420 -0.034548290 -0.162512943 9.444078445 0.001305479 0.001045597 -0.006847057 0.999975145
18.743480 -0.034605153 -0.163663521 9.501381874 0.001222956 0.000833954 -0.006961254 0.999974668
18.847540 -0.034646861 -0.164660305 9.558591843 0.001206314 0.000821583 -0.007622359 0.999969900
18.951650 -0.035061575 -0.165675715 9.615878105 0.001265833 0.001041302 -0.008434803 0.999963045
19.055650 -0.035357356 -0.166448712 9.673296928 0.001345234 0.001040890 -0.008693941 0.999960721
19.159650 -0.035362974 -0.167838946 9.731569290 0.001052967 0.000837688 -0.007737543 0.999969125
19.263770 -0.035525210 -0.168767288 9.789482117 0.000731153 0.000835371 -0.006970387 0.999975085
19.367870 -0.035622280 -0.169855848 9.847311974 0.000280668 0.000863452 -0.005515350 0.999984384
19.471780 -0.035763592 -0.170923248 9.905403137 0.000729966 0.000742791 -0.004876540 0.999987543
19.575900 -0.035738267 -0.172197789 9.963253975 0.000996536 0.000421204 -0.004186463 0.999990642
19.679910 -0.035858773 -0.173080787 10.021376610 0.000234355 0.000692183 -0.003140948 0.999994814
19.784020 -0.036079049 -0.174119264 10.079421043 -0.000666780 0.000943439 -0.002273159 0.999996722
19.888070 -0.036455151 -0.174813733 10.137373924 -0.000084911 0.001238204 -0.002348016 0.999996483
19.992130 -0.036652550 -0.175779507 10.194928169 0.000355727 0.001420808 -0.002025650 0.999996901
20.096150 -0.036705390 -0.176824570 10.253602982 0.000479803 0.001712966 -0.002431230 0.999995470
20.200150 -0.036868427 -0.177746028 10.312219620 0.000522643 0.002194887 -0.003300057 0.999992013
20.304270 -0.037080470 -0.178875387 10.370427132 0.000685777 0.002760196 -0.004149858 0.999987364
20.408270 -0.037055463 -0.180107087 10.429073334 0.000690956 0.003136682 -0.004686331 0.999983847
20.512310 -0.036939107 -0.181097046 10.487094879 0.001156257 0.003713130 -0.005421563 0.999977767
20.616400 -0.036704361 -0.182415247 10.544713974 0.001258493 0.003928165 -0.005899343 0.999974072
20.720420 -0.036416665 -0.183718830 10.602650642 0.001480383 0.004443018 -0.005576421 0.999973476
20.824520 -0.036261559 -0.184710890 10.661208153 0.001378510 0.004911524 -0.005418676 0.999972284
20.928690 -0.035770051 -0.185815111 10.720317841 0.000985888 0.005128431 -0.005056207 0.999973595
21.032780 -0.035343803 -0.187254563 10.779204369 0.000691368 0.005341211 -0.004727432 0.999974310
21.136780 -0.035045341 -0.188463733 10.837262154 0.001905086 0.005431328 -0.004515161 0.999973238
21.240880 -0.034704909 -0.189443022 10.895663261 0.003206327 0.005329978 -0.004147837 0.999972045
21.344920 -0.034180351 -0.190866292 10.954913139 0.003108884 0.004767674 -0.003812458 0.999976516
21.448900 -0.033597499 -0.192327768 11.014201164 0.003010600 0.004272801 -0.003149285 0.999981403
21.552900 -0.033345729 -0.193551660 11.073355675 0.003345121 0.003725818 -0.003069745 0.999982774
21.657020 -0.033366941 -0.194800973 11.132847786 0.003539492 0.003504653 -0.003323172 0.999982059
21.761020 -0.032958359 -0.196456701 11.191886902 0.003150049 0.002999516 -0.003091696 0.999985754
21.865030 -0.032542758 -0.197421402 11.251594543 0.003237283 0.002477408 -0.003075557 0.999986947
21.969150 -0.032577869 -0.198803991 11.311267853 0.002523057 0.002022988 -0.002772908 0.999990940
22.073170 -0.032793995 -0.199957937 11.370492935 0.001862047 0.001743324 -0.003649593 0.999990106
22.177150 -0.032798655 -0.201216862 11.429386139 0.001711714 0.002132275 -0.003946286 0.999988437
22.281150 -0.033130445 -0.202186644 11.490039825 0.001868227 0.002532898 -0.004010494 0.999987006
22.385270 -0.032827765 -0.202871338 11.549282074 0.002144988 0.002746525 -0.003390051 0.999988198
22.489270 -0.032659158 -0.204593807 11.608756065 0.002457578 0.002831363 -0.002620748 0.999989510
22.593280 -0.032307148 -0.205636054 11.668814659 0.003569198 0.003026098 -0.001835890 0.999987364
22.697420 -0.032063119 -0.207052514 11.728833199 0.004003426 0.002926490 -0.001409313 0.999986708
22.801400 -0.032498159 -0.208483428 11.788889885 0.004488325 0.001988650 -0.001971685 0.999985993
22.905400 -0.032524701 -0.209752694 11.849414825 0.004198963 0.000938225 -0.002467314 0.999987662
23.009400 -0.032732483 -0.211143807 11.910596848 0.002538600 0.000738434 -0.003106408 0.999991655
23.113490 -0.032770284 -0.212301165 11.972312927 0.001078855 0.000984092 -0.002389562 0.999996066
23.217420 -0.032842331 -0.213348180 12.033530235 0.000801510 0.001079286 -0.002115716 0.999996841
23.321400 -0.033210494 -0.214470759 12.093784332 0.001397902 0.001253876 -0.001777635 0.999996662
23.425400 -0.033161245 -0.215660751 12.155293465 0.001419508 0.001401692 -0.001230575 0.999997258
23.529550 -0.033357471 -0.216960609 12.216410637 0.001283832 0.001521762 -0.001403990 0.999997020
23.633550 -0.033471979 -0.218282551 12.277542114 0.001372000 0.001819924 -0.001569527 0.999996126
23.737530 -0.033426333 -0.219632983 12.338825226 0.001784708 0.002031537 -0.002262692 0.999993801
23.841660 -0.033559117 -0.220995009 12.399886131 0.002054325 0.002340595 -0.002669202 0.999991596
23.945650 -0.033781134 -0.222187251 12.461339951 0.001091247 0.002844729 -0.002032769 0.999993265
24.049650 -0.033382758 -0.223501697 12.522911072 0.000501969 0.002727158 -0.001290317 0.999995351
24.153670 -0.033663981 -0.224567503 12.583768845 0.001307417 0.002807194 -0.000953522 0.999994755
24.257780 -0.034147799 -0.225962758 12.644274712 0.001125141 0.002971591 -0.001522189 0.999993801
24.361780 -0.034083009 -0.226694018 12.704573631 0.002401735 0.002814215 -0.002544057 0.999989927
24.465780 -0.034110494 -0.228200078 12.764923096 0.003871638 0.002539601 -0.003565959 0.999982893
24.569780 -0.033955030 -0.229886129 12.824967384 0.003469143 0.002053997 -0.004085662 0.999983490
24.673900 -0.034042947 -0.231297821 12.885062218 0.001744683 0.001635472 -0.004452893 0.999987245
24.777900 -0.034116838 -0.232684478 12.945405960 0.000220215 0.001050395 -0.004867280 0.999987543
24.882030 -0.034478862 -0.233932719 13.006224632 0.000820031 0.000481600 -0.005254098 0.999985754
24.986020 -0.034931496 -0.235009596 13.066501617 0.001687702 -0.000426335 -0.005048808 0.999985754
25.090170 -0.034734316 -0.236466855 13.126749039 0.000880116 -0.001514605 -0.004171942 0.999989748
25.194150 -0.035278685 -0.237732679 13.187058449 0.000513536 -0.001976083 -0.003456121 0.999991953
25.298280 -0.035804659 -0.238861814 13.247005463 0.001079827 -0.002192527 -0.003546160 0.999990702
25.402400 -0.036168247 -0.239993140 13.306860924 0.001534881 -0.002485345 -0.003111551 0.999990880
25.506530 -0.036943987 -0.241103560 13.366395950 0.001615810 -0.002419146 -0.003030338 0.999991179
25.610540 -0.037497904 -0.242530420 13.426482201 0.001559030 -0.002435823 -0.002625182 0.999992371
25.714650 -0.038053624 -0.243972987 13.486319542 0.001805531 -0.002365472 -0.002472983 0.999992490
25.818650 -0.038563035 -0.245204762 13.546303749 0.002167831 -0.002505648 -0.002441985 0.999991536
25.922780 -0.039089236 -0.246605113 13.606260300 0.002067375 -0.002316058 -0.002291648 0.999992549
26.026980 -0.039670691 -0.247793376 13.666380882 0.002563763 -0.002280838 -0.002367615 0.999991298
26.130900 -0.040074650 -0.249227971 13.726566315 0.003132502 -0.002381471 -0.001666166 0.999990880
26.235050 -0.040327735 -0.250592619 13.786753654 0.002144306 -0.002438323 -0.000725405 0.999994457
26.339150 -0.040519677 -0.251736343 13.846633911 0.001824276 -0.002554815 0.000120600 0.999995053
26.443290 -0.041059077 -0.252993971 13.906528473 0.002319153 -0.002511807 0.000261255 0.999994159
26.547800 -0.041544493 -0.254282892 13.966879845 0.002681893 -0.002370387 -0.000322232 0.999993563
26.651410 -0.042155351 -0.255512327 14.027061462 0.002221856 -0.002238928 -0.001008789 0.999994516
26.757930 -0.042403847 -0.256828725 14.086944580 0.001789332 -0.002236465 -0.001432490 0.999994874
26.862580 -0.043299235 -0.258040875 14.146925926 0.002004280 -0.001824230 -0.001898364 0.999994516
26.963660 -0.044131909 -0.259308368 14.207164764 0.002327191 -0.001547397 -0.001750524 0.999994576
27.067820 -0.044368647 -0.260778964 14.267628670 0.002246228 -0.001552815 -0.001754666 0.999994695
27.171920 -0.044864416 -0.261986524 14.328585625 0.002370345 -0.001484713 -0.001700726 0.999994636
27.276060 -0.045269139 -0.263106048 14.389864922 0.002398403 -0.001542114 -0.002529352 0.999992728
27.380140 -0.045781218 -0.264440536 14.450470924 0.002112542 -0.001375464 -0.003396948 0.999991059
27.484700 -0.046569031 -0.265782148 14.510539055 0.002675123 -0.000806551 -0.004516947 0.999985874
27.588410 -0.047166623 -0.267036080 14.571150780 0.002924848 -0.000555256 -0.004894278 0.999983549
27.692530 -0.047082350 -0.268428117 14.632235527 0.002775506 -0.000740425 -0.004814044 0.999984324
27.796540 -0.047295071 -0.269902408 14.693317413 0.002227647 -0.000738815 -0.005138393 0.999984026
27.900670 -0.047764234 -0.271202981 14.754387856 0.002076731 -0.000604775 -0.005655957 0.999981642
28.005230 -0.047891371 -0.272720695 14.814907074 0.002194820 -0.000400070 -0.006293097 0.999977708
28.108940 -0.048354186 -0.273879379 14.875017166 0.002078901 -0.000135723 -0.006117975 0.999979079
