#frame chA chB nCorr nA nB MNR GNR DICE
166 0 1 0 454 330 0 0 0
167 0 1 0 430 330 0 0 0
168 0 1 0 407 309 0 0 0
169 0 1 0 393 331 0 0 0
170 0 1 192 326 302 0.635762 0.611912 0.611465
171 0 1 213 336 329 0.647416 0.640637 0.640602
172 0 1 218 323 314 0.694268 0.684527 0.684458
173 0 1 223 349 329 0.677812 0.658103 0.657817
174 0 1 232 343 322 0.720497 0.698093 0.697744
175 0 1 241 330 312 0.772436 0.751074 0.750779
176 0 1 232 315 301 0.770764 0.753441 0.753247
177 0 1 232 381 401 0.608924 0.593545 0.59335
178 0 1 227 360 401 0.630556 0.597451 0.596583
179 0 1 200 232 346 0.862069 0.705908 0.692042
180 0 1 209 274 422 0.762774 0.614631 0.600575
181 0 1 211 261 393 0.808429 0.658819 0.64526
182 0 1 213 298 379 0.714765 0.633799 0.629247
183 0 1 198 271 357 0.730627 0.63657 0.630573
184 0 1 228 337 445 0.676558 0.588762 0.58312
185 0 1 218 321 439 0.679128 0.580727 0.573684
186 0 1 203 297 405 0.683502 0.585316 0.578348
187 0 1 181 278 390 0.651079 0.549698 0.541916
188 0 1 201 267 370 0.752809 0.639499 0.631083
189 0 1 204 290 444 0.703448 0.568512 0.555858
190 0 1 193 272 408 0.709559 0.579352 0.567647
191 0 1 184 231 391 0.796537 0.612242 0.59164
192 0 1 170 265 410 0.641509 0.515744 0.503704
193 0 1 187 236 363 0.792373 0.638899 0.624374
194 0 1 175 244 399 0.717213 0.560863 0.544324
195 0 1 154 215 360 0.716279 0.553542 0.535652
196 0 1 156 225 386 0.693333 0.529346 0.510638
197 0 1 151 224 343 0.674107 0.544761 0.532628
198 0 1 146 229 376 0.637555 0.497555 0.482645
199 0 1 137 208 329 0.658654 0.52371 0.510242
200 0 1 140 216 357 0.648148 0.504158 0.488656
201 0 1 134 208 311 0.644231 0.526857 0.516378
202 0 1 132 229 358 0.576419 0.461015 0.449744
203 0 1 129 203 323 0.635468 0.503779 0.490494
204 0 1 139 198 312 0.70202 0.559249 0.545098
205 0 1 118 220 318 0.536364 0.446126 0.438662
206 0 1 132 218 319 0.605505 0.500553 0.49162
207 0 1 128 197 294 0.649746 0.531867 0.521385
208 0 1 115 222 340 0.518018 0.418583 0.409253
209 0 1 125 225 332 0.555556 0.457351 0.448833
210 0 1 123 215 309 0.572093 0.477207 0.469466
211 0 1 127 209 289 0.607656 0.516751 0.51004
212 0 1 113 189 256 0.597884 0.513721 0.507865
213 0 1 111 233 317 0.476395 0.408428 0.403636
214 0 1 116 237 324 0.489451 0.418612 0.413547
215 0 1 102 220 284 0.463636 0.408065 0.404762
216 0 1 97 216 298 0.449074 0.382329 0.377432
217 0 1 115 209 261 0.550239 0.492385 0.489362
218 0 1 121 263 352 0.460076 0.397682 0.393496
219 0 1 114 258 336 0.44186 0.387191 0.383838
220 0 1 107 252 317 0.424603 0.378577 0.376098
221 0 1 105 245 286 0.428571 0.396664 0.39548
222 0 1 119 239 264 0.497908 0.473747 0.473161
223 0 1 130 223 275 0.58296 0.524958 0.522088
224 0 1 122 262 337 0.465649 0.410577 0.407346
225 0 1 116 257 335 0.451362 0.395338 0.391892
226 0 1 110 243 314 0.452675 0.398221 0.394973
227 0 1 110 229 294 0.480349 0.423937 0.42065
228 0 1 124 244 345 0.508197 0.427383 0.421053
229 0 1 118 245 356 0.481633 0.399553 0.392679
230 0 1 116 231 331 0.502164 0.419506 0.412811
231 0 1 109 222 311 0.490991 0.41483 0.409006
232 0 1 119 260 351 0.457692 0.393919 0.389525
233 0 1 110 235 324 0.468085 0.398645 0.39356
234 0 1 113 224 315 0.504464 0.425402 0.419295
235 0 1 107 246 333 0.434959 0.373847 0.369603
236 0 1 118 237 333 0.49789 0.420035 0.414035
237 0 1 110 215 296 0.511628 0.436041 0.430528
238 0 1 96 241 334 0.39834 0.338368 0.333913
239 0 1 111 238 314 0.466387 0.406041 0.402174
240 0 1 105 218 293 0.481651 0.415458 0.410959
241 0 1 93 253 317 0.367589 0.328392 0.326316
242 0 1 95 232 301 0.409483 0.359498 0.356473
243 0 1 99 252 307 0.392857 0.355931 0.354204
244 0 1 96 250 294 0.384 0.354101 0.352941
245 0 1 100 226 283 0.442478 0.395414 0.392927
246 0 1 98 262 335 0.374046 0.330791 0.328308
247 0 1 105 240 312 0.4375 0.383713 0.380435
248 0 1 98 232 296 0.422414 0.37397 0.371212
249 0 1 99 222 276 0.445946 0.399949 0.39759
250 0 1 106 247 313 0.42915 0.381228 0.378571
251 0 1 103 247 313 0.417004 0.370439 0.367857
252 0 1 102 229 293 0.445415 0.393775 0.390805
253 0 1 100 221 277 0.452489 0.40417 0.401606
254 0 1 112 264 380 0.424242 0.35361 0.347826
255 0 1 112 262 372 0.427481 0.358753 0.353312
256 0 1 106 250 349 0.424 0.358858 0.353923
257 0 1 104 235 331 0.442553 0.372894 0.367491
258 0 1 129 218 327 0.591743 0.483156 0.473394
259 0 1 122 209 305 0.583732 0.483211 0.474708
260 0 1 116 270 399 0.42963 0.353419 0.346786
261 0 1 106 267 402 0.397004 0.323547 0.316891
262 0 1 116 266 393 0.43609 0.358774 0.352049
263 0 1 112 252 365 0.444444 0.369293 0.363047
264 0 1 146 240 358 0.608333 0.498088 0.488294
265 0 1 137 230 338 0.595652 0.491358 0.482394
266 0 1 124 274 428 0.452555 0.362097 0.353276
267 0 1 124 291 413 0.426117 0.357685 0.352273
268 0 1 121 275 410 0.44 0.360352 0.353285
269 0 1 120 260 390 0.461538 0.376845 0.369231
270 0 1 127 249 371 0.51004 0.417847 0.409677
271 0 1 127 233 359 0.545064 0.439115 0.429054
272 0 1 125 272 433 0.459559 0.364235 0.35461
273 0 1 120 272 435 0.441176 0.348861 0.339463
274 0 1 114 259 412 0.440154 0.348985 0.339791
275 0 1 114 252 380 0.452381 0.368394 0.360759
276 0 1 132 239 369 0.552301 0.44449 0.434211
277 0 1 123 268 435 0.458955 0.360241 0.349929
278 0 1 138 277 448 0.498195 0.391742 0.38069
279 0 1 135 267 419 0.505618 0.403619 0.393586
280 0 1 125 257 389 0.486381 0.395338 0.386997
281 0 1 144 253 377 0.56917 0.466264 0.457143
282 0 1 138 294 438 0.469388 0.384564 0.377049
283 0 1 132 288 417 0.458333 0.380899 0.374468
284 0 1 130 280 411 0.464286 0.383216 0.376266
285 0 1 122 255 385 0.478431 0.389367 0.38125
286 0 1 143 309 444 0.462783 0.386069 0.379814
287 0 1 132 297 420 0.444444 0.373741 0.368201
288 0 1 125 275 406 0.454545 0.374094 0.367107
289 0 1 125 313 452 0.399361 0.332329 0.326797
290 0 1 142 304 448 0.467105 0.38478 0.37766
291 0 1 142 291 418 0.487972 0.407149 0.400564
292 0 1 139 275 413 0.505455 0.412452 0.40407
293 0 1 145 316 469 0.458861 0.37665 0.369427
294 0 1 158 306 460 0.51634 0.421131 0.412533
295 0 1 143 300 439 0.476667 0.394043 0.387009
296 0 1 126 286 416 0.440559 0.365293 0.358974
297 0 1 165 274 404 0.60219 0.495927 0.486726
298 0 1 152 316 481 0.481013 0.389877 0.38143
299 0 1 149 327 478 0.455657 0.376876 0.370186
300 0 1 148 310 450 0.477419 0.396255 0.389474
301 0 1 140 294 430 0.47619 0.39375 0.38674
302 0 1 179 274 415 0.653285 0.530828 0.519594
303 0 1 158 318 468 0.496855 0.409563 0.402036
304 0 1 158 319 467 0.495298 0.409358 0.402036
305 0 1 145 293 437 0.494881 0.405222 0.39726
306 0 1 132 273 404 0.483516 0.397468 0.389956
307 0 1 169 329 487 0.513678 0.422206 0.414216
308 0 1 158 302 443 0.523179 0.431968 0.424161
309 0 1 149 298 449 0.5 0.407338 0.398929
310 0 1 148 286 425 0.517483 0.424506 0.416315
311 0 1 162 314 493 0.515924 0.411743 0.401487
312 0 1 163 310 478 0.525806 0.423441 0.413706
313 0 1 157 296 452 0.530405 0.429225 0.419786
314 0 1 159 284 427 0.559859 0.456587 0.447257
315 0 1 174 321 486 0.542056 0.440533 0.431227
316 0 1 174 310 469 0.56129 0.456333 0.446727
317 0 1 170 295 486 0.576271 0.448973 0.435339
318 0 1 168 276 452 0.608696 0.475648 0.461538
319 0 1 189 335 507 0.564179 0.458601 0.448931
320 0 1 173 315 472 0.549206 0.448663 0.439644
321 0 1 175 307 466 0.570033 0.462675 0.452781
322 0 1 155 280 428 0.553571 0.447745 0.437853
323 0 1 172 333 478 0.516517 0.431114 0.424168
324 0 1 162 319 432 0.507837 0.436393 0.431425
325 0 1 151 301 430 0.501661 0.41972 0.413133
326 0 1 143 333 482 0.429429 0.356936 0.35092
327 0 1 154 305 461 0.504918 0.410696 0.402089
328 0 1 147 297 446 0.494949 0.403898 0.395693
329 0 1 126 272 408 0.463235 0.37823 0.370588
330 0 1 155 332 445 0.466867 0.403258 0.39897
331 0 1 148 315 416 0.469841 0.408846 0.404925
332 0 1 132 297 412 0.444444 0.377352 0.372355
333 0 1 119 328 447 0.362805 0.310782 0.307097
334 0 1 131 307 413 0.42671 0.367898 0.363889
335 0 1 132 301 392 0.438538 0.38428 0.380952
336 0 1 118 341 442 0.346041 0.303944 0.301405
337 0 1 115 299 403 0.384615 0.331291 0.327635
338 0 1 117 279 403 0.419355 0.348924 0.343109
339 0 1 106 317 418 0.334385 0.291198 0.288435
340 0 1 127 291 392 0.436426 0.376023 0.371889
341 0 1 130 277 383 0.469314 0.399121 0.393939
342 0 1 114 304 439 0.375 0.312058 0.306864
343 0 1 118 279 404 0.422939 0.351471 0.345534
344 0 1 120 274 404 0.437956 0.360674 0.353982
345 0 1 122 312 448 0.391026 0.32632 0.321053
346 0 1 140 293 428 0.477816 0.395341 0.38835
347 0 1 139 294 431 0.472789 0.390483 0.383448
348 0 1 137 276 404 0.496377 0.410275 0.402941
349 0 1 158 317 450 0.498423 0.418332 0.411995
350 0 1 150 300 423 0.5 0.421076 0.414938
351 0 1 142 297 421 0.478114 0.401577 0.395543
352 0 1 134 292 393 0.458904 0.395564 0.391241
353 0 1 138 318 439 0.433962 0.369346 0.364597
354 0 1 137 301 413 0.45515 0.388564 0.383754
355 0 1 142 298 399 0.47651 0.411807 0.407461
356 0 1 128 325 455 0.393846 0.332861 0.328205
357 0 1 137 316 435 0.433544 0.369515 0.364847
358 0 1 145 301 439 0.481728 0.398889 0.391892
359 0 1 136 353 480 0.385269 0.330393 0.326531
360 0 1 160 326 451 0.490798 0.417276 0.41184
361 0 1 165 328 454 0.503049 0.427582 0.421995
362 0 1 148 296 426 0.5 0.416784 0.409972
363 0 1 177 352 510 0.502841 0.41775 0.410673
364 0 1 177 331 489 0.534743 0.439952 0.431707
365 0 1 168 335 476 0.501493 0.420711 0.414303
366 0 1 152 310 442 0.490323 0.410631 0.404255
367 0 1 168 364 504 0.461538 0.392232 0.387097
368 0 1 156 343 477 0.454811 0.385672 0.380488
369 0 1 170 324 457 0.524691 0.441792 0.435339
370 0 1 167 313 446 0.533546 0.446968 0.440053
371 0 1 182 361 504 0.504155 0.42668 0.420809
372 0 1 170 337 475 0.504451 0.4249 0.418719
373 0 1 168 327 463 0.513761 0.431762 0.425316
374 0 1 170 323 463 0.526316 0.439599 0.43257
375 0 1 185 379 510 0.488127 0.420792 0.416198
376 0 1 189 368 496 0.513587 0.442382 0.4375
377 0 1 193 377 502 0.511936 0.443644 0.439135
378 0 1 186 349 474 0.532951 0.45731 0.452005
379 0 1 207 400 544 0.5175 0.443753 0.438559
380 0 1 201 382 530 0.526178 0.446711 0.440789
381 0 1 199 373 510 0.533512 0.456261 0.450736
382 0 1 194 361 488 0.537396 0.462209 0.457008
383 0 1 217 413 556 0.525424 0.452843 0.447884
384 0 1 203 379 511 0.53562 0.461281 0.45618
385 0 1 199 376 489 0.529255 0.464093 0.460116
386 0 1 196 372 497 0.526882 0.455834 0.451093
387 0 1 209 404 545 0.517327 0.445407 0.440464
388 0 1 208 371 521 0.560647 0.473105 0.466368
389 0 1 198 352 494 0.5625 0.474822 0.468085
390 0 1 196 343 472 0.571429 0.487122 0.480982
391 0 1 223 398 539 0.560301 0.48147 0.475987
392 0 1 215 380 513 0.565789 0.486954 0.481523
393 0 1 217 373 492 0.581769 0.506551 0.501734
394 0 1 210 381 483 0.551181 0.489534 0.486111
395 0 1 248 360 459 0.688889 0.61009 0.605617
396 0 1 242 395 510 0.612658 0.539177 0.534807
397 0 1 217 356 486 0.609551 0.521695 0.515439
398 0 1 218 352 448 0.619318 0.548967 0.545
399 0 1 215 355 442 0.605634 0.542767 0.539523
400 0 1 219 407 485 0.538084 0.49292 0.491031
401 0 1 218 387 470 0.563307 0.511154 0.508751
402 0 1 216 370 453 0.583784 0.527599 0.524909
403 0 1 212 373 437 0.568365 0.525098 0.523457
404 0 1 235 377 515 0.623342 0.533327 0.526906
405 0 1 244 378 490 0.645503 0.566952 0.562212
406 0 1 213 369 455 0.577236 0.519829 0.51699
407 0 1 233 370 472 0.62973 0.55755 0.553444
408 0 1 241 356 459 0.676966 0.596191 0.591411
409 0 1 249 387 497 0.643411 0.567761 0.563348
410 0 1 239 360 483 0.663889 0.573156 0.567023
411 0 1 237 353 483 0.671388 0.573968 0.566986
412 0 1 237 361 484 0.65651 0.566986 0.560947
413 0 1 248 347 474 0.714697 0.611502 0.604141
414 0 1 247 396 519 0.623737 0.544836 0.539891
415 0 1 232 371 492 0.625337 0.543023 0.537659
416 0 1 248 372 482 0.666667 0.585675 0.580796
417 0 1 247 381 496 0.648294 0.56819 0.563284
418 0 1 261 376 447 0.694149 0.636638 0.634265
419 0 1 237 396 491 0.598485 0.537477 0.534386
420 0 1 221 376 451 0.587766 0.536673 0.534462
421 0 1 215 356 436 0.603933 0.54572 0.542929
422 0 1 197 351 410 0.561254 0.519303 0.51774
423 0 1 196 385 470 0.509091 0.460762 0.45848
424 0 1 204 384 452 0.53125 0.489661 0.488038
425 0 1 196 330 430 0.593939 0.520313 0.515789
426 0 1 198 324 432 0.611111 0.529238 0.52381
427 0 1 224 356 474 0.629214 0.545298 0.539759
428 0 1 203 331 452 0.613293 0.524823 0.518519
429 0 1 194 309 433 0.627832 0.53037 0.522911
430 0 1 198 330 427 0.6 0.527466 0.523118
431 0 1 194 297 398 0.653199 0.564264 0.558273
432 0 1 207 353 467 0.586402 0.509829 0.504878
433 0 1 200 332 454 0.60241 0.515149 0.508906
434 0 1 178 309 426 0.576052 0.49061 0.484354
435 0 1 193 323 423 0.597523 0.522139 0.517426
436 0 1 213 314 393 0.678344 0.606343 0.602546
437 0 1 215 336 466 0.639881 0.543345 0.53616
438 0 1 203 332 415 0.611446 0.546894 0.543507
439 0 1 182 311 408 0.585209 0.51093 0.506259
440 0 1 191 305 404 0.62623 0.544118 0.538787
441 0 1 193 355 464 0.543662 0.475537 0.471306
442 0 1 195 337 445 0.578635 0.503547 0.498721
443 0 1 188 325 412 0.578462 0.513769 0.510176
444 0 1 188 323 411 0.582043 0.515983 0.512262
445 0 1 211 314 414 0.671975 0.585218 0.57967
446 0 1 191 341 469 0.560117 0.477606 0.471605
447 0 1 203 339 444 0.59882 0.523245 0.518519
448 0 1 180 318 436 0.566038 0.48341 0.477454
449 0 1 188 323 434 0.582043 0.502125 0.496697
450 0 1 208 297 420 0.700337 0.588926 0.580195
451 0 1 215 360 487 0.597222 0.513479 0.507674
452 0 1 191 341 452 0.560117 0.486505 0.481715
453 0 1 181 318 413 0.569182 0.499448 0.495212
454 0 1 180 307 426 0.586319 0.497735 0.491132
455 0 1 198 299 409 0.662207 0.566198 0.559322
456 0 1 200 319 457 0.626959 0.523813 0.515464
457 0 1 211 309 423 0.682848 0.583624 0.576503
458 0 1 185 284 391 0.651408 0.555168 0.548148
459 0 1 173 287 381 0.602787 0.52317 0.517964
460 0 1 190 262 361 0.725191 0.617802 0.609952
461 0 1 188 302 410 0.622517 0.534272 0.52809
462 0 1 181 270 387 0.67037 0.55994 0.550989
463 0 1 165 269 367 0.613383 0.52514 0.518868
464 0 1 174 246 372 0.707317 0.575189 0.563107
465 0 1 181 239 353 0.757322 0.62315 0.611486
466 0 1 165 277 378 0.595668 0.509915 0.503817
467 0 1 173 267 372 0.64794 0.548933 0.541471
468 0 1 152 248 339 0.612903 0.524225 0.517888
469 0 1 158 251 361 0.629482 0.524888 0.51634
470 0 1 152 218 328 0.697248 0.568432 0.556777
471 0 1 154 260 396 0.592308 0.479939 0.469512
472 0 1 142 229 335 0.620087 0.512682 0.503546
473 0 1 125 220 327 0.568182 0.466042 0.457038
474 0 1 135 229 339 0.58952 0.484525 0.475352
475 0 1 138 219 323 0.630137 0.518867 0.509225
476 0 1 152 260 368 0.584615 0.491398 0.484076
477 0 1 146 246 337 0.593496 0.507073 0.500858
478 0 1 123 209 337 0.588517 0.463465 0.450549
479 0 1 139 234 337 0.594017 0.494985 0.486865
480 0 1 153 218 330 0.701835 0.570435 0.558394
481 0 1 169 282 375 0.599291 0.519693 0.51446
482 0 1 151 260 361 0.580769 0.492875 0.486312
483 0 1 139 236 330 0.588983 0.498083 0.491166
484 0 1 151 249 340 0.606426 0.518965 0.512733
485 0 1 161 227 319 0.709251 0.598298 0.589744
486 0 1 165 259 375 0.637066 0.529442 0.520505
487 0 1 159 257 365 0.618677 0.51914 0.511254
488 0 1 164 236 335 0.694915 0.583264 0.574431
489 0 1 163 239 322 0.682008 0.587572 0.581105
490 0 1 168 271 404 0.619926 0.507731 0.497778
491 0 1 148 251 369 0.589641 0.486308 0.477419
492 0 1 145 217 324 0.668203 0.546847 0.536044
493 0 1 151 224 328 0.674107 0.557078 0.547101
494 0 1 150 190 287 0.789474 0.642353 0.628931
495 0 1 143 237 359 0.603376 0.490247 0.479866
496 0 1 126 219 316 0.575342 0.478966 0.471028
497 0 1 117 188 297 0.62234 0.495141 0.482474
498 0 1 107 181 312 0.59116 0.450264 0.434077
499 0 1 110 214 370 0.514019 0.390917 0.376712
500 0 1 122 199 317 0.613065 0.48574 0.472868
501 0 1 106 187 291 0.566845 0.4544 0.443515
502 0 1 105 185 287 0.567568 0.455683 0.444915
503 0 1 117 246 365 0.47561 0.390456 0.382979
504 0 1 108 222 349 0.486486 0.388003 0.378284
505 0 1 112 201 313 0.557214 0.446527 0.435798
506 0 1 113 213 317 0.530516 0.43487 0.426415
507 0 1 137 247 398 0.554656 0.436949 0.424806
508 0 1 130 234 344 0.555556 0.458201 0.449827
509 0 1 128 217 349 0.589862 0.465123 0.452297
510 0 1 117 208 311 0.5625 0.460017 0.450867
511 0 1 130 255 371 0.509804 0.422655 0.415335
512 0 1 123 230 361 0.534783 0.426862 0.416244
513 0 1 128 234 337 0.547009 0.455813 0.448336
514 0 1 120 210 320 0.571429 0.46291 0.45283
515 0 1 141 267 384 0.52809 0.44035 0.43318
516 0 1 125 230 347 0.543478 0.442468 0.433276
517 0 1 122 217 334 0.562212 0.453165 0.442831
518 0 1 105 204 294 0.514706 0.428746 0.421687
519 0 1 120 235 344 0.510638 0.422054 0.414508
520 0 1 111 221 304 0.502262 0.428243 0.422857
521 0 1 108 191 275 0.565445 0.471238 0.463519
522 0 1 96 169 253 0.568047 0.464267 0.454976
523 0 1 98 210 294 0.466667 0.394405 0.388889
524 0 1 93 180 237 0.516667 0.450269 0.446043
525 0 1 95 171 238 0.555556 0.470909 0.464548
526 0 1 81 199 272 0.407035 0.348156 0.343949
527 0 1 86 180 230 0.477778 0.422667 0.419512
528 0 1 74 162 222 0.45679 0.390209 0.385417
529 0 1 72 193 274 0.373057 0.313097 0.308351
530 0 1 76 160 238 0.475 0.389462 0.38191
531 0 1 64 133 207 0.481203 0.385717 0.376471
532 0 1 58 138 239 0.42029 0.319367 0.307692
533 0 1 58 128 208 0.453125 0.35546 0.345238
534 0 1 65 114 178 0.570175 0.4563 0.445205
535 0 1 53 135 198 0.392593 0.324173 0.318318
536 0 1 60 127 181 0.472441 0.39574 0.38961
537 0 1 49 100 150 0.49 0.400083 0.392
538 0 1 45 126 173 0.357143 0.304792 0.301003
539 0 1 47 115 157 0.408696 0.349783 0.345588
540 0 1 38 127 197 0.299213 0.240242 0.234568
541 0 1 32 119 198 0.268908 0.20847 0.201893
542 0 1 31 146 213 0.212329 0.175791 0.172702
543 0 1 34 132 194 0.257576 0.212467 0.208589
544 0 1 42 124 157 0.33871 0.301015 0.298932
545 0 1 32 137 204 0.233577 0.191414 0.187683
546 0 1 51 129 197 0.395349 0.319921 0.312883
547 0 1 50 115 170 0.434783 0.357599 0.350877
548 0 1 41 151 195 0.271523 0.238934 0.236994
549 0 1 63 153 195 0.411765 0.364735 0.362069
550 0 1 58 136 198 0.426471 0.353448 0.347305
551 0 1 59 216 269 0.273148 0.244765 0.243299
552 0 1 73 210 272 0.347619 0.305442 0.302905
553 0 1 77 198 263 0.388889 0.337427 0.334056
554 0 1 74 192 238 0.385417 0.346173 0.344186
555 0 1 92 185 222 0.497297 0.453968 0.452088
556 0 1 97 173 218 0.560694 0.499483 0.496164
557 0 1 86 304 380 0.282895 0.253029 0.251462
558 0 1 97 304 363 0.319079 0.291999 0.290855
559 0 1 91 283 360 0.321555 0.2851 0.283048
560 0 1 85 279 345 0.304659 0.273973 0.272436
561 0 1 151 266 327 0.567669 0.511991 0.509275
562 0 1 155 250 316 0.62 0.551465 0.547703
563 0 1 162 254 304 0.637795 0.58299 0.580645
564 0 1 151 232 290 0.650862 0.582149 0.578544
565 0 1 142 226 280 0.628319 0.564489 0.561265
566 0 1 137 298 388 0.459732 0.402899 0.399417
567 0 1 133 298 386 0.446309 0.392148 0.388889
568 0 1 119 287 351 0.414634 0.374932 0.373041
569 0 1 116 281 333 0.412811 0.379213 0.37785
570 0 1 175 274 318 0.638686 0.592856 0.591216
571 0 1 160 242 291 0.661157 0.602929 0.600375
572 0 1 152 289 354 0.525952 0.475218 0.472784
573 0 1 150 280 347 0.535714 0.481224 0.478469
574 0 1 149 270 321 0.551852 0.506118 0.50423
575 0 1 130 251 296 0.517928 0.476937 0.47532
576 0 1 157 314 374 0.5 0.458141 0.456395
577 0 1 155 284 356 0.545775 0.48747 0.484375
578 0 1 155 287 347 0.54007 0.491163 0.488959
579 0 1 136 275 316 0.494545 0.461348 0.460237
580 0 1 154 329 392 0.468085 0.428825 0.427184
581 0 1 167 323 399 0.517028 0.465188 0.462604
582 0 1 160 303 368 0.528053 0.479154 0.4769
583 0 1 153 298 329 0.513423 0.488636 0.488038
584 0 1 165 342 386 0.482456 0.454127 0.453297
585 0 1 168 341 377 0.492669 0.468556 0.467967
586 0 1 172 324 373 0.530864 0.494768 0.493544
587 0 1 160 300 347 0.533333 0.495901 0.49459
588 0 1 179 360 449 0.497222 0.445224 0.442522
589 0 1 183 353 451 0.518414 0.458644 0.455224
590 0 1 181 346 423 0.523121 0.473119 0.470741
591 0 1 186 341 403 0.545455 0.501745 0.5
592 0 1 221 327 382 0.675841 0.625298 0.623413
593 0 1 210 306 367 0.686275 0.626651 0.624071
594 0 1 199 377 481 0.527851 0.467315 0.463869
595 0 1 203 374 477 0.542781 0.480619 0.477086
596 0 1 187 348 445 0.537356 0.475195 0.471627
597 0 1 192 351 422 0.547009 0.498875 0.496766
598 0 1 211 329 408 0.641337 0.57591 0.572592
599 0 1 214 311 385 0.688103 0.618448 0.614943
600 0 1 224 368 476 0.608696 0.535206 0.530806
601 0 1 198 359 466 0.551532 0.484089 0.48
602 0 1 175 326 411 0.53681 0.478089 0.474898
603 0 1 178 327 409 0.544343 0.486726 0.483696
604 0 1 202 309 390 0.653722 0.581889 0.577969
605 0 1 192 357 431 0.537815 0.489473 0.48731
606 0 1 180 332 394 0.542169 0.497686 0.495868
607 0 1 165 330 390 0.5 0.459933 0.458333
608 0 1 164 359 430 0.456825 0.41741 0.415716
609 0 1 179 357 422 0.501401 0.461172 0.459564
610 0 1 171 337 410 0.507418 0.460033 0.457831
611 0 1 130 251 404 0.517928 0.40824 0.396947
612 0 1 155 256 391 0.605469 0.489918 0.479134
613 0 1 161 250 373 0.644 0.527232 0.516854
614 0 1 160 295 423 0.542373 0.452938 0.445682
615 0 1 162 284 406 0.570423 0.477082 0.469565
616 0 1 160 276 397 0.57971 0.483359 0.475483
617 0 1 151 300 433 0.503333 0.41896 0.412005
618 0 1 155 268 412 0.578358 0.466461 0.455882
619 0 1 151 266 379 0.567669 0.475572 0.468217
620 0 1 131 258 418 0.507752 0.398909 0.387574
621 0 1 128 231 372 0.554113 0.436649 0.424544
622 0 1 126 225 354 0.56 0.446455 0.435233
623 0 1 113 180 304 0.627778 0.483065 0.466942
624 0 1 109 183 325 0.595628 0.44695 0.429134
625 0 1 99 148 290 0.668919 0.477865 0.452055
626 0 1 101 147 286 0.687075 0.492583 0.466513
627 0 1 87 143 304 0.608392 0.417267 0.389262
628 0 1 83 121 272 0.68595 0.45751 0.422392
629 0 1 65 103 257 0.631068 0.39951 0.361111
630 0 1 65 99 222 0.656566 0.438449 0.404984
631 0 1 65 110 250 0.590909 0.391965 0.361111
632 0 1 59 96 221 0.614583 0.405061 0.37224
633 0 1 52 94 199 0.553191 0.380201 0.354949
634 0 1 50 105 256 0.47619 0.304969 0.277008
635 0 1 42 82 235 0.512195 0.302558 0.264984
636 0 1 43 71 224 0.605634 0.340969 0.291525
637 0 1 39 95 283 0.410526 0.237854 0.206349
638 0 1 35 77 247 0.454545 0.25379 0.216049
639 0 1 36 79 233 0.455696 0.265345 0.230769
640 0 1 33 88 292 0.375 0.205864 0.173684
641 0 1 57 90 261 0.633333 0.371906 0.324786
642 0 1 51 87 246 0.586207 0.348613 0.306306
643 0 1 44 100 326 0.44 0.243693 0.206573
644 0 1 51 91 286 0.56044 0.316131 0.270557
645 0 1 57 91 274 0.626374 0.360976 0.312329
646 0 1 53 73 244 0.726027 0.397118 0.334385
647 0 1 57 87 275 0.655172 0.36851 0.314917
648 0 1 45 80 237 0.5625 0.326809 0.283912
649 0 1 49 73 230 0.671233 0.378156 0.323432
650 0 1 33 86 236 0.383721 0.231637 0.204969
651 0 1 34 71 196 0.478873 0.288218 0.254682
652 0 1 27 63 197 0.428571 0.24236 0.207692
653 0 1 23 116 217 0.198276 0.144967 0.138138
654 0 1 17 99 194 0.171717 0.122668 0.116041
655 0 1 23 84 177 0.27381 0.188626 0.176245
656 0 1 22 132 244 0.166667 0.122586 0.117021
657 0 1 28 119 190 0.235294 0.186212 0.18123
658 0 1 24 113 188 0.212389 0.164662 0.159468
659 0 1 22 154 270 0.142857 0.10789 0.103774
660 0 1 27 141 260 0.191489 0.141016 0.134663
661 0 1 36 130 249 0.276923 0.200093 0.189974
662 0 1 39 168 311 0.232143 0.17062 0.162839
663 0 1 50 150 283 0.333333 0.242678 0.230947
664 0 1 49 142 279 0.34507 0.246178 0.232779
665 0 1 48 135 256 0.355556 0.258199 0.245524
666 0 1 62 164 297 0.378049 0.280926 0.26898
667 0 1 64 147 277 0.435374 0.317162 0.301887
668 0 1 63 138 244 0.456522 0.343326 0.329843
669 0 1 60 174 291 0.344828 0.266643 0.258065
670 0 1 76 171 263 0.444444 0.358375 0.35023
671 0 1 67 170 251 0.394118 0.32435 0.31829
672 0 1 68 155 223 0.43871 0.365755 0.359788
673 0 1 82 177 248 0.463277 0.391382 0.385882
674 0 1 84 164 222 0.512195 0.440231 0.435233
675 0 1 83 157 209 0.528662 0.4582 0.453552
676 0 1 60 183 313 0.327869 0.2507 0.241935
677 0 1 86 188 305 0.457447 0.359145 0.348884
678 0 1 81 173 271 0.468208 0.374091 0.364865
679 0 1 87 172 267 0.505814 0.405975 0.396355
680 0 1 96 150 248 0.64 0.497737 0.482412
681 0 1 104 202 357 0.514852 0.387279 0.372093
682 0 1 94 198 345 0.474747 0.359655 0.346225
683 0 1 106 198 326 0.535354 0.417219 0.40458
684 0 1 99 169 314 0.585799 0.429761 0.409938
685 0 1 116 168 297 0.690476 0.519308 0.498925
686 0 1 107 158 279 0.677215 0.509628 0.489703
687 0 1 120 152 266 0.789474 0.596786 0.574163
688 0 1 105 200 340 0.525 0.402657 0.388889
689 0 1 113 192 353 0.588542 0.434051 0.414679
690 0 1 115 182 323 0.631868 0.474308 0.455446
691 0 1 103 179 326 0.575419 0.426385 0.407921
692 0 1 118 163 289 0.723926 0.543675 0.522124
693 0 1 121 275 427 0.44 0.353106 0.344729
694 0 1 117 257 413 0.455253 0.359124 0.349254
695 0 1 125 256 417 0.488281 0.38258 0.371471
696 0 1 114 251 382 0.454183 0.36816 0.36019
697 0 1 159 233 377 0.682403 0.536474 0.521311
698 0 1 173 228 359 0.758772 0.604688 0.589438
699 0 1 182 230 361 0.791304 0.631617 0.615905
700 0 1 172 212 351 0.811321 0.630532 0.611012
701 0 1 170 317 462 0.536278 0.44422 0.436457
702 0 1 171 313 457 0.546326 0.452133 0.444156
703 0 1 182 313 455 0.58147 0.482274 0.473958
704 0 1 172 303 442 0.567657 0.469998 0.461745
705 0 1 228 296 441 0.77027 0.631059 0.618725
706 0 1 233 290 422 0.803448 0.666041 0.654494
707 0 1 234 290 415 0.806897 0.674517 0.66383
708 0 1 235 289 399 0.813149 0.692042 0.68314
709 0 1 244 287 394 0.850174 0.725606 0.716593
710 0 1 232 277 398 0.837545 0.698725 0.687407
711 0 1 235 287 375 0.818815 0.716327 0.70997
712 0 1 222 266 384 0.834586 0.694619 0.683077
713 0 1 223 272 358 0.819853 0.714626 0.707937
714 0 1 227 273 376 0.831502 0.708518 0.699538
715 0 1 218 261 368 0.835249 0.703416 0.693164
716 0 1 213 267 371 0.797753 0.676764 0.667712
717 0 1 219 266 365 0.823308 0.702841 0.694136
718 0 1 224 272 375 0.823529 0.701371 0.692427
719 0 1 235 272 374 0.863971 0.736797 0.727554
720 0 1 215 266 367 0.808271 0.688121 0.679305
721 0 1 232 272 376 0.852941 0.725454 0.716049
722 0 1 220 270 373 0.814815 0.693244 0.684292
723 0 1 223 271 380 0.822878 0.69491 0.6851
724 0 1 224 269 382 0.832714 0.69878 0.688172
725 0 1 228 277 386 0.823105 0.697271 0.687783
726 0 1 249 278 387 0.895683 0.759139 0.748872
727 0 1 234 275 380 0.850909 0.723865 0.714504
728 0 1 239 273 380 0.875458 0.742036 0.732006
729 0 1 239 271 375 0.881919 0.749717 0.739938
730 0 1 237 264 375 0.897727 0.753235 0.741784
731 0 1 228 263 357 0.86692 0.744086 0.735484
732 0 1 218 252 360 0.865079 0.723777 0.712418
733 0 1 222 319 412 0.695925 0.612363 0.607387
734 0 1 229 331 408 0.691843 0.623148 0.619756
735 0 1 207 325 395 0.636923 0.577737 0.575
736 0 1 208 309 389 0.673139 0.599942 0.595989
737 0 1 233 309 367 0.754045 0.6919 0.689349
738 0 1 238 290 373 0.82069 0.723642 0.717949
739 0 1 228 274 359 0.832117 0.726963 0.720379
740 0 1 210 347 400 0.605187 0.56367 0.562249
741 0 1 209 335 402 0.623881 0.569522 0.567164
742 0 1 208 332 394 0.626506 0.575104 0.573003
743 0 1 192 315 366 0.609524 0.565465 0.563877
744 0 1 210 312 348 0.673077 0.637312 0.636364
745 0 1 202 409 446 0.493888 0.472958 0.472515
746 0 1 217 388 463 0.559278 0.51198 0.509988
747 0 1 199 370 432 0.537838 0.497749 0.496259
748 0 1 201 363 434 0.553719 0.506405 0.504391
749 0 1 250 360 421 0.694444 0.642167 0.640205
750 0 1 246 349 404 0.704871 0.655136 0.653386
751 0 1 229 320 386 0.715625 0.651579 0.648725
752 0 1 227 366 459 0.620219 0.553833 0.550303
753 0 1 246 387 467 0.635659 0.578657 0.576112
754 0 1 211 366 445 0.576503 0.522832 0.520345
755 0 1 198 329 423 0.601824 0.530759 0.526596
756 0 1 193 386 477 0.5 0.449784 0.447277
757 0 1 202 373 445 0.541555 0.495812 0.493888
758 0 1 200 342 428 0.584795 0.522751 0.519481
759 0 1 184 313 390 0.587859 0.526639 0.523471
760 0 1 214 369 475 0.579946 0.511156 0.507109
761 0 1 201 353 448 0.569405 0.50544 0.501873
762 0 1 179 327 418 0.547401 0.484162 0.480537
763 0 1 181 283 395 0.639576 0.541361 0.533923
764 0 1 186 338 471 0.550296 0.46617 0.459827
765 0 1 189 329 451 0.574468 0.490654 0.484615
766 0 1 170 307 426 0.553746 0.470083 0.463847
767 0 1 158 294 384 0.537415 0.470238 0.466077
768 0 1 174 357 455 0.487395 0.431727 0.428571
769 0 1 180 338 452 0.532544 0.460516 0.455696
770 0 1 163 394 520 0.413706 0.360112 0.356674
771 0 1 160 362 514 0.441989 0.370923 0.365297
772 0 1 170 328 463 0.518293 0.436236 0.429836
773 0 1 162 286 417 0.566434 0.469098 0.460882
774 0 1 184 323 463 0.569659 0.475802 0.468193
775 0 1 188 319 448 0.589342 0.497306 0.490222
776 0 1 175 281 395 0.622776 0.525275 0.517751
777 0 1 157 321 464 0.489097 0.406807 0.4
778 0 1 166 318 437 0.522013 0.445301 0.439735
779 0 1 161 278 426 0.579137 0.467841 0.457386
780 0 1 157 257 379 0.610895 0.503053 0.493711
781 0 1 162 276 427 0.586957 0.471896 0.460882
782 0 1 172 258 438 0.666667 0.51166 0.494253
783 0 1 181 250 391 0.724 0.578922 0.564743
784 0 1 148 256 439 0.578125 0.441478 0.425899
785 0 1 167 254 428 0.65748 0.506498 0.489736
786 0 1 153 222 387 0.689189 0.521987 0.502463
787 0 1 128 241 386 0.53112 0.41967 0.408293
788 0 1 133 211 355 0.630332 0.485955 0.469965
789 0 1 124 197 319 0.629442 0.494645 0.48062
790 0 1 113 206 340 0.548544 0.426978 0.413919
791 0 1 110 187 313 0.588235 0.454674 0.44
792 0 1 94 187 352 0.502674 0.366383 0.348794
793 0 1 91 158 323 0.575949 0.402821 0.378378
794 0 1 82 134 273 0.61194 0.428726 0.402948
795 0 1 70 130 279 0.538462 0.367557 0.342298
796 0 1 69 111 240 0.621622 0.422748 0.393162
797 0 1 57 96 252 0.59375 0.36647 0.327586
798 0 1 55 95 206 0.578947 0.393158 0.365449
799 0 1 58 98 213 0.591837 0.401444 0.37299
800 0 1 55 81 183 0.679012 0.451746 0.416667
801 0 1 49 68 149 0.720588 0.486798 0.451613
802 0 1 41 68 162 0.602941 0.390636 0.356522
803 0 1 49 62 162 0.790323 0.488926 0.4375
804 0 1 40 52 151 0.769231 0.451409 0.394089
805 0 1 42 62 172 0.677419 0.406714 0.358974
806 0 1 43 51 154 0.843137 0.485202 0.419512
807 0 1 40 54 169 0.740741 0.418716 0.358744
808 0 1 37 48 163 0.770833 0.418299 0.350711
809 0 1 39 45 156 0.866667 0.465475 0.38806
810 0 1 33 56 188 0.589286 0.321618 0.270492
811 0 1 43 54 187 0.796296 0.427908 0.356846
812 0 1 42 48 165 0.875 0.47194 0.394366
813 0 1 36 47 153 0.765957 0.424529 0.36
814 0 1 32 48 191 0.666667 0.334205 0.267782
815 0 1 31 42 187 0.738095 0.349797 0.270742
816 0 1 34 46 177 0.73913 0.376802 0.304933
817 0 1 36 47 165 0.765957 0.408801 0.339623
818 0 1 44 41 174 1.07317 0.520938 0.409302
819 0 1 42 46 143 0.913043 0.517848 0.444444
820 0 1 38 54 209 0.703704 0.357696 0.288973
821 0 1 34 56 204 0.607143 0.318105 0.261538
822 0 1 29 59 196 0.491525 0.269677 0.227451
823 0 1 31 57 175 0.54386 0.310388 0.267241
824 0 1 42 49 164 0.857143 0.468521 0.394366
825 0 1 45 48 155 0.9375 0.521706 0.44335
826 0 1 47 47 148 1 0.563531 0.482051
827 0 1 37 48 183 0.770833 0.39478 0.320346
828 0 1 39 46 189 0.847826 0.418268 0.331915
829 0 1 34 43 172 0.790698 0.395349 0.316279
830 0 1 40 63 213 0.634921 0.345303 0.289855
831 0 1 29 53 211 0.54717 0.274232 0.219697
832 0 1 33 51 193 0.647059 0.332621 0.270492
833 0 1 32 48 186 0.666667 0.338667 0.273504
834 0 1 32 43 174 0.744186 0.369948 0.294931
835 0 1 27 49 200 0.55102 0.272741 0.216867
836 0 1 34 50 187 0.68 0.35162 0.28692
837 0 1 33 45 175 0.733333 0.371868 0.3
838 0 1 30 49 209 0.612245 0.296449 0.232558
839 0 1 30 53 216 0.566038 0.280386 0.223048
840 0 1 31 48 180 0.645833 0.333507 0.27193
841 0 1 24 44 165 0.545455 0.281672 0.229665
842 0 1 40 50 195 0.8 0.405096 0.326531
843 0 1 38 49 187 0.77551 0.396976 0.322034
844 0 1 34 49 157 0.693878 0.387642 0.330097
845 0 1 35 55 187 0.636364 0.345117 0.289256
846 0 1 40 59 180 0.677966 0.388148 0.334728
847 0 1 44 53 177 0.830189 0.454285 0.382609
848 0 1 37 48 161 0.770833 0.42089 0.354067
849 0 1 44 56 210 0.785714 0.405741 0.330827
850 0 1 47 51 203 0.921569 0.461918 0.370079
851 0 1 38 50 175 0.76 0.406237 0.337778
852 0 1 36 42 167 0.857143 0.429853 0.344498
853 0 1 31 42 180 0.738095 0.356534 0.279279
854 0 1 34 43 187 0.790698 0.379161 0.295652
855 0 1 30 36 168 0.833333 0.385758 0.294118
856 0 1 29 46 196 0.630435 0.305415 0.239669
857 0 1 28 49 187 0.571429 0.292509 0.237288
858 0 1 33 44 188 0.75 0.362835 0.284483
859 0 1 28 46 172 0.608696 0.314786 0.256881
860 0 1 35 36 157 0.972222 0.465551 0.362694
861 0 1 38 48 194 0.791667 0.393788 0.31405
862 0 1 36 42 180 0.857143 0.414039 0.324324
863 0 1 30 38 171 0.789474 0.372161 0.287081
864 0 1 33 34 165 0.970588 0.440588 0.331658
865 0 1 32 44 185 0.727273 0.354681 0.279476
866 0 1 30 43 166 0.697674 0.355086 0.287081
867 0 1 23 34 156 0.676471 0.31581 0.242105
868 0 1 27 37 175 0.72973 0.33554 0.254717
869 0 1 33 32 162 1.03125 0.458333 0.340206
870 0 1 34 32 151 1.0625 0.48912 0.371585
871 0 1 24 35 168 0.685714 0.312984 0.236453
872 0 1 29 37 170 0.783784 0.365656 0.280193
873 0 1 24 30 152 0.8 0.355409 0.263736
874 0 1 23 35 171 0.657143 0.297301 0.223301
875 0 1 29 40 159 0.725 0.363638 0.291457
876 0 1 22 36 146 0.611111 0.303456 0.241758
877 0 1 27 33 135 0.818182 0.40452 0.321429
878 0 1 28 41 139 0.682927 0.370902 0.311111
879 0 1 27 38 136 0.710526 0.37558 0.310345
880 0 1 28 37 128 0.756757 0.406867 0.339394
881 0 1 26 35 123 0.742857 0.396266 0.329114
882 0 1 31 41 145 0.756098 0.402055 0.333333
883 0 1 32 39 144 0.820513 0.427008 0.349727
884 0 1 27 35 129 0.771429 0.401823 0.329268
885 0 1 27 32 135 0.84375 0.410792 0.323353
886 0 1 26 33 126 0.787879 0.40321 0.327044
887 0 1 19 32 119 0.59375 0.307897 0.251656
888 0 1 23 42 133 0.547619 0.307735 0.262857
889 0 1 18 35 144 0.514286 0.253546 0.201117
890 0 1 19 35 133 0.542857 0.27848 0.22619
891 0 1 18 35 125 0.514286 0.272134 0.225
892 0 1 22 45 158 0.488889 0.260908 0.216749
893 0 1 23 49 152 0.469388 0.266507 0.228856
894 0 1 26 41 145 0.634146 0.337208 0.27957
895 0 1 17 39 141 0.435897 0.229249 0.188889
896 0 1 26 39 135 0.666667 0.358323 0.298851
897 0 1 26 37 115 0.702703 0.398587 0.342105
898 0 1 27 41 154 0.658537 0.339791 0.276923
899 0 1 31 44 152 0.704545 0.379065 0.316327
900 0 1 25 38 152 0.657895 0.328947 0.263158
901 0 1 19 38 128 0.5 0.272431 0.228916
902 0 1 19 34 150 0.558824 0.266053 0.206522
903 0 1 24 38 145 0.631579 0.323322 0.262295
904 0 1 22 28 144 0.785714 0.346467 0.255814
905 0 1 26 35 138 0.742857 0.37411 0.300578
906 0 1 27 30 135 0.9 0.424264 0.327273
907 0 1 26 31 147 0.83871 0.385154 0.292135
908 0 1 21 34 153 0.617647 0.291162 0.224599
909 0 1 20 29 147 0.689655 0.306318 0.227273
910 0 1 24 32 127 0.75 0.376473 0.301887
911 0 1 19 32 151 0.59375 0.273332 0.20765
912 0 1 25 38 143 0.657895 0.339141 0.276243
913 0 1 21 31 137 0.677419 0.322239 0.25
914 0 1 25 32 133 0.78125 0.383212 0.30303
915 0 1 27 36 141 0.75 0.378968 0.305085
916 0 1 32 34 133 0.941176 0.475866 0.383234
917 0 1 26 35 119 0.742857 0.402871 0.337662
918 0 1 27 37 137 0.72973 0.37923 0.310345
919 0 1 34 34 136 1 0.5 0.4
920 0 1 30 32 108 0.9375 0.51031 0.428571
921 0 1 25 31 121 0.806452 0.408194 0.328947
922 0 1 28 31 112 0.903226 0.475191 0.391608
923 0 1 26 30 98 0.866667 0.479512 0.40625
924 0 1 30 38 99 0.789474 0.489116 0.437956
925 0 1 34 37 103 0.918919 0.550756 0.485714
926 0 1 26 36 100 0.722222 0.433333 0.382353
927 0 1 24 33 91 0.727273 0.437959 0.387097
928 0 1 23 33 97 0.69697 0.406523 0.353846
929 0 1 19 32 88 0.59375 0.358045 0.316667
930 0 1 17 34 84 0.5 0.318105 0.288136
931 0 1 17 27 85 0.62963 0.35486 0.303571
932 0 1 17 35 89 0.485714 0.304593 0.274194
933 0 1 15 30 83 0.5 0.300602 0.265487
934 0 1 14 29 85 0.482759 0.281981 0.245614
935 0 1 18 28 85 0.642857 0.368964 0.318584
936 0 1 19 27 80 0.703704 0.408815 0.35514
937 0 1 17 26 85 0.653846 0.36162 0.306306
938 0 1 14 31 77 0.451613 0.286551 0.259259
939 0 1 18 29 79 0.62069 0.376062 0.333333
940 0 1 17 27 81 0.62963 0.363517 0.314815
941 0 1 23 27 87 0.851852 0.474555 0.403509
942 0 1 22 31 81 0.709677 0.439035 0.392857
943 0 1 22 28 80 0.785714 0.464835 0.407407
944 0 1 20 28 77 0.714286 0.43073 0.380952
945 0 1 14 22 76 0.636364 0.342381 0.285714
946 0 1 15 39 88 0.384615 0.256046 0.23622
947 0 1 23 36 96 0.638889 0.391238 0.348485
948 0 1 14 35 84 0.4 0.258199 0.235294
949 0 1 14 33 82 0.424242 0.269131 0.243478
950 0 1 16 36 76 0.444444 0.305888 0.285714
951 0 1 17 31 78 0.548387 0.345717 0.311927
952 0 1 19 44 101 0.431818 0.285014 0.262069
953 0 1 15 37 97 0.405405 0.250383 0.223881
954 0 1 18 43 96 0.418605 0.280158 0.258993
955 0 1 15 39 96 0.384615 0.245145 0.222222
956 0 1 19 38 92 0.5 0.321342 0.292308
957 0 1 20 35 93 0.571429 0.350554 0.3125
958 0 1 18 34 89 0.529412 0.327219 0.292683
959 0 1 19 34 94 0.558824 0.336086 0.296875
960 0 1 18 38 91 0.473684 0.306098 0.27907
961 0 1 20 37 88 0.540541 0.3505 0.32
962 0 1 25 37 85 0.675676 0.445789 0.409836
963 0 1 20 31 89 0.645161 0.380762 0.333333
964 0 1 23 32 83 0.71875 0.446287 0.4
965 0 1 22 46 98 0.478261 0.327666 0.305556
966 0 1 19 44 96 0.431818 0.292342 0.271429
967 0 1 17 41 90 0.414634 0.279857 0.259542
968 0 1 20 42 94 0.47619 0.318304 0.294118
969 0 1 22 37 88 0.594595 0.38555 0.352
970 0 1 22 40 120 0.55 0.317543 0.275
971 0 1 22 38 108 0.578947 0.343415 0.30137
972 0 1 20 36 111 0.555556 0.316386 0.272109
973 0 1 18 34 110 0.529412 0.294331 0.25
974 0 1 22 36 112 0.611111 0.346467 0.297297
975 0 1 19 35 100 0.542857 0.321159 0.281481
976 0 1 23 35 100 0.657143 0.388771 0.340741
977 0 1 22 33 91 0.666667 0.401463 0.354839
978 0 1 22 53 139 0.415094 0.256317 0.229167
979 0 1 17 48 123 0.354167 0.221246 0.19883
980 0 1 19 50 121 0.38 0.244273 0.222222
981 0 1 18 46 121 0.391304 0.241269 0.215569
982 0 1 25 46 117 0.543478 0.340775 0.306748
983 0 1 26 44 113 0.590909 0.368729 0.33121
984 0 1 32 43 108 0.744186 0.469574 0.423841
985 0 1 26 37 117 0.702703 0.395166 0.337662
986 0 1 26 40 104 0.65 0.403113 0.361111
987 0 1 29 37 99 0.783784 0.479159 0.426471
988 0 1 29 56 135 0.517857 0.333532 0.303665
989 0 1 24 49 127 0.489796 0.304237 0.272727
990 0 1 34 55 124 0.618182 0.411706 0.379888
991 0 1 23 53 109 0.433962 0.302605 0.283951
992 0 1 34 46 119 0.73913 0.459543 0.412121
993 0 1 28 43 106 0.651163 0.414735 0.375839
994 0 1 30 55 128 0.545455 0.357548 0.327869
995 0 1 36 51 120 0.705882 0.460179 0.421053
996 0 1 33 46 123 0.717391 0.438715 0.390533
997 0 1 37 47 123 0.787234 0.486632 0.435294
998 0 1 32 47 115 0.680851 0.435263 0.395062
999 0 1 36 46 111 0.782609 0.503805 0.458599
1000 0 1 34 38 110 0.894737 0.525885 0.459459
1001 0 1 35 58 142 0.603448 0.385665 0.35
1002 0 1 30 51 127 0.588235 0.372764 0.337079
1003 0 1 28 51 129 0.54902 0.345206 0.311111
1004 0 1 27 48 123 0.5625 0.351391 0.315789
1005 0 1 30 47 113 0.638298 0.411655 0.375
1006 0 1 38 46 120 0.826087 0.511463 0.457831
1007 0 1 32 45 108 0.711111 0.45902 0.418301
1008 0 1 31 53 133 0.584906 0.369231 0.333333
1009 0 1 33 56 129 0.589286 0.388262 0.356757
1010 0 1 39 58 142 0.672414 0.429741 0.39
1011 0 1 33 55 133 0.6 0.38584 0.351064
1012 0 1 39 58 127 0.672414 0.454411 0.421622
1013 0 1 33 49 126 0.673469 0.419982 0.377143
1014 0 1 38 51 122 0.745098 0.481747 0.439306
1015 0 1 36 52 121 0.692308 0.453846 0.416185
1016 0 1 37 52 114 0.711538 0.48056 0.445783
1017 0 1 36 64 158 0.5625 0.358001 0.324324
1018 0 1 42 70 155 0.6 0.403213 0.373333
1019 0 1 39 64 162 0.609375 0.383016 0.345133
1020 0 1 40 64 156 0.625 0.40032 0.363636
1021 0 1 43 56 149 0.767857 0.47074 0.419512
1022 0 1 47 59 138 0.79661 0.520874 0.477157
1023 0 1 47 60 143 0.783333 0.507404 0.463054
1024 0 1 45 55 139 0.818182 0.514664 0.463918
1025 0 1 51 53 145 0.962264 0.581766 0.515152
1026 0 1 49 55 150 0.890909 0.539472 0.478049
1027 0 1 47 56 124 0.839286 0.564018 0.522222
1028 0 1 52 73 162 0.712329 0.478172 0.442553
1029 0 1 47 74 157 0.635135 0.436046 0.406926
1030 0 1 52 71 169 0.732394 0.474713 0.433333
1031 0 1 53 70 170 0.757143 0.48585 0.441667
1032 0 1 57 68 152 0.838235 0.560659 0.518182
1033 0 1 54 66 148 0.818182 0.546375 0.504673
1034 0 1 55 65 148 0.846154 0.560758 0.516432
1035 0 1 50 60 143 0.833333 0.539792 0.492611
1036 0 1 48 57 135 0.842105 0.547188 0.5
1037 0 1 43 60 122 0.716667 0.502589 0.472527
1038 0 1 44 57 141 0.77193 0.490801 0.444444
1039 0 1 44 63 137 0.698413 0.473611 0.44
1040 0 1 45 61 138 0.737705 0.490465 0.452261
1041 0 1 48 70 137 0.685714 0.490153 0.463768
1042 0 1 55 71 142 0.774648 0.547759 0.516432
1043 0 1 46 64 128 0.71875 0.508233 0.479167
1044 0 1 62 76 141 0.815789 0.598929 0.571429
1045 0 1 51 65 132 0.784615 0.550588 0.517766
1046 0 1 48 65 131 0.738462 0.520174 0.489796
1047 0 1 51 58 128 0.87931 0.591904 0.548387
1048 0 1 50 66 124 0.757576 0.552697 0.526316
1049 0 1 50 66 141 0.757576 0.518309 0.483092
1050 0 1 54 67 143 0.80597 0.551681 0.514286
1051 0 1 52 62 137 0.83871 0.564218 0.522613
1052 0 1 62 66 133 0.939394 0.66175 0.623116
1053 0 1 40 52 126 0.769231 0.494166 0.449438
1054 0 1 49 64 138 0.765625 0.521395 0.485149
1055 0 1 47 58 160 0.810345 0.487892 0.431193
1056 0 1 43 59 143 0.728814 0.468139 0.425743
1057 0 1 52 57 144 0.912281 0.573964 0.517413
1058 0 1 54 58 140 0.931035 0.599261 0.545455
1059 0 1 47 56 138 0.839286 0.534644 0.484536
1060 0 1 50 54 128 0.925926 0.601407 0.549451
1061 0 1 49 55 175 0.890909 0.499454 0.426087
1062 0 1 52 55 166 0.945455 0.544212 0.470588
1063 0 1 50 58 168 0.862069 0.506526 0.442478
1064 0 1 55 55 149 1 0.607559 0.539216
1065 0 1 47 55 147 0.854545 0.522706 0.465347
1066 0 1 56 56 140 1 0.632456 0.571429
1067 0 1 45 49 132 0.918367 0.559535 0.497238
1068 0 1 46 50 131 0.92 0.568378 0.508287
1069 0 1 43 53 115 0.811321 0.550784 0.511905
1070 0 1 50 61 140 0.819672 0.541055 0.497512
1071 0 1 49 59 141 0.830508 0.53723 0.49
1072 0 1 48 55 141 0.872727 0.545068 0.489796
1073 0 1 49 59 131 0.830508 0.557358 0.515789
1074 0 1 45 52 125 0.865385 0.558156 0.508475
1075 0 1 43 54 148 0.796296 0.480995 0.425743
1076 0 1 47 57 155 0.824561 0.500028 0.443396
1077 0 1 43 53 136 0.811321 0.506479 0.455026
1078 0 1 43 58 135 0.741379 0.485945 0.445596
1079 0 1 36 48 130 0.75 0.455733 0.404494
1080 0 1 42 53 139 0.792453 0.489332 0.4375
1081 0 1 38 54 144 0.703704 0.430929 0.383838
1082 0 1 38 57 121 0.666667 0.457566 0.426966
1083 0 1 32 47 125 0.680851 0.41749 0.372093
1084 0 1 40 49 133 0.816327 0.495491 0.43956
1085 0 1 31 54 131 0.574074 0.368578 0.335135
1086 0 1 39 54 149 0.722222 0.434785 0.384236
1087 0 1 39 55 130 0.709091 0.461224 0.421622
1088 0 1 42 54 154 0.777778 0.460566 0.403846
1089 0 1 34 50 132 0.68 0.418511 0.373626
1090 0 1 40 51 144 0.784314 0.46676 0.410256
1091 0 1 42 52 129 0.807692 0.512806 0.464088
1092 0 1 39 61 155 0.639344 0.401083 0.361111
1093 0 1 45 61 145 0.737705 0.47848 0.436893
1094 0 1 45 56 145 0.803571 0.499384 0.447761
1095 0 1 46 60 134 0.766667 0.513015 0.474227
1096 0 1 45 51 139 0.882353 0.534466 0.473684
1097 0 1 43 54 139 0.796296 0.496323 0.445596
1098 0 1 45 49 142 0.918367 0.539474 0.471204
1099 0 1 37 46 124 0.804348 0.489905 0.435294
1100 0 1 42 58 160 0.724138 0.435989 0.385321
1101 0 1 42 53 154 0.792453 0.464891 0.405797
1102 0 1 48 57 165 0.842105 0.494951 0.432432
1103 0 1 47 52 161 0.903846 0.513669 0.441315
1104 0 1 47 49 153 0.959184 0.542818 0.465347
1105 0 1 44 48 142 0.916667 0.532952 0.463158
1106 0 1 44 48 130 0.916667 0.557007 0.494382
1107 0 1 43 50 157 0.86 0.485326 0.415459
1108 0 1 40 54 150 0.740741 0.444444 0.392157
1109 0 1 41 51 148 0.803922 0.471919 0.41206
1110 0 1 38 52 148 0.730769 0.433163 0.38
1111 0 1 43 51 146 0.843137 0.498318 0.436548
1112 0 1 35 49 136 0.714286 0.428746 0.378378
1113 0 1 39 51 162 0.764706 0.429064 0.366197
1114 0 1 38 47 157 0.808511 0.442369 0.372549
1115 0 1 35 52 164 0.673077 0.379005 0.324074
1116 0 1 40 51 154 0.784314 0.451351 0.390244
1117 0 1 39 47 151 0.829787 0.462943 0.393939
1118 0 1 50 47 147 1.06383 0.601537 0.515464
1119 0 1 47 44 134 1.06818 0.612095 0.52809
1120 0 1 42 55 170 0.763636 0.434354 0.373333
1121 0 1 44 54 161 0.814815 0.471892 0.409302
1122 0 1 46 50 182 0.92 0.482211 0.396552
1123 0 1 32 44 162 0.727273 0.379023 0.31068
1124 0 1 44 46 161 0.956522 0.511282 0.425121
1125 0 1 37 42 135 0.880952 0.491372 0.418079
1126 0 1 36 52 182 0.692308 0.370054 0.307692
1127 0 1 41 55 166 0.745455 0.42909 0.371041
1128 0 1 43 50 173 0.86 0.462339 0.38565
1129 0 1 42 52 176 0.807692 0.439027 0.368421
1130 0 1 48 46 167 1.04348 0.547651 0.450704
1131 0 1 53 64 210 0.828125 0.457168 0.386861
1132 0 1 45 63 194 0.714286 0.407044 0.350195
1133 0 1 56 64 206 0.875 0.487713 0.414815
1134 0 1 55 60 204 0.916667 0.497132 0.416667
1135 0 1 72 60 198 1.2 0.660578 0.55814
1136 0 1 75 62 188 1.20968 0.694683 0.6
1137 0 1 64 61 172 1.04918 0.624814 0.549356
1138 0 1 68 60 172 1.13333 0.669374 0.586207
1139 0 1 70 59 162 1.18644 0.716003 0.633484
1140 0 1 66 72 183 0.916667 0.574979 0.517647
1141 0 1 63 63 179 1 0.593258 0.520661
1142 0 1 57 62 169 0.919355 0.556847 0.493506
1143 0 1 50 61 180 0.819672 0.477165 0.414938
1144 0 1 57 61 172 0.934426 0.556475 0.48927
1145 0 1 56 74 197 0.756757 0.463809 0.413284
1146 0 1 49 70 185 0.7 0.430587 0.384314
1147 0 1 47 74 172 0.635135 0.416599 0.382114
1148 0 1 42 65 188 0.646154 0.379939 0.332016
1149 0 1 45 67 168 0.671642 0.424151 0.382979
1150 0 1 46 60 152 0.766667 0.481682 0.433962
1151 0 1 33 67 216 0.492537 0.274315 0.233216
1152 0 1 36 66 207 0.545455 0.307996 0.263736
1153 0 1 35 62 206 0.564516 0.309698 0.261194
1154 0 1 39 60 197 0.65 0.35872 0.303502
1155 0 1 34 62 189 0.548387 0.314089 0.270916
1156 0 1 40 56 189 0.714286 0.388808 0.326531
1157 0 1 37 61 184 0.606557 0.349243 0.302041
1158 0 1 34 57 181 0.596491 0.334736 0.285714
1159 0 1 44 62 170 0.709677 0.42858 0.37931
1160 0 1 44 80 262 0.55 0.303918 0.25731
1161 0 1 37 75 240 0.493333 0.275782 0.234921
1162 0 1 34 72 236 0.472222 0.260829 0.220779
1163 0 1 46 71 229 0.647887 0.360754 0.306667
1164 0 1 56 66 211 0.848485 0.474542 0.404332
1165 0 1 48 61 199 0.786885 0.435662 0.369231
1166 0 1 52 58 176 0.896552 0.514675 0.444444
1167 0 1 46 63 225 0.730159 0.386364 0.319444
1168 0 1 44 64 202 0.6875 0.386979 0.330827
1169 0 1 50 70 202 0.714286 0.42048 0.367647
1170 0 1 46 67 190 0.686567 0.407703 0.357977
1171 0 1 54 62 176 0.870968 0.516942 0.453782
1172 0 1 50 73 220 0.684932 0.394546 0.341297
1173 0 1 51 76 214 0.671053 0.399905 0.351724
1174 0 1 48 72 199 0.666667 0.401004 0.354244
1175 0 1 48 63 196 0.761905 0.431959 0.370656
1176 0 1 54 69 189 0.782609 0.472866 0.418605
1177 0 1 51 59 177 0.864407 0.499065 0.432203
1178 0 1 55 73 230 0.753425 0.424461 0.363036
1179 0 1 56 77 237 0.727273 0.414542 0.356688
1180 0 1 56 75 224 0.746667 0.432049 0.374582
1181 0 1 62 68 227 0.911765 0.499027 0.420339
1182 0 1 67 71 216 0.943662 0.541027 0.466899
1183 0 1 70 63 214 1.11111 0.602866 0.505415
1184 0 1 60 65 202 0.923077 0.523623 0.449438
1185 0 1 63 59 210 1.0678 0.565985 0.468401
1186 0 1 70 53 189 1.32075 0.699406 0.578512
1187 0 1 63 63 237 1 0.51558 0.42
1188 0 1 62 59 243 1.05085 0.517801 0.410596
1189 0 1 58 58 225 1 0.507718 0.409894
1190 0 1 55 55 216 1 0.504608 0.405904
1191 0 1 62 53 213 1.16981 0.583531 0.466165
1192 0 1 73 56 201 1.30357 0.688067 0.568093
1193 0 1 61 56 226 1.08929 0.542228 0.432624
1194 0 1 69 52 235 1.32692 0.624185 0.480836
1195 0 1 58 53 200 1.09434 0.563346 0.458498
1196 0 1 63 50 216 1.26 0.606218 0.473684
1197 0 1 54 50 208 1.08 0.529514 0.418605
1198 0 1 50 52 254 0.961538 0.435062 0.326797
1199 0 1 53 55 255 0.963636 0.447532 0.341935
1200 0 1 55 53 233 1.03774 0.494933 0.384615
1201 0 1 58 55 232 1.05455 0.513455 0.404181
1202 0 1 65 53 216 1.22642 0.607503 0.483271
1203 0 1 75 53 219 1.41509 0.696148 0.551471
1204 0 1 61 50 205 1.22 0.602515 0.478431
1205 0 1 65 64 252 1.01562 0.511827 0.411392
1206 0 1 65 62 256 1.04839 0.515938 0.408805
1207 0 1 64 58 237 1.10345 0.545873 0.433898
1208 0 1 59 57 236 1.03509 0.508696 0.40273
1209 0 1 67 56 239 1.19643 0.579138 0.454237
1210 0 1 70 53 228 1.32075 0.636785 0.498221
1211 0 1 56 54 213 1.03704 0.522157 0.419476
1212 0 1 59 47 209 1.25532 0.595292 0.460938
1213 0 1 58 59 275 0.983051 0.45534 0.347305
1214 0 1 60 68 264 0.882353 0.447811 0.361446
1215 0 1 58 61 259 0.95082 0.461438 0.3625
1216 0 1 57 57 229 1 0.498907 0.398601
1217 0 1 62 55 234 1.12727 0.546515 0.429066
1218 0 1 66 54 236 1.22222 0.584643 0.455172
1219 0 1 64 53 231 1.20755 0.57841 0.450704
1220 0 1 62 50 222 1.24 0.588478 0.455882
1221 0 1 62 49 231 1.26531 0.582757 0.442857
1222 0 1 68 50 218 1.36 0.651322 0.507463
1223 0 1 59 63 294 0.936508 0.433519 0.330532
1224 0 1 65 68 306 0.955882 0.450607 0.347594
1225 0 1 68 66 299 1.0303 0.484062 0.372603
1226 0 1 60 64 288 0.9375 0.441942 0.340909
1227 0 1 65 65 290 1 0.473432 0.366197
1228 0 1 73 64 287 1.14062 0.538632 0.415954
1229 0 1 69 65 285 1.06154 0.506956 0.394286
1230 0 1 75 66 276 1.13636 0.555693 0.438596
1231 0 1 72 66 272 1.09091 0.537373 0.426035
1232 0 1 70 64 270 1.09375 0.532508 0.419162
1233 0 1 67 59 272 1.13559 0.528889 0.404834
1234 0 1 74 63 257 1.1746 0.58156 0.4625
1235 0 1 71 60 262 1.18333 0.566281 0.440994
1236 0 1 69 55 246 1.25455 0.593199 0.458472
1237 0 1 67 59 234 1.13559 0.570218 0.457338
1238 0 1 70 57 227 1.22807 0.615386 0.492958
1239 0 1 65 95 380 0.684211 0.342105 0.273684
1240 0 1 69 94 374 0.734043 0.368001 0.294872
1241 0 1 59 92 361 0.641304 0.323746 0.260486
1242 0 1 63 88 328 0.715909 0.370819 0.302885
1243 0 1 93 88 307 1.05682 0.565812 0.470886
1244 0 1 88 85 314 1.03529 0.538652 0.441103
1245 0 1 80 82 282 0.97561 0.526088 0.43956
1246 0 1 88 83 284 1.06024 0.573171 0.479564
1247 0 1 79 78 278 1.01282 0.536485 0.44382
1248 0 1 83 78 265 1.0641 0.577308 0.483965
1249 0 1 73 72 257 1.01389 0.536649 0.443769
1250 0 1 73 66 253 1.10606 0.564925 0.45768
1251 0 1 65 72 245 0.902778 0.4894 0.410095
1252 0 1 60 63 237 0.952381 0.491029 0.4
1253 0 1 57 93 309 0.612903 0.336244 0.283582
1254 0 1 62 86 308 0.72093 0.380949 0.314721
1255 0 1 55 88 284 0.625 0.347906 0.295699
1256 0 1 58 77 269 0.753247 0.403001 0.33526
1257 0 1 68 77 237 0.883117 0.503372 0.433121
1258 0 1 60 85 274 0.705882 0.393157 0.334262
1259 0 1 68 85 304 0.8 0.423022 0.349614
1260 0 1 64 79 268 0.810127 0.439844 0.368876
1261 0 1 56 104 327 0.538462 0.303667 0.259861
1262 0 1 62 97 312 0.639175 0.356392 0.303178
1263 0 1 68 82 296 0.829268 0.436472 0.359788
1264 0 1 63 106 338 0.59434 0.332835 0.283784
1265 0 1 65 109 347 0.59633 0.334222 0.285088
1266 0 1 58 94 297 0.617021 0.347125 0.296675
1267 0 1 66 124 337 0.532258 0.322863 0.286334
1268 0 1 71 107 314 0.663551 0.387348 0.337292
1269 0 1 66 110 273 0.6 0.380861 0.344648
1270 0 1 74 143 337 0.517483 0.337092 0.308333
1271 0 1 78 122 326 0.639344 0.391116 0.348214
1272 0 1 73 123 305 0.593496 0.376895 0.341121
1273 0 1 72 110 280 0.654545 0.410258 0.369231
1274 0 1 79 126 321 0.626984 0.392816 0.353468
1275 0 1 91 128 309 0.710938 0.45757 0.416476
1276 0 1 83 116 291 0.715517 0.451755 0.407862
1277 0 1 68 154 365 0.441558 0.286815 0.262042
1278 0 1 68 132 321 0.515152 0.330346 0.300221
1279 0 1 71 124 321 0.572581 0.355873 0.319101
1280 0 1 60 149 380 0.402685 0.252154 0.226843
1281 0 1 53 136 323 0.389706 0.252875 0.230937
1282 0 1 59 124 331 0.475806 0.291224 0.259341
1283 0 1 64 175 367 0.365714 0.252539 0.236162
1284 0 1 73 160 355 0.45625 0.306301 0.283495
1285 0 1 80 153 344 0.522876 0.348711 0.321932
1286 0 1 84 191 393 0.439791 0.306596 0.287671
1287 0 1 93 193 390 0.481865 0.338978 0.319039
1288 0 1 81 157 347 0.515924 0.347033 0.321429
1289 0 1 90 211 408 0.42654 0.306741 0.290792
1290 0 1 84 193 373 0.435233 0.313073 0.29682
1291 0 1 93 258 481 0.360465 0.263998 0.251691
1292 0 1 97 240 454 0.404167 0.293858 0.279539
1293 0 1 93 211 386 0.440758 0.325873 0.311558
1294 0 1 94 254 416 0.370079 0.289177 0.280597
1295 0 1 106 217 388 0.488479 0.365309 0.350413
1296 0 1 113 250 421 0.452 0.348311 0.336811
1297 0 1 97 231 399 0.419913 0.319506 0.307937
1298 0 1 111 252 440 0.440476 0.333347 0.320809
1299 0 1 121 258 398 0.468992 0.377602 0.368902
1300 0 1 136 239 382 0.569038 0.450099 0.438003
1301 0 1 126 242 405 0.520661 0.402472 0.38949
1302 0 1 155 242 396 0.640496 0.500699 0.485893
1303 0 1 128 208 365 0.615385 0.464549 0.446771
1304 0 1 127 253 384 0.501976 0.407453 0.398744
1305 0 1 132 221 365 0.597285 0.464763 0.450512
1306 0 1 114 213 327 0.535211 0.431958 0.422222
1307 0 1 109 232 409 0.469828 0.353851 0.340094
1308 0 1 113 216 354 0.523148 0.408649 0.396491
1309 0 1 103 223 343 0.461883 0.372424 0.363958
1310 0 1 98 246 398 0.398374 0.313197 0.304348
1311 0 1 113 226 377 0.5 0.387127 0.374793
1312 0 1 119 214 353 0.556075 0.432965 0.419753
1313 0 1 110 301 425 0.365449 0.307549 0.30303
1314 0 1 120 267 390 0.449438 0.371872 0.365297
1315 0 1 116 266 370 0.43609 0.369757 0.36478
1316 0 1 104 173 289 0.601156 0.465116 0.450216
1317 0 1 140 196 337 0.714286 0.544735 0.525328
1318 0 1 131 190 327 0.689474 0.525558 0.50677
1319 0 1 108 120 274 0.9 0.595604 0.548223
1320 0 1 103 129 316 0.79845 0.510151 0.462921
1321 0 1 116 140 300 0.828571 0.566022 0.527273
1322 0 1 32 87 217 0.367816 0.232895 0.210526
1323 0 1 30 75 188 0.4 0.252646 0.228137
1324 0 1 32 68 162 0.470588 0.304886 0.278261
1325 0 1 33 59 154 0.559322 0.3462 0.309859
1326 0 1 33 72 187 0.458333 0.284398 0.254826
1327 0 1 37 66 175 0.560606 0.344279 0.307054
1328 0 1 36 73 189 0.493151 0.306486 0.274809
1329 0 1 31 56 188 0.553571 0.302126 0.254098
1330 0 1 35 74 230 0.472973 0.26828 0.230263
1331 0 1 37 70 240 0.528571 0.285461 0.23871
1332 0 1 39 69 220 0.565217 0.31654 0.269896
1333 0 1 30 59 199 0.508475 0.276865 0.232558
1334 0 1 33 69 226 0.478261 0.264262 0.223729
1335 0 1 33 65 215 0.507692 0.27915 0.235714
1336 0 1 42 75 233 0.56 0.317717 0.272727
1337 0 1 42 69 214 0.608696 0.345635 0.29682
1338 0 1 43 105 282 0.409524 0.24989 0.222222
1339 0 1 45 92 267 0.48913 0.28712 0.250696
1340 0 1 45 89 244 0.505618 0.305367 0.27027
1341 0 1 49 102 252 0.480392 0.30563 0.276836
1342 0 1 56 97 246 0.57732 0.362522 0.326531
1343 0 1 60 100 233 0.6 0.393073 0.36036
1344 0 1 62 102 244 0.607843 0.393004 0.358382
1345 0 1 77 111 217 0.693694 0.496134 0.469512
1346 0 1 68 103 210 0.660194 0.46236 0.434505
1347 0 1 59 117 227 0.504274 0.362031 0.343023
1348 0 1 58 104 207 0.557692 0.395299 0.37299
1349 0 1 65 106 218 0.613208 0.427595 0.401235
1350 0 1 69 111 189 0.621622 0.476383 0.46
1351 0 1 71 131 235 0.541985 0.404659 0.387978
1352 0 1 73 132 231 0.55303 0.418052 0.402204
1353 0 1 74 132 210 0.560606 0.444462 0.432749
1354 0 1 81 134 218 0.604478 0.473919 0.460227
1355 0 1 95 137 210 0.693431 0.560085 0.54755
1356 0 1 98 162 265 0.604938 0.472983 0.459016
1357 0 1 92 162 227 0.567901 0.479753 0.473008
1358 0 1 97 162 224 0.598765 0.509202 0.502591
1359 0 1 103 165 235 0.624242 0.523072 0.515
1360 0 1 98 169 212 0.579882 0.517744 0.514436
1361 0 1 95 202 245 0.470297 0.427036 0.425056
1362 0 1 98 189 243 0.518519 0.45729 0.453704
1363 0 1 116 199 268 0.582915 0.502301 0.496788
1364 0 1 116 208 248 0.557692 0.510741 0.508772
1365 0 1 122 264 308 0.462121 0.427841 0.426573
1366 0 1 117 250 286 0.468 0.437555 0.436567
1367 0 1 122 219 253 0.557078 0.518296 0.516949
1368 0 1 129 252 288 0.511905 0.478843 0.477778
1369 0 1 148 287 339 0.515679 0.474483 0.472843
1370 0 1 146 282 323 0.51773 0.483757 0.482645
1371 0 1 139 276 317 0.503623 0.469927 0.468803
1372 0 1 154 287 328 0.536585 0.50193 0.500813
1373 0 1 170 288 328 0.590278 0.553115 0.551948
1374 0 1 166 308 375 0.538961 0.488447 0.486091
1375 0 1 163 289 354 0.564014 0.509609 0.506998
1376 0 1 167 289 354 0.577855 0.522115 0.51944
1377 0 1 175 286 372 0.611888 0.536517 0.531915
1378 0 1 165 278 356 0.593525 0.524489 0.520505
1379 0 1 173 296 400 0.584459 0.502771 0.497126
1380 0 1 176 288 384 0.611111 0.529238 0.52381
1381 0 1 175 289 367 0.605536 0.537349 0.533537
1382 0 1 178 306 398 0.581699 0.510056 0.505682
1383 0 1 190 298 376 0.637584 0.567612 0.563798
1384 0 1 178 332 444 0.536145 0.463617 0.458763
1385 0 1 193 335 420 0.576119 0.514529 0.511258
1386 0 1 171 297 393 0.575758 0.50052 0.495652
1387 0 1 181 289 385 0.626298 0.542624 0.537092
1388 0 1 194 300 401 0.646667 0.559331 0.553495
1389 0 1 195 348 471 0.560345 0.481653 0.47619
1390 0 1 189 327 445 0.577982 0.495459 0.489637
1391 0 1 183 318 421 0.575472 0.500146 0.495264
1392 0 1 197 321 435 0.613707 0.527192 0.521164
1393 0 1 205 327 428 0.626911 0.547972 0.543046
1394 0 1 212 329 426 0.644377 0.566283 0.561589
1395 0 1 208 309 402 0.673139 0.590162 0.585091
1396 0 1 203 366 480 0.554645 0.484323 0.479905
1397 0 1 184 329 455 0.559271 0.47557 0.469388
1398 0 1 182 336 431 0.541667 0.478259 0.474576
1399 0 1 189 336 433 0.5625 0.495505 0.491547
1400 0 1 181 369 467 0.490515 0.436021 0.433014
1401 0 1 185 338 448 0.547337 0.475417 0.470738
1402 0 1 181 320 426 0.565625 0.490229 0.485255
1403 0 1 172 290 398 0.593103 0.506277 0.5
1404 0 1 179 276 395 0.648551 0.542126 0.533532
1405 0 1 176 292 438 0.60274 0.492135 0.482192
1406 0 1 151 260 412 0.580769 0.461362 0.449405
1407 0 1 137 246 381 0.556911 0.447497 0.437002
1408 0 1 146 255 383 0.572549 0.467179 0.45768
1409 0 1 161 290 446 0.555172 0.447672 0.4375
1410 0 1 163 284 421 0.573944 0.471398 0.462411
1411 0 1 154 259 407 0.594595 0.474322 0.462462
1412 0 1 159 260 405 0.611538 0.489985 0.478195
1413 0 1 164 250 397 0.656 0.520569 0.506955
1414 0 1 159 293 458 0.542662 0.434041 0.423435
1415 0 1 156 276 434 0.565217 0.450739 0.439437
1416 0 1 156 262 415 0.59542 0.473097 0.460857
1417 0 1 153 264 412 0.579545 0.463918 0.452663
1418 0 1 170 278 475 0.611511 0.467821 0.451527
1419 0 1 163 267 461 0.610487 0.464603 0.447802
1420 0 1 166 263 460 0.631179 0.477256 0.459198
1421 0 1 156 273 453 0.571429 0.443603 0.429752
1422 0 1 177 282 434 0.62766 0.505946 0.494413
1423 0 1 197 323 497 0.609907 0.491685 0.480488
1424 0 1 168 281 448 0.597865 0.473497 0.460905
1425 0 1 183 279 447 0.655914 0.518197 0.504132
1426 0 1 180 300 458 0.6 0.485601 0.474934
1427 0 1 187 305 431 0.613115 0.515766 0.508152
1428 0 1 194 354 491 0.548023 0.465328 0.459172
1429 0 1 196 337 483 0.581602 0.485811 0.478049
1430 0 1 200 334 479 0.598802 0.500022 0.492005
1431 0 1 202 341 488 0.592375 0.495181 0.487334
1432 0 1 229 327 483 0.700306 0.57622 0.565432
1433 0 1 231 321 469 0.719626 0.595351 0.58481
1434 0 1 231 353 559 0.654391 0.520018 0.506579
1435 0 1 238 354 527 0.672316 0.551023 0.540295
1436 0 1 228 347 520 0.657061 0.536746 0.525952
1437 0 1 235 354 521 0.663842 0.547202 0.537143
1438 0 1 261 354 507 0.737288 0.616077 0.606272
1439 0 1 233 333 489 0.6997 0.577403 0.56691
1440 0 1 244 402 559 0.606965 0.51472 0.507804
1441 0 1 234 376 537 0.62234 0.520757 0.512596
1442 0 1 239 373 497 0.640751 0.555092 0.549425
1443 0 1 238 368 486 0.646739 0.562775 0.557377
1444 0 1 247 355 480 0.695775 0.598359 0.591617
1445 0 1 220 354 449 0.621469 0.551821 0.547945
1446 0 1 221 323 440 0.684211 0.586225 0.579292
1447 0 1 202 308 413 0.655844 0.566371 0.560333
1448 0 1 212 318 420 0.666667 0.580093 0.574526
1449 0 1 215 307 420 0.700326 0.598749 0.591472
1450 0 1 201 319 433 0.630094 0.540825 0.534574
1451 0 1 191 295 421 0.647458 0.541978 0.53352
1452 0 1 190 272 410 0.698529 0.568954 0.557185
1453 0 1 192 254 367 0.755906 0.628856 0.618357
1454 0 1 182 268 402 0.679105 0.554486 0.543284
1455 0 1 192 255 375 0.752941 0.620891 0.609524
1456 0 1 183 273 417 0.67033 0.542378 0.530435
1457 0 1 162 254 384 0.637795 0.518719 0.507837
1458 0 1 161 230 377 0.7 0.546753 0.530478
1459 0 1 168 241 369 0.697095 0.563362 0.55082
1460 0 1 166 241 384 0.688797 0.545675 0.5312
1461 0 1 162 287 447 0.56446 0.452293 0.441417
1462 0 1 194 278 467 0.697842 0.53842 0.520805
1463 0 1 199 282 446 0.705674 0.561127 0.546703
1464 0 1 217 297 464 0.73064 0.584551 0.570302
1465 0 1 220 301 456 0.730897 0.593823 0.581242
1466 0 1 224 299 463 0.749164 0.602035 0.587927
1467 0 1 221 382 505 0.578534 0.50317 0.498309
1468 0 1 219 375 504 0.584 0.503748 0.498294
1469 0 1 221 374 492 0.590909 0.515198 0.510393
1470 0 1 214 360 477 0.594444 0.51642 0.51135
1471 0 1 235 364 472 0.645604 0.566952 0.562201
1472 0 1 226 347 472 0.651297 0.558435 0.551893
1473 0 1 211 399 506 0.528822 0.469592 0.466298
1474 0 1 210 391 485 0.537084 0.482236 0.479452
1475 0 1 223 350 468 0.637143 0.550995 0.545232
1476 0 1 212 333 456 0.636637 0.544041 0.537389
1477 0 1 212 327 455 0.648318 0.549612 0.542199
1478 0 1 212 318 431 0.666667 0.572643 0.566088
1479 0 1 195 329 478 0.592705 0.491725 0.483271
1480 0 1 193 306 447 0.630719 0.521847 0.512616
1481 0 1 176 289 424 0.608997 0.502783 0.493689
1482 0 1 182 272 408 0.669118 0.546332 0.535294
1483 0 1 189 276 396 0.684783 0.571689 0.5625
1484 0 1 181 261 379 0.693487 0.575491 0.565625
1485 0 1 153 266 395 0.575188 0.472011 0.462935
1486 0 1 145 249 361 0.582329 0.483632 0.47541
1487 0 1 139 243 349 0.572016 0.477308 0.469595
1488 0 1 125 224 345 0.558036 0.449652 0.439367
1489 0 1 146 235 353 0.621277 0.506911 0.496599
1490 0 1 146 233 348 0.626609 0.512726 0.502582
1491 0 1 137 239 366 0.573222 0.463213 0.452893
1492 0 1 129 232 358 0.556035 0.447615 0.437288
1493 0 1 112 232 347 0.482759 0.394738 0.386874
1494 0 1 122 225 332 0.542222 0.446375 0.438061
1495 0 1 123 231 352 0.532468 0.431348 0.421955
1496 0 1 116 211 341 0.549763 0.432454 0.42029
1497 0 1 112 229 397 0.489083 0.371454 0.357827
1498 0 1 114 216 374 0.527778 0.40109 0.386441
1499 0 1 112 222 383 0.504505 0.384098 0.370248
1500 0 1 102 212 374 0.481132 0.36224 0.348123
1501 0 1 119 212 389 0.561321 0.414385 0.396007
1502 0 1 117 202 381 0.579208 0.421743 0.401372
1503 0 1 130 232 458 0.560345 0.398811 0.376812
1504 0 1 125 243 452 0.514403 0.37717 0.359712
1505 0 1 130 239 427 0.543933 0.40694 0.39039
1506 0 1 122 233 423 0.523605 0.388608 0.371951
1507 0 1 129 233 442 0.553648 0.401976 0.382222
1508 0 1 127 231 444 0.549784 0.396558 0.376296
1509 0 1 120 222 428 0.540541 0.389299 0.369231
1510 0 1 114 263 472 0.43346 0.323561 0.310204
1511 0 1 100 248 460 0.403226 0.296071 0.282486
1512 0 1 106 240 445 0.441667 0.324355 0.309489
1513 0 1 106 240 435 0.441667 0.328062 0.314074
1514 0 1 135 237 441 0.56962 0.417581 0.39823
1515 0 1 127 285 507 0.445614 0.334101 0.320707
1516 0 1 140 274 498 0.510949 0.378999 0.362694
1517 0 1 128 261 487 0.490421 0.359025 0.342246
1518 0 1 134 264 479 0.507576 0.376821 0.3607
1519 0 1 164 266 485 0.616541 0.456596 0.436751
1520 0 1 164 268 491 0.61194 0.452101 0.432148
1521 0 1 156 252 464 0.619048 0.456211 0.435754
1522 0 1 160 244 466 0.655738 0.474496 0.450704
1523 0 1 152 302 527 0.503311 0.381009 0.366707
1524 0 1 155 304 531 0.509868 0.385787 0.371257
1525 0 1 148 293 531 0.505119 0.375215 0.359223
1526 0 1 142 271 517 0.523985 0.379366 0.360406
1527 0 1 166 292 523 0.568493 0.424782 0.407362
1528 0 1 172 278 501 0.618705 0.460879 0.441592
1529 0 1 163 268 514 0.608209 0.439176 0.41688
1530 0 1 165 274 505 0.60219 0.443571 0.42362
1531 0 1 156 269 484 0.579926 0.43234 0.414343
1532 0 1 150 305 538 0.491803 0.370297 0.355872
1533 0 1 153 296 530 0.516892 0.386285 0.37046
1534 0 1 149 289 501 0.515571 0.391578 0.377215
1535 0 1 149 277 473 0.537906 0.411638 0.397333
1536 0 1 177 268 464 0.660448 0.501934 0.483607
1537 0 1 179 278 498 0.643885 0.481079 0.46134
1538 0 1 183 271 483 0.675277 0.505816 0.485411
1539 0 1 183 341 522 0.536657 0.433749 0.424102
1540 0 1 189 344 513 0.549419 0.449908 0.441074
1541 0 1 185 327 514 0.565749 0.451249 0.439952
1542 0 1 183 318 500 0.575472 0.458936 0.447433
1543 0 1 198 331 526 0.598187 0.474524 0.462077
1544 0 1 204 319 506 0.639498 0.507761 0.494545
1545 0 1 175 373 513 0.469169 0.40006 0.395034
1546 0 1 186 369 499 0.504065 0.43346 0.428571
1547 0 1 172 339 468 0.507375 0.431823 0.42627
1548 0 1 174 353 466 0.492918 0.429011 0.424908
1549 0 1 185 332 449 0.557229 0.479159 0.473752
1550 0 1 191 336 441 0.568452 0.496186 0.491634
1551 0 1 182 325 430 0.56 0.48685 0.482119
1552 0 1 182 363 464 0.501377 0.443465 0.440145
1553 0 1 179 346 461 0.517341 0.448192 0.443618
1554 0 1 168 345 444 0.486957 0.429248 0.425856
1555 0 1 176 333 453 0.528529 0.453149 0.447837
1556 0 1 184 317 430 0.580442 0.498372 0.492637
1557 0 1 190 338 442 0.56213 0.491569 0.487179
1558 0 1 177 312 434 0.567308 0.481007 0.474531
1559 0 1 179 341 468 0.524927 0.448077 0.442522
1560 0 1 158 324 433 0.487654 0.421833 0.417437
1561 0 1 163 319 431 0.510972 0.439596 0.434667
1562 0 1 157 319 407 0.492163 0.43572 0.432507
1563 0 1 175 309 415 0.566343 0.488691 0.483425
1564 0 1 181 315 418 0.574603 0.49881 0.493861
1565 0 1 182 306 410 0.594771 0.513829 0.50838
1566 0 1 176 348 462 0.505747 0.438937 0.434568
1567 0 1 182 339 463 0.536873 0.459389 0.453865
1568 0 1 161 315 451 0.511111 0.427152 0.420366
1569 0 1 160 328 433 0.487805 0.42456 0.420499
1570 0 1 166 302 423 0.549669 0.464445 0.457931
1571 0 1 187 309 440 0.605178 0.50715 0.499332
1572 0 1 185 300 417 0.616667 0.52305 0.516039
1573 0 1 176 325 453 0.541538 0.458693 0.452442
1574 0 1 172 313 431 0.549521 0.468293 0.462366
1575 0 1 157 293 442 0.535836 0.436269 0.427211
1576 0 1 157 292 428 0.537671 0.444106 0.436111
1577 0 1 175 290 421 0.603448 0.500839 0.492264
1578 0 1 178 288 413 0.618056 0.516118 0.507846
1579 0 1 168 275 411 0.610909 0.499715 0.489796
1580 0 1 169 303 463 0.557756 0.451206 0.441253
1581 0 1 154 299 456 0.51505 0.417064 0.407947
1582 0 1 148 286 438 0.517483 0.418159 0.40884
1583 0 1 157 300 432 0.523333 0.436111 0.428962
1584 0 1 199 278 429 0.715827 0.576238 0.562942
1585 0 1 197 286 440 0.688811 0.555337 0.5427
1586 0 1 194 279 426 0.695341 0.562723 0.550355
1587 0 1 182 328 493 0.554878 0.452596 0.443362
1588 0 1 178 324 478 0.549383 0.452307 0.44389
1589 0 1 179 320 475 0.559375 0.459125 0.450314
1590 0 1 175 312 460 0.560897 0.461936 0.453368
1591 0 1 185 302 441 0.612583 0.506931 0.497981
1592 0 1 192 303 451 0.633663 0.519388 0.509284
1593 0 1 194 292 429 0.664384 0.548128 0.538141
1594 0 1 191 288 413 0.663194 0.553812 0.544936
1595 0 1 181 338 473 0.535503 0.452678 0.446363
1596 0 1 180 338 444 0.532544 0.464647 0.460358
1597 0 1 178 323 434 0.551084 0.475416 0.470277
1598 0 1 160 301 410 0.531561 0.455454 0.45007
1599 0 1 173 287 394 0.602787 0.514466 0.508076
1600 0 1 159 267 364 0.595506 0.510024 0.503962
1601 0 1 153 256 367 0.597656 0.499158 0.491172
1602 0 1 146 244 349 0.598361 0.500317 0.492411
1603 0 1 148 269 401 0.550186 0.450623 0.441791
1604 0 1 121 245 376 0.493878 0.398665 0.389694
1605 0 1 129 251 386 0.513944 0.414438 0.405024
1606 0 1 110 222 354 0.495495 0.392387 0.381944
1607 0 1 135 230 346 0.586957 0.478555 0.46875
1608 0 1 129 231 332 0.558442 0.465816 0.458259
1609 0 1 135 217 355 0.62212 0.486396 0.472028
1610 0 1 143 216 344 0.662037 0.524602 0.510714
1611 0 1 128 234 376 0.547009 0.431527 0.419672
1612 0 1 128 218 358 0.587156 0.458184 0.444444
1613 0 1 108 206 317 0.524272 0.42263 0.413002
1614 0 1 108 200 331 0.54 0.419754 0.40678
1615 0 1 118 190 306 0.621053 0.489378 0.475806
1616 0 1 118 174 294 0.678161 0.521715 0.504274
1617 0 1 114 175 284 0.651429 0.51136 0.496732
1618 0 1 108 164 260 0.658537 0.523016 0.509434
1619 0 1 108 182 307 0.593407 0.456898 0.441718
1620 0 1 92 165 280 0.557576 0.428023 0.413483
1621 0 1 83 142 239 0.584507 0.450542 0.435696
1622 0 1 73 128 226 0.570312 0.429204 0.412429
1623 0 1 51 104 186 0.490385 0.366688 0.351724
1624 0 1 46 85 163 0.541176 0.3908 0.370968
1625 0 1 46 73 127 0.630137 0.477743 0.46
1626 0 1 35 61 123 0.57377 0.404064 0.380435
1627 0 1 27 83 143 0.325301 0.247832 0.238938
1628 0 1 17 47 99 0.361702 0.24922 0.232877
1629 0 1 17 49 105 0.346939 0.237004 0.220779
1630 0 1 9 46 108 0.195652 0.127688 0.116883
1631 0 1 15 35 82 0.428571 0.279995 0.25641
1632 0 1 16 49 133 0.326531 0.198197 0.175824
1633 0 1 15 44 113 0.340909 0.212729 0.191083
1634 0 1 14 43 115 0.325581 0.199088 0.177215
1635 0 1 12 43 102 0.27907 0.181195 0.165517
1636 0 1 22 57 186 0.385965 0.213663 0.18107
1637 0 1 22 55 165 0.4 0.23094 0.2
1638 0 1 26 61 183 0.42623 0.246084 0.213115
1639 0 1 28 61 158 0.459016 0.28521 0.255708
1640 0 1 40 52 165 0.769231 0.431834 0.368664
1641 0 1 33 48 146 0.6875 0.3942 0.340206
1642 0 1 31 46 135 0.673913 0.393383 0.342541
1643 0 1 25 38 127 0.657895 0.359871 0.30303
1644 0 1 27 52 213 0.519231 0.25655 0.203774
1645 0 1 28 56 190 0.5 0.271448 0.227642
1646 0 1 30 60 207 0.5 0.269191 0.224719
1647 0 1 31 52 193 0.596154 0.309444 0.253061
1648 0 1 27 47 175 0.574468 0.297712 0.243243
1649 0 1 26 51 152 0.509804 0.295302 0.256158
1650 0 1 36 97 250 0.371134 0.231178 0.207493
1651 0 1 29 88 231 0.329545 0.2034 0.181818
1652 0 1 31 86 247 0.360465 0.212698 0.186186
1653 0 1 30 78 228 0.384615 0.224961 0.196078
1654 0 1 48 80 226 0.6 0.356978 0.313726
1655 0 1 58 73 213 0.794521 0.465133 0.405594
1656 0 1 63 78 211 0.807692 0.49108 0.435986
1657 0 1 56 65 222 0.861538 0.466181 0.390244
1658 0 1 59 67 217 0.880597 0.489311 0.415493
1659 0 1 59 66 205 0.893939 0.507228 0.435424
1660 0 1 51 64 198 0.796875 0.453052 0.389313
1661 0 1 56 82 269 0.682927 0.377055 0.319088
1662 0 1 59 95 285 0.621053 0.358565 0.310526
1663 0 1 57 92 279 0.619565 0.355778 0.307278
1664 0 1 54 92 271 0.586957 0.341991 0.297521
1665 0 1 69 90 272 0.766667 0.441005 0.381215
1666 0 1 57 78 254 0.730769 0.404959 0.343374
1667 0 1 72 161 414 0.447205 0.278881 0.250435
1668 0 1 80 161 426 0.496894 0.305473 0.272572
1669 0 1 78 156 404 0.5 0.3107 0.278571
1670 0 1 88 158 410 0.556962 0.34575 0.309859
1671 0 1 135 144 380 0.9375 0.577113 0.515267
1672 0 1 151 147 376 1.02721 0.64228 0.577438
1673 0 1 144 140 366 1.02857 0.636148 0.56917
1674 0 1 143 147 348 0.972789 0.632248 0.577778
1675 0 1 147 143 331 1.02797 0.675671 0.620253
1676 0 1 141 139 338 1.01439 0.650509 0.591195
1677 0 1 132 124 315 1.06452 0.667894 0.601367
1678 0 1 132 138 315 0.956522 0.63311 0.582781
1679 0 1 126 129 299 0.976744 0.641564 0.588785
1680 0 1 114 121 295 0.942149 0.603394 0.548077
1681 0 1 116 124 291 0.935484 0.610662 0.559036
1682 0 1 115 108 287 1.06481 0.653198 0.582278
1683 0 1 105 124 357 0.846774 0.49905 0.43659
1684 0 1 124 136 380 0.911765 0.545457 0.48062
1685 0 1 124 130 350 0.953846 0.581321 0.516667
1686 0 1 119 129 325 0.922481 0.58118 0.524229
1687 0 1 121 171 444 0.707602 0.439133 0.393496
1688 0 1 122 165 400 0.739394 0.474884 0.431858
1689 0 1 137 174 408 0.787356 0.514181 0.47079
1690 0 1 124 167 394 0.742515 0.48341 0.442068
1691 0 1 147 153 387 0.960784 0.60411 0.544444
1692 0 1 152 141 375 1.07801 0.661026 0.589147
1693 0 1 139 135 357 1.02963 0.63316 0.565041
1694 0 1 144 187 454 0.770053 0.494213 0.449298
1695 0 1 127 170 425 0.747059 0.472481 0.426891
1696 0 1 128 176 406 0.727273 0.47884 0.439863
1697 0 1 121 162 384 0.746914 0.485135 0.443223
1698 0 1 140 154 378 0.909091 0.580259 0.526316
1699 0 1 135 184 430 0.733696 0.479944 0.439739
1700 0 1 120 177 408 0.677966 0.446544 0.410256
1701 0 1 132 182 384 0.725275 0.499313 0.466431
1702 0 1 125 194 448 0.64433 0.424004 0.389408
1703 0 1 142 195 410 0.728205 0.502203 0.469421
1704 0 1 148 198 378 0.747475 0.540982 0.513889
1705 0 1 137 208 435 0.658654 0.455454 0.426128
1706 0 1 133 198 374 0.671717 0.488746 0.465035
1707 0 1 136 200 339 0.68 0.522305 0.504638
1708 0 1 127 217 369 0.585253 0.448808 0.433447
1709 0 1 119 200 312 0.595 0.476381 0.464844
1710 0 1 116 215 325 0.539535 0.438831 0.42963
1711 0 1 117 209 326 0.559809 0.448233 0.437383
1712 0 1 122 191 299 0.638743 0.510514 0.497959
1713 0 1 127 226 336 0.561947 0.460871 0.451957
1714 0 1 132 218 328 0.605505 0.493638 0.483516
1715 0 1 129 213 308 0.605634 0.503645 0.495202
1716 0 1 134 200 298 0.67 0.548885 0.538153
1717 0 1 147 282 388 0.521277 0.444403 0.438806
1718 0 1 142 270 387 0.525926 0.43929 0.432268
1719 0 1 139 257 358 0.540856 0.458254 0.452033
1720 0 1 132 254 341 0.519685 0.448518 0.443697
1721 0 1 163 240 334 0.679167 0.575717 0.567944
1722 0 1 164 236 317 0.694915 0.599595 0.593128
1723 0 1 156 288 413 0.541667 0.452328 0.445078
1724 0 1 162 286 422 0.566434 0.466311 0.457627
1725 0 1 156 276 407 0.565217 0.46545 0.456808
1726 0 1 156 273 386 0.571429 0.480562 0.473445
1727 0 1 170 257 372 0.661479 0.549808 0.540541
1728 0 1 176 256 350 0.6875 0.587975 0.580858
1729 0 1 166 242 349 0.68595 0.571199 0.56176
1730 0 1 172 325 432 0.529231 0.459034 0.454425
1731 0 1 160 328 434 0.487805 0.424071 0.419948
1732 0 1 160 319 416 0.501567 0.439216 0.435374
1733 0 1 155 314 396 0.493631 0.439561 0.43662
1734 0 1 198 308 386 0.642857 0.574244 0.570605
1735 0 1 193 297 372 0.649832 0.580641 0.576981
1736 0 1 194 286 367 0.678322 0.598805 0.594181
1737 0 1 206 358 460 0.575419 0.507629 0.503667
1738 0 1 186 339 444 0.548673 0.479426 0.475096
1739 0 1 189 345 449 0.547826 0.480208 0.476071
1740 0 1 181 327 450 0.553517 0.471844 0.465894
1741 0 1 217 315 434 0.688889 0.586894 0.579439
1742 0 1 223 311 427 0.717042 0.611943 0.604336
1743 0 1 207 280 409 0.739286 0.611688 0.600871
1744 0 1 197 345 485 0.571014 0.481599 0.474699
1745 0 1 174 331 459 0.52568 0.446405 0.440506
1746 0 1 178 330 471 0.539394 0.451495 0.444444
1747 0 1 163 311 460 0.524116 0.430952 0.422827
1748 0 1 191 306 443 0.624183 0.518765 0.510013
1749 0 1 201 300 421 0.67 0.56558 0.557559
1750 0 1 190 350 515 0.542857 0.447524 0.439306
1751 0 1 177 333 471 0.531532 0.446931 0.440298
1752 0 1 182 341 510 0.533724 0.436424 0.427732
1753 0 1 166 325 493 0.510769 0.414708 0.405868
1754 0 1 206 325 472 0.633846 0.525962 0.516939
1755 0 1 206 304 463 0.677632 0.549085 0.537158
1756 0 1 192 295 430 0.650847 0.539083 0.529655
1757 0 1 182 366 496 0.497268 0.427159 0.422274
1758 0 1 186 350 486 0.531429 0.450984 0.444976
1759 0 1 178 354 496 0.502825 0.424793 0.418824
1760 0 1 178 347 504 0.512968 0.425638 0.418331
1761 0 1 210 350 459 0.6 0.523937 0.519159
1762 0 1 220 346 486 0.635838 0.536496 0.528846
1763 0 1 218 328 471 0.664634 0.554637 0.545682
1764 0 1 208 334 449 0.622755 0.537115 0.53129
1765 0 1 212 339 458 0.625369 0.538026 0.531995
1766 0 1 207 333 453 0.621622 0.532966 0.526718
1767 0 1 200 318 449 0.628931 0.529289 0.521512
1768 0 1 197 313 448 0.629393 0.526084 0.51774
1769 0 1 198 311 428 0.636656 0.542704 0.535859
1770 0 1 194 375 522 0.517333 0.438481 0.432553
1771 0 1 193 366 509 0.527322 0.447155 0.441143
1772 0 1 174 360 501 0.483333 0.409712 0.404181
1773 0 1 184 350 483 0.525714 0.447518 0.441777
1774 0 1 204 338 467 0.60355 0.513468 0.506832
1775 0 1 199 315 443 0.631746 0.532716 0.525066
1776 0 1 196 324 460 0.604938 0.507697 0.5
1777 0 1 197 332 463 0.593373 0.502466 0.495597
1778 0 1 209 353 489 0.592068 0.503042 0.496437
1779 0 1 207 349 483 0.593123 0.504178 0.497596
1780 0 1 212 351 485 0.603989 0.513821 0.507177
1781 0 1 214 354 496 0.60452 0.510706 0.503529
1782 0 1 212 401 557 0.528678 0.448576 0.442589
1783 0 1 205 389 557 0.526992 0.440404 0.433404
1784 0 1 231 403 565 0.573201 0.4841 0.477273
1785 0 1 232 403 549 0.575682 0.49323 0.487395
1786 0 1 248 402 548 0.616915 0.528382 0.522105
1787 0 1 239 387 530 0.617571 0.527721 0.521265
1788 0 1 259 386 519 0.670984 0.578659 0.572376
1789 0 1 262 392 509 0.668367 0.586542 0.581576
1790 0 1 229 365 483 0.627397 0.5454 0.540094
1791 0 1 241 417 563 0.577938 0.497387 0.491837
1792 0 1 253 409 550 0.618582 0.53343 0.527633
1793 0 1 252 412 550 0.61165 0.529384 0.523908
1794 0 1 240 406 525 0.591133 0.519839 0.515575
1795 0 1 243 389 507 0.624679 0.547177 0.542411
1796 0 1 249 377 488 0.660477 0.580522 0.575723
1797 0 1 262 444 572 0.59009 0.51989 0.515748
1798 0 1 246 419 552 0.587112 0.511515 0.506694
1799 0 1 269 437 566 0.615561 0.540883 0.536391
1800 0 1 248 419 544 0.591885 0.519452 0.515057
1801 0 1 298 417 529 0.714628 0.634484 0.630021
1802 0 1 300 402 537 0.746269 0.645686 0.638978
1803 0 1 282 400 507 0.705 0.626203 0.62183
1804 0 1 292 383 503 0.762402 0.665272 0.659142
1805 0 1 281 372 489 0.755376 0.658841 0.652729
1806 0 1 278 420 523 0.661905 0.593157 0.589608
1807 0 1 269 404 520 0.665842 0.586894 0.582251
1808 0 1 278 411 563 0.676399 0.577923 0.570842
1809 0 1 284 404 531 0.70297 0.613169 0.607487
1810 0 1 275 382 510 0.719895 0.62304 0.616592
1811 0 1 291 428 540 0.679907 0.605305 0.60124
1812 0 1 287 419 546 0.684964 0.600038 0.594819
1813 0 1 307 414 568 0.741546 0.633088 0.625255
1814 0 1 293 397 534 0.738035 0.636358 0.629431
1815 0 1 309 387 546 0.79845 0.672213 0.662379
1816 0 1 306 394 537 0.77665 0.665252 0.657358
1817 0 1 302 381 508 0.792651 0.686456 0.679415
1818 0 1 306 403 550 0.759305 0.649961 0.642183
1819 0 1 287 396 523 0.724747 0.630643 0.624592
1820 0 1 288 375 526 0.768 0.648461 0.63929
1821 0 1 297 387 531 0.767442 0.65517 0.647059
1822 0 1 302 381 528 0.792651 0.673329 0.664466
1823 0 1 291 362 503 0.803867 0.681953 0.672832
1824 0 1 276 390 534 0.707692 0.604792 0.597403
1825 0 1 272 377 527 0.721485 0.610229 0.60177
1826 0 1 266 374 515 0.71123 0.606097 0.598425
1827 0 1 245 352 457 0.696023 0.610853 0.605686
1828 0 1 241 386 533 0.624352 0.531324 0.524483
1829 0 1 253 401 526 0.630923 0.550878 0.545847
1830 0 1 257 384 516 0.669271 0.577355 0.571111
1831 0 1 256 388 522 0.659794 0.568838 0.562637
1832 0 1 272 368 517 0.73913 0.623591 0.614689
1833 0 1 294 363 507 0.809917 0.685315 0.675862
1834 0 1 288 346 493 0.83237 0.697318 0.686532
1835 0 1 283 404 531 0.700495 0.61101 0.605348
1836 0 1 276 403 517 0.684864 0.60466 0.6
1837 0 1 280 394 514 0.71066 0.622198 0.61674
1838 0 1 282 404 537 0.69802 0.60544 0.599362
1839 0 1 313 403 503 0.776675 0.695197 0.690949
1840 0 1 312 396 494 0.787879 0.705413 0.701124
1841 0 1 315 381 476 0.826772 0.739681 0.735123
1842 0 1 309 408 525 0.757353 0.66765 0.662379
1843 0 1 310 406 511 0.763547 0.680594 0.676118
1844 0 1 294 396 500 0.742424 0.660716 0.65625
1845 0 1 292 404 512 0.722772 0.642033 0.637555
1846 0 1 302 385 495 0.784416 0.69179 0.686364
1847 0 1 295 379 484 0.778364 0.688779 0.683662
1848 0 1 292 432 535 0.675926 0.607385 0.60393
1849 0 1 292 417 531 0.70024 0.620537 0.616034
1850 0 1 259 401 494 0.645885 0.581921 0.578771
1851 0 1 275 410 529 0.670732 0.590491 0.585729
1852 0 1 309 393 496 0.78626 0.699876 0.695163
1853 0 1 289 411 513 0.703163 0.629388 0.625541
1854 0 1 295 406 500 0.726601 0.654748 0.651214
1855 0 1 285 385 487 0.74026 0.658188 0.65367
1856 0 1 291 392 490 0.742347 0.663975 0.659864
1857 0 1 311 375 468 0.829333 0.742372 0.737841
1858 0 1 299 404 490 0.740099 0.67202 0.668904
1859 0 1 298 382 473 0.780105 0.701058 0.697076
1860 0 1 308 384 480 0.802083 0.717405 0.712963
1861 0 1 292 383 476 0.762402 0.68388 0.67986
1862 0 1 294 372 441 0.790323 0.725866 0.723247
1863 0 1 302 370 441 0.816216 0.74763 0.74476
1864 0 1 295 363 424 0.812672 0.751944 0.749682
1865 0 1 285 387 480 0.736434 0.661255 0.657439
1866 0 1 288 378 468 0.761905 0.684737 0.680851
1867 0 1 281 369 450 0.761518 0.689584 0.686203
1868 0 1 283 384 461 0.736979 0.672621 0.669823
1869 0 1 288 373 453 0.772118 0.70063 0.697337
1870 0 1 303 365 446 0.830137 0.750981 0.747226
1871 0 1 301 359 450 0.83844 0.748881 0.744129
1872 0 1 304 360 449 0.844444 0.756135 0.751545
1873 0 1 296 341 423 0.868035 0.779371 0.774869
1874 0 1 296 370 480 0.8 0.702377 0.696471
1875 0 1 280 355 460 0.788732 0.692891 0.687117
1876 0 1 266 345 458 0.771015 0.669174 0.662516
1877 0 1 217 308 389 0.704545 0.626916 0.622669
1878 0 1 221 306 389 0.722222 0.640556 0.635971
1879 0 1 244 339 420 0.719764 0.646644 0.642951
1880 0 1 218 280 350 0.778571 0.696375 0.692064
1881 0 1 210 272 350 0.772059 0.680614 0.675241
1882 0 1 205 273 329 0.750916 0.684029 0.681063
1883 0 1 179 197 295 0.908629 0.742521 0.727642
1884 0 1 178 204 280 0.872549 0.744776 0.735537
1885 0 1 179 202 277 0.886139 0.756724 0.74739
1886 0 1 166 192 271 0.864583 0.727734 0.717063
1887 0 1 168 193 278 0.870466 0.725284 0.713376
1888 0 1 166 182 278 0.912088 0.737989 0.721739
1889 0 1 166 187 274 0.887701 0.733351 0.720174
1890 0 1 168 195 282 0.861538 0.71642 0.704403
1891 0 1 159 193 269 0.823834 0.697818 0.688312
1892 0 1 157 184 271 0.853261 0.703082 0.69011
1893 0 1 155 185 266 0.837838 0.698723 0.687361
1894 0 1 163 193 266 0.84456 0.719396 0.71024
1895 0 1 152 177 263 0.858757 0.704497 0.690909
1896 0 1 164 186 272 0.88172 0.729127 0.716157
1897 0 1 152 169 259 0.899408 0.726525 0.71028
1898 0 1 140 162 251 0.864198 0.694278 0.677966
1899 0 1 133 156 243 0.852564 0.683103 0.666667
1900 0 1 120 156 223 0.769231 0.643378 0.633245
1901 0 1 128 152 231 0.842105 0.683097 0.668407
1902 0 1 132 152 223 0.868421 0.716968 0.704
1903 0 1 122 144 228 0.847222 0.673304 0.655914
1904 0 1 122 139 205 0.877698 0.722729 0.709302
1905 0 1 114 132 189 0.863636 0.72175 0.71028
1906 0 1 119 134 178 0.88806 0.770521 0.762821
1907 0 1 112 129 175 0.868217 0.745425 0.736842
1908 0 1 111 135 175 0.822222 0.722166 0.716129
1909 0 1 111 135 170 0.822222 0.732709 0.727869
1910 0 1 104 125 176 0.832 0.701168 0.69103
1911 0 1 119 136 196 0.875 0.728869 0.716867
1912 0 1 111 130 183 0.853846 0.719657 0.709265
1913 0 1 106 120 180 0.883333 0.721239 0.706667
1914 0 1 120 125 186 0.96 0.786991 0.771704
1915 0 1 109 126 197 0.865079 0.691844 0.674923
1916 0 1 117 140 208 0.835714 0.685631 0.672414
1917 0 1 111 137 208 0.810219 0.657553 0.643478
1918 0 1 112 139 189 0.805755 0.691003 0.682927
1919 0 1 124 139 209 0.892086 0.727514 0.712644
1920 0 1 111 134 198 0.828358 0.681456 0.668675
1921 0 1 97 105 187 0.92381 0.692239 0.664384
1922 0 1 86 94 172 0.914894 0.676348 0.646617
1923 0 1 83 66 175 1.25758 0.772302 0.688797
1924 0 1 62 53 147 1.16981 0.702417 0.62
1925 0 1 15 10 36 1.5 0.790569 0.652174
1926 0 1 41 28 86 1.46429 0.835518 0.719298
1927 0 1 23 22 75 1.04545 0.566221 0.474227
1928 0 1 45 40 132 1.125 0.619292 0.523256
1929 0 1 36 43 110 0.837209 0.523446 0.470588
1930 0 1 39 48 122 0.8125 0.509641 0.458824
1931 0 1 49 41 130 1.19512 0.67117 0.573099
1932 0 1 0 4 12 0 0 0
1933 0 1 1 3 24 0.333333 0.117851 0.0740741
1934 0 1 1 4 17 0.25 0.121268 0.0952381
1935 0 1 23 19 66 1.21053 0.6495 0.541176
1936 0 1 17 16 53 1.0625 0.583782 0.492754
1937 0 1 26 22 56 1.18182 0.740744 0.666667
1938 0 1 25 35 118 0.714286 0.389014 0.326797
1939 0 1 29 38 116 0.763158 0.436795 0.376623
1940 0 1 28 38 125 0.736842 0.406267 0.343558
1941 0 1 28 37 111 0.756757 0.436914 0.378378
1942 0 1 38 38 120 1 0.562731 0.481013
1943 0 1 36 38 118 0.947368 0.537613 0.461538
1944 0 1 40 38 127 1.05263 0.575793 0.484848
1945 0 1 37 40 127 0.925 0.519123 0.443114
1946 0 1 42 38 119 1.10526 0.624574 0.535032
1947 0 1 40 39 123 1.02564 0.577531 0.493827
1948 0 1 38 37 119 1.02703 0.572676 0.487179
1949 0 1 39 36 122 1.08333 0.588482 0.493671
1950 0 1 38 37 119 1.02703 0.572676 0.487179
1951 0 1 45 40 119 1.125 0.652242 0.566038
1952 0 1 38 38 122 1 0.5581 0.475

# ---------- Global Summary ----------
# CorrFrames: 1787
avg_CorrEdges: 122.088
avg_match_A: 201.529
avg_match_B: 319.741
global_RI_MNR: 0.605811
global_RI_GNR: 0.480957
global_RI_DICE: 0.468427

# ---------- Per-Channel Summary ----------
chA: 0 chB: 1 | avgC: 122.088 avgA: 201.529 avgB: 319.741 MNR: 0.64514 GNR: 0.468841 DICE: 0.442259
