#frame chA chB nCorr nA nB MNR GNR DICE
2 0 1 0 72 8 0 0 0
3 0 1 0 43 8 0 0 0
4 0 1 0 40 16 0 0 0
5 0 1 0 41 44 0 0 0
6 0 1 0 62 111 0 0 0
7 0 1 0 63 156 0 0 0
8 0 1 0 62 150 0 0 0
9 0 1 0 55 145 0 0 0
10 0 1 0 49 164 0 0 0
11 0 1 0 51 143 0 0 0
12 0 1 0 52 137 0 0 0
13 0 1 0 45 121 0 0 0
14 0 1 0 48 113 0 0 0
15 0 1 0 45 102 0 0 0
16 0 1 0 40 85 0 0 0
17 0 1 0 35 136 0 0 0
18 0 1 0 35 151 0 0 0
19 0 1 0 32 135 0 0 0
20 0 1 0 20 115 0 0 0
21 0 1 0 19 112 0 0 0
22 0 1 0 11 99 0 0 0
23 0 1 0 28 113 0 0 0
24 0 1 0 16 111 0 0 0
25 0 1 0 15 91 0 0 0
26 0 1 0 20 103 0 0 0
27 0 1 0 15 73 0 0 0
28 0 1 0 22 121 0 0 0
29 0 1 0 12 100 0 0 0
30 0 1 0 9 72 0 0 0
31 0 1 0 43 113 0 0 0
32 0 1 0 33 117 0 0 0
33 0 1 0 26 113 0 0 0
34 0 1 0 18 101 0 0 0
35 0 1 0 12 92 0 0 0
36 0 1 0 9 73 0 0 0
37 0 1 0 54 133 0 0 0
38 0 1 0 49 150 0 0 0
39 0 1 0 48 169 0 0 0
40 0 1 0 43 168 0 0 0
41 0 1 0 34 150 0 0 0
42 0 1 0 24 143 0 0 0
43 0 1 0 17 119 0 0 0
44 0 1 0 13 107 0 0 0
45 0 1 0 12 93 0 0 0
46 0 1 0 49 123 0 0 0
47 0 1 0 41 150 0 0 0
48 0 1 0 41 154 0 0 0
49 0 1 0 36 165 0 0 0
50 0 1 0 30 156 0 0 0
51 0 1 0 26 136 0 0 0
52 0 1 0 20 138 0 0 0
53 0 1 0 19 130 0 0 0
54 0 1 0 14 142 0 0 0
55 0 1 0 14 125 0 0 0
56 0 1 0 11 111 0 0 0
57 0 1 0 12 112 0 0 0
58 0 1 0 11 109 0 0 0
59 0 1 0 12 91 0 0 0
60 0 1 0 33 104 0 0 0
61 0 1 0 27 127 0 0 0
62 0 1 0 29 125 0 0 0
63 0 1 0 29 123 0 0 0
64 0 1 0 31 128 0 0 0
65 0 1 0 28 119 0 0 0
66 0 1 0 28 116 0 0 0
67 0 1 0 22 104 0 0 0
68 0 1 0 20 97 0 0 0
69 0 1 0 18 88 0 0 0
70 0 1 0 38 111 0 0 0
71 0 1 0 31 110 0 0 0
72 0 1 0 33 112 0 0 0
73 0 1 0 25 115 0 0 0
74 0 1 0 28 109 0 0 0
75 0 1 0 19 102 0 0 0
76 0 1 0 15 79 0 0 0
77 0 1 0 31 103 0 0 0
78 0 1 0 24 98 0 0 0
79 0 1 0 18 97 0 0 0
80 0 1 0 13 81 0 0 0
81 0 1 0 41 124 0 0 0
82 0 1 0 29 117 0 0 0
83 0 1 0 27 117 0 0 0
84 0 1 0 23 108 0 0 0
85 0 1 0 17 85 0 0 0
86 0 1 0 46 130 0 0 0
87 0 1 0 31 137 0 0 0
88 0 1 0 28 134 0 0 0
89 0 1 0 14 108 0 0 0
90 0 1 0 10 86 0 0 0
91 0 1 0 21 99 0 0 0
92 0 1 0 12 78 0 0 0
93 0 1 0 26 123 0 0 0
94 0 1 0 14 112 0 0 0
95 0 1 0 10 92 0 0 0
96 0 1 0 8 79 0 0 0
97 0 1 0 22 121 0 0 0
98 0 1 0 12 87 0 0 0
99 0 1 0 8 65 0 0 0
100 0 1 0 17 90 0 0 0
101 0 1 0 7 83 0 0 0
102 0 1 0 9 66 0 0 0
103 0 1 0 28 88 0 0 0
104 0 1 0 17 72 0 0 0
105 0 1 0 37 103 0 0 0
106 0 1 0 21 108 0 0 0
107 0 1 0 10 75 0 0 0
108 0 1 0 17 62 0 0 0
109 0 1 0 29 90 0 0 0
110 0 1 0 13 66 0 0 0
111 0 1 0 26 95 0 0 0
112 0 1 0 22 95 0 0 0
113 0 1 0 19 87 0 0 0
114 0 1 0 14 82 0 0 0
115 0 1 0 8 68 0 0 0
116 0 1 0 23 104 0 0 0
117 0 1 0 17 110 0 0 0
118 0 1 0 12 108 0 0 0
119 0 1 0 10 105 0 0 0
120 0 1 0 12 89 0 0 0
121 0 1 0 7 74 0 0 0
122 0 1 0 29 115 0 0 0
123 0 1 0 21 131 0 0 0
124 0 1 0 21 118 0 0 0
125 0 1 0 12 112 0 0 0
126 0 1 0 14 104 0 0 0
127 0 1 0 11 109 0 0 0
128 0 1 0 9 97 0 0 0
129 0 1 0 9 83 0 0 0
130 0 1 0 8 83 0 0 0
131 0 1 0 8 67 0 0 0
132 0 1 0 39 100 0 0 0
133 0 1 0 32 118 0 0 0
134 0 1 0 33 128 0 0 0
135 0 1 0 29 117 0 0 0
136 0 1 0 27 112 0 0 0
137 0 1 0 26 117 0 0 0
138 0 1 0 22 106 0 0 0
139 0 1 0 22 110 0 0 0
140 0 1 0 22 108 0 0 0
141 0 1 0 17 110 0 0 0
142 0 1 0 18 102 0 0 0
143 0 1 0 17 96 0 0 0
144 0 1 0 20 89 0 0 0
145 0 1 0 17 85 0 0 0
146 0 1 0 15 77 0 0 0
147 0 1 0 14 77 0 0 0
148 0 1 0 12 80 0 0 0
149 0 1 0 12 76 0 0 0
150 0 1 0 12 68 0 0 0
151 0 1 0 24 86 0 0 0
152 0 1 0 23 96 0 0 0
153 0 1 0 23 109 0 0 0
154 0 1 0 19 121 0 0 0
155 0 1 0 18 117 0 0 0
156 0 1 0 17 108 0 0 0
157 0 1 0 15 110 0 0 0
158 0 1 0 15 109 0 0 0
159 0 1 0 11 97 0 0 0
160 0 1 0 11 81 0 0 0
161 0 1 0 10 83 0 0 0
162 0 1 0 6 78 0 0 0
163 0 1 0 7 59 0 0 0
164 0 1 0 22 85 0 0 0
165 0 1 0 20 95 0 0 0
166 0 1 0 17 92 0 0 0
167 0 1 0 14 92 0 0 0
168 0 1 0 13 90 0 0 0
169 0 1 0 10 76 0 0 0
170 0 1 0 11 63 0 0 0
171 0 1 0 10 53 0 0 0
172 0 1 0 22 64 0 0 0
173 0 1 0 19 61 0 0 0
174 0 1 0 14 64 0 0 0
175 0 1 0 9 62 0 0 0
176 0 1 0 9 58 0 0 0
177 0 1 0 9 50 0 0 0
178 0 1 0 17 69 0 0 0
179 0 1 0 10 70 0 0 0
180 0 1 0 11 64 0 0 0
181 0 1 0 8 53 0 0 0
182 0 1 0 6 49 0 0 0
183 0 1 0 5 46 0 0 0
184 0 1 0 19 55 0 0 0
185 0 1 0 14 64 0 0 0
186 0 1 0 11 66 0 0 0
187 0 1 0 9 62 0 0 0
188 0 1 0 10 56 0 0 0
189 0 1 0 8 42 0 0 0
190 0 1 0 29 73 0 0 0
191 0 1 0 25 79 0 0 0
192 0 1 0 25 90 0 0 0
193 0 1 0 18 85 0 0 0
194 0 1 0 12 67 0 0 0
195 0 1 0 8 53 0 0 0
196 0 1 0 8 47 0 0 0
197 0 1 0 3 35 0 0 0
198 0 1 0 12 49 0 0 0
199 0 1 0 16 53 0 0 0
200 0 1 0 28 61 0 0 0
201 0 1 0 18 60 0 0 0
202 0 1 0 17 71 0 0 0
203 0 1 0 26 104 0 0 0
204 0 1 0 18 76 0 0 0
205 0 1 0 19 116 0 0 0
206 0 1 0 19 93 0 0 0
207 0 1 0 13 80 0 0 0
208 0 1 0 23 89 0 0 0
209 0 1 0 18 77 0 0 0
210 0 1 0 45 99 0 0 0
211 0 1 0 43 121 0 0 0
212 0 1 0 47 138 0 0 0
213 0 1 0 61 143 0 0 0
214 0 1 0 80 132 0 0 0
215 0 1 0 85 152 0 0 0
216 0 1 0 93 123 0 0 0
217 0 1 0 66 88 0 0 0
218 0 1 0 91 97 0 0 0
219 0 1 0 54 80 0 0 0
220 0 1 0 82 99 0 0 0
221 0 1 0 61 122 0 0 0
222 0 1 0 92 133 0 0 0
223 0 1 0 76 118 0 0 0
224 0 1 0 132 151 0 0 0
225 0 1 0 80 140 0 0 0
226 0 1 0 109 148 0 0 0
227 0 1 0 86 137 0 0 0
228 0 1 0 108 185 0 0 0
229 0 1 0 72 155 0 0 0
230 0 1 0 93 198 0 0 0
231 0 1 0 79 185 0 0 0
232 0 1 0 94 191 0 0 0
233 0 1 0 70 192 0 0 0
234 0 1 0 91 212 0 0 0
235 0 1 0 73 189 0 0 0
236 0 1 0 86 182 0 0 0
237 0 1 0 80 175 0 0 0
238 0 1 0 82 186 0 0 0
239 0 1 0 70 166 0 0 0
240 0 1 0 80 171 0 0 0
241 0 1 0 63 136 0 0 0
242 0 1 0 70 178 0 0 0
243 0 1 0 54 150 0 0 0
244 0 1 0 64 142 0 0 0
245 0 1 0 39 125 0 0 0
246 0 1 0 49 132 0 0 0
247 0 1 0 45 132 0 0 0
248 0 1 0 50 156 0 0 0
249 0 1 0 51 136 0 0 0
250 0 1 0 67 165 0 0 0
251 0 1 0 42 121 0 0 0
252 0 1 0 65 113 0 0 0
253 0 1 2 41 99 0.0487805 0.0313921 0.0285714
254 0 1 1 39 92 0.025641 0.0166945 0.0152672
255 0 1 0 58 96 0 0 0
256 0 1 0 38 95 0 0 0
257 0 1 0 62 143 0 0 0
258 0 1 0 51 123 0 0 0
259 0 1 0 42 109 0 0 0
260 0 1 0 66 144 0 0 0
261 0 1 2 58 159 0.0344828 0.0208266 0.0184332
262 0 1 2 53 159 0.0377358 0.0217868 0.0188679
263 0 1 2 53 149 0.0377358 0.022506 0.019802
264 0 1 0 35 157 0 0 0
265 0 1 0 55 126 0 0 0
266 0 1 0 44 123 0 0 0
267 0 1 0 48 118 0 0 0
268 0 1 0 78 143 0 0 0
269 0 1 1 58 163 0.0172414 0.0102847 0.00904977
270 0 1 1 55 161 0.0181818 0.0106269 0.00925926
271 0 1 1 47 157 0.0212766 0.0116413 0.00980392
272 0 1 0 37 146 0 0 0
273 0 1 1 79 150 0.0126582 0.0091863 0.00873362
274 0 1 0 65 156 0 0 0
275 0 1 0 68 168 0 0 0
276 0 1 0 58 169 0 0 0
277 0 1 0 54 173 0 0 0
278 0 1 1 45 157 0.0222222 0.0118972 0.00990099
279 0 1 0 82 175 0 0 0
280 0 1 0 71 189 0 0 0
281 0 1 0 67 200 0 0 0
282 0 1 0 70 174 0 0 0
283 0 1 0 58 180 0 0 0
284 0 1 1 100 181 0.01 0.00743294 0.00711744
285 0 1 1 86 186 0.0116279 0.00790668 0.00735294
286 0 1 0 78 211 0 0 0
287 0 1 0 72 179 0 0 0
288 0 1 1 121 190 0.00826446 0.00659524 0.00643087
289 0 1 0 88 175 0 0 0
290 0 1 2 99 189 0.020202 0.0146211 0.0138889
291 0 1 0 123 205 0 0 0
292 0 1 3 109 203 0.0275229 0.0201679 0.0192308
293 0 1 1 103 200 0.00970874 0.00696733 0.00660066
294 0 1 4 131 183 0.0305344 0.0258344 0.0254777
295 0 1 0 93 164 0 0 0
296 0 1 0 83 167 0 0 0
297 0 1 0 74 151 0 0 0
298 0 1 0 112 173 0 0 0
299 0 1 0 96 166 0 0 0
300 0 1 0 77 146 0 0 0
301 0 1 0 127 152 0 0 0
302 0 1 0 93 142 0 0 0
303 0 1 0 83 138 0 0 0
304 0 1 0 108 135 0 0 0
305 0 1 1 84 120 0.0119048 0.00996024 0.00980392
306 0 1 1 85 126 0.0117647 0.00966285 0.00947867
307 0 1 0 100 130 0 0 0
308 0 1 1 85 140 0.0117647 0.00916698 0.00888889
309 0 1 0 79 151 0 0 0
310 0 1 0 109 154 0 0 0
311 0 1 0 81 152 0 0 0
312 0 1 0 88 145 0 0 0
313 0 1 1 115 165 0.00869565 0.00725954 0.00714286
314 0 1 1 110 158 0.00909091 0.00758534 0.00746269
315 0 1 0 105 169 0 0 0
316 0 1 0 122 172 0 0 0
317 0 1 0 107 152 0 0 0
318 0 1 0 95 149 0 0 0
319 0 1 0 148 175 0 0 0
320 0 1 0 108 183 0 0 0
321 0 1 0 99 194 0 0 0
322 0 1 0 131 219 0 0 0
323 0 1 0 112 213 0 0 0
324 0 1 0 109 224 0 0 0
325 0 1 0 128 220 0 0 0
326 0 1 0 108 189 0 0 0
327 0 1 0 135 216 0 0 0
328 0 1 0 111 229 0 0 0
329 0 1 0 162 257 0 0 0
330 0 1 0 127 245 0 0 0
331 0 1 0 117 241 0 0 0
332 0 1 0 157 254 0 0 0
333 0 1 0 134 233 0 0 0
334 0 1 0 127 217 0 0 0
335 0 1 0 161 237 0 0 0
336 0 1 0 132 218 0 0 0
337 0 1 0 123 211 0 0 0
338 0 1 0 150 227 0 0 0
339 0 1 0 141 230 0 0 0
340 0 1 0 116 227 0 0 0
341 0 1 0 135 252 0 0 0
342 0 1 1 121 222 0.00826446 0.00610142 0.0058309
343 0 1 0 105 228 0 0 0
344 0 1 0 159 254 0 0 0
345 0 1 0 126 221 0 0 0
346 0 1 0 105 220 0 0 0
347 0 1 0 135 235 0 0 0
348 0 1 0 98 241 0 0 0
349 0 1 0 116 214 0 0 0
350 0 1 0 137 222 0 0 0
351 0 1 0 119 215 0 0 0
352 0 1 0 124 205 0 0 0
353 0 1 0 131 223 0 0 0
354 0 1 0 113 222 0 0 0
355 0 1 0 101 197 0 0 0
356 0 1 0 118 225 0 0 0
357 0 1 0 102 222 0 0 0
358 0 1 0 97 211 0 0 0
359 0 1 0 123 214 0 0 0
360 0 1 0 111 209 0 0 0
361 0 1 0 102 205 0 0 0
362 0 1 0 112 198 0 0 0
363 0 1 0 99 193 0 0 0
364 0 1 0 76 198 0 0 0
365 0 1 0 110 230 0 0 0
366 0 1 0 105 219 0 0 0
367 0 1 0 89 207 0 0 0
368 0 1 0 105 186 0 0 0
369 0 1 0 93 176 0 0 0
370 0 1 0 95 181 0 0 0
371 0 1 0 117 175 0 0 0
372 0 1 0 104 182 0 0 0
373 0 1 0 101 187 0 0 0
374 0 1 0 111 185 0 0 0
375 0 1 0 105 199 0 0 0
376 0 1 0 104 192 0 0 0
377 0 1 0 84 203 0 0 0
378 0 1 0 114 220 0 0 0
379 0 1 0 101 219 0 0 0
380 0 1 0 98 218 0 0 0
381 0 1 1 125 246 0.008 0.00570266 0.00539084
382 0 1 1 100 232 0.01 0.00656532 0.0060241
383 0 1 3 114 229 0.0263158 0.0185674 0.0174927
384 0 1 3 108 224 0.0277778 0.0192879 0.0180723
385 0 1 1 131 222 0.00763359 0.00586392 0.00566572
386 0 1 1 105 211 0.00952381 0.00671837 0.00632911
387 0 1 1 110 196 0.00909091 0.00681045 0.00653595
388 0 1 4 99 195 0.040404 0.0287889 0.0272109
389 0 1 2 110 200 0.0181818 0.013484 0.0129032
390 0 1 2 110 191 0.0181818 0.013798 0.013289
391 0 1 2 105 202 0.0190476 0.0137328 0.0130293
392 0 1 2 107 220 0.0186916 0.0130355 0.0122324
393 0 1 2 111 196 0.018018 0.0135594 0.0130293
394 0 1 1 96 185 0.0104167 0.00750375 0.00711744
395 0 1 2 96 169 0.0208333 0.0157019 0.0150943
396 0 1 1 103 196 0.00970874 0.00703807 0.00668896
397 0 1 2 117 179 0.017094 0.0138201 0.0135135
398 0 1 1 104 167 0.00961538 0.00758796 0.00738007
399 0 1 1 92 176 0.0108696 0.00785868 0.00746269
400 0 1 1 100 196 0.01 0.00714286 0.00675676
401 0 1 2 96 192 0.0208333 0.0147314 0.0138889
402 0 1 3 94 170 0.0319149 0.0237319 0.0227273
403 0 1 3 73 177 0.0410959 0.0263921 0.024
404 0 1 0 94 194 0 0 0
405 0 1 2 107 177 0.0186916 0.0145329 0.0140845
406 0 1 5 97 151 0.0515464 0.0413138 0.0403226
407 0 1 4 88 151 0.0454545 0.0347001 0.0334728
408 0 1 4 102 156 0.0392157 0.0317101 0.0310078
409 0 1 3 97 176 0.0309278 0.0229604 0.021978
410 0 1 1 103 158 0.00970874 0.00783886 0.00766284
411 0 1 2 87 151 0.0229885 0.0174495 0.0168067
412 0 1 1 122 174 0.00819672 0.0068635 0.00675676
413 0 1 2 100 155 0.02 0.0160644 0.0156863
414 0 1 0 77 127 0 0 0
415 0 1 3 79 117 0.0379747 0.0312043 0.0306122
416 0 1 2 84 116 0.0238095 0.020261 0.02
417 0 1 3 121 136 0.0247934 0.0233862 0.0233463
418 0 1 3 90 147 0.0333333 0.026082 0.0253165
419 0 1 3 102 155 0.0294118 0.0238592 0.0233463
420 0 1 2 95 148 0.0210526 0.016867 0.0164609
421 0 1 2 94 138 0.0212766 0.0175601 0.0172414
422 0 1 4 101 128 0.039604 0.0351799 0.0349345
423 0 1 2 97 140 0.0206186 0.0171625 0.0168776
424 0 1 3 94 146 0.0319149 0.0256083 0.025
425 0 1 3 92 152 0.0326087 0.0253691 0.0245902
426 0 1 1 125 158 0.008 0.00711568 0.00706714
427 0 1 1 94 172 0.0106383 0.00786451 0.0075188
428 0 1 3 109 164 0.0275229 0.0224381 0.021978
429 0 1 0 103 178 0 0 0
430 0 1 1 97 171 0.0103093 0.00776455 0.00746269
431 0 1 0 125 213 0 0 0
432 0 1 3 116 235 0.0258621 0.0181701 0.017094
433 0 1 3 118 242 0.0254237 0.017753 0.0166667
434 0 1 0 116 222 0 0 0
435 0 1 0 101 206 0 0 0
436 0 1 1 142 226 0.00704225 0.00558215 0.00543478
437 0 1 0 115 228 0 0 0
438 0 1 1 118 232 0.00847458 0.00604387 0.00571429
439 0 1 1 115 204 0.00869565 0.00652884 0.00626959
440 0 1 0 137 242 0 0 0
441 0 1 0 125 245 0 0 0
442 0 1 0 117 276 0 0 0
443 0 1 0 114 277 0 0 0
444 0 1 3 111 295 0.027027 0.0165786 0.0147783
445 0 1 1 114 309 0.00877193 0.00532805 0.00472813
446 0 1 0 95 284 0 0 0
447 0 1 1 87 272 0.0114943 0.00650064 0.00557103
448 0 1 0 81 276 0 0 0
449 0 1 2 86 256 0.0232558 0.0134791 0.0116959
450 0 1 1 114 287 0.00877193 0.00552849 0.00498753
451 0 1 0 109 290 0 0 0
452 0 1 0 111 306 0 0 0
453 0 1 0 101 307 0 0 0
454 0 1 0 98 304 0 0 0
455 0 1 1 104 284 0.00961538 0.00581868 0.00515464
456 0 1 2 102 290 0.0196078 0.0116287 0.0102041
457 0 1 2 79 287 0.0253165 0.0132824 0.010929
458 0 1 2 116 325 0.0172414 0.0103005 0.00907029
459 0 1 3 104 341 0.0288462 0.0159304 0.0134831
460 0 1 2 110 333 0.0181818 0.0104499 0.00902935
461 0 1 3 96 325 0.03125 0.0169842 0.0142518
462 0 1 2 97 323 0.0206186 0.0112991 0.00952381
463 0 1 5 96 307 0.0520833 0.029125 0.0248139
464 0 1 5 91 299 0.0549451 0.0303119 0.025641
465 0 1 4 126 333 0.031746 0.0195278 0.0174292
466 0 1 4 111 324 0.036036 0.0210924 0.0183908
467 0 1 6 107 327 0.0560748 0.0320764 0.0276498
468 0 1 5 88 311 0.0568182 0.0302238 0.0250627
469 0 1 6 122 358 0.0491803 0.0287098 0.025
470 0 1 6 103 319 0.0582524 0.0331007 0.028436
471 0 1 6 106 322 0.0566038 0.0324766 0.0280374
472 0 1 0 93 301 0 0 0
473 0 1 6 124 341 0.0483871 0.0291785 0.0258065
474 0 1 10 102 335 0.0980392 0.0540975 0.0457666
475 0 1 0 108 320 0 0 0
476 0 1 4 91 301 0.043956 0.0241689 0.0204082
477 0 1 3 106 285 0.0283019 0.0172602 0.0153453
478 0 1 3 87 228 0.0344828 0.0213007 0.0190476
479 0 1 6 94 227 0.0638298 0.0410747 0.0373832
480 0 1 0 112 278 0 0 0
481 0 1 1 102 263 0.00980392 0.00610551 0.00547945
482 0 1 1 85 241 0.0117647 0.00698686 0.00613497
483 0 1 2 94 243 0.0212766 0.0132331 0.0118694
484 0 1 2 108 269 0.0185185 0.0117339 0.0106101
485 0 1 1 107 274 0.00934579 0.00584027 0.00524934
486 0 1 0 105 308 0 0 0
487 0 1 4 94 288 0.0425532 0.0243108 0.0209424
488 0 1 3 99 278 0.030303 0.0180834 0.0159151
489 0 1 1 91 273 0.010989 0.00634451 0.00549451
490 0 1 0 86 273 0 0 0
491 0 1 0 114 310 0 0 0
492 0 1 3 103 304 0.0291262 0.0169538 0.014742
493 0 1 1 115 288 0.00869565 0.00549484 0.00496278
494 0 1 2 101 285 0.019802 0.0117882 0.0103627
495 0 1 1 141 319 0.0070922 0.00471515 0.00434783
496 0 1 4 104 319 0.0384615 0.0219608 0.0189125
497 0 1 1 106 292 0.00943396 0.00568402 0.00502513
498 0 1 0 103 326 0 0 0
499 0 1 0 102 309 0 0 0
500 0 1 0 124 329 0 0 0
501 0 1 0 114 315 0 0 0
502 0 1 0 111 319 0 0 0
503 0 1 0 101 319 0 0 0
504 0 1 0 132 346 0 0 0
505 0 1 0 125 363 0 0 0
506 0 1 0 111 355 0 0 0
507 0 1 1 117 346 0.00854701 0.00497014 0.00431965
508 0 1 0 115 347 0 0 0
509 0 1 0 106 344 0 0 0
510 0 1 1 111 332 0.00900901 0.00520918 0.00451467
511 0 1 0 128 372 0 0 0
512 0 1 0 130 356 0 0 0
513 0 1 0 119 361 0 0 0
514 0 1 0 107 353 0 0 0
515 0 1 2 142 387 0.0140845 0.0085316 0.00756144
516 0 1 1 130 387 0.00769231 0.00445834 0.00386847
517 0 1 0 122 361 0 0 0
518 0 1 0 112 368 0 0 0
519 0 1 1 130 384 0.00769231 0.00447572 0.00389105
520 0 1 0 112 364 0 0 0
521 0 1 0 122 338 0 0 0
522 0 1 1 99 332 0.010101 0.00551586 0.00464037
523 0 1 1 120 350 0.00833333 0.0048795 0.00425532
524 0 1 1 111 354 0.00900901 0.00504472 0.00430108
525 0 1 2 100 341 0.02 0.0108306 0.00907029
526 0 1 0 102 343 0 0 0
527 0 1 0 136 364 0 0 0
528 0 1 0 122 381 0 0 0
529 0 1 1 113 372 0.00884956 0.00487741 0.00412371
530 0 1 1 129 356 0.00775194 0.00466638 0.00412371
531 0 1 2 102 326 0.0196078 0.0109678 0.00934579
532 0 1 1 144 371 0.00694444 0.00432645 0.0038835
533 0 1 1 126 362 0.00793651 0.00468231 0.00409836
534 0 1 0 116 348 0 0 0
535 0 1 0 116 345 0 0 0
536 0 1 0 110 347 0 0 0
537 0 1 1 141 385 0.0070922 0.004292 0.00380228
538 0 1 2 117 377 0.017094 0.00952284 0.00809717
539 0 1 0 118 371 0 0 0
540 0 1 0 124 379 0 0 0
541 0 1 1 114 385 0.00877193 0.00477328 0.00400802
542 0 1 0 100 379 0 0 0
543 0 1 0 135 414 0 0 0
544 0 1 1 127 414 0.00787402 0.00436112 0.00369686
545 0 1 0 106 383 0 0 0
546 0 1 0 112 365 0 0 0
547 0 1 0 103 346 0 0 0
548 0 1 0 147 382 0 0 0
549 0 1 0 126 384 0 0 0
550 0 1 0 124 355 0 0 0
551 0 1 0 116 358 0 0 0
552 0 1 0 114 334 0 0 0
553 0 1 0 157 364 0 0 0
554 0 1 0 135 359 0 0 0
555 0 1 1 126 366 0.00793651 0.00465666 0.00406504
556 0 1 0 129 346 0 0 0
557 0 1 1 111 341 0.00900901 0.00513998 0.00442478
558 0 1 2 164 404 0.0121951 0.00776994 0.00704225
559 0 1 0 136 391 0 0 0
560 0 1 0 133 394 0 0 0
561 0 1 0 117 385 0 0 0
562 0 1 1 120 372 0.00833333 0.00473302 0.00406504
563 0 1 0 158 403 0 0 0
564 0 1 0 148 402 0 0 0
565 0 1 0 134 391 0 0 0
566 0 1 0 133 389 0 0 0
567 0 1 1 125 364 0.008 0.00468807 0.00408998
568 0 1 1 160 407 0.00625 0.00391871 0.00352734
569 0 1 3 137 403 0.0218978 0.0127676 0.0111111
570 0 1 3 118 383 0.0254237 0.0141117 0.011976
571 0 1 2 111 355 0.018018 0.0100752 0.00858369
572 0 1 2 95 345 0.0210526 0.0110474 0.00909091
573 0 1 3 132 368 0.0227273 0.0136116 0.012
574 0 1 2 118 362 0.0169492 0.00967687 0.00833333
575 0 1 1 97 371 0.0103093 0.00527141 0.0042735
576 0 1 2 82 357 0.0243902 0.0116893 0.00911162
577 0 1 1 98 349 0.0102041 0.00540722 0.00447427
578 0 1 2 120 360 0.0166667 0.0096225 0.00833333
579 0 1 1 116 371 0.00862069 0.00482041 0.00410678
580 0 1 1 92 375 0.0108696 0.00538382 0.00428266
581 0 1 3 98 324 0.0306122 0.0168359 0.014218
582 0 1 3 77 297 0.038961 0.019838 0.0160428
583 0 1 2 123 344 0.0162602 0.00972295 0.00856531
584 0 1 2 94 315 0.0212766 0.0116228 0.00977995
585 0 1 4 89 300 0.0449438 0.0244796 0.0205656
586 0 1 0 75 279 0 0 0
587 0 1 0 118 334 0 0 0
588 0 1 0 87 304 0 0 0
589 0 1 0 73 235 0 0 0
590 0 1 0 60 226 0 0 0
591 0 1 0 53 176 0 0 0
592 0 1 0 65 229 0 0 0
593 0 1 0 50 196 0 0 0
594 0 1 0 32 164 0 0 0
595 0 1 0 40 130 0 0 0
596 0 1 0 58 155 0 0 0
597 0 1 0 56 154 0 0 0
598 0 1 0 43 150 0 0 0
599 0 1 0 41 130 0 0 0
600 0 1 0 26 104 0 0 0
601 0 1 0 49 104 0 0 0
602 0 1 0 45 102 0 0 0
603 0 1 0 47 98 0 0 0
604 0 1 0 47 97 0 0 0
605 0 1 0 49 104 0 0 0
606 0 1 0 50 103 0 0 0
607 0 1 0 40 112 0 0 0
608 0 1 0 50 99 0 0 0
609 0 1 0 37 107 0 0 0
610 0 1 0 39 93 0 0 0
611 0 1 0 47 97 0 0 0
612 0 1 0 42 99 0 0 0
613 0 1 0 58 112 0 0 0
614 0 1 0 67 123 0 0 0
615 0 1 0 61 122 0 0 0
616 0 1 0 52 149 0 0 0
617 0 1 0 44 144 0 0 0
618 0 1 0 40 136 0 0 0
619 0 1 0 38 113 0 0 0
620 0 1 0 46 92 0 0 0
621 0 1 0 62 107 0 0 0
622 0 1 0 55 118 0 0 0
623 0 1 0 60 128 0 0 0
624 0 1 1 55 131 0.0181818 0.011781 0.0107527
625 0 1 1 56 145 0.0178571 0.0110974 0.00995025
626 0 1 0 49 141 0 0 0
627 0 1 1 44 137 0.0227273 0.0128799 0.0110497
628 0 1 1 43 127 0.0232558 0.0135321 0.0117647
629 0 1 1 44 112 0.0227273 0.0142451 0.0128205
630 0 1 1 43 103 0.0232558 0.0150261 0.0136986
631 0 1 1 82 116 0.0121951 0.0102533 0.010101
632 0 1 0 69 114 0 0 0
633 0 1 0 64 109 0 0 0
634 0 1 0 54 105 0 0 0
635 0 1 0 48 111 0 0 0
636 0 1 0 68 134 0 0 0
637 0 1 0 55 133 0 0 0
638 0 1 0 55 122 0 0 0
639 0 1 0 52 118 0 0 0
640 0 1 0 44 93 0 0 0
641 0 1 0 57 100 0 0 0
642 0 1 0 53 114 0 0 0
643 0 1 0 57 119 0 0 0
644 0 1 0 56 116 0 0 0
645 0 1 0 53 110 0 0 0
646 0 1 0 70 126 0 0 0
647 0 1 0 55 141 0 0 0
648 0 1 0 61 169 0 0 0
649 0 1 1 58 151 0.0172414 0.0106856 0.00956938
650 0 1 0 49 133 0 0 0
651 0 1 1 53 125 0.0188679 0.0122859 0.011236
652 0 1 0 61 117 0 0 0
653 0 1 1 54 113 0.0185185 0.0128016 0.011976
654 0 1 0 55 128 0 0 0
655 0 1 0 52 121 0 0 0
656 0 1 1 73 137 0.0136986 0.0099995 0.00952381
657 0 1 1 60 163 0.0166667 0.0101118 0.00896861
658 0 1 1 57 147 0.0175439 0.0109246 0.00980392
659 0 1 1 50 145 0.02 0.0117444 0.0102564
660 0 1 1 54 144 0.0185185 0.0113402 0.010101
661 0 1 1 38 142 0.0263158 0.0136133 0.0111111
662 0 1 3 65 127 0.0461538 0.0330189 0.03125
663 0 1 1 58 124 0.0172414 0.0117917 0.010989
664 0 1 2 54 114 0.037037 0.0254906 0.0238095
665 0 1 1 48 111 0.0208333 0.0136999 0.0125786
666 0 1 3 42 109 0.0714286 0.0443387 0.0397351
667 0 1 3 38 114 0.0789474 0.0455803 0.0394737
668 0 1 3 61 134 0.0491803 0.0331821 0.0307692
669 0 1 1 45 123 0.0222222 0.0134413 0.0119048
670 0 1 5 45 125 0.111111 0.0666667 0.0588235
671 0 1 3 34 98 0.0882353 0.0519719 0.0454545
672 0 1 3 33 79 0.0909091 0.0587558 0.0535714
673 0 1 3 48 88 0.0625 0.0461593 0.0441176
674 0 1 2 77 110 0.025974 0.0217314 0.0213904
675 0 1 3 63 133 0.047619 0.0327737 0.0306122
676 0 1 2 63 137 0.031746 0.0215278 0.02
677 0 1 3 61 138 0.0491803 0.0326977 0.0301508
678 0 1 1 52 155 0.0192308 0.0111386 0.00966184
679 0 1 2 60 147 0.0333333 0.0212959 0.0193237
680 0 1 2 54 143 0.037037 0.0227596 0.0203046
681 0 1 0 52 133 0 0 0
682 0 1 0 40 122 0 0 0
683 0 1 0 44 130 0 0 0
684 0 1 0 36 119 0 0 0
685 0 1 0 37 128 0 0 0
686 0 1 0 33 110 0 0 0
687 0 1 0 61 97 0 0 0
688 0 1 0 47 102 0 0 0
689 0 1 0 45 102 0 0 0
690 0 1 0 82 133 0 0 0
691 0 1 0 58 124 0 0 0
692 0 1 0 65 103 0 0 0
693 0 1 0 54 86 0 0 0
694 0 1 0 65 96 0 0 0
695 0 1 0 73 99 0 0 0
696 0 1 0 48 72 0 0 0
697 0 1 0 67 105 0 0 0
698 0 1 0 51 102 0 0 0
699 0 1 0 60 97 0 0 0
700 0 1 0 50 97 0 0 0
701 0 1 0 53 112 0 0 0
702 0 1 0 53 94 0 0 0
703 0 1 1 55 93 0.0181818 0.0139823 0.0135135
704 0 1 1 66 85 0.0151515 0.0133511 0.013245
705 0 1 1 59 100 0.0169492 0.0130189 0.0125786
706 0 1 1 59 94 0.0169492 0.013428 0.0130719
707 0 1 2 65 126 0.0307692 0.0220998 0.0209424
708 0 1 1 76 117 0.0131579 0.0106047 0.0103627
709 0 1 1 71 120 0.0140845 0.0108338 0.0104712
710 0 1 3 61 100 0.0491803 0.0384111 0.0372671
711 0 1 3 82 135 0.0365854 0.0285133 0.0276498
712 0 1 3 71 145 0.0422535 0.0295671 0.0277778
713 0 1 5 74 157 0.0675676 0.0463879 0.04329
714 0 1 3 72 167 0.0416667 0.0273588 0.0251046
715 0 1 0 66 164 0 0 0
716 0 1 0 63 147 0 0 0
717 0 1 0 59 132 0 0 0
718 0 1 1 61 125 0.0163934 0.011452 0.0107527
719 0 1 1 83 123 0.0120482 0.00989711 0.00970874
720 0 1 2 92 147 0.0217391 0.017198 0.0167364
721 0 1 3 77 153 0.038961 0.0276395 0.026087
722 0 1 3 78 149 0.0384615 0.0278279 0.0264317
723 0 1 3 68 134 0.0441176 0.0314278 0.029703
724 0 1 4 56 123 0.0714286 0.0481963 0.0446927
725 0 1 2 66 156 0.030303 0.0197104 0.018018
726 0 1 3 56 172 0.0535714 0.0305677 0.0263158
727 0 1 5 52 163 0.0961538 0.0543093 0.0465116
728 0 1 3 64 143 0.046875 0.0313591 0.0289855
729 0 1 3 69 146 0.0434783 0.0298896 0.027907
730 0 1 4 63 153 0.0634921 0.0407422 0.037037
731 0 1 4 57 134 0.0701754 0.0457689 0.0418848
732 0 1 3 68 149 0.0441176 0.0298039 0.0276498
733 0 1 4 77 162 0.0519481 0.0358144 0.0334728
734 0 1 3 79 174 0.0379747 0.0255878 0.0237154
735 0 1 3 72 182 0.0416667 0.0262071 0.023622
736 0 1 3 61 175 0.0491803 0.029036 0.0254237
737 0 1 4 61 169 0.0655738 0.039396 0.0347826
738 0 1 4 64 189 0.0625 0.0363696 0.0316206
739 0 1 4 65 169 0.0615385 0.0381645 0.034188
740 0 1 5 66 161 0.0757576 0.0485048 0.0440529
741 0 1 4 60 154 0.0666667 0.0416125 0.0373832
742 0 1 3 95 174 0.0315789 0.0233338 0.0223048
743 0 1 4 86 200 0.0465116 0.0304997 0.027972
744 0 1 4 90 220 0.0444444 0.0284268 0.0258065
745 0 1 3 86 217 0.0348837 0.0219605 0.019802
746 0 1 4 78 236 0.0512821 0.029482 0.0254777
747 0 1 5 68 216 0.0735294 0.0412561 0.0352113
748 0 1 0 71 218 0 0 0
749 0 1 2 51 186 0.0392157 0.0205347 0.0168776
750 0 1 0 85 193 0 0 0
751 0 1 1 82 210 0.0121951 0.0076205 0.00684932
752 0 1 0 95 215 0 0 0
753 0 1 1 102 218 0.00980392 0.00670613 0.00625
754 0 1 1 96 225 0.0104167 0.00680414 0.00623053
755 0 1 1 87 231 0.0114943 0.00705398 0.00628931
756 0 1 0 80 237 0 0 0
757 0 1 0 83 233 0 0 0
758 0 1 1 70 242 0.0142857 0.00768322 0.00641026
759 0 1 1 78 214 0.0128205 0.00774009 0.00684932
760 0 1 0 65 200 0 0 0
761 0 1 1 69 207 0.0144928 0.0083674 0.00724638
762 0 1 1 52 202 0.0192308 0.00975714 0.00787402
763 0 1 0 105 208 0 0 0
764 0 1 1 113 230 0.00884956 0.00620293 0.0058309
765 0 1 1 116 239 0.00862069 0.00600582 0.0056338
766 0 1 1 98 249 0.0102041 0.00640158 0.00576369
767 0 1 0 99 247 0 0 0
768 0 1 1 103 249 0.00970874 0.00624427 0.00568182
769 0 1 0 91 241 0 0 0
770 0 1 0 89 240 0 0 0
771 0 1 0 83 236 0 0 0
772 0 1 0 82 218 0 0 0
773 0 1 1 84 201 0.0119048 0.00769595 0.00701754
774 0 1 1 79 207 0.0126582 0.0078199 0.00699301
775 0 1 1 69 196 0.0144928 0.00859899 0.00754717
776 0 1 1 137 247 0.00729927 0.00543615 0.00520833
777 0 1 1 126 271 0.00793651 0.00541165 0.00503778
778 0 1 0 110 268 0 0 0
779 0 1 1 97 253 0.0103093 0.00638343 0.00571429
780 0 1 2 93 219 0.0215054 0.0140141 0.0128205
781 0 1 2 94 235 0.0212766 0.0134565 0.0121581
782 0 1 2 96 253 0.0208333 0.0128332 0.0114613
783 0 1 2 98 256 0.0204082 0.0126269 0.0112994
784 0 1 2 99 248 0.020202 0.012764 0.0115274
785 0 1 2 99 256 0.020202 0.012563 0.0112676
786 0 1 2 84 261 0.0238095 0.0135073 0.0115942
787 0 1 1 83 240 0.0120482 0.00708525 0.00619195
788 0 1 0 79 242 0 0 0
789 0 1 0 70 231 0 0 0
790 0 1 0 110 225 0 0 0
791 0 1 0 99 279 0 0 0
792 0 1 0 99 282 0 0 0
793 0 1 0 89 242 0 0 0
794 0 1 0 98 248 0 0 0
795 0 1 0 83 253 0 0 0
796 0 1 0 89 259 0 0 0
797 0 1 0 81 252 0 0 0
798 0 1 0 77 240 0 0 0
799 0 1 1 73 221 0.0136986 0.00787304 0.00680272
800 0 1 1 118 258 0.00847458 0.00573125 0.00531915
801 0 1 0 112 279 0 0 0
802 0 1 1 110 276 0.00909091 0.00573917 0.00518135
803 0 1 3 106 281 0.0283019 0.0173826 0.0155039
804 0 1 0 94 286 0 0 0
805 0 1 0 100 285 0 0 0
806 0 1 0 99 262 0 0 0
807 0 1 0 90 249 0 0 0
808 0 1 0 83 227 0 0 0
809 0 1 0 133 240 0 0 0
810 0 1 0 139 276 0 0 0
811 0 1 0 131 285 0 0 0
812 0 1 0 114 277 0 0 0
813 0 1 0 113 269 0 0 0
814 0 1 1 104 246 0.00961538 0.00625195 0.00571429
815 0 1 1 106 249 0.00943396 0.00615527 0.0056338
816 0 1 1 96 248 0.0104167 0.00648095 0.00581395
817 0 1 0 136 261 0 0 0
818 0 1 1 139 306 0.00719424 0.00484877 0.00449438
819 0 1 0 124 275 0 0 0
820 0 1 1 121 293 0.00826446 0.00531097 0.00483092
821 0 1 5 124 280 0.0403226 0.0268337 0.0247525
822 0 1 5 118 266 0.0423729 0.028222 0.0260417
823 0 1 5 108 272 0.0462963 0.0291725 0.0263158
824 0 1 5 106 258 0.0471698 0.0302348 0.0274725
825 0 1 5 99 253 0.050505 0.0315931 0.0284091
826 0 1 6 95 221 0.0631579 0.0414089 0.0379747
827 0 1 3 146 237 0.0205479 0.0161276 0.0156658
828 0 1 4 145 258 0.0275862 0.0206807 0.0198511
829 0 1 4 132 271 0.030303 0.0211489 0.0198511
830 0 1 4 131 259 0.0305344 0.0217157 0.0205128
831 0 1 4 118 260 0.0338983 0.0228366 0.021164
832 0 1 5 107 244 0.046729 0.0309445 0.02849
833 0 1 4 188 271 0.0212766 0.0177213 0.0174292
834 0 1 4 178 296 0.0224719 0.0174263 0.0168776
835 0 1 6 160 303 0.0375 0.0272502 0.0259179
836 0 1 6 149 286 0.0402685 0.0290653 0.0275862
837 0 1 8 148 284 0.0540541 0.0390211 0.037037
838 0 1 1 126 295 0.00793651 0.00518685 0.00475059
839 0 1 3 128 257 0.0234375 0.0165405 0.0155844
840 0 1 3 166 313 0.0180723 0.0131612 0.0125261
841 0 1 1 157 337 0.00636943 0.00434746 0.00404858
842 0 1 1 159 319 0.00628931 0.00444024 0.0041841
843 0 1 1 145 310 0.00689655 0.00471667 0.0043956
844 0 1 3 130 304 0.0230769 0.0150908 0.0138249
845 0 1 3 128 298 0.0234375 0.0153606 0.0140845
846 0 1 6 116 290 0.0517241 0.0327132 0.0295567
847 0 1 2 180 336 0.0111111 0.0081325 0.00775194
848 0 1 4 163 334 0.0245399 0.0171432 0.0160966
849 0 1 4 154 321 0.025974 0.0179907 0.0168421
850 0 1 4 136 315 0.0294118 0.0193257 0.0177384
851 0 1 5 133 293 0.037594 0.0253286 0.0234742
852 0 1 4 177 329 0.0225989 0.0165758 0.0158103
853 0 1 6 166 351 0.0361446 0.0248567 0.0232108
854 0 1 5 150 339 0.0333333 0.022173 0.0204499
855 0 1 5 149 312 0.033557 0.0231899 0.021692
856 0 1 5 126 314 0.0396825 0.0251374 0.0227273
857 0 1 2 158 336 0.0126582 0.00868024 0.00809717
858 0 1 2 155 374 0.0129032 0.0083067 0.00756144
859 0 1 2 137 366 0.0145985 0.0089316 0.00795229
860 0 1 1 131 356 0.00763359 0.00463062 0.00410678
861 0 1 3 118 328 0.0254237 0.0152491 0.0134529
862 0 1 2 158 336 0.0126582 0.00868024 0.00809717
863 0 1 1 151 326 0.00662252 0.00450716 0.00419287
864 0 1 0 132 326 0 0 0
865 0 1 0 149 364 0 0 0
866 0 1 0 139 363 0 0 0
867 0 1 0 135 340 0 0 0
868 0 1 0 146 364 0 0 0
869 0 1 0 138 353 0 0 0
870 0 1 0 164 363 0 0 0
871 0 1 0 137 360 0 0 0
872 0 1 0 155 402 0 0 0
873 0 1 0 148 399 0 0 0
874 0 1 0 122 372 0 0 0
875 0 1 0 136 375 0 0 0
876 0 1 0 119 372 0 0 0
877 0 1 0 131 395 0 0 0
878 0 1 0 112 362 0 0 0
879 0 1 0 107 343 0 0 0
880 0 1 0 101 306 0 0 0
881 0 1 0 99 281 0 0 0
882 0 1 1 78 262 0.0128205 0.00699523 0.00588235
883 0 1 0 80 283 0 0 0
884 0 1 0 80 260 0 0 0
885 0 1 2 78 278 0.025641 0.0135819 0.011236
886 0 1 0 62 274 0 0 0
887 0 1 0 81 308 0 0 0
888 0 1 0 72 282 0 0 0
889 0 1 2 69 240 0.0289855 0.0155417 0.012945
890 0 1 2 77 280 0.025974 0.0136209 0.0112045
891 0 1 1 68 298 0.0147059 0.00702486 0.00546448
892 0 1 0 60 264 0 0 0
893 0 1 0 69 274 0 0 0
894 0 1 0 67 257 0 0 0
895 0 1 0 101 269 0 0 0
896 0 1 0 92 265 0 0 0
897 0 1 0 102 274 0 0 0
898 0 1 0 90 290 0 0 0
899 0 1 0 83 266 0 0 0
900 0 1 0 113 257 0 0 0
901 0 1 0 98 278 0 0 0
902 0 1 0 82 260 0 0 0
903 0 1 0 106 278 0 0 0
904 0 1 0 96 270 0 0 0
905 0 1 0 87 283 0 0 0
906 0 1 0 78 271 0 0 0
907 0 1 0 113 286 0 0 0
908 0 1 0 101 311 0 0 0
909 0 1 0 94 281 0 0 0
910 0 1 0 80 270 0 0 0
911 0 1 0 96 271 0 0 0
912 0 1 0 96 274 0 0 0
913 0 1 0 88 275 0 0 0
914 0 1 1 84 259 0.0119048 0.0067797 0.0058309
915 0 1 1 124 286 0.00806452 0.00531014 0.00487805
916 0 1 1 109 281 0.00917431 0.00571391 0.00512821
917 0 1 1 109 275 0.00917431 0.00577591 0.00520833
918 0 1 1 97 275 0.0103093 0.00612277 0.00537634
919 0 1 0 93 249 0 0 0
920 0 1 0 90 242 0 0 0
921 0 1 0 104 270 0 0 0
922 0 1 0 102 288 0 0 0
923 0 1 0 96 287 0 0 0
924 0 1 0 88 296 0 0 0
925 0 1 0 78 275 0 0 0
926 0 1 0 77 258 0 0 0
927 0 1 0 73 251 0 0 0
928 0 1 0 71 228 0 0 0
929 0 1 0 84 250 0 0 0
930 0 1 2 77 251 0.025974 0.0143863 0.0121951
931 0 1 0 80 231 0 0 0
932 0 1 0 66 252 0 0 0
933 0 1 0 64 231 0 0 0
934 0 1 0 105 283 0 0 0
935 0 1 3 103 292 0.0291262 0.0172986 0.0151899
936 0 1 0 89 310 0 0 0
937 0 1 0 72 274 0 0 0
938 0 1 0 66 260 0 0 0
939 0 1 0 46 236 0 0 0
940 0 1 0 88 255 0 0 0
941 0 1 0 80 254 0 0 0
942 0 1 0 74 242 0 0 0
943 0 1 0 68 242 0 0 0
944 0 1 0 66 236 0 0 0
945 0 1 0 61 224 0 0 0
946 0 1 0 112 254 0 0 0
947 0 1 0 96 252 0 0 0
948 0 1 0 89 252 0 0 0
949 0 1 0 92 247 0 0 0
950 0 1 0 85 227 0 0 0
951 0 1 0 78 216 0 0 0
952 0 1 0 69 201 0 0 0
953 0 1 0 90 226 0 0 0
954 0 1 0 81 213 0 0 0
955 0 1 0 74 209 0 0 0
956 0 1 0 66 201 0 0 0
957 0 1 0 54 181 0 0 0
958 0 1 0 62 183 0 0 0
959 0 1 0 62 185 0 0 0
960 0 1 0 56 160 0 0 0
961 0 1 0 79 169 0 0 0
962 0 1 0 65 177 0 0 0
963 0 1 0 59 166 0 0 0
964 0 1 0 54 153 0 0 0
965 0 1 0 77 167 0 0 0
966 0 1 0 65 170 0 0 0
967 0 1 0 63 162 0 0 0
968 0 1 0 42 162 0 0 0
969 0 1 0 56 149 0 0 0
970 0 1 0 41 144 0 0 0
971 0 1 0 56 160 0 0 0
972 0 1 0 39 144 0 0 0
973 0 1 0 65 133 0 0 0
974 0 1 0 42 120 0 0 0
975 0 1 0 62 146 0 0 0
976 0 1 0 53 129 0 0 0
977 0 1 0 35 129 0 0 0
978 0 1 0 52 147 0 0 0
979 0 1 0 45 147 0 0 0
980 0 1 0 32 144 0 0 0
981 0 1 0 29 131 0 0 0
982 0 1 0 45 149 0 0 0
983 0 1 0 40 149 0 0 0
984 0 1 0 33 153 0 0 0
985 0 1 0 27 137 0 0 0
986 0 1 0 50 167 0 0 0
987 0 1 0 43 191 0 0 0
988 0 1 0 35 179 0 0 0
989 0 1 0 34 182 0 0 0
990 0 1 0 32 191 0 0 0
991 0 1 0 30 188 0 0 0
992 0 1 0 28 186 0 0 0
993 0 1 0 24 183 0 0 0
994 0 1 0 26 182 0 0 0
995 0 1 0 26 177 0 0 0
996 0 1 0 23 179 0 0 0
997 0 1 0 22 163 0 0 0
998 0 1 0 19 179 0 0 0
999 0 1 0 24 172 0 0 0
1000 0 1 0 23 169 0 0 0
1001 0 1 0 23 156 0 0 0
1002 0 1 0 22 154 0 0 0
1003 0 1 0 22 144 0 0 0
1004 0 1 0 22 135 0 0 0
1005 0 1 0 51 171 0 0 0
1006 0 1 0 50 178 0 0 0
1007 0 1 0 53 193 0 0 0
1008 0 1 0 48 192 0 0 0
1009 0 1 0 55 183 0 0 0
1010 0 1 0 51 162 0 0 0
1011 0 1 0 48 156 0 0 0
1012 0 1 0 47 163 0 0 0
1013 0 1 0 48 162 0 0 0
1014 0 1 0 50 161 0 0 0
1015 0 1 0 45 164 0 0 0
1016 0 1 1 46 177 0.0217391 0.0110824 0.00896861
1017 0 1 0 40 164 0 0 0
1018 0 1 0 38 156 0 0 0
1019 0 1 0 40 160 0 0 0
1020 0 1 0 31 153 0 0 0
1021 0 1 0 31 136 0 0 0
1022 0 1 1 43 159 0.0232558 0.0120939 0.00990099
1023 0 1 0 39 158 0 0 0
1024 0 1 0 40 154 0 0 0
1025 0 1 0 36 158 0 0 0
1026 0 1 1 34 151 0.0294118 0.0139564 0.0108108
1027 0 1 0 35 147 0 0 0
1028 0 1 1 32 147 0.03125 0.0145803 0.0111732
1029 0 1 0 36 145 0 0 0
1030 0 1 0 28 127 0 0 0
1031 0 1 0 32 135 0 0 0
1032 0 1 0 27 116 0 0 0
1033 0 1 0 22 111 0 0 0
1034 0 1 0 19 110 0 0 0
1035 0 1 0 40 128 0 0 0
1036 0 1 0 39 132 0 0 0
1037 0 1 0 37 115 0 0 0
1038 0 1 0 30 120 0 0 0
1039 0 1 0 43 137 0 0 0
1040 0 1 0 30 136 0 0 0
1041 0 1 0 20 100 0 0 0
1042 0 1 0 27 98 0 0 0
1043 0 1 0 17 80 0 0 0
1044 0 1 0 24 97 0 0 0
1045 0 1 0 24 88 0 0 0
1046 0 1 0 17 76 0 0 0
1047 0 1 0 31 97 0 0 0
1048 0 1 0 24 95 0 0 0
1049 0 1 0 21 83 0 0 0
1050 0 1 0 26 91 0 0 0
1051 0 1 0 22 83 0 0 0
1052 0 1 0 25 87 0 0 0
1053 0 1 0 44 95 0 0 0
1054 0 1 0 23 76 0 0 0
1055 0 1 0 30 79 0 0 0
1056 0 1 1 32 74 0.03125 0.0205499 0.0188679
1057 0 1 0 54 69 0 0 0
1058 0 1 0 42 71 0 0 0
1059 0 1 0 55 90 0 0 0
1060 0 1 0 70 143 0 0 0
1061 0 1 0 45 101 0 0 0
1062 0 1 0 49 123 0 0 0
1063 0 1 0 59 149 0 0 0
1064 0 1 0 67 155 0 0 0
1065 0 1 0 64 187 0 0 0
1066 0 1 0 54 140 0 0 0
1067 0 1 0 74 189 0 0 0
1068 0 1 0 67 199 0 0 0
1069 0 1 0 55 136 0 0 0
1070 0 1 0 68 167 0 0 0
1071 0 1 0 52 163 0 0 0
1072 0 1 0 70 195 0 0 0
1073 0 1 0 59 160 0 0 0
1074 0 1 0 60 166 0 0 0
1075 0 1 0 61 151 0 0 0
1076 0 1 0 67 175 0 0 0
1077 0 1 0 69 176 0 0 0
1078 0 1 0 49 150 0 0 0
1079 0 1 0 83 177 0 0 0
1080 0 1 0 65 175 0 0 0
1081 0 1 0 59 146 0 0 0
1082 0 1 0 69 171 0 0 0
1083 0 1 0 68 175 0 0 0
1084 0 1 0 90 177 0 0 0
1085 0 1 0 60 205 0 0 0
1086 0 1 0 90 200 0 0 0
1087 0 1 0 62 196 0 0 0
1088 0 1 0 85 217 0 0 0
1089 0 1 0 78 237 0 0 0
1090 0 1 0 104 226 0 0 0
1091 0 1 0 92 233 0 0 0
1092 0 1 0 121 256 0 0 0
1093 0 1 0 112 268 0 0 0
1094 0 1 0 146 334 0 0 0
1095 0 1 0 145 357 0 0 0
1096 0 1 0 130 334 0 0 0
1097 0 1 0 115 322 0 0 0
1098 0 1 0 158 324 0 0 0
1099 0 1 0 141 324 0 0 0
1100 0 1 1 182 388 0.00549451 0.00376312 0.00350877

# ---------- Global Summary ----------
# CorrFrames: 1099
avg_CorrEdges: 0.692448
avg_match_A: 73.9718
avg_match_B: 192.405
global_RI_MNR: 0.00936097
global_RI_GNR: 0.00580425
global_RI_DICE: 0.00519901

# ---------- Per-Channel Summary ----------
chA: 0 chB: 1 | avgC: 0.692448 avgA: 73.9718 avgB: 192.405 MNR: 0.00784062 GNR: 0.00508327 DICE: 0.00462936
