9.332783 0.000048552 -0.000399441 0.063786030 0.000877422 0.002332590 -0.000137793 0.999996901
9.436507 0.000458413 -0.001108935 0.128002569 0.000903281 0.004736144 -0.000748903 0.999988079
9.540126 0.001177119 -0.001569528 0.192577392 0.000909426 0.007160913 -0.001676006 0.999972522
9.643856 0.001791790 -0.002126616 0.257240593 0.000737732 0.010004123 -0.002561446 0.999946415
9.747566 0.002949360 -0.002747587 0.322278142 0.000508733 0.012884332 -0.002963854 0.999912441
9.851216 0.004739594 -0.003259962 0.387428135 0.000470542 0.015523367 -0.003164848 0.999874353
9.954854 0.006676588 -0.004106330 0.452759683 0.000999896 0.018324006 -0.002596840 0.999828219
10.058450 0.009132639 -0.004669738 0.518434167 0.001537525 0.021189131 -0.002719629 0.999770582
10.162270 0.011870902 -0.005547690 0.584207833 0.001315359 0.024204053 -0.002389313 0.999703348
10.265950 0.015183609 -0.006231417 0.650343299 0.001459426 0.026885992 -0.002516081 0.999634266
10.369540 0.018462634 -0.007027072 0.716296017 0.001878805 0.029722217 -0.003020015 0.999551892
10.473330 0.022775320 -0.007851092 0.783066571 0.002206592 0.032333795 -0.003385372 0.999468982
10.577010 0.026830539 -0.008414326 0.850169539 0.001890356 0.034457650 -0.002494521 0.999401271
10.680800 0.031515438 -0.009305331 0.916806698 0.001481795 0.036564462 -0.001346488 0.999329269
10.784490 0.036457110 -0.010148517 0.983399570 0.001686731 0.038444605 -0.000822494 0.999258935
10.888380 0.041520625 -0.011067787 1.050884008 0.001863911 0.040245339 -0.000588428 0.999187887
10.992100 0.046768300 -0.012112463 1.118479848 0.001716935 0.042538308 -0.000970052 0.999092877
11.096280 0.052760888 -0.012870736 1.185814857 0.002262031 0.043787844 -0.001623386 0.999036968
11.199650 0.058567367 -0.013707284 1.254030585 0.002931505 0.045880027 -0.002321734 0.998939931
11.303360 0.064731322 -0.014583570 1.322232485 0.002738359 0.048299316 -0.002605763 0.998825729
11.407080 0.071228340 -0.015687294 1.390302300 0.003112053 0.050579056 -0.002682907 0.998711586
11.510570 0.078072220 -0.016785379 1.458192348 0.003449413 0.053049829 -0.003082433 0.998581111
11.614180 0.085993566 -0.017990407 1.526036859 0.003356378 0.055196181 -0.003064857 0.998465180
11.718020 0.093993723 -0.018753305 1.594395518 0.003064808 0.057382673 -0.003009344 0.998342991
11.821430 0.101559117 -0.019825002 1.661637783 0.003052872 0.059624579 -0.002631256 0.998212755
11.925060 0.120297045 -0.016972410 1.723127842 0.004155755 0.059549861 -0.000659686 0.998216450
12.028650 0.118926078 -0.022185232 1.799557447 0.003764609 0.063430429 -0.001656163 0.997977793
12.132140 0.127707094 -0.023505859 1.869538903 0.004494430 0.065320916 -0.001678596 0.997852743
12.235950 0.141672045 -0.023444341 1.936816573 0.005412058 0.065878071 -0.001446234 0.997811973
12.339620 0.146563932 -0.025399791 2.009305716 0.005597998 0.068718612 -0.001567235 0.997619152
12.443230 0.160910144 -0.029960789 2.076691866 0.004635872 0.069683209 -0.000730571 0.997558117
12.546850 0.166984886 -0.028626531 2.150742292 0.005575756 0.072564989 -0.001164981 0.997347414
12.650590 0.183705166 -0.029964002 2.219501257 0.005746440 0.072868295 -0.000373328 0.997324944
12.754210 0.188054740 -0.031534500 2.293265104 0.005486750 0.076346666 0.000788140 0.997065961
12.857820 0.204719797 -0.031410471 2.361622334 0.005581531 0.076264195 0.001025654 0.997071505
12.961450 0.210351646 -0.033794653 2.436331749 0.004928703 0.079209536 0.000916212 0.996845365
13.065050 0.227118760 -0.032979753 2.502546310 0.006292384 0.079003207 0.000706962 0.996854246
13.168790 0.233123854 -0.036526687 2.579299212 0.006507402 0.082312591 0.000250649 0.996585250
13.272410 0.244949445 -0.038098186 2.651842356 0.007496687 0.084088065 -0.000359214 0.996430039
13.376170 0.257453024 -0.039880883 2.723639488 0.007866153 0.085606359 -0.000733407 0.996297717
13.479770 0.269707710 -0.041395765 2.796698570 0.008796796 0.087293297 -0.001509674 0.996142685
13.583380 0.282208920 -0.043536905 2.869152546 0.008612195 0.089286700 -0.001409377 0.995967746
13.687000 0.295348227 -0.045275971 2.942597866 0.008283179 0.091209166 -0.001451859 0.995796263
13.790730 0.307944417 -0.047340605 3.016166925 0.007811365 0.093356371 -0.001706973 0.995600641
13.894440 0.322234213 -0.049207855 3.088445425 0.007822065 0.095370859 -0.001655639 0.995409667
13.998450 0.335523278 -0.050820738 3.161118507 0.008050309 0.097483821 -0.001813899 0.995202899
14.101800 0.350636721 -0.053191442 3.235643625 0.008338418 0.099308483 -0.002614452 0.995018303
14.205920 0.365321785 -0.055214599 3.309269190 0.008641174 0.101073906 -0.003371633 0.994835675
14.309200 0.380647182 -0.057169441 3.383930445 0.008958080 0.102412358 -0.002264668 0.994699121
14.412870 0.396120220 -0.059806488 3.460695982 0.008568292 0.103785165 -0.001937467 0.994560957
14.516540 0.411958963 -0.061244011 3.532654285 0.008233724 0.105159163 -0.000811345 0.994421005
14.620330 0.427973956 -0.063842863 3.610324621 0.008397466 0.106504992 -0.000031419 0.994276702
14.723680 0.443804979 -0.065302297 3.680534363 0.008830741 0.107901342 -0.000348377 0.994122326
14.827390 0.459830165 -0.067725293 3.757051229 0.009003460 0.109648198 -0.001440152 0.993928671
14.931630 0.475583375 -0.069480218 3.828932285 0.009640194 0.111014545 -0.001187511 0.993771315
15.034850 0.492034614 -0.071307771 3.904358387 0.010403694 0.112581059 -0.001184979 0.993587375
15.138550 0.508705974 -0.073434666 3.975883245 0.010709981 0.113993540 -0.002454982 0.993420720
15.242180 0.526183486 -0.076724112 4.049114704 0.010931426 0.115288332 -0.002112796 0.993269682
15.345730 0.543229699 -0.078029521 4.122706890 0.010772418 0.116985440 -0.001116730 0.993074596
15.449500 0.560440302 -0.080491312 4.195546150 0.010196331 0.118287809 -0.000887610 0.992926598
15.553070 0.578826308 -0.082307056 4.270559788 0.010216311 0.119887553 -0.001227110 0.992734134
15.656680 0.594925165 -0.083862484 4.345653057 0.010775542 0.121916912 -0.001609671 0.992480516
15.760420 0.614522874 -0.086688481 4.417548180 0.010512897 0.123385653 -0.002704058 0.992299438
15.864040 0.633672774 -0.088696443 4.490748405 0.010271961 0.125018150 -0.003133019 0.992096364
15.967780 0.652101040 -0.091356076 4.564723015 0.010516764 0.127192885 -0.003231648 0.991816998
16.071400 0.671046376 -0.093698248 4.637330055 0.010437101 0.129262075 -0.003673111 0.991548717
16.175170 0.690093517 -0.097232185 4.710520744 0.009955234 0.131389424 -0.004048271 0.991272569
16.278760 0.709262311 -0.100657195 4.784769535 0.009777083 0.133558288 -0.004394957 0.990983009
16.382370 0.729047894 -0.102069378 4.857028008 0.010461560 0.135613143 -0.004299546 0.990697324
16.486210 0.748876393 -0.104205452 4.929774284 0.010768746 0.137482151 -0.004061160 0.990437388
16.589730 0.769604504 -0.106271207 5.002494812 0.010871324 0.139481887 -0.003884090 0.990157306
16.693380 0.792378366 -0.109332092 5.074234009 0.011216149 0.141059831 -0.004750821 0.989926159
16.796960 0.812241077 -0.111478761 5.148014545 0.011231063 0.143335864 -0.004408296 0.989600539
16.900690 0.832788587 -0.113662064 5.223091602 0.011472374 0.145576775 -0.004259720 0.989271283
17.004320 0.854257524 -0.116245843 5.293560505 0.011940592 0.147410721 -0.003527652 0.988996983
17.107930 0.873836696 -0.118591718 5.367525578 0.012706151 0.149864584 -0.003116851 0.988619924
17.212260 0.898586512 -0.121394813 5.439469337 0.012969502 0.150896966 -0.001917156 0.988462567
17.315330 0.919788420 -0.124007568 5.512330055 0.013804168 0.152954966 -0.001222808 0.988135993
17.418950 0.943588972 -0.127032429 5.585806370 0.014818392 0.154117256 -0.000450079 0.987941325
17.522740 0.969921529 -0.129900739 5.653903484 0.014815514 0.155050412 -0.000523525 0.987795353
17.626280 0.991563857 -0.133122966 5.731632710 0.015257672 0.157167524 0.000302798 0.987454057
17.730020 1.013053179 -0.135513157 5.810279369 0.015499304 0.159811139 0.000152173 0.987025917
17.833610 1.039705634 -0.138676956 5.880142689 0.015914535 0.160974011 0.000293807 0.986830294
17.937820 1.064111710 -0.141627908 5.953729153 0.016003467 0.162949279 -0.000221586 0.986504614
18.041020 1.090115190 -0.144256562 6.028854847 0.016457764 0.164123237 -0.000902615 0.986302137
18.144610 1.115090132 -0.146889046 6.105149746 0.016660169 0.165875271 -0.000513331 0.986005902
18.248220 1.139954567 -0.150209397 6.177295685 0.016155323 0.167138159 0.000785881 0.985800803
18.351820 1.159713507 -0.153688923 6.255771160 0.015858458 0.169708073 0.001772978 0.985365212
18.455670 1.193568468 -0.155777171 6.327911854 0.015805218 0.169249132 0.001041897 0.985446036
18.559140 1.210529089 -0.159033239 6.407417774 0.015474597 0.172846422 0.000775481 0.984826922
18.663050 1.246672869 -0.161069244 6.478775501 0.015363214 0.171950594 0.001606738 0.984984457
18.766280 1.263705730 -0.162678361 6.557658672 0.015561006 0.175709009 0.001521016 0.984317958
18.869920 1.297188520 -0.166374892 6.628304482 0.015718376 0.175101474 0.001117696 0.984424293
18.973530 1.311320901 -0.170905948 6.701374531 0.017031653 0.178624570 0.001327213 0.983769000
19.077140 1.353081465 -0.173554882 6.782098293 0.016796377 0.178258717 0.000170647 0.983840287
19.180870 1.381940007 -0.176724210 6.859499454 0.016305758 0.180604979 -0.000738407 0.983420253
19.284530 1.411434531 -0.179666340 6.937639236 0.015546863 0.183483139 -0.001728917 0.982898355
19.388220 1.440202117 -0.182696179 7.016130447 0.014994181 0.186565638 -0.001774264 0.982326448
19.491840 1.469975710 -0.186126918 7.090700150 0.014709372 0.188868135 -0.002277368 0.981889665
19.595460 1.500637054 -0.189879179 7.164168835 0.014699804 0.190739080 -0.000034295 0.981530726
19.699070 1.532055140 -0.192488670 7.243373394 0.015070358 0.193531036 -0.000749648 0.980978131
19.802840 1.565273643 -0.195221096 7.320475101 0.014957208 0.195276380 -0.000013856 0.980634153
19.906420 1.596476316 -0.197888777 7.395513535 0.014366763 0.197531372 -0.000433361 0.980191171
20.010030 1.630835295 -0.199625596 7.473232746 0.013974243 0.199539587 -0.002138398 0.979787767
20.113650 1.660633326 -0.203998566 7.547774792 0.013708240 0.202248096 -0.002169829 0.979235947
20.217270 1.693697453 -0.207708865 7.629613876 0.013336460 0.205057785 -0.002393735 0.978656054
20.320880 1.728127480 -0.210996106 7.703445435 0.013253558 0.207142130 -0.001476363 0.978219986
20.424500 1.768836856 -0.215423748 7.791246414 0.012982545 0.208221719 -0.000502532 0.977995336
20.528120 1.798406482 -0.217489064 7.861212254 0.012604039 0.211498901 -0.001977616 0.977294981
20.631730 1.835935473 -0.220372394 7.950093746 0.012107844 0.213789523 -0.002572044 0.976801336
20.735350 1.871922135 -0.224052265 8.022294044 0.011538556 0.214935541 -0.001616357 0.976558745
20.838960 1.910226345 -0.226791263 8.118117332 0.011766705 0.216845274 -0.003461838 0.976128936
20.942580 1.947236180 -0.230249554 8.186320305 0.011831711 0.218342796 -0.005004211 0.975787580
21.046320 1.984821320 -0.233276621 8.268364906 0.012301131 0.220223948 -0.006770378 0.975348294
21.149940 2.022085667 -0.235824645 8.352761269 0.011572243 0.222207010 -0.008323964 0.974895298
21.253550 2.060740948 -0.239154518 8.430322647 0.010841578 0.223923936 -0.007246509 0.974519372
21.357170 2.098537445 -0.242103547 8.510364532 0.011181209 0.225792870 -0.007686817 0.974080861
21.460820 2.137701988 -0.244787693 8.593854904 0.011177502 0.228066862 -0.008691478 0.973542511
21.564620 2.175846577 -0.248567805 8.669154167 0.009427661 0.229399577 -0.008955622 0.973245442
21.668140 2.214874506 -0.251782745 8.748579979 0.008353323 0.231266007 -0.009631916 0.972806990
21.771790 2.253883839 -0.254412144 8.827256203 0.008276748 0.233199030 -0.010150155 0.972340822
21.875360 2.293115139 -0.257220954 8.905698776 0.008503607 0.234836966 -0.010142540 0.971944630
21.979040 2.333117008 -0.260153443 8.984502792 0.008166478 0.236347035 -0.010219589 0.971580684
22.082650 2.372926235 -0.262679160 9.060814857 0.007911900 0.238274917 -0.009921241 0.971114814
22.186210 2.412433863 -0.265851617 9.139566422 0.007596853 0.239911184 -0.011867655 0.970692575
22.290250 2.452037334 -0.268825680 9.216751099 0.008105592 0.241741985 -0.017137764 0.970155358
22.393570 2.492231846 -0.272251010 9.293695450 0.011902055 0.242999226 -0.021652689 0.969711721
22.497250 2.530896664 -0.276541650 9.368841171 0.015701290 0.245237529 -0.017307784 0.969181359
22.600850 2.571840525 -0.280879885 9.445376396 0.014562248 0.245972380 -0.013042419 0.969079673
22.704440 2.610533237 -0.284159869 9.520966530 0.009300277 0.247475058 -0.012204105 0.968772769
22.808100 2.652550220 -0.286396652 9.597295761 0.004204325 0.249400839 -0.013943741 0.968290806
22.911770 2.693460464 -0.288548052 9.673791885 0.001854482 0.251649231 -0.016560089 0.967675030
23.015390 2.733611345 -0.290827155 9.748992920 0.001658066 0.253188848 -0.017253162 0.967261612
23.119010 2.777929068 -0.293172240 9.825689316 0.003409292 0.255063802 -0.014565042 0.966808498
23.222650 2.817689419 -0.296107799 9.903496742 0.005606479 0.256841511 -0.013708937 0.966340005
23.326370 2.864130259 -0.298600793 9.978494644 0.007605286 0.258332789 -0.012875959 0.965940237
23.430070 2.908435822 -0.300645024 10.056184769 0.008039852 0.260525405 -0.013705863 0.965336204
23.533710 2.951673508 -0.303977489 10.129778862 0.007044136 0.262136877 -0.012528915 0.964923620
23.637320 2.996062994 -0.305731714 10.205603600 0.007120499 0.263645411 -0.011712586 0.964522243
23.741080 3.041062593 -0.308936983 10.280192375 0.006651897 0.264893979 -0.011817329 0.964182198
23.844680 3.083022356 -0.311657310 10.352821350 0.006409293 0.265936613 -0.011494881 0.963900685
23.948430 3.131510973 -0.314024180 10.429506302 0.006931360 0.266704053 -0.011100388 0.963689625
24.052120 3.172382832 -0.317875147 10.497681618 0.006205398 0.267544657 -0.010425768 0.963469088
24.155650 3.221004963 -0.319215715 10.577574730 0.005215590 0.268363923 -0.009583623 0.963255823
24.259390 3.255424738 -0.321324736 10.641607285 0.004913915 0.270240486 -0.007565801 0.962750614
24.363000 3.310886860 -0.323046476 10.725642204 0.005183490 0.270003855 -0.009305171 0.962800324
24.466620 3.348861694 -0.325601637 10.789273262 0.006403205 0.272009403 -0.011039332 0.962209940
24.570240 3.398582935 -0.327258825 10.867902756 0.006752278 0.272047818 -0.013074021 0.962171257
24.673870 3.441047907 -0.330692530 10.941045761 0.006478663 0.273516953 -0.013971642 0.961743891
24.777590 3.486715317 -0.332830310 11.010749817 0.006216809 0.273380250 -0.014219221 0.961780846
24.881210 3.528837204 -0.335426360 11.078505516 0.006453206 0.274434030 -0.016058147 0.961450160
24.984880 3.573531628 -0.338492841 11.151331902 0.006336296 0.274648607 -0.015936758 0.961391687
25.088320 3.614879608 -0.341999412 11.217814445 0.005074622 0.275861382 -0.015563565 0.961058021
25.191950 3.659369230 -0.343943477 11.288318634 0.003675541 0.274984360 -0.013620801 0.961345196
25.295560 3.703632593 -0.346629113 11.357923508 0.001269066 0.274966896 -0.010574143 0.961394727
25.399160 3.745342970 -0.347397149 11.427598953 0.000179698 0.274065256 -0.008165813 0.961676419
25.502780 3.785650969 -0.350304037 11.482743263 -0.000454269 0.273819923 -0.011985328 0.961706161
25.606390 3.834631205 -0.349793613 11.571236610 0.001909666 0.272517622 -0.015411442 0.962025464
25.710010 3.874335527 -0.352089643 11.629261017 0.001470776 0.271703601 -0.018793628 0.962196350
25.813620 3.922428608 -0.353858203 11.713377953 0.002265111 0.269961149 -0.018981712 0.962681413
25.917260 3.965626955 -0.356910050 11.782832146 0.001992709 0.268840313 -0.018045740 0.963013649
26.020850 4.011413574 -0.357657194 11.860879898 0.002070563 0.266476274 -0.017768646 0.963675439
26.124480 4.054060936 -0.359853506 11.928706169 0.003495055 0.265043437 -0.019228050 0.964038372
26.228100 4.099531174 -0.362706423 12.009622574 0.001937046 0.264210463 -0.022905014 0.964191079
26.331730 4.141406059 -0.363289297 12.071329117 0.000341626 0.263199449 -0.027417213 0.964351714
26.435440 4.186824799 -0.366574913 12.151183128 0.000076313 0.263479471 -0.030966967 0.964167833
26.539060 4.231912136 -0.369566381 12.228926659 -0.000496592 0.263430208 -0.032980878 0.964114368
26.642670 4.274103165 -0.373079956 12.303067207 -0.000658707 0.262804270 -0.030869478 0.964354992
26.746310 4.316984177 -0.374153435 12.368422508 -0.001263591 0.261950016 -0.028807582 0.964650571
26.849920 4.361680031 -0.376857698 12.446285248 -0.002743015 0.261494100 -0.030201580 0.964728534
26.953530 4.405969143 -0.376292884 12.504267693 -0.002273801 0.260814816 -0.030980581 0.964888930
27.057260 4.451165199 -0.377194732 12.574476242 -0.001100688 0.260088950 -0.031922441 0.965056181
27.160890 4.496517181 -0.383068353 12.667543411 -0.000679933 0.259435296 -0.032535639 0.965212047
27.264530 4.536128044 -0.386987269 12.775304794 -0.000963342 0.259368032 -0.030879853 0.965284288
27.368230 4.584947586 -0.385440171 12.816716194 -0.001309707 0.258472204 -0.029555701 0.965565562
27.471850 4.636137009 -0.383551955 12.856519699 -0.001013675 0.256585807 -0.029207708 0.966079473
27.575480 4.680836678 -0.382490575 12.924776077 -0.001205910 0.256547332 -0.029504096 0.966080487
27.679200 4.711231232 -0.394900650 13.018941879 -0.002313147 0.256995082 -0.029678207 0.965954125
27.782840 4.752076149 -0.398226440 13.109760284 -0.002850936 0.257221878 -0.030054515 0.965880692
27.886560 4.776703835 -0.401935577 13.169382095 -0.002623524 0.256790459 -0.030386647 0.965985715
27.990170 4.817835808 -0.400333941 13.229988098 -0.001442884 0.256649494 -0.030149074 0.966033101
28.093790 4.856855392 -0.401713610 13.291102409 -0.001441391 0.255925626 -0.029198540 0.966254354
28.197410 4.887648106 -0.404890001 13.352215767 -0.002554699 0.255843580 -0.029732957 0.966257453
28.301020 4.945623398 -0.409401268 13.447772980 -0.002828366 0.256182790 -0.030531658 0.966141880
28.404640 5.002288818 -0.404211938 13.506337166 -0.002844407 0.256097347 -0.030752761 0.966157496
28.508250 5.040188789 -0.408492297 13.572031975 -0.003032714 0.256391853 -0.030755758 0.966078758
28.611870 5.073695183 -0.414271533 13.667528152 -0.002592025 0.256848931 -0.030582294 0.965964079
28.715630 5.129734993 -0.412927210 13.718667030 -0.003195568 0.256761879 -0.029696098 0.966013074
28.819230 5.185596466 -0.414432079 13.803337097 -0.003965023 0.256487668 -0.030620327 0.966054201
28.922840 5.219759464 -0.415226102 13.880373001 -0.003973622 0.256927162 -0.030674810 0.965935647
29.026460 5.255383968 -0.418315023 13.964241028 -0.004081261 0.257498324 -0.031468913 0.965757549
29.130070 5.274417400 -0.427234769 14.033378601 -0.004017312 0.258569598 -0.031198043 0.965480328
29.233840 5.304346085 -0.425972939 14.093884468 -0.003796633 0.259183913 -0.030679449 0.965333164
29.337430 5.317436695 -0.425162107 14.163440704 -0.003794864 0.261180162 -0.031712592 0.964761555
29.441040 5.327099800 -0.420559704 14.223872185 -0.003077217 0.262855321 -0.031783268 0.964306712
29.544660 5.344138622 -0.432484388 14.303942680 -0.003783371 0.263721496 -0.031715076 0.964069963
29.648260 5.356173992 -0.451017529 14.357426643 -0.005490816 0.265251935 -0.030484149 0.963681459
29.752010 5.419488430 -0.443584055 14.438551903 -0.005569848 0.265148848 -0.031014748 0.963692427
29.855620 5.480797768 -0.440800190 14.513121605 -0.005623433 0.263464570 -0.031303741 0.964144647
29.959120 5.538453102 -0.446244419 14.581093788 -0.005709119 0.262866706 -0.031037154 0.964315891
30.062730 5.593264580 -0.440573663 14.644447327 -0.004537461 0.261656821 -0.030638235 0.964663863
30.166350 5.624810696 -0.447404325 14.723165512 -0.004980789 0.263176084 -0.029755579 0.964275956
30.269960 5.645160198 -0.447209001 14.768334389 -0.005837055 0.264164358 -0.030191978 0.963987350
30.373580 5.664830208 -0.448398054 14.851441383 -0.005452459 0.265544027 -0.031005098 0.963584602
30.477220 5.687780857 -0.448341608 14.908031464 -0.005099591 0.267105728 -0.031605151 0.963135302
30.580810 5.721360207 -0.450598389 14.981523514 -0.005906861 0.267611951 -0.031341061 0.962998807
30.684470 5.735817909 -0.445958108 15.043404579 -0.006201039 0.269098908 -0.031201459 0.962586999
30.788170 5.766659737 -0.450302809 15.110003471 -0.007157356 0.270553619 -0.031606004 0.962159276
30.891780 5.784958363 -0.448049188 15.173122406 -0.006344234 0.271780580 -0.032666922 0.961783707
30.995560 5.811682224 -0.446825027 15.235554695 -0.004372859 0.272651732 -0.032747168 0.961545408
31.099140 5.826658249 -0.446517587 15.287538528 -0.004839567 0.274290532 -0.032945834 0.961070180
31.202760 5.853673458 -0.447376549 15.325518608 -0.005097941 0.273549736 -0.031913694 0.961314738
31.306520 5.870126724 -0.449685454 15.347923279 -0.006647037 0.273185164 -0.032018948 0.961405456
31.410110 5.900063515 -0.449292421 15.398921967 -0.005761235 0.273779899 -0.031031365 0.961274385
31.513850 5.916342735 -0.452482551 15.438345909 -0.005574533 0.274745762 -0.030901151 0.961004078
31.617470 5.946255684 -0.452414244 15.477793694 -0.005105618 0.274151921 -0.030887263 0.961176693
31.721250 5.964016914 -0.452772737 15.507183075 -0.005509585 0.275190622 -0.030687081 0.960884035
31.824820 5.978673935 -0.453240156 15.528938293 -0.005815957 0.274895906 -0.029857388 0.960992694
31.928570 5.984135628 -0.455627382 15.549575806 -0.006307299 0.274856240 -0.029296562 0.961018205
32.032190 5.989410877 -0.457496166 15.564839363 -0.006708689 0.274965972 -0.029719410 0.960971117
32.135930 6.001499176 -0.457936823 15.587158203 -0.006574744 0.274368882 -0.029171191 0.961159468
32.239540 6.015852928 -0.457922041 15.605837822 -0.007186192 0.274000317 -0.028919814 0.961267829
32.343330 6.022041321 -0.456983149 15.625978470 -0.007456927 0.274510235 -0.029479297 0.961103261
32.447030 6.035539627 -0.457800984 15.649872780 -0.008185910 0.274823517 -0.030348713 0.960980713
32.550780 6.048912048 -0.457905769 15.670960426 -0.007587504 0.274103612 -0.030791676 0.961177111
32.654370 6.056397438 -0.457677007 15.694027901 -0.006863801 0.274193972 -0.029614812 0.961193800
32.758130 6.073277473 -0.458551645 15.712020874 -0.006725475 0.273152977 -0.029452533 0.961496055
32.861740 6.084197044 -0.459282964 15.733552933 -0.007170553 0.273227423 -0.029085943 0.961482882
32.965700 6.092918396 -0.458483875 15.754142761 -0.007228100 0.273281068 -0.028306354 0.961490452
33.070500 6.107432842 -0.459124833 15.775530815 -0.007042611 0.272599459 -0.028801443 0.961670637
33.172920 6.115428925 -0.458639652 15.793674469 -0.007093962 0.272031099 -0.029197581 0.961819232
33.276450 6.127275944 -0.458092481 15.823410034 -0.006569273 0.272354722 -0.028623477 0.961748660
33.380050 6.141472816 -0.459048271 15.842440605 -0.007198335 0.271647930 -0.029412761 0.961920202
33.483810 6.152694702 -0.459834963 15.853890419 -0.007423331 0.271124810 -0.029712075 0.962056875
33.587620 6.161201477 -0.459135354 15.884273529 -0.007399734 0.271571457 -0.030573606 0.961904049
33.691220 6.174268723 -0.460201353 15.907937050 -0.007864785 0.271355718 -0.031142771 0.961943030
33.794940 6.183643341 -0.458612025 15.931778908 -0.006733641 0.272456914 -0.030943187 0.961646736
33.898640 6.192656517 -0.461746305 15.957237244 -0.007595478 0.272454768 -0.030723993 0.961647928
34.002380 6.207121849 -0.462469041 15.975062370 -0.008474424 0.272011727 -0.031221010 0.961749971
34.105990 6.216691971 -0.464012474 15.992551804 -0.009240751 0.272219092 -0.031981550 0.961659253
34.209730 6.228944302 -0.462396473 16.006071091 -0.008666542 0.272506088 -0.032880925 0.961552978
34.313530 6.242806435 -0.462534606 16.026395798 -0.007314443 0.272174031 -0.032359928 0.961675942
34.417100 6.257559776 -0.461558789 16.040119171 -0.006187918 0.271015465 -0.032748323 0.961997867
34.520830 6.267122269 -0.462864012 16.054168701 -0.006561864 0.271573395 -0.031727061 0.961872280
34.624450 6.278862953 -0.463960350 16.075775146 -0.007233682 0.271550119 -0.031327359 0.961887121
34.728060 6.291972160 -0.465379626 16.089883804 -0.007865468 0.271332413 -0.031095728 0.961951077
34.831800 6.306010246 -0.466606885 16.107208252 -0.008417439 0.270699382 -0.031323649 0.962117374
34.935420 6.317756653 -0.465901911 16.125669479 -0.007802219 0.270737350 -0.031000562 0.962122321
35.039150 6.332650185 -0.466441214 16.141345978 -0.007531878 0.269475758 -0.030725393 0.962487400
35.142780 6.343956947 -0.467069775 16.157560349 -0.007729815 0.270148128 -0.031473666 0.962273180
35.246520 6.358390808 -0.468504548 16.164712906 -0.008026509 0.268615961 -0.031093230 0.962711930
35.350130 6.376137257 -0.468362272 16.182075500 -0.008126958 0.267404675 -0.031134181 0.963046908
35.454000 6.384963512 -0.469281435 16.206090927 -0.008512383 0.268710911 -0.031613197 0.962664306
35.557430 6.401309013 -0.469231576 16.219266891 -0.007613342 0.267927706 -0.032203093 0.962870538
35.661090 6.413337708 -0.470830888 16.236007690 -0.008067259 0.267047942 -0.032147329 0.963113129
35.764770 6.419840813 -0.470342845 16.252037048 -0.008416839 0.267531991 -0.031647969 0.962992311
35.868330 6.433559418 -0.471564800 16.267229080 -0.008898872 0.267126888 -0.031508896 0.963104963
35.972070 6.448009968 -0.471928149 16.282560349 -0.008488397 0.266383290 -0.032687403 0.963275373
36.075840 6.458890915 -0.472410560 16.296878815 -0.007561088 0.265897810 -0.031582486 0.963454068
36.179530 6.475791931 -0.473236203 16.311817169 -0.007878638 0.264080703 -0.030614069 0.963982403
36.283280 6.490045071 -0.476293325 16.329128265 -0.008995292 0.263619572 -0.030546950 0.964100957
36.386840 6.495326042 -0.475313395 16.343395233 -0.008852643 0.264203310 -0.030544307 0.963942587
36.490550 6.500867844 -0.478569537 16.367673874 -0.009904226 0.265608639 -0.030850189 0.963536322
36.594140 6.504469872 -0.477264643 16.392049789 -0.009839053 0.266088814 -0.030530425 0.963414669
36.697760 6.523512363 -0.475159734 16.412990570 -0.009052639 0.264397502 -0.031514093 0.963856220
36.801500 6.542685509 -0.482931793 16.416931152 -0.009725923 0.262950987 -0.031685811 0.964239717
36.905210 6.560123920 -0.479142606 16.416255951 -0.008831812 0.260847569 -0.030985106 0.964842200
37.008850 6.569236755 -0.479815304 16.435340881 -0.008712295 0.261374891 -0.031800739 0.964673996
37.112590 6.590036392 -0.479336798 16.445751190 -0.008279374 0.259510726 -0.033582896 0.965120614
37.216330 6.601147175 -0.481220603 16.465923309 -0.008370113 0.260511905 -0.032401428 0.964890480
37.319950 6.609598160 -0.479579836 16.482810974 -0.009002729 0.260405898 -0.032580487 0.964907348
37.423720 6.620477200 -0.480242908 16.498090744 -0.008484473 0.261235356 -0.032812104 0.964680016
37.527300 6.631933689 -0.481455803 16.512136459 -0.008500764 0.261334687 -0.033558693 0.964627266
37.631050 6.644874096 -0.482213199 16.529241562 -0.008937401 0.261074185 -0.033135429 0.964708447
37.734660 6.662095070 -0.483211339 16.544803619 -0.009315243 0.260474235 -0.032435700 0.964890838
37.838400 6.678566933 -0.484615147 16.560745239 -0.009736835 0.259948194 -0.032260139 0.965034425
37.942020 6.684486389 -0.483580828 16.592971802 -0.009743876 0.261182010 -0.032534841 0.964691877
38.045630 6.694454193 -0.482756436 16.624799728 -0.009203254 0.261843175 -0.032912526 0.964505136
38.149250 6.704908371 -0.482120067 16.641603470 -0.008302880 0.262087703 -0.032860991 0.964448690
38.252870 6.716729164 -0.484310210 16.650615692 -0.008690869 0.261638075 -0.032049537 0.964594662
38.356480 6.733546257 -0.485973090 16.668218613 -0.008592743 0.260636687 -0.033287562 0.964824617
38.460100 6.748077869 -0.487231314 16.685256958 -0.008775110 0.259862304 -0.032474373 0.965059578
38.563710 6.758503914 -0.486129671 16.706029892 -0.008665280 0.259687006 -0.030860441 0.965160728
38.667310 6.768800735 -0.480968028 16.722646713 -0.007573099 0.259652019 -0.031396549 0.965161979
38.771060 6.780800819 -0.482774645 16.741216660 -0.007710571 0.259463727 -0.031726513 0.965200782
38.874760 6.792765617 -0.485274106 16.763656616 -0.007565497 0.259103626 -0.032160163 0.965284288
38.978300 6.806779385 -0.484194130 16.780513763 -0.007608788 0.258393139 -0.032273971 0.965470612
39.082020 6.820015430 -0.485172629 16.799461365 -0.008182853 0.257811487 -0.030998098 0.965663195
39.185650 6.832428455 -0.486183673 16.818990707 -0.009173816 0.257467121 -0.031232469 0.965738595
39.289260 6.850392342 -0.485817611 16.833127975 -0.009101273 0.256280124 -0.030960187 0.966063738
39.392880 6.858651161 -0.486450642 16.852649689 -0.008348137 0.256356955 -0.030280076 0.966071665
39.496500 6.871226788 -0.486772954 16.874431610 -0.007921536 0.255733490 -0.030616127 0.966229916
39.600240 6.886409283 -0.486520797 16.891326904 -0.006750268 0.254702777 -0.030239049 0.966522932
39.703850 6.900434017 -0.486588508 16.909488678 -0.006521624 0.254174173 -0.030003510 0.966670930
39.807600 6.909985065 -0.487035632 16.928833008 -0.006194529 0.253701925 -0.029917041 0.966799855
39.911340 6.925002575 -0.488659114 16.946674347 -0.005933361 0.253204137 -0.029564407 0.966942787
40.014950 6.939957619 -0.488902122 16.965864182 -0.006343030 0.251929134 -0.030225793 0.967252731
40.118690 6.947471619 -0.489091754 16.983722687 -0.006987461 0.251921892 -0.031511620 0.967209160
40.222330 6.962859154 -0.489973783 17.001224518 -0.006871805 0.251125634 -0.031460349 0.967418730
40.325920 6.974680424 -0.489885867 17.015607834 -0.006116867 0.250468791 -0.030904206 0.967611969
40.429660 6.987100124 -0.491124302 17.041599274 -0.005619431 0.250303119 -0.030552980 0.967669010
40.533280 7.001813889 -0.490331292 17.058532715 -0.005351227 0.249821350 -0.030468741 0.967797637
40.637020 7.013409615 -0.492363930 17.074434280 -0.006282105 0.249250069 -0.029829875 0.967959285
40.740630 7.017829895 -0.491465211 17.094627380 -0.006974396 0.250094384 -0.030938033 0.967701912
40.844270 7.025181770 -0.491700292 17.104349136 -0.006608791 0.249881908 -0.032295756 0.967715025
40.947990 7.029794216 -0.491839975 17.112945557 -0.005621911 0.249514922 -0.032137975 0.967821181
41.051600 7.034014702 -0.492021054 17.121858597 -0.006100821 0.249432132 -0.031481508 0.967861176
41.155220 7.039499760 -0.492218524 17.130081177 -0.006775847 0.249826193 -0.030447949 0.967788160
41.258960 7.044850349 -0.492244095 17.137460709 -0.006612221 0.249310270 -0.029141333 0.967962503
41.362570 7.049742699 -0.492290318 17.148540497 -0.005917158 0.248498708 -0.028848851 0.968184471
41.466320 7.055574894 -0.492566675 17.156194687 -0.005061751 0.247984588 -0.028745154 0.968324184
41.569920 7.061225891 -0.492121518 17.165723801 -0.003605735 0.247362956 -0.028462246 0.968498051
41.673550 7.066296101 -0.493004858 17.174730301 -0.003736607 0.246833682 -0.028628239 0.968627691
41.777290 7.072254181 -0.493825078 17.179054260 -0.004255064 0.246072054 -0.029016316 0.968807757
41.880900 7.077607155 -0.493782431 17.189365387 -0.005168843 0.245445073 -0.028440339 0.968979418
41.984640 7.081966400 -0.493575752 17.201217651 -0.004902032 0.245319054 -0.029230382 0.968989193
42.088380 7.088012695 -0.494162828 17.206472397 -0.004664824 0.245429471 -0.029309487 0.968960047
42.192000 7.094014168 -0.495000571 17.215942383 -0.005112251 0.243980393 -0.029538019 0.969316721
42.295640 7.097817421 -0.494562060 17.228170395 -0.004937907 0.243874609 -0.029981472 0.969330609
42.399350 7.103385925 -0.494267672 17.235193253 -0.004220964 0.242529780 -0.029649381 0.969681561
42.502970 7.108158112 -0.494824767 17.243682861 -0.003839697 0.241974548 -0.028727433 0.969849646
42.606580 7.112823009 -0.494798899 17.254180908 -0.004491272 0.242444202 -0.029893482 0.969694316
42.710200 7.120513916 -0.495093822 17.263288498 -0.005140387 0.242370948 -0.029633328 0.969717383
42.813810 7.128164291 -0.495722771 17.272253036 -0.005449496 0.242176488 -0.029636718 0.969764173
42.917430 7.134485722 -0.495899349 17.282682419 -0.005282901 0.242075264 -0.031071424 0.969745457
43.021170 7.137925148 -0.496071547 17.290840149 -0.004939287 0.242494404 -0.031913929 0.969615161
43.124790 7.141326427 -0.495972693 17.297929764 -0.004576175 0.242471680 -0.031540118 0.969634891
43.228400 7.144865036 -0.495844364 17.306598663 -0.004645446 0.243094951 -0.031298906 0.969486237
43.332030 7.147819519 -0.496086657 17.314266205 -0.004585399 0.243589431 -0.030879302 0.969375908
43.435640 7.151074886 -0.495963186 17.321092606 -0.004809921 0.243717209 -0.030671444 0.969349265
43.539250 7.155476570 -0.495825410 17.330827713 -0.005101946 0.244438708 -0.030391945 0.969174922
43.642870 7.158615112 -0.495880216 17.337139130 -0.005145390 0.244629249 -0.031148050 0.969102621
43.746480 7.161511421 -0.495711297 17.344926834 -0.004209833 0.244647577 -0.031719387 0.969083965
43.850090 7.166021347 -0.496236593 17.353496552 -0.003468258 0.244611576 -0.032305673 0.969076633
43.953730 7.169940472 -0.496459275 17.361892700 -0.002967030 0.244875029 -0.032376293 0.969009399
44.057450 7.173647404 -0.496592999 17.370571136 -0.003077035 0.244504914 -0.032332879 0.969103932
44.161070 7.179887295 -0.496882975 17.379058838 -0.003497714 0.244106889 -0.032172166 0.969208181
44.264680 7.186169624 -0.496887654 17.388084412 -0.003588667 0.243537441 -0.032161154 0.969351470
44.368290 7.190643311 -0.496687710 17.396343231 -0.003530978 0.243046716 -0.030761909 0.969520271
44.471930 7.196082592 -0.497637570 17.406133652 -0.003449493 0.242625475 -0.030100001 0.969646811
44.575530 7.197905540 -0.497366071 17.413578033 -0.003540905 0.242419839 -0.029807191 0.969706953
44.679140 7.200724125 -0.498065978 17.419645309 -0.003816612 0.241557717 -0.029651217 0.969925821
44.782910 7.203963757 -0.497595310 17.427646637 -0.003689902 0.240858883 -0.029632900 0.970100641
44.886500 7.205494404 -0.497402698 17.434095383 -0.003960411 0.240410581 -0.029563634 0.970212936
44.990110 7.206939220 -0.497219473 17.441619873 -0.004749849 0.240052998 -0.030171871 0.970279157
45.093740 7.209796906 -0.497307122 17.448570251 -0.005208733 0.239302084 -0.030372314 0.970456004
45.197350 7.212173462 -0.496512651 17.456937790 -0.004957271 0.239457503 -0.031454418 0.970384538
45.300980 7.216453552 -0.497344136 17.465183258 -0.004830005 0.239344299 -0.031394020 0.970415056
45.404710 7.221524715 -0.497528106 17.473157883 -0.004588571 0.238021016 -0.030481882 0.970770717
45.508320 7.224917412 -0.497450083 17.481609344 -0.004788698 0.238333166 -0.030377124 0.970696509
45.612070 7.228255749 -0.497421503 17.489948273 -0.004890038 0.238498032 -0.030324699 0.970657110
45.715670 7.232892513 -0.497528762 17.498582840 -0.006206385 0.238434866 -0.030851653 0.970648468
45.819420 7.236289024 -0.497291028 17.507919312 -0.006658284 0.239275083 -0.031616446 0.970414042
45.923030 7.239787102 -0.496949911 17.517702103 -0.006520316 0.240026161 -0.032896396 0.970187008
46.026650 7.241941929 -0.497258067 17.522174835 -0.006016969 0.239532903 -0.033438705 0.970293581
46.130280 7.248654366 -0.498067766 17.531536102 -0.006270812 0.238795087 -0.033125237 0.970484555
46.233900 7.254229069 -0.498569578 17.540042877 -0.007002219 0.238262042 -0.033159681 0.970609426
46.337490 7.257401943 -0.498788267 17.547134399 -0.006677577 0.237738103 -0.033618659 0.970724344
46.441130 7.261470795 -0.498569489 17.556360245 -0.005683933 0.237942144 -0.033393968 0.970688462
46.544720 7.265028954 -0.498671055 17.563913345 -0.005891724 0.237473324 -0.032911528 0.970818520
46.648340 7.268929005 -0.498896658 17.572162628 -0.006848941 0.237697229 -0.032155473 0.970782757
46.752090 7.273190975 -0.499115139 17.580020905 -0.008003805 0.237444609 -0.031582892 0.970854521
46.855700 7.276828289 -0.499331415 17.588232040 -0.008911560 0.237451524 -0.032013096 0.970830858
46.959440 7.280508041 -0.499460667 17.596397400 -0.009255063 0.237029165 -0.032227721 0.970923722
47.063060 7.284829140 -0.499501973 17.604560852 -0.008215896 0.236374065 -0.031532690 0.971115589
47.166550 7.288924217 -0.499749780 17.612840652 -0.007865483 0.235904068 -0.030502260 0.971265674
47.270160 7.293966770 -0.499901444 17.623067856 -0.007399705 0.235448718 -0.029046424 0.971424460
47.373770 7.297216892 -0.500432909 17.630104065 -0.007753354 0.234328255 -0.028611567 0.971705496
47.477390 7.302386284 -0.500429034 17.639547348 -0.008544951 0.233793885 -0.028505756 0.971830666
47.581030 7.303381920 -0.500268340 17.646978378 -0.009119730 0.233469516 -0.028495420 0.971903741
47.684770 7.303357124 -0.499686509 17.653329849 -0.009489533 0.232985824 -0.028205067 0.972024679
47.789310 7.312550068 -0.500818789 17.662950516 -0.009800528 0.231780902 -0.028010931 0.972315252
47.892090 7.316551208 -0.500886142 17.670873642 -0.009891844 0.231066018 -0.028922427 0.972457767
47.995840 7.316522598 -0.500272512 17.679208755 -0.009945795 0.231045574 -0.029503580 0.972444654
48.099490 7.323881149 -0.501056075 17.687881470 -0.010127744 0.230081379 -0.029027805 0.972685695
48.203200 7.326855659 -0.501077175 17.696496964 -0.010055852 0.229517728 -0.028746299 0.972827911
48.306820 7.326782703 -0.501141489 17.703399658 -0.010352915 0.229234114 -0.028833875 0.972889066
48.410450 7.330346107 -0.501093984 17.711709976 -0.010554207 0.229008302 -0.028389696 0.972953141
48.514170 7.331428051 -0.501066267 17.716472626 -0.010615412 0.228238285 -0.027503019 0.973158896
48.617800 7.331836700 -0.501005292 17.724357605 -0.011179406 0.228260219 -0.028091779 0.973130584
48.721660 7.332734585 -0.500968456 17.732473373 -0.011246474 0.228695512 -0.028018428 0.973029733
48.825160 7.337255001 -0.500954390 17.739925385 -0.011041669 0.227795199 -0.028465604 0.973230243
48.928780 7.339092255 -0.501171231 17.748329163 -0.011246352 0.227777511 -0.029142670 0.973212004
49.032370 7.342430592 -0.501321733 17.755718231 -0.011270257 0.227348089 -0.029264221 0.973308504
49.136000 7.344799519 -0.501727879 17.763849258 -0.010944545 0.227424979 -0.028594906 0.973314166
49.239480 7.346304417 -0.502348781 17.771921158 -0.010502490 0.227632344 -0.028317617 0.973278642
49.343220 7.346603394 -0.502508342 17.781448364 -0.010452829 0.228395626 -0.027567111 0.973121881
49.446710 7.347708702 -0.502329528 17.787677765 -0.012182663 0.227807760 -0.027061414 0.973253787
49.550580 7.347843170 -0.503282189 17.793355942 -0.012473932 0.228657916 -0.027366869 0.973042130
49.654110 7.349447250 -0.503050625 17.798637390 -0.009329219 0.228407159 -0.030028574 0.973057747
49.757560 7.357161522 -0.502965093 17.808433533 -0.006969106 0.227967083 -0.031479958 0.973134875
49.861160 7.357754230 -0.503227413 17.811977386 -0.009286570 0.227532744 -0.031067686 0.973230422
49.964780 7.355234623 -0.503533721 17.813905716 -0.012120039 0.227745384 -0.030174712 0.973177612
50.068530 7.353398323 -0.503615201 17.815832138 -0.014059843 0.228340462 -0.030426010 0.973004222
50.172010 7.351939201 -0.503979027 17.819849014 -0.013930625 0.229227170 -0.029505266 0.972825944
50.275650 7.351212978 -0.505862594 17.821287155 -0.013906504 0.228574589 -0.027788293 0.973030329
50.379370 7.361648560 -0.504658103 17.830848694 -0.013560655 0.227147281 -0.026610609 0.973402321
50.483000 7.370570183 -0.504962265 17.840511322 -0.015011207 0.225723162 -0.028361192 0.973662853
50.586610 7.378418446 -0.504475355 17.847211838 -0.014737575 0.223411337 -0.028410533 0.974198699
50.690230 7.385687351 -0.504860282 17.853796005 -0.014011749 0.221438229 -0.027936542 0.974673450
50.793950 7.391259670 -0.505338848 17.859525681 -0.014062701 0.220138311 -0.027864862 0.974969149
50.897570 7.399096012 -0.505184174 17.866991043 -0.013874700 0.218319401 -0.027161470 0.975400627
51.001310 7.407333374 -0.505090296 17.873817444 -0.014053379 0.215975046 -0.026773535 0.975930572
51.105070 7.416060448 -0.504675686 17.880373001 -0.013004120 0.213532969 -0.026663832 0.976485312
51.208670 7.425059319 -0.505031228 17.887935638 -0.013073346 0.211376384 -0.026962200 0.976945341
51.312450 7.430502892 -0.505628943 17.893552780 -0.014227598 0.210109517 -0.026662191 0.977210701
51.416040 7.436416626 -0.505404234 17.900453568 -0.014305485 0.208783388 -0.026116824 0.977508426
51.519760 7.442342758 -0.506371558 17.906869888 -0.015569476 0.206960216 -0.025964739 0.977880836
51.623380 7.447350025 -0.506048083 17.914756775 -0.017569643 0.206006974 -0.025771657 0.978053331
51.727120 7.454117298 -0.506273687 17.921445847 -0.019419290 0.203978032 -0.026409090 0.978426516
51.830730 7.460567951 -0.506387770 17.929199219 -0.019501176 0.202686071 -0.027192241 0.978671908
51.934500 7.465218067 -0.505971253 17.935424805 -0.017941376 0.202280566 -0.026555113 0.978803098
52.038090 7.468961716 -0.505938649 17.944377899 -0.017009513 0.201874763 -0.025122644 0.978941321
52.141830 7.477195740 -0.506353259 17.950464249 -0.016611723 0.199603394 -0.024019161 0.979441464
52.245440 7.482595921 -0.505990565 17.953634262 -0.016683903 0.197885141 -0.023824962 0.979793608
52.349180 7.489726543 -0.506082535 17.957883835 -0.016985679 0.196063489 -0.024912758 0.980127513
52.452950 7.494991302 -0.505981207 17.961402893 -0.016460102 0.194755465 -0.027332127 0.980332792
52.556660 7.499275208 -0.506153107 17.964056015 -0.016031006 0.193104193 -0.026260890 0.980695724
52.660280 7.508414268 -0.506381392 17.969322205 -0.016369149 0.190348357 -0.024340376 0.981278300
52.763900 7.515782833 -0.506626606 17.973712921 -0.016474271 0.187951967 -0.023478996 0.981759310
52.867640 7.524381638 -0.506804168 17.978754044 -0.015802279 0.185654163 -0.023068942 0.982217193
52.971270 7.531049252 -0.507078528 17.982589722 -0.016000081 0.183300391 -0.021807017 0.982684791
53.074870 7.543666363 -0.507471800 17.989677429 -0.016070873 0.179525360 -0.021143392 0.983394802
53.178480 7.550449371 -0.509479105 17.995599747 -0.017253233 0.176855221 -0.022251328 0.983834028
53.282240 7.560610294 -0.510949254 18.000272751 -0.017571939 0.173383147 -0.023454426 0.984418333
53.385840 7.570099831 -0.511840403 18.009304047 -0.017474148 0.170496523 -0.023432484 0.984924614
53.489460 7.578323364 -0.511992991 18.015953064 -0.017481945 0.167605951 -0.022112880 0.985450983
53.593090 7.583907127 -0.512665570 18.021411896 -0.019025652 0.165537447 -0.022612650 0.985760629
53.696680 7.585577965 -0.512661159 18.024862289 -0.020432180 0.164573580 -0.023118190 0.985882163
53.800320 7.587155342 -0.512121081 18.031118393 -0.020508362 0.164001435 -0.023288907 0.985971868
53.904040 7.588968277 -0.512594879 18.037107468 -0.019919353 0.163622364 -0.023627393 0.986038864
54.007650 7.592729568 -0.512421072 18.042234421 -0.019345433 0.162085906 -0.024312684 0.986287415
54.111440 7.596080780 -0.512105405 18.047704697 -0.018893506 0.160928309 -0.023767071 0.986498952
54.215030 7.600383282 -0.512303054 18.052371979 -0.019697709 0.158750445 -0.024293164 0.986823261
54.318750 7.602214336 -0.512511849 18.058191299 -0.019035939 0.158761203 -0.023605807 0.986851215
54.422370 7.606271267 -0.512154996 18.062740326 -0.018789843 0.156676263 -0.022100592 0.987223923
54.525980 7.609127522 -0.512735546 18.067543030 -0.019469587 0.155634299 -0.020627365 0.987407386
54.629720 7.612711430 -0.514298916 18.072048187 -0.020386880 0.153579295 -0.019714443 0.987729251
54.733340 7.615122795 -0.512426555 18.078584671 -0.018810673 0.152965531 -0.019654030 0.987856984
54.837080 7.617397785 -0.512367368 18.084863663 -0.019574806 0.151727036 -0.020071685 0.988024712
54.940700 7.619651318 -0.511555731 18.092201233 -0.018999264 0.150603294 -0.021624515 0.988175094
55.044310 7.622103214 -0.512052953 18.096702576 -0.019727651 0.150372967 -0.024027864 0.988140404
55.147950 7.624068260 -0.511952519 18.102025986 -0.019066991 0.150142744 -0.025663704 0.988147259
55.251540 7.625884056 -0.511841357 18.106618881 -0.018169064 0.149040446 -0.026607230 0.988306046
55.355300 7.627514362 -0.511765480 18.112508774 -0.017841550 0.148176908 -0.026397027 0.988447487
55.458900 7.629210472 -0.511657655 18.117465973 -0.018452544 0.147609919 -0.025081672 0.988555372
55.562540 7.631541252 -0.511417508 18.123884201 -0.018600440 0.146385327 -0.024172941 0.988757312
55.666250 7.633018017 -0.511261404 18.128042221 -0.018707285 0.145973071 -0.023815533 0.988824904
55.769890 7.635718822 -0.511091590 18.134468079 -0.017580327 0.143891767 -0.023787007 0.989151299
55.873610 7.637412071 -0.511035264 18.140003204 -0.016516216 0.143592969 -0.024406353 0.989197969
55.977290 7.639467239 -0.510874331 18.144842148 -0.016322957 0.142516434 -0.023472644 0.989379406
56.080860 7.641737938 -0.511005044 18.150447845 -0.017399965 0.141167805 -0.022559702 0.989575624
56.184470 7.643230438 -0.510824263 18.156188965 -0.018868996 0.141041994 -0.021697797 0.989585936
56.288130 7.645404339 -0.510650933 18.161540985 -0.019910779 0.140141457 -0.022712409 0.989670694
56.391700 7.647074699 -0.510626435 18.167100906 -0.020558884 0.139752045 -0.025176365 0.989652872
56.495310 7.649473667 -0.510526001 18.172460556 -0.019905677 0.138692155 -0.026852533 0.989771247
56.598920 7.650880814 -0.510312736 18.178129196 -0.019453716 0.138769805 -0.027409820 0.989754081
56.702420 7.653192043 -0.510102034 18.183149338 -0.018729661 0.137592316 -0.027732771 0.989923477
56.806030 7.654901028 -0.510022998 18.188980103 -0.017777244 0.137497067 -0.026692353 0.989982843
56.909640 7.657549381 -0.509851396 18.194286346 -0.017261060 0.136181593 -0.025905738 0.990194678
57.013380 7.658646584 -0.509971797 18.200071335 -0.017065471 0.136728242 -0.024061600 0.990169287
57.117000 7.661029816 -0.509744644 18.205245972 -0.017272776 0.135412097 -0.023145253 0.990368366
57.220620 7.662443161 -0.509568810 18.210887909 -0.018456729 0.135533378 -0.023630781 0.990318954
57.324230 7.664457321 -0.509801626 18.216451645 -0.018875280 0.134829327 -0.023996383 0.990398407
57.427720 7.666309357 -0.509506762 18.221977234 -0.016760016 0.133734226 -0.023040216 0.990607560
57.531360 7.668915749 -0.509600878 18.227108002 -0.015296857 0.131669253 -0.021373335 0.990945160
57.634950 7.670057297 -0.509320915 18.232883453 -0.014323950 0.131201044 -0.020698976 0.991036117
57.738590 7.672643661 -0.509159148 18.238290787 -0.014912668 0.129438221 -0.019937832 0.991274834
57.842180 7.673043251 -0.509045064 18.243846893 -0.014295141 0.130295426 -0.020461721 0.991160989
57.945800 7.674578667 -0.508744478 18.248979568 -0.016681839 0.129659817 -0.021859480 0.991177201
58.049530 7.676405907 -0.508766294 18.254865646 -0.018738536 0.129217550 -0.021320732 0.991209924
58.153180 7.678318977 -0.508775651 18.259775162 -0.019355549 0.127758339 -0.020365044 0.991407335
58.256810 7.679703712 -0.508538365 18.265687943 -0.018351907 0.127470955 -0.020639926 0.991457701
58.360400 7.682699203 -0.508418918 18.271848679 -0.016728548 0.125607431 -0.021058625 0.991715431
58.464000 7.683908463 -0.508015692 18.276498795 -0.016235042 0.124517612 -0.021235803 0.991857231
58.567620 7.684657574 -0.508092046 18.282497406 -0.016749151 0.125061169 -0.021124704 0.991782725
58.671360 7.686490536 -0.508549392 18.287837982 -0.017760744 0.123817511 -0.020892147 0.991926074
58.774970 7.687870026 -0.508048356 18.293600082 -0.017898191 0.123459987 -0.020989535 0.991966069
58.878710 7.690011978 -0.507965147 18.299238205 -0.018549617 0.122012913 -0.021016328 0.992132604
58.982460 7.691322803 -0.507743716 18.304666519 -0.018278180 0.121617593 -0.021473877 0.992176354
59.086070 7.693144798 -0.507508576 18.310506821 -0.017227812 0.120634250 -0.021419574 0.992316365
59.189810 7.694556713 -0.507508993 18.315841675 -0.017053433 0.119917065 -0.021656154 0.992401183
59.293570 7.696492195 -0.507282078 18.321249008 -0.017349374 0.118430287 -0.022244452 0.992561579
59.397170 7.697923183 -0.507169783 18.326807022 -0.017449498 0.117918350 -0.022111079 0.992623746
59.500910 7.699863434 -0.507574260 18.332557678 -0.017003987 0.116608113 -0.021529265 0.992799044
59.604650 7.700730801 -0.507094026 18.337886810 -0.015894148 0.116330080 -0.022118246 0.992837071
59.708260 7.702508926 -0.507091045 18.343648911 -0.015621576 0.115341656 -0.022217436 0.992954493
59.812000 7.703718185 -0.506953835 18.349086761 -0.015119302 0.114819363 -0.022313554 0.993020654
59.915740 7.705691338 -0.506839514 18.354534149 -0.014826994 0.113222167 -0.022378018 0.993206978
60.019480 7.706499577 -0.506732345 18.360200882 -0.014782009 0.113399737 -0.022152310 0.993192434
60.123100 7.708436966 -0.506577015 18.365694046 -0.014738816 0.111966930 -0.022133831 0.993356049
60.226840 7.709267616 -0.506527424 18.371133804 -0.014992361 0.112003259 -0.022383783 0.993342578
60.330460 7.712193489 -0.506244183 18.376766205 -0.015230130 0.109446332 -0.023847332 0.993589878
60.434070 7.712041855 -0.506341815 18.382110596 -0.015322697 0.111007847 -0.023611277 0.993420839
60.537830 7.713781357 -0.506181896 18.387544632 -0.015013919 0.110192545 -0.024274353 0.993500352
60.641430 7.714656830 -0.506182790 18.393201828 -0.015647048 0.110876739 -0.024105463 0.993418574
60.745170 7.716482162 -0.506084085 18.398803711 -0.015482661 0.110140525 -0.023914611 0.993507624
60.848780 7.717294693 -0.506011605 18.404214859 -0.014955322 0.110515572 -0.023688752 0.993479490
60.952400 7.718875885 -0.505871236 18.409824371 -0.015362553 0.110014826 -0.023339519 0.993537128
61.056140 7.719971657 -0.505861640 18.415334702 -0.015321929 0.110257499 -0.022706850 0.993525505
61.159760 7.721533298 -0.505795121 18.420831680 -0.014264402 0.109433755 -0.022601193 0.993634701
61.263370 7.722719193 -0.505699158 18.426528931 -0.014261469 0.109809801 -0.022509510 0.993595362
61.366980 7.724295616 -0.505655825 18.432056427 -0.015926398 0.108890742 -0.022506138 0.993671298
61.470630 7.725780964 -0.505521595 18.437938690 -0.015478224 0.108626261 -0.022386795 0.993709981
61.574220 7.726922512 -0.505518019 18.443309784 -0.014474124 0.108508259 -0.021941341 0.993747950
61.677850 7.728522301 -0.505416632 18.449054718 -0.012836698 0.107220791 -0.021360425 0.993922830
61.784120 7.729371548 -0.505393744 18.454206467 -0.013393207 0.107179195 -0.020746816 0.993933022
61.885240 7.730698109 -0.505210042 18.459966660 -0.014385514 0.106527880 -0.020924080 0.993985415
61.988910 7.731830597 -0.505218983 18.465324402 -0.016168978 0.106379412 -0.020569725 0.993981302
62.092420 7.733111382 -0.505091310 18.470943451 -0.017031552 0.106061302 -0.020653186 0.993999183
62.196570 7.734220505 -0.505005598 18.476324081 -0.017015541 0.105756693 -0.021481171 0.994014323
62.300010 7.735495567 -0.504857540 18.481893539 -0.016189266 0.104864873 -0.021667376 0.994118571
62.403410 7.736618042 -0.504806757 18.487255096 -0.015821457 0.104674235 -0.021875208 0.994140029
62.507020 7.737882614 -0.504739940 18.492921829 -0.016150657 0.103371263 -0.021747829 0.994273901
62.611050 7.739070415 -0.504665017 18.498619080 -0.015626935 0.102745004 -0.020963116 0.994364023
62.714120 7.740164757 -0.504584551 18.503837585 -0.014875818 0.102621302 -0.020850653 0.994390666
62.817730 7.741335392 -0.504472017 18.509466171 -0.014137616 0.101404920 -0.020916076 0.994524896
62.921550 7.742487907 -0.504449844 18.514932632 -0.014318148 0.100996874 -0.020526171 0.994571924
63.024960 7.743684769 -0.504319489 18.521034241 -0.014823733 0.099543259 -0.020584477 0.994709849
63.128570 7.744662285 -0.504252553 18.526330948 -0.014922276 0.099260166 -0.019912448 0.994750321
63.232210 7.745903969 -0.504236698 18.531610489 -0.015237201 0.099146299 -0.020046607 0.994754195
63.335690 7.747022152 -0.504104972 18.537349701 -0.015766658 0.098064266 -0.020697720 0.994839907
63.439300 7.748115540 -0.504005611 18.543010712 -0.015599088 0.097102441 -0.020071765 0.994949698
63.542910 7.749304295 -0.503975749 18.548191071 -0.015604028 0.096878730 -0.020051787 0.994971871
63.646520 7.750369072 -0.503930926 18.553689957 -0.015135990 0.095512144 -0.019394699 0.995124221
63.750030 7.751505852 -0.503846407 18.559385300 -0.014423946 0.094511248 -0.019568844 0.995226920
63.853630 7.752537727 -0.503829360 18.565044403 -0.013877248 0.093173750 -0.019896006 0.995354295
63.957240 7.753493309 -0.503769398 18.570688248 -0.012936088 0.091909587 -0.019803664 0.995486379
64.060730 7.754785538 -0.503625572 18.576009750 -0.012262579 0.090578392 -0.019549033 0.995621920
64.164350 7.755698681 -0.503702998 18.581844330 -0.013107040 0.088335134 -0.018839382 0.995826364
64.267970 7.756777763 -0.503535628 18.587694168 -0.012970293 0.088417262 -0.019596489 0.995806277
64.371580 7.758022308 -0.503460824 18.593118668 -0.012327723 0.087923624 -0.020460503 0.995840728
64.475200 7.758934498 -0.503273845 18.599058151 -0.011569250 0.087071911 -0.020714996 0.995919406
64.578710 7.760187626 -0.503389418 18.604591370 -0.010830763 0.086591147 -0.021122860 0.995961130
64.682580 7.761357784 -0.503388166 18.610744476 -0.010416897 0.085390739 -0.020335553 0.996085525
64.785940 7.762459755 -0.503336489 18.617019653 -0.010783451 0.084712230 -0.020408245 0.996138096
64.889620 7.763398170 -0.503352225 18.621992111 -0.010664560 0.084678248 -0.019861262 0.996153295
64.993150 7.764366150 -0.503283679 18.628120422 -0.011003803 0.083874501 -0.020048693 0.996213853
65.096770 7.765601635 -0.503260612 18.635461807 -0.011888558 0.081815295 -0.019996146 0.996375978
65.200410 7.766467094 -0.503246009 18.639255524 -0.012022783 0.082666039 -0.020384064 0.996296287
65.304130 7.767442703 -0.503197312 18.645410538 -0.012610652 0.081871875 -0.020417770 0.996353865
65.407740 7.768432617 -0.503128648 18.651597977 -0.013306503 0.080607332 -0.019661367 0.996463180
65.511370 7.769359589 -0.503043294 18.656442642 -0.013402205 0.080248751 -0.019258469 0.996498704
65.614970 7.770858765 -0.503211975 18.664422989 -0.012392853 0.078800432 -0.018787252 0.996636331
65.719300 7.771649361 -0.503073394 18.669162750 -0.009345602 0.078125127 -0.019848352 0.996702135
65.822450 7.772143841 -0.502832413 18.673561096 -0.005726974 0.078088261 -0.020577246 0.996717632
65.926080 7.773869514 -0.502907515 18.684089661 -0.005426756 0.075041570 -0.019276457 0.996979296
66.029810 7.774485588 -0.502948999 18.687376022 -0.006355939 0.075109810 -0.019961515 0.996955156
66.133430 7.774789810 -0.502915561 18.690359116 -0.007251833 0.075929001 -0.019859239 0.996889055
66.237180 7.775824547 -0.502863884 18.696632385 -0.008542866 0.074756719 -0.020131828 0.996961951
66.340900 7.776555061 -0.502865076 18.701728821 -0.009515466 0.074690968 -0.020323494 0.996954143
66.444520 7.777814865 -0.502759516 18.709321976 -0.009235784 0.073559657 -0.019101596 0.997065127
66.548250 7.778264046 -0.502812028 18.713228226 -0.009731760 0.073613331 -0.019639686 0.997045934
66.651880 7.779211998 -0.502812505 18.719390869 -0.009126724 0.072478727 -0.019348772 0.997140467
66.755490 7.779994011 -0.502812505 18.724691391 -0.008813199 0.072219886 -0.019445742 0.997160196
66.859100 7.780923843 -0.502766371 18.731058121 -0.007707482 0.070905067 -0.019458182 0.997263491
66.962720 7.781670570 -0.502790272 18.736089706 -0.007593927 0.070616260 -0.019046990 0.997292757
67.066340 7.782541752 -0.502812982 18.742254257 -0.008247887 0.069446176 -0.019132737 0.997368157
67.169960 7.783329487 -0.502790928 18.747631073 -0.008370197 0.069007091 -0.018885348 0.997402251
67.273570 7.784076691 -0.502771020 18.754287720 -0.008366304 0.068478175 -0.019551214 0.997425914
67.377190 7.784914017 -0.502751768 18.759326935 -0.008271856 0.067965731 -0.018561913 0.997480690
67.480800 7.786069870 -0.502722144 18.768369675 -0.007573387 0.065818585 -0.018304182 0.997634947
67.584290 7.786582947 -0.502782941 18.770923615 -0.006955258 0.066268258 -0.017875431 0.997617483
67.687910 7.787516117 -0.502794743 18.777366638 -0.006527065 0.064860560 -0.017327866 0.997722507
67.791520 7.788191795 -0.502819419 18.782604218 -0.006025337 0.064665370 -0.017920315 0.997727931
67.895140 7.788977623 -0.502678514 18.790491104 -0.005993225 0.063298710 -0.018109649 0.997812331
67.998740 7.789757729 -0.502850413 18.794494629 -0.007192419 0.063194096 -0.017674126 0.997818828
68.102260 7.790601730 -0.502656996 18.803491592 -0.006933835 0.061284505 -0.016777864 0.997955203
68.205860 7.791238785 -0.502858758 18.806325912 -0.006506039 0.061746698 -0.016827347 0.997928798
68.309500 7.791902542 -0.502604961 18.813879013 -0.005813497 0.060313880 -0.017125318 0.998015583
68.412960 7.792717457 -0.502836585 18.818250656 -0.006161542 0.060146373 -0.017324835 0.998020172
68.516600 7.793416977 -0.502807498 18.824663162 -0.006017718 0.058887884 -0.017343963 0.998095751
68.620200 7.794165611 -0.502895951 18.830091476 -0.004077168 0.058540151 -0.018078620 0.998113036
68.723700 7.794925690 -0.502890468 18.836515427 -0.003153734 0.057994813 -0.017924674 0.998150945
68.827300 7.795596123 -0.502963424 18.841932297 -0.003781172 0.056933183 -0.017703578 0.998213828
68.930920 7.796325207 -0.502950907 18.848518372 -0.004434028 0.055817883 -0.017180968 0.998283267
69.034420 7.796930313 -0.503029346 18.853794098 -0.004900779 0.055581786 -0.016979469 0.998297691
69.138040 7.797706604 -0.503080666 18.861478806 -0.004265058 0.053835135 -0.017279709 0.998391211
69.241640 7.798295975 -0.503089011 18.865568161 -0.003576495 0.054010592 -0.017931573 0.998372972
69.345250 7.799012661 -0.503251731 18.873310089 -0.003166098 0.052714363 -0.017596195 0.998449564
69.448870 7.799609184 -0.503198802 18.877077103 -0.002347280 0.052598525 -0.017721988 0.998455703
69.552530 7.800320625 -0.503243506 18.883377075 -0.002590546 0.051758837 -0.017980447 0.998494387
69.656100 7.800900936 -0.503314972 18.888881683 -0.002933191 0.051072348 -0.016935771 0.998547018
69.759720 7.801548004 -0.503396749 18.895366669 -0.003456755 0.049916573 -0.016529541 0.998610616
69.863330 7.802213669 -0.503486931 18.900676727 -0.003096291 0.049146481 -0.016957764 0.998642802
69.966820 7.802598476 -0.503803492 18.907054901 -0.003903999 0.048357513 -0.016493188 0.998686254
70.070460 7.803495884 -0.503561556 18.912740707 -0.002753452 0.047440801 -0.017042287 0.998724878
70.174050 7.803352356 -0.503635466 18.919586182 -0.002912666 0.046508864 -0.016554946 0.998776436
70.277680 7.804722309 -0.503532648 18.924760818 -0.002209606 0.045461051 -0.017518338 0.998810053
70.381410 7.805141926 -0.503529489 18.930967331 -0.001930017 0.044507746 -0.017412305 0.998855412
70.485050 7.805840492 -0.503582716 18.936662674 -0.001322479 0.043563556 -0.017553009 0.998895586
70.588760 7.805844307 -0.503689408 18.943662643 -0.001035549 0.042650294 -0.017278977 0.998940110
70.692380 7.806798935 -0.503685176 18.948469162 0.000080733 0.041559312 -0.017284704 0.998986483
70.795990 7.807010174 -0.503652275 18.954589844 0.001235349 0.041026849 -0.017780306 0.998999059
70.899760 7.807572842 -0.503832340 18.960475922 0.001681783 0.039709486 -0.018078784 0.999046266
71.003350 7.807740211 -0.503991067 18.966705322 0.002582785 0.038818859 -0.018277381 0.999075770
71.107200 7.808175087 -0.504079580 18.972517014 0.002796095 0.037607417 -0.019349074 0.999101341
71.210820 7.808036804 -0.504104733 18.979558945 0.004119042 0.036892682 -0.022077814 0.999066830
71.314340 7.808965683 -0.504180729 18.984832764 0.002860433 0.035326391 -0.020832796 0.999154568
71.418080 7.809144020 -0.504247189 18.990360260 0.003097120 0.034692112 -0.020798212 0.999176800
71.521800 7.809332371 -0.504464269 18.993556976 0.002288769 0.034332313 -0.019731000 0.999213040
71.625410 7.809501648 -0.504215062 18.997142792 0.003021466 0.033524595 -0.020215344 0.999228835
71.729150 7.809633732 -0.504386187 18.999017715 0.003346266 0.033889461 -0.019467562 0.999230385
71.832900 7.810280323 -0.504503846 19.001626968 0.002905258 0.033563018 -0.019364154 0.999244750
71.936530 7.810247421 -0.504474401 19.003326416 0.003107309 0.034022324 -0.019158131 0.999232590
72.040250 7.810504913 -0.504293382 19.003829956 0.003780682 0.034174826 -0.018947870 0.999229074
72.143990 7.810306072 -0.504752755 19.006237030 0.003739047 0.033989336 -0.019306101 0.999228716
72.247600 7.809979439 -0.504838407 19.008352280 0.004135621 0.034263391 -0.018818604 0.999227107
72.351370 7.809617996 -0.505068898 19.010562897 0.004420588 0.035508364 -0.018338125 0.999191344
72.454960 7.810127258 -0.505051613 19.011663437 0.004583106 0.034929506 -0.018495977 0.999208093
72.558610 7.810270786 -0.505121768 19.012142181 0.004802007 0.034546025 -0.018924648 0.999212384
72.662320 7.809858322 -0.505141079 19.013013840 0.004364554 0.034990687 -0.018713497 0.999202907
72.766060 7.809523106 -0.505220771 19.013776779 0.004927093 0.034460351 -0.019290486 0.999207735
72.869690 7.809104919 -0.505233765 19.014595032 0.005583790 0.035357054 -0.018929372 0.999179840
72.973420 7.809168339 -0.505238891 19.014699936 0.005981836 0.034276865 -0.019357158 0.999206960
73.077160 7.809203148 -0.505245805 19.014787674 0.005940336 0.033016492 -0.019680787 0.999243319
73.180810 7.809248447 -0.505246997 19.015071869 0.006109184 0.032244619 -0.019807594 0.999265075
73.284400 7.809259892 -0.505257964 19.015157700 0.005375558 0.031722639 -0.020035742 0.999281406
73.388130 7.809334755 -0.505234241 19.015129089 0.005905593 0.029979942 -0.020237708 0.999328136
73.491740 7.809373856 -0.505259752 19.015127182 0.005781586 0.028510505 -0.020507175 0.999366403
73.595360 7.809421062 -0.505260408 19.015184402 0.005617184 0.027300688 -0.020929491 0.999392331
73.698980 7.809440613 -0.505265832 19.015203476 0.005677877 0.026059622 -0.020998916 0.999423683
73.802720 7.809497833 -0.505241036 19.015289307 0.006057777 0.024667820 -0.020785704 0.999461234
73.906330 7.809528351 -0.505275488 19.015369415 0.005185277 0.023214441 -0.021377493 0.999488473
74.010090 7.809590340 -0.505282283 19.015525818 0.004808848 0.021883806 -0.021285566 0.999522328
74.113680 7.809653282 -0.505278230 19.015581131 0.004559515 0.020477744 -0.020914529 0.999561131
74.217430 7.809686661 -0.505272448 19.015674591 0.004236688 0.019229151 -0.020556252 0.999594748
74.321040 7.809753418 -0.505286634 19.015756607 0.003926095 0.017557479 -0.020784533 0.999622107
74.424700 7.809794903 -0.505307913 19.015739441 0.003647756 0.015988389 -0.021322986 0.999638140
74.528420 7.809823513 -0.505295932 19.015739441 0.004161696 0.014564793 -0.020779463 0.999669313
74.632010 7.809809208 -0.505302787 19.015819550 0.004445040 0.013188848 -0.020348573 0.999696076
74.735780 7.809954643 -0.505320966 19.016098022 0.004334714 0.011941480 -0.021129960 0.999696016
74.839370 7.810005665 -0.505339026 19.016674042 0.004317667 0.010757503 -0.021468144 0.999702334
74.942980 7.809987068 -0.505342364 19.017271042 0.004640011 0.010975373 -0.020897709 0.999710619
75.046740 7.810038090 -0.505336881 19.017467499 0.004915569 0.009823435 -0.020670481 0.999725997
75.150340 7.810092926 -0.505331516 19.017633438 0.004647351 0.008594098 -0.020812420 0.999735653
75.253960 7.810198307 -0.505299568 19.017768860 0.005016352 0.006713646 -0.019851578 0.999767840
75.357700 7.810249805 -0.505308032 19.017965317 0.004031697 0.005724365 -0.020592360 0.999763429
75.461430 7.810315609 -0.505282104 19.018152237 0.004040593 0.004926926 -0.020803472 0.999763310
75.565050 7.810324192 -0.505295515 19.018619537 0.003809786 0.004352846 -0.020744463 0.999768078
75.668790 7.810396194 -0.505279064 19.018926620 0.005075318 0.002729325 -0.019977776 0.999783814
75.772410 7.810425282 -0.505275309 19.019256592 0.004826267 0.002489549 -0.019816590 0.999788880
75.876160 7.810506821 -0.505270898 19.019624710 0.004538634 0.001227165 -0.019073069 0.999807060
75.979760 7.810531616 -0.505266011 19.020023346 0.004894753 -0.000451110 -0.019029707 0.999806821
76.083250 7.810469151 -0.505286157 19.020772934 0.006062391 -0.000892117 -0.018930322 0.999802053
76.186870 7.810497761 -0.505315781 19.021310806 0.005511581 -0.001601153 -0.018375112 0.999814689
76.290480 7.810539246 -0.505393028 19.021625519 0.003458975 -0.003107399 -0.018537050 0.999817371
76.394100 7.810595512 -0.505351841 19.021877289 0.003224807 -0.004142492 -0.017885389 0.999826252
76.497610 7.810622215 -0.505379677 19.022207260 0.002912924 -0.004780763 -0.019245535 0.999799073
76.601210 7.810720921 -0.505342484 19.022115707 0.004779799 -0.008000708 -0.017415712 0.999804914
76.704860 7.810802937 -0.505276799 19.021987915 0.007041968 -0.010256281 -0.014609691 0.999815881
76.808450 7.810795784 -0.505355120 19.022205353 0.004713178 -0.011317827 -0.017484667 0.999771953
76.911950 7.810845375 -0.505363464 19.022304535 0.003262645 -0.012701889 -0.018573338 0.999741495
77.015550 7.810862064 -0.505360246 19.022394180 0.003124589 -0.013874719 -0.017812591 0.999740183
77.119180 7.810888290 -0.505357504 19.022388458 0.002876387 -0.015186559 -0.017580686 0.999725938
77.222770 7.810925484 -0.505383193 19.022672653 0.002830422 -0.016178310 -0.018201491 0.999699414
77.326390 7.810965061 -0.505390525 19.022907257 0.004317567 -0.018087709 -0.018653290 0.999653041
77.430010 7.810963631 -0.505388975 19.023071289 0.005436411 -0.018253032 -0.017991811 0.999656737
77.533630 7.810991764 -0.505384326 19.023286819 0.005619443 -0.019875441 -0.018207805 0.999620855
77.637240 7.811043739 -0.505399644 19.023427963 0.003512562 -0.021185815 -0.018515419 0.999597907
77.740860 7.811042309 -0.505402625 19.023710251 0.001980891 -0.021994472 -0.018395999 0.999586880
77.844470 7.811112404 -0.505421042 19.023920059 0.001318586 -0.024017615 -0.018127827 0.999546289
77.948260 7.811118603 -0.505425632 19.024215698 0.002073917 -0.024866479 -0.018246505 0.999522090
78.051830 7.811120987 -0.505417347 19.024282455 0.003447440 -0.025727713 -0.018270969 0.999496043
78.155450 7.811131477 -0.505433500 19.024471283 0.003405245 -0.026941383 -0.018841604 0.999453604
78.259190 7.811114788 -0.505426705 19.024595261 0.003254262 -0.026862105 -0.017924121 0.999473155
78.362800 7.811107159 -0.505435467 19.024730682 0.002558243 -0.027219409 -0.017605033 0.999471188
78.466420 7.811095238 -0.505431950 19.024902344 0.002161477 -0.026962366 -0.019057604 0.999452412
78.570050 7.811085701 -0.505441189 19.025018692 0.001518763 -0.026661810 -0.019907761 0.999445081
78.673770 7.811077595 -0.505437136 19.025194168 0.001197345 -0.026255336 -0.020093579 0.999452591
78.777380 7.811115742 -0.505432963 19.025461197 0.001125137 -0.027553255 -0.019738641 0.999424815
78.881010 7.811094284 -0.505438507 19.025554657 0.001528760 -0.026326841 -0.019609490 0.999459863
78.984610 7.811103344 -0.505439520 19.025712967 0.001599041 -0.026714293 -0.019292267 0.999455690
79.088250 7.811099052 -0.505439639 19.025854111 0.001963751 -0.026333669 -0.019864183 0.999453902
79.191840 7.811118603 -0.505435824 19.025966644 0.002169812 -0.026660223 -0.020293027 0.999436200
79.295580 7.811120510 -0.505439162 19.026132584 0.001497986 -0.026350008 -0.020398382 0.999443531
79.399200 7.811120033 -0.505440831 19.026298523 0.001787955 -0.026520520 -0.019713288 0.999452233
79.502830 7.811120033 -0.505440772 19.026462555 0.002188092 -0.026561255 -0.019657787 0.999451458
79.606430 7.811120987 -0.505441010 19.026651382 0.002453964 -0.026518708 -0.019534618 0.999454439
79.710070 7.811139584 -0.505433679 19.026769638 0.002483113 -0.026661688 -0.019383224 0.999453485
79.813790 7.811146259 -0.505439162 19.026952744 0.002612302 -0.026169578 -0.019145699 0.999470770
79.917400 7.811166763 -0.505437136 19.027063370 0.002344435 -0.025934322 -0.019365070 0.999473333
80.021040 7.811196804 -0.505432010 19.027208328 0.001988428 -0.025285747 -0.020048827 0.999477208
80.124630 7.811237812 -0.505429029 19.027372360 0.001715017 -0.024973223 -0.020428129 0.999477923
80.228390 7.811235905 -0.505435526 19.027523041 0.001352564 -0.023921454 -0.020533899 0.999502003
80.331990 7.811267376 -0.505441606 19.027692795 0.000915444 -0.023109768 -0.020384194 0.999524653
80.435600 7.811260700 -0.505449295 19.027851105 0.000963932 -0.022277590 -0.020582406 0.999539495
80.539350 7.811309814 -0.505444467 19.028018951 0.001126593 -0.022054432 -0.020855818 0.999538600
80.642960 7.811322689 -0.505451381 19.028131485 0.001488265 -0.020971019 -0.021094233 0.999556422
80.746700 7.811355591 -0.505468369 19.028327942 0.001189355 -0.020118237 -0.021934627 0.999556243
80.850320 7.811361313 -0.505464017 19.028482437 0.001047361 -0.018840212 -0.021854715 0.999583066
80.954060 7.811350822 -0.505471528 19.028564453 0.000498876 -0.017924478 -0.020646291 0.999626040
81.057690 7.811415195 -0.505475223 19.028753281 -0.000490952 -0.017913079 -0.020962456 0.999619663
81.161430 7.811450481 -0.505479455 19.028886795 -0.000481805 -0.017820276 -0.020950479 0.999621570
81.265030 7.811488152 -0.505478501 19.029035568 -0.000014483 -0.017575637 -0.021044793 0.999624014
81.368770 7.811532021 -0.505477607 19.029182434 -0.000114255 -0.017674560 -0.021174852 0.999619544
81.472390 7.811583996 -0.505472541 19.029338837 -0.000193191 -0.017811215 -0.020857548 0.999623775
81.576000 7.811626434 -0.505485654 19.029476166 -0.000073088 -0.018311182 -0.020560374 0.999620914
81.679610 7.811741829 -0.505492389 19.029567719 -0.000394255 -0.020025475 -0.019612232 0.999607027
81.783110 7.811812401 -0.505503416 19.029764175 -0.000014552 -0.021423036 -0.018974127 0.999590397
81.886720 7.811925411 -0.505497158 19.029872894 0.001050049 -0.023602800 -0.019127052 0.999537885
81.990350 7.811788559 -0.505480230 19.030000687 0.001963752 -0.021373311 -0.019105120 0.999587059
82.093950 7.811776638 -0.505495369 19.030204773 0.001887278 -0.020786993 -0.019907607 0.999583900
82.197580 7.811824322 -0.505502462 19.030323029 0.002115056 -0.021579605 -0.019356286 0.999577522
82.301180 7.811885357 -0.505498290 19.030483246 0.002760050 -0.022841627 -0.019134054 0.999552190
82.404920 7.811923981 -0.505520403 19.030630112 0.001879343 -0.023763319 -0.019406913 0.999527454
82.508540 7.811976433 -0.505507588 19.030736923 0.001789214 -0.024874557 -0.019138241 0.999505758
82.612160 7.812000275 -0.505520344 19.030893326 0.001917425 -0.026003538 -0.019318869 0.999473333
82.715890 7.811980724 -0.505527496 19.031053543 0.001412845 -0.026214153 -0.019821277 0.999458790
82.819520 7.811998367 -0.505524278 19.031206131 0.001004135 -0.027349452 -0.019762607 0.999430060
82.923130 7.812001705 -0.505536795 19.031354904 -0.000247328 -0.028460778 -0.019428147 0.999406040
83.026880 7.812019348 -0.505543530 19.031488419 -0.002633402 -0.030095223 -0.019203676 0.999359071
83.130480 7.812042236 -0.505545497 19.031652451 -0.003849509 -0.031910315 -0.018973965 0.999303222
83.234220 7.812047005 -0.505541861 19.031797409 -0.003691790 -0.033286348 -0.019371342 0.999251306
83.337860 7.812065125 -0.505545914 19.031932831 -0.001434746 -0.035222754 -0.019576427 0.999186695
83.441640 7.812099457 -0.505544066 19.032077789 0.001732987 -0.037813473 -0.018843362 0.999105632
83.545230 7.812097073 -0.505556643 19.032218933 0.002390256 -0.039706547 -0.017653074 0.999052584
83.648840 7.812125206 -0.505567551 19.032363892 0.000356660 -0.042297043 -0.016727494 0.998964965
83.752550 7.812118530 -0.505566180 19.032529831 -0.000543521 -0.044238366 -0.016518082 0.998884320
83.856290 7.812166214 -0.505576372 19.032659531 -0.001988974 -0.046988688 -0.017500954 0.998740137
83.960030 7.812216282 -0.505571544 19.032798767 -0.002934950 -0.049696356 -0.018018454 0.998597503
84.063650 7.812233925 -0.505559981 19.032939911 -0.001964156 -0.051409576 -0.017780256 0.998517454
84.167410 7.812270164 -0.505568743 19.033073425 -0.002279585 -0.053549096 -0.017094193 0.998416305
84.271000 7.812285423 -0.505581319 19.033226013 -0.003301536 -0.055413701 -0.016935796 0.998314381
84.375100 7.812292099 -0.505549371 19.033372879 -0.002629120 -0.056692362 -0.017796744 0.998229563
84.478430 7.812320709 -0.505530417 19.033517838 -0.002260691 -0.058190685 -0.018556343 0.998130441
84.582130 7.812337875 -0.505529642 19.033662796 -0.001561306 -0.059432790 -0.019657025 0.998037517
84.685720 7.812370300 -0.505513668 19.033788681 -0.001012646 -0.060922664 -0.020441322 0.997932673
84.789410 7.812392235 -0.505503774 19.033946991 -0.000825214 -0.061937265 -0.020911776 0.997860610
84.893170 7.812356472 -0.505551875 19.034103394 -0.002479301 -0.062071305 -0.021293532 0.997841477
84.996840 7.812287807 -0.505545795 19.034254074 -0.002483963 -0.061098646 -0.020762606 0.997912645
85.100490 7.812214851 -0.505573630 19.034372330 -0.003059648 -0.060331300 -0.021110848 0.997950435
85.204070 7.812229156 -0.505554736 19.034534454 -0.002376603 -0.060891263 -0.020867039 0.997923434
85.307680 7.812258720 -0.505552292 19.034694672 -0.001789292 -0.062294248 -0.020896984 0.997837424
85.411440 7.812338829 -0.505523443 19.034833908 -0.001063177 -0.064784333 -0.020166809 0.997694910
85.515020 7.812402725 -0.505498946 19.034982681 -0.000991209 -0.067187473 -0.019631816 0.997546732
85.618780 7.812457085 -0.505482733 19.035102844 -0.001377340 -0.069491163 -0.019409617 0.997392774
85.723090 7.812520981 -0.505465209 19.035249710 -0.000871795 -0.071761951 -0.019124713 0.997238040
85.826500 7.812582493 -0.505444169 19.035404205 -0.000671782 -0.074133717 -0.018968090 0.997067690
85.929770 7.812627316 -0.505427241 19.035530090 -0.000116065 -0.076524720 -0.019584570 0.996875346
86.033690 7.812676907 -0.505404353 19.035675049 0.000249505 -0.078476563 -0.019765530 0.996720016
86.137390 7.812722206 -0.505382836 19.035823822 0.000380600 -0.081197053 -0.018775903 0.996521115
86.240760 7.812762737 -0.505372047 19.035968781 0.001555740 -0.083819322 -0.018248141 0.996312678
86.344470 7.812793732 -0.505350947 19.036106110 0.003662338 -0.086070091 -0.017400503 0.996130407
86.448450 7.812825203 -0.505334496 19.036277771 0.004531740 -0.088980101 -0.017698381 0.995865881
86.551860 7.812707424 -0.505386949 19.036397934 0.001394400 -0.087691978 -0.018284207 0.995978832
86.655630 7.812593460 -0.505419493 19.036527634 -0.000517396 -0.086460531 -0.019225936 0.996069610
86.759380 7.812459946 -0.505443692 19.036659241 -0.001748643 -0.084440470 -0.019757176 0.996231079
86.863010 7.812417030 -0.505451798 19.036809921 -0.003100641 -0.085431404 -0.020064050 0.996137202
86.966920 7.812376976 -0.505446672 19.036951065 -0.002992226 -0.086024135 -0.020250263 0.996082783
87.070550 7.812351704 -0.505450249 19.037088394 -0.002293614 -0.087211177 -0.020480089 0.995976686
87.174110 7.812308311 -0.505458653 19.037227631 -0.002956162 -0.087715589 -0.020221811 0.995935917
87.278320 7.812247276 -0.505489707 19.037364960 -0.004646573 -0.087664142 -0.020212956 0.995934129
87.381660 7.812155724 -0.505501151 19.037521362 -0.003883177 -0.087020405 -0.019684466 0.996004462
87.485350 7.812120438 -0.505499661 19.037628174 -0.003985939 -0.087344348 -0.018857626 0.995991707
87.588960 7.812080383 -0.505506933 19.037780762 -0.004458118 -0.087604120 -0.017838083 0.995985687
87.692700 7.812150002 -0.505484641 19.037895203 -0.003645620 -0.090255119 -0.016045587 0.995782733
87.796300 7.812142372 -0.505485594 19.038053513 -0.004886211 -0.091103345 -0.015070322 0.995715439
87.900120 7.812163830 -0.505462408 19.038185120 -0.004884180 -0.092149675 -0.014445830 0.995628417
88.003840 7.812202930 -0.505432129 19.038316727 -0.004085228 -0.093917347 -0.015068376 0.995457590
88.107400 7.812232971 -0.505407095 19.038461685 -0.002683821 -0.095487744 -0.016268134 0.995294034
88.211600 7.812267303 -0.505384862 19.038593292 -0.001248713 -0.096810751 -0.017403271 0.995149910
88.314960 7.812302589 -0.505353034 19.038742065 0.000435281 -0.098595791 -0.018394388 0.994957447
88.418530 7.812337875 -0.505330324 19.038856506 0.000765575 -0.099791214 -0.018639237 0.994833469
88.522330 7.812371254 -0.505304992 19.038995743 0.001146176 -0.101152755 -0.018566782 0.994696975
88.625980 7.812406063 -0.505281806 19.039133072 0.001390871 -0.102548964 -0.018900791 0.994547367
88.729780 7.812437057 -0.505254269 19.039264679 0.002057896 -0.103937089 -0.020140179 0.994377792
88.833470 7.812472343 -0.505227983 19.039413452 0.002484271 -0.104871683 -0.020609163 0.994269073
88.937260 7.812504768 -0.505205750 19.039548874 0.002685354 -0.106415316 -0.020765621 0.994101286
89.040970 7.812534332 -0.505182505 19.039682388 0.003510584 -0.107495949 -0.019736471 0.994003415
89.144560 7.812557697 -0.505163372 19.039793015 0.003383822 -0.108616382 -0.018067759 0.993913770
89.248170 7.812591076 -0.505137563 19.039947510 0.003870730 -0.110033445 -0.016384199 0.993785262
89.351910 7.812614918 -0.505167663 19.040075302 0.002719126 -0.111305736 -0.015181689 0.993666530
89.455530 7.812562943 -0.505230188 19.040191650 0.001091174 -0.110420309 -0.013847997 0.993787885
89.559150 7.812559128 -0.505240321 19.040311813 0.000348015 -0.110667586 -0.011742870 0.993788064
89.662760 7.812644005 -0.505173504 19.040470123 0.002994659 -0.113890834 -0.010342767 0.993434906
89.766510 7.812701225 -0.505122185 19.040592194 0.004963159 -0.115812629 -0.008538602 0.993221939
89.870260 7.812718391 -0.505132139 19.040714264 0.004758274 -0.116423592 -0.006818837 0.993164837
89.973980 7.812679291 -0.505194724 19.040870667 0.002917243 -0.116034366 -0.006551951 0.993219316
90.077600 7.812680244 -0.505186141 19.040946960 0.002857246 -0.115820229 -0.005155396 0.993252695
90.181340 7.812623978 -0.505209506 19.041103363 0.001716179 -0.114290535 -0.003329154 0.993440330
90.285080 7.812586784 -0.505213439 19.041227341 0.001799246 -0.113031507 -0.002178642 0.993587375
90.388820 7.812607765 -0.505220056 19.041332245 0.001134050 -0.113476858 -0.000730290 0.993539691
90.492430 7.812651634 -0.505225956 19.041481018 0.001458312 -0.114401340 -0.000261727 0.993433535
90.596170 7.812671661 -0.505230367 19.041582108 0.001196973 -0.113377854 -0.000009554 0.993551195
90.699910 7.812711239 -0.505234122 19.041704178 0.000800532 -0.112478971 0.000461128 0.993653655
90.803530 7.812753677 -0.505248845 19.041810989 -0.000063126 -0.111011200 0.001048468 0.993818581
90.907270 7.812655926 -0.505238593 19.041925430 0.000482703 -0.105413981 0.001298843 0.994427443
91.011010 7.812656879 -0.505244851 19.042041779 0.000768559 -0.101831675 0.000682387 0.994801104
91.114650 7.812669277 -0.505253613 19.042161942 0.001208915 -0.097428866 0.000427423 0.995241642
91.218370 7.812663078 -0.505250096 19.042263031 0.001835799 -0.091184765 0.000367118 0.995832264
91.322130 7.812652588 -0.505252123 19.042339325 0.001990542 -0.084456839 0.001527587 0.996423960
91.425850 7.812678814 -0.505257010 19.042461395 0.002035104 -0.078346856 0.002932826 0.996919751
91.529590 7.812651634 -0.505267203 19.042556763 0.001552094 -0.070038095 0.004306606 0.997533798
91.633230 7.812653542 -0.505272686 19.042655945 0.001326497 -0.062661380 0.005590476 0.998018265
91.736950 7.812678337 -0.505276263 19.042770386 0.001125527 -0.055344246 0.007346406 0.998439670
91.840690 7.812673569 -0.505281031 19.042869568 0.000896871 -0.046676807 0.008070243 0.998877048
91.944420 7.812670708 -0.505271316 19.042936325 0.002368880 -0.037274405 0.008796459 0.999263525
92.048160 7.812689781 -0.505273461 19.043043137 0.002417569 -0.028888689 0.009637465 0.999533236
92.151900 7.812681198 -0.505290031 19.043132782 0.001097976 -0.018696655 0.011327376 0.999760449
92.255650 7.812730789 -0.505283356 19.043254852 0.000864279 -0.009707474 0.012188444 0.999878228
92.359390 7.812698841 -0.505295515 19.043313980 0.000305169 0.002105062 0.012969511 0.999913633
92.463120 7.812698841 -0.505293489 19.043375015 0.000400951 0.013075131 0.012903867 0.999831200
92.566890 7.812708855 -0.505299985 19.043478012 0.000842892 0.024069300 0.013313917 0.999621272
92.670480 7.812724113 -0.505298018 19.043554306 0.001766817 0.035024244 0.013135736 0.999298573
92.774250 7.812727928 -0.505305409 19.043647766 0.001012707 0.047990862 0.013885967 0.998750746
92.877970 7.812747002 -0.505306065 19.043735504 0.000698854 0.060088631 0.015465031 0.998072982
92.981700 7.812756538 -0.505308270 19.043817520 -0.001081906 0.073026069 0.015907358 0.997202575
93.085450 7.812779427 -0.505309403 19.043903351 -0.002402348 0.085343733 0.016177550 0.996217310
93.189210 7.812793732 -0.505309105 19.043987274 -0.001542817 0.098434731 0.017506799 0.994988322
93.292930 7.812812805 -0.505311310 19.044059753 -0.000202348 0.110839598 0.017819388 0.993678570
93.396540 7.812834740 -0.505312324 19.044147491 0.000811347 0.123678319 0.019007061 0.992139995
93.500280 7.812856197 -0.505312085 19.044214249 0.001551337 0.136295334 0.019795923 0.990469217
93.604020 7.812882423 -0.505315125 19.044309616 0.001345792 0.149774358 0.020274939 0.988511384
93.707670 7.812909603 -0.505315900 19.044385910 0.000822406 0.163301438 0.021040758 0.986351490
93.811380 7.812940598 -0.505317092 19.044467926 0.000567043 0.177219570 0.021470971 0.983936906
93.915120 7.812972069 -0.505316675 19.044544220 0.001441258 0.190978989 0.021922747 0.981348217
94.018900 7.813004494 -0.505320549 19.044614792 0.002011230 0.204364702 0.022853158 0.978625953
94.122480 7.813039303 -0.505321681 19.044683456 0.002164250 0.217801765 0.023331195 0.975711763
94.226290 7.813082218 -0.505322576 19.044784546 0.001545713 0.232673198 0.024192316 0.972252786
94.329830 7.813118458 -0.505323648 19.044857025 0.000718086 0.246651784 0.024190554 0.968801916
94.433570 7.813158035 -0.505323827 19.044925690 0.000563641 0.260352492 0.024077548 0.965213180
94.537200 7.813207626 -0.505325019 19.045013428 0.001362602 0.274074197 0.023926813 0.961409867
94.640800 7.813248634 -0.505325913 19.045078278 0.001289782 0.287319750 0.023840990 0.957537115
94.744540 7.813304424 -0.505326033 19.045158386 0.001152492 0.300286204 0.025099492 0.953518152
94.848290 7.813353539 -0.505326629 19.045227051 0.001173107 0.313213974 0.025261134 0.949345887
94.951890 7.813409328 -0.505326748 19.045301437 0.001461645 0.326116204 0.026172962 0.944966197
95.055660 7.813457489 -0.505327106 19.045366287 0.000974195 0.338916421 0.026437255 0.940444469
95.159370 7.813521862 -0.505327404 19.045440674 0.001526859 0.351871192 0.026662068 0.935667396
95.263120 7.813576698 -0.505327106 19.045501709 0.002241515 0.364551902 0.027354456 0.930778503
95.366730 7.813645840 -0.505327523 19.045572281 0.002380246 0.376822293 0.027412778 0.925876796
95.470470 7.813692093 -0.505329251 19.045621872 0.002617522 0.388405353 0.028076919 0.921057045
95.574090 7.813773155 -0.505327821 19.045696259 0.003219511 0.400412023 0.028879240 0.915874362
95.677830 7.813838482 -0.505327344 19.045755386 0.002905670 0.411958277 0.029621428 0.910716474
95.781570 7.813908577 -0.505328059 19.045816422 0.002858626 0.423598737 0.029794319 0.905355275
95.885200 7.813974857 -0.505327582 19.045871735 0.003378538 0.435066581 0.030049730 0.899890363
95.988800 7.814054012 -0.505327225 19.045934677 0.004392164 0.446886808 0.029701756 0.894086540
96.092540 7.814119816 -0.505326867 19.045982361 0.006026377 0.458718061 0.029235737 0.888080299
96.196160 7.814207077 -0.505326271 19.046043396 0.006542523 0.470725238 0.029189864 0.881772578
96.299770 7.814278126 -0.505326152 19.046092987 0.006601600 0.482621133 0.029056465 0.875322223
96.403410 7.814364433 -0.505326629 19.046146393 0.005809394 0.494734079 0.029273069 0.868531823
96.507130 7.814437866 -0.505326271 19.046188354 0.004662216 0.506525576 0.030020857 0.861689568
96.610910 7.814528465 -0.505325496 19.046236038 0.004816609 0.518588722 0.030494515 0.854466259
96.714500 7.814608097 -0.505325556 19.046276093 0.005875301 0.530749261 0.030324493 0.846965849
96.818220 7.814696789 -0.505323887 19.046321869 0.006384847 0.542531133 0.030398425 0.839461207
96.921840 7.814778805 -0.505322993 19.046360016 0.006448541 0.554175138 0.031047609 0.831795931
97.025580 7.814870358 -0.505322695 19.046392441 0.006223561 0.565875769 0.031470917 0.823866189
97.129320 7.814954758 -0.505321026 19.046426773 0.006142368 0.577663064 0.031657286 0.815638065
97.233060 7.815051079 -0.505320489 19.046459198 0.006226428 0.589529574 0.031810809 0.807096124
97.336810 7.815140724 -0.505319238 19.046485901 0.006691335 0.601407230 0.031725489 0.798284411
97.440420 7.815237045 -0.505317926 19.046512604 0.006598793 0.613249123 0.031778980 0.789222419
97.544160 7.815323353 -0.505317211 19.046537399 0.006584355 0.625069380 0.031862952 0.779890776
97.647900 7.815427303 -0.505315542 19.046552658 0.006442083 0.636636853 0.031914953 0.770476103
97.751640 7.815516949 -0.505314231 19.046575546 0.006972299 0.648098886 0.032804545 0.760817409
97.855250 7.815620422 -0.505312324 19.046588898 0.006253650 0.659292638 0.032861959 0.751141965
97.958990 7.815710545 -0.505310655 19.046598434 0.006183122 0.670272648 0.033404451 0.741337001
98.062740 7.815814018 -0.505308807 19.046606064 0.006531119 0.681396186 0.033570979 0.731115282
98.166520 7.815914631 -0.505307078 19.046615601 0.006496773 0.692213595 0.033404853 0.720889926
98.270110 7.816009521 -0.505304933 19.046615601 0.006982075 0.702945232 0.033194683 0.710434616
98.373830 7.816102505 -0.505303383 19.046611786 0.006997200 0.713397920 0.033821426 0.699907541
98.477450 7.816210270 -0.505299926 19.046611786 0.006708000 0.723829508 0.034408342 0.689087749
98.581060 7.816303730 -0.505296946 19.046606064 0.006489771 0.734278679 0.034018245 0.677964151
98.684800 7.816406250 -0.505295217 19.046596527 0.007478499 0.744305789 0.034399033 0.666910589
98.788420 7.816502094 -0.505293846 19.046586990 0.008163638 0.754288912 0.034084231 0.655606568
98.892150 7.816601753 -0.505290389 19.046566010 0.008525979 0.763744056 0.033659823 0.644584596
98.995770 7.816700459 -0.505286694 19.046550751 0.008456539 0.773207307 0.033235073 0.633225322
99.099510 7.816795349 -0.505285084 19.046529770 0.008113971 0.782131612 0.033956043 0.622134447
99.203130 7.816891670 -0.505283117 19.046512604 0.007839220 0.790770710 0.034877706 0.611067712
99.306750 7.816989899 -0.505279005 19.046483994 0.007736517 0.799550474 0.034411177 0.599562407
99.410360 7.817087173 -0.505275667 19.046453476 0.008231157 0.807540178 0.034554582 0.588742077
99.513970 7.817183971 -0.505272985 19.046422958 0.007858745 0.815649509 0.034455713 0.577466011
99.617730 7.817278862 -0.505271316 19.046390533 0.007759572 0.822986603 0.034898635 0.566934645
99.721330 7.817375183 -0.505265296 19.046354294 0.008659574 0.830178678 0.035014842 0.556329370
99.825070 7.817470074 -0.505262792 19.046318054 0.009445420 0.837052941 0.035128694 0.545911372
99.928690 7.817564964 -0.505259037 19.046274185 0.009312911 0.843694866 0.034986503 0.535600901
100.032400 7.817668438 -0.505256355 19.046218872 0.008646714 0.849869907 0.035915434 0.525696278
100.136200 7.817753792 -0.505251408 19.046178818 0.007350922 0.856231213 0.035760246 0.515301168
100.239800 7.817849159 -0.505246818 19.046129227 0.008244282 0.862037361 0.035298679 0.505546868
100.343500 7.817942619 -0.505242705 19.046079636 0.008237272 0.867496848 0.035319727 0.496118903
100.447100 7.818038940 -0.505237281 19.046024323 0.008396463 0.872487307 0.035482936 0.487274468
100.550800 7.818127632 -0.505233228 19.045965195 0.009000489 0.877046943 0.036302377 0.478946567
100.654400 7.818214417 -0.505228341 19.045909882 0.009231766 0.881175637 0.036883242 0.471257836
100.758000 7.818310738 -0.505223989 19.045846939 0.010074579 0.884836912 0.036395155 0.464367837
100.861600 7.818405628 -0.505218387 19.045783997 0.011100915 0.888327837 0.036037259 0.457659006
100.965200 7.818494320 -0.505214691 19.045721054 0.012022125 0.891417682 0.036196653 0.451574832
101.068800 7.818582535 -0.505209804 19.045646667 0.012208810 0.894348502 0.036339987 0.445725322
101.172400 7.818665981 -0.505203962 19.045587540 0.013276913 0.896999598 0.036492396 0.440322369
101.276200 7.818761826 -0.505199909 19.045518875 0.012921293 0.899697840 0.036372319 0.434803307
101.379800 7.818838120 -0.505194306 19.045450211 0.012521700 0.901994109 0.036036156 0.430059493
101.483400 7.818919182 -0.505189121 19.045381546 0.013162038 0.904032469 0.036541205 0.425695628
101.587000 7.819013119 -0.505184770 19.045309067 0.012254090 0.905905187 0.037234079 0.421662450
101.690600 7.819088459 -0.505179167 19.045240402 0.012607889 0.907225132 0.038151830 0.418721914
101.794300 7.819188595 -0.505173206 19.045158386 0.013099411 0.908350646 0.038042065 0.416269541
101.897900 7.819272995 -0.505168676 19.045082092 0.012387514 0.909431815 0.038198300 0.413909554
102.001600 7.819364548 -0.505161881 19.045003891 0.012550114 0.910647035 0.038486492 0.411197364
102.105200 7.819450378 -0.505156636 19.044925690 0.012132994 0.911571026 0.038332321 0.409171879
102.208900 7.819536209 -0.505150676 19.044860840 0.011748642 0.912566602 0.038476184 0.406944454
102.312600 7.819618225 -0.505148530 19.044782639 0.010852161 0.913217127 0.038763084 0.405480027
102.416200 7.819711208 -0.505139589 19.044704437 0.011415795 0.913827240 0.038874075 0.404077023
102.520000 7.819794655 -0.505134463 19.044624329 0.011328172 0.914308727 0.038417283 0.403032720
102.623600 7.819883347 -0.505127549 19.044548035 0.011785103 0.914771378 0.038399093 0.401970029
102.727300 7.819959164 -0.505122781 19.044475555 0.011477835 0.915070713 0.038449217 0.401292384
102.830900 7.820052624 -0.505116582 19.044391632 0.011999926 0.915435255 0.038493574 0.400440425
102.934700 7.820133209 -0.505111098 19.044315338 0.012599752 0.915606201 0.038357679 0.400043994
103.038300 7.820205212 -0.505106688 19.044244766 0.011961978 0.915842414 0.038569488 0.399502218
103.142000 7.820304394 -0.505101025 19.044158936 0.012197495 0.916126132 0.039129239 0.398789525
103.245700 7.820365906 -0.505096436 19.044097900 0.011222196 0.916230202 0.039480597 0.398544371
103.349400 7.820477962 -0.505089104 19.043994904 0.011642556 0.916554213 0.039785217 0.397756189
103.453000 7.820563316 -0.505083680 19.043920517 0.011405930 0.916807473 0.039816316 0.397175789
103.556700 7.820648193 -0.505077124 19.043834686 0.011287159 0.917071521 0.039413914 0.396609277
103.660300 7.820731163 -0.505072355 19.043764114 0.011142341 0.917334199 0.039175246 0.396029234
103.764100 7.820811749 -0.505065680 19.043678284 0.011113003 0.917529523 0.039849114 0.395509869
103.867700 7.820906639 -0.505059302 19.043596268 0.010566623 0.917760789 0.040005591 0.394972175
103.971300 7.820990562 -0.505053043 19.043516159 0.010543593 0.918049991 0.039959524 0.394304872
104.075100 7.821078777 -0.505048275 19.043437958 0.010268957 0.918363392 0.038817074 0.393695891
104.178700 7.821156502 -0.505042553 19.043357849 0.010552449 0.918742657 0.037798673 0.392901838
104.282300 7.821238995 -0.505038023 19.043283463 0.010928784 0.919044912 0.036857355 0.392273545
104.386000 7.821323395 -0.505032897 19.043203354 0.011276311 0.919438064 0.036775883 0.391348928
104.489800 7.821404457 -0.505028486 19.043125153 0.011392784 0.919926226 0.036752664 0.390198827
104.593400 7.821484089 -0.505022883 19.043054581 0.011150409 0.920642197 0.037259895 0.388465315
104.697300 7.821569920 -0.505017519 19.042966843 0.010869175 0.921645939 0.037203725 0.386091381
104.800900 7.821648598 -0.505012631 19.042892456 0.010487861 0.922927260 0.037084196 0.383040518
104.904600 7.821724415 -0.505008638 19.042819977 0.009626738 0.924521923 0.036950361 0.379211307
105.008400 7.821804047 -0.505003691 19.042737961 0.009321410 0.926286757 0.036492534 0.374932259
105.112100 7.821881771 -0.504999101 19.042663574 0.009647738 0.928231001 0.036549971 0.370078743
105.215900 7.821952820 -0.504995227 19.042577744 0.008890507 0.930347204 0.036962774 0.364703655
105.319400 7.822030067 -0.504991472 19.042501450 0.008091498 0.932838082 0.036941636 0.358305573
105.423200 7.822099686 -0.504987180 19.042425156 0.007451669 0.935611904 0.036966719 0.351010382
105.526900 7.822167873 -0.504981995 19.042339325 0.007461024 0.938506603 0.036432181 0.343252689
105.630700 7.822234631 -0.504977226 19.042263031 0.007212389 0.941670835 0.035493556 0.334580690
105.734400 7.822300434 -0.504974306 19.042181015 0.007468352 0.944948912 0.034995008 0.325255513
105.838100 7.822362423 -0.504969537 19.042098999 0.008062038 0.948314607 0.034372777 0.315361619
105.941900 7.822422504 -0.504966319 19.042018890 0.007948616 0.951738536 0.034215946 0.304893225
106.045600 7.822482109 -0.504961014 19.041938782 0.008174105 0.955192804 0.034838665 0.293813050
106.149400 7.822533607 -0.504957557 19.041852951 0.008425531 0.958733976 0.034771036 0.282044500
106.253100 7.822587967 -0.504953682 19.041772842 0.007708739 0.962487221 0.033910774 0.269089162
106.357000 7.822638035 -0.504950047 19.041688919 0.007945780 0.966149449 0.033728596 0.255645365
106.460800 7.822687149 -0.504945040 19.041595459 0.009193041 0.969744205 0.033208303 0.241679251
106.564500 7.822734833 -0.504941225 19.041503906 0.010615639 0.973139644 0.032835755 0.227614462
106.668200 7.822775841 -0.504937947 19.041412354 0.011303698 0.976384401 0.032479249 0.213285699
106.771900 7.822816849 -0.504933655 19.041322708 0.012558297 0.979564846 0.032493148 0.198088914
106.875700 7.822853565 -0.504930079 19.041233063 0.012478945 0.982570529 0.033056185 0.182501346
106.979300 7.822886944 -0.504926205 19.041141510 0.012630519 0.985410035 0.033899635 0.166308030
107.083200 7.822918892 -0.504921138 19.041046143 0.012662251 0.988117278 0.034016062 0.149354815
107.186900 7.822947025 -0.504916906 19.040954590 0.012251014 0.990638554 0.033755127 0.131703392
107.290500 7.822970390 -0.504912674 19.040857315 0.012089635 0.992866695 0.032269016 0.114141501
107.394300 7.822995186 -0.504908323 19.040763855 0.012310104 0.994772434 0.031424083 0.096378349
107.498000 7.823009491 -0.504903913 19.040660858 0.012564469 0.996304393 0.031332880 0.078980342
107.601600 7.823024273 -0.504899621 19.040567398 0.013038059 0.997548997 0.031248741 0.061233554
107.705400 7.823036194 -0.504895568 19.040473938 0.012883550 0.998506129 0.030814808 0.043242984
107.809100 7.823042393 -0.504891276 19.040370941 0.012492131 0.999113739 0.031421866 0.025067333
107.912800 7.823046684 -0.504886627 19.040275574 0.011573615 0.999415398 0.031433463 0.006846540
108.016400 7.823046684 -0.504883707 19.040174484 0.011683215 0.999389410 0.030859832 -0.011486947
108.120200 7.823042870 -0.504878938 19.040079117 0.011872666 0.999069571 0.029262796 -0.029371008
108.223900 7.823035240 -0.504875124 19.039985657 0.013302798 0.998409927 0.028106168 -0.047017239
108.327600 7.823024750 -0.504870594 19.039882660 0.012646613 0.997437656 0.027213583 -0.064942874
108.431200 7.823011398 -0.504866958 19.039787292 0.013655585 0.996123016 0.026130462 -0.082883619
108.534900 7.822994232 -0.504863679 19.039691925 0.013692578 0.994504988 0.025602607 -0.100582212
108.638800 7.822971344 -0.504859686 19.039596558 0.014643856 0.992596745 0.024583599 -0.118037589
108.742600 7.822947502 -0.504856050 19.039495468 0.014387418 0.990435481 0.022913894 -0.135297835
108.845900 7.822921753 -0.504853368 19.039403915 0.014764647 0.988022268 0.020745927 -0.152195767
108.949700 7.822888851 -0.504849315 19.039306641 0.015392782 0.985434175 0.020218728 -0.168148071
109.053200 7.822854996 -0.504845619 19.039213181 0.016144356 0.982689261 0.020429185 -0.183422551
109.156900 7.822818279 -0.504843354 19.039119720 0.016458197 0.979769349 0.020190643 -0.198427498
109.260500 7.822774410 -0.504839778 19.039024353 0.017613940 0.976682127 0.019345047 -0.213090524
109.364400 7.822734833 -0.504836619 19.038936615 0.017870361 0.973330081 0.017475903 -0.228043512
109.467900 7.822686672 -0.504833519 19.038841248 0.018605821 0.969766498 0.015213698 -0.242848307
109.571600 7.822638512 -0.504830778 19.038755417 0.017706795 0.965853751 0.015454539 -0.258019596
109.675300 7.822584152 -0.504827499 19.038667679 0.017502768 0.961445093 0.017362526 -0.273889661
109.779100 7.822530746 -0.504823983 19.038581848 0.015737968 0.956669033 0.019003240 -0.290130168
109.882700 7.822474957 -0.504820704 19.038501740 0.013953538 0.951509237 0.015133060 -0.306930602
109.986400 7.822412014 -0.504818916 19.038415909 0.010694429 0.946210206 0.009869444 -0.323225051
110.090100 7.822350979 -0.504817545 19.038339615 0.009259184 0.940749824 0.008354703 -0.338871986
110.193900 7.822284222 -0.504816234 19.038261414 0.010472209 0.934990883 0.010020381 -0.354375452
110.297600 7.822215080 -0.504814625 19.038183212 0.013213905 0.929019272 0.012337272 -0.369589418
110.401400 7.822144032 -0.504813075 19.038108826 0.014293221 0.922616482 0.012747051 -0.385242820
110.505100 7.822069168 -0.504810870 19.038040161 0.013831754 0.916062057 0.011133741 -0.400643200
110.608900 7.821989059 -0.504808426 19.037967682 0.012603784 0.909231186 0.008317648 -0.416017503
110.712500 7.821914673 -0.504805624 19.037902832 0.011583568 0.902118683 0.006199523 -0.431287974
110.816200 7.821826935 -0.504806280 19.037834167 0.009817686 0.894849896 0.004970130 -0.446231544
110.920000 7.821743011 -0.504805684 19.037773132 0.008239485 0.887232482 0.004921792 -0.461222678
111.023600 7.821661949 -0.504805386 19.037715912 0.008049611 0.879333615 0.005456411 -0.476106942
111.127300 7.821569443 -0.504805446 19.037654877 0.005334550 0.871389389 0.006503664 -0.490519881
111.231000 7.821484566 -0.504803836 19.037611008 -0.004400234 -0.863565385 -0.005684732 0.504185677
111.334700 7.821383953 -0.504805148 19.037553787 -0.003692433 -0.855376840 -0.005348049 0.517965317
111.438400 7.821277142 -0.504805028 19.037502289 -0.003002166 -0.847685575 -0.005715129 0.530459702
111.542000 7.821189404 -0.504806280 19.037460327 -0.003049462 -0.839942694 -0.005795494 0.542635560
111.645800 7.821100712 -0.504807591 19.037424088 -0.003546654 -0.832805395 -0.006534817 0.553515971
111.749400 7.820987701 -0.504806757 19.037372589 -0.003580785 -0.825488567 -0.006833594 0.564366162
111.853000 7.820898533 -0.504807830 19.037347794 -0.004213153 -0.818906605 -0.005909836 0.573880851
111.956600 7.820777416 -0.504805803 19.037300110 -0.002899363 -0.812581718 -0.005309776 0.582815945
112.060200 7.820668221 -0.504806697 19.037258148 -0.003375058 -0.806879401 -0.003770139 0.590694547
112.163800 7.820563316 -0.504805505 19.037229538 -0.004005809 -0.801874757 -0.002780559 0.597472191
112.268400 7.820457458 -0.504805386 19.037195206 -0.005268086 -0.796927392 -0.003203410 0.604043663
112.370900 7.820342541 -0.504806042 19.037168503 -0.005670986 -0.792440653 -0.004250373 0.609907866
112.474600 7.820230961 -0.504805505 19.037132263 -0.006008804 -0.787628591 -0.003956757 0.616108298
112.578200 7.820116997 -0.504806042 19.037111282 -0.004776061 -0.783390462 -0.003515223 0.621501565
112.681700 7.820007801 -0.504805207 19.037084579 -0.005014681 -0.779760361 -0.002110268 0.626054466
112.785600 7.819885254 -0.504804552 19.037055969 -0.006309309 -0.777302504 -0.002055719 0.629091978
112.889800 7.819774628 -0.504804313 19.037031174 -0.006558448 -0.775596619 -0.002668344 0.631189167
112.992400 7.819648266 -0.504803300 19.037010193 -0.006173372 -0.774161220 -0.002990551 0.632951260
113.096000 7.819525242 -0.504802763 19.036983490 -0.005589389 -0.773107648 -0.003512167 0.634240508
113.199600 7.819413185 -0.504802167 19.036960602 -0.005988009 -0.772421896 -0.003930207 0.635069311
113.303200 7.819295883 -0.504801214 19.036943436 -0.007114437 -0.771900833 -0.004895883 0.635684311
113.407300 7.819170952 -0.504799366 19.036914825 -0.007255042 -0.771371007 -0.005218429 0.636322975
113.510500 7.819055557 -0.504797399 19.036901474 -0.007244703 -0.770969033 -0.004818688 0.636813164
113.614200 7.818929672 -0.504796863 19.036869049 -0.007423893 -0.770270646 -0.004635422 0.637657046
113.717900 7.818809986 -0.504796624 19.036848068 -0.006973941 -0.769726276 -0.004191049 0.638322234
113.823800 7.818683624 -0.504794955 19.036823273 -0.005564181 -0.769370019 -0.004093861 0.638765931
113.925200 7.818559647 -0.504794002 19.036804199 -0.005814182 -0.768777430 -0.003997437 0.639477491
114.028800 7.818434715 -0.504793167 19.036773682 -0.007498479 -0.768206298 -0.004618763 0.640141726
