0.104128 -0.000164693 -0.000733929 0.046361942 -0.000831089 -0.000119318 0.000275178 0.999999583
0.208254 -0.000388875 -0.001442045 0.092627741 -0.000864086 -0.000319742 0.000873969 0.999999166
0.312504 -0.000581465 -0.002256493 0.138917401 -0.000432376 -0.000361158 0.001604330 0.999998569
0.416625 -0.001086988 -0.002918967 0.185332671 -0.000457281 -0.000179203 0.001725232 0.999998391
0.520755 -0.001339550 -0.003497326 0.232106388 -0.000805333 -0.000163444 0.001928312 0.999997795
0.625004 -0.001499293 -0.004242951 0.279032588 -0.001422381 -0.000130790 0.002681061 0.999995351
0.729128 -0.001780777 -0.005067241 0.326084167 -0.001754026 -0.000220327 0.002465731 0.999995410
0.833252 -0.002092071 -0.005557879 0.373080552 -0.000726323 -0.000431173 0.001930681 0.999997795
0.937506 -0.002560826 -0.006376360 0.420177549 0.000308316 -0.000472997 0.000615986 0.999999642
1.041630 -0.003170591 -0.007245729 0.467358619 0.000703939 -0.000318010 -0.001060603 0.999999166
1.145875 -0.003637511 -0.008233928 0.515077114 0.000644240 -0.000359247 -0.002143597 0.999997437
1.250003 -0.004109753 -0.008782915 0.562399089 0.000323590 -0.000184465 -0.002820878 0.999995947
1.354255 -0.004542541 -0.009505443 0.610279024 -0.001064098 0.000065733 -0.001554166 0.999998212
1.458401 -0.004399391 -0.010199353 0.658372819 -0.001952257 0.000045457 0.000557721 0.999997914
1.562526 -0.004625454 -0.011053693 0.706517160 -0.000834466 -0.000149995 0.001643156 0.999998271
1.666754 -0.004912988 -0.011761537 0.754233897 0.000172583 -0.000014654 0.002099630 0.999997735
1.771007 -0.005863975 -0.012566404 0.802540958 0.000981368 0.000434106 0.000963520 0.999998927
1.875129 -0.005641217 -0.013192693 0.850952923 0.000022595 0.000665890 -0.000443134 0.999999642
1.979377 -0.006492449 -0.013734987 0.899368405 -0.001626979 0.001122634 -0.000787992 0.999997735
2.083502 -0.006252784 -0.014364663 0.948159456 -0.002715074 0.001286710 0.000404320 0.999995410
2.187759 -0.006588919 -0.014918787 0.996930242 -0.001719452 0.001189041 0.002213882 0.999995351
2.291881 -0.005975845 -0.015510200 1.046052456 -0.000618424 0.000969302 0.002679832 0.999995768
2.396132 -0.006183154 -0.016370302 1.094909430 0.000611663 0.001289775 0.002788012 0.999995112
2.500257 -0.006751203 -0.017312665 1.143797636 0.000959598 0.001727120 0.001051357 0.999997497
2.604383 -0.006261040 -0.018261325 1.193715453 0.002057723 0.001700761 0.000424344 0.999996364
2.708628 -0.006513524 -0.019095719 1.243184924 0.001801829 0.001717034 -0.000011616 0.999996901
2.812757 -0.006526265 -0.020243019 1.292889953 0.001146450 0.001639981 -0.000061121 0.999998033
2.916881 -0.006830264 -0.020770164 1.342364311 0.000472549 0.001485880 -0.000510163 0.999998629
3.021006 -0.006555279 -0.022300983 1.392688274 0.000048208 0.001246319 -0.002013905 0.999997139
3.125256 -0.007086890 -0.022584079 1.442042470 0.000439722 0.001536650 -0.003139106 0.999993801
3.229379 -0.007471098 -0.023345852 1.491658688 0.000297292 0.001556803 -0.004346292 0.999989331
3.333502 -0.007336269 -0.024311207 1.542174578 0.000211753 0.001296828 -0.004695168 0.999988079
3.437629 -0.007775601 -0.025265984 1.591584325 0.000177090 0.001186298 -0.004319851 0.999989927
3.541754 -0.008173291 -0.026229249 1.641757369 0.000368460 0.000995845 -0.004013489 0.999991417
3.645880 -0.008368958 -0.027059810 1.692306995 0.000344488 0.000472431 -0.003790783 0.999992609
3.750007 -0.008858390 -0.027847536 1.742799163 -0.000217288 0.000051346 -0.004054649 0.999991775
3.854131 -0.009069385 -0.028698588 1.793757081 -0.000029386 -0.000529775 -0.004229370 0.999990880
3.958276 -0.009519291 -0.029630901 1.844754457 -0.000289833 -0.001087953 -0.004421222 0.999989629
4.062383 -0.010048546 -0.030182179 1.895280004 -0.000652601 -0.001608644 -0.004493668 0.999988377
4.166506 -0.010522598 -0.030924933 1.946558475 -0.001060342 -0.001980877 -0.003785777 0.999990344
4.270633 -0.010948781 -0.031790216 1.997353554 -0.001198803 -0.002301543 -0.003065181 0.999991894
4.374756 -0.011662716 -0.032660585 2.048440695 -0.000894958 -0.002452684 -0.001661987 0.999995232
4.478884 -0.012042926 -0.033225976 2.099053383 -0.000985016 -0.002534686 -0.001212209 0.999995589
4.583132 -0.012601861 -0.034102269 2.150233746 -0.001368121 -0.002299123 -0.000502649 0.999996305
4.687259 -0.012865854 -0.034763638 2.200617075 -0.001642238 -0.002148792 0.000124289 0.999996305
4.791384 -0.013121709 -0.035732456 2.250906467 -0.001471747 -0.001914537 0.000860812 0.999996722
4.895505 -0.013400303 -0.036506157 2.301151752 -0.001026641 -0.001618198 0.001788305 0.999996603
4.999630 -0.013579134 -0.037095711 2.351004839 -0.000804355 -0.001459428 0.001523729 0.999997437
5.103758 -0.014185078 -0.038014892 2.401157856 -0.000654387 -0.000974911 0.000528023 0.999999166
5.207869 -0.014842205 -0.038831599 2.451115608 -0.001375582 -0.000713496 -0.000881519 0.999998391
5.311998 -0.015321228 -0.039629824 2.501080990 -0.002040405 -0.000345404 -0.002414706 0.999994934
5.416245 -0.015838262 -0.040396232 2.550466537 -0.002169383 0.000025438 -0.004725063 0.999986470
5.520244 -0.016091110 -0.041166920 2.600642443 -0.001995667 0.000278893 -0.007031339 0.999973238
5.624505 -0.016884085 -0.041779168 2.649313927 -0.001632827 0.000756669 -0.008505831 0.999962211
5.728633 -0.017067913 -0.042707633 2.698958874 -0.001652939 0.001064956 -0.009374630 0.999954104
5.832639 -0.017388426 -0.043314025 2.748392582 -0.001715100 0.001225906 -0.009509532 0.999952555
5.936757 -0.017501313 -0.044029355 2.797776937 -0.001441267 0.001320518 -0.009261677 0.999955177
6.040889 -0.017902581 -0.045004845 2.846596479 -0.001092414 0.001254613 -0.008457290 0.999962807
6.145012 -0.017793629 -0.045703419 2.895802498 -0.001000547 0.000992802 -0.008284478 0.999964654
6.249010 -0.018188246 -0.046806570 2.944527864 -0.001173681 0.000924511 -0.008321761 0.999964237
6.353135 -0.018839918 -0.047531534 2.993460417 -0.000855580 0.000814578 -0.008312705 0.999964774
6.457260 -0.018720888 -0.048775673 3.041869879 -0.001195174 0.000342341 -0.008287665 0.999964893
6.561386 -0.018661635 -0.049664404 3.090683937 -0.001623816 -0.000270694 -0.007967725 0.999966919
6.665511 -0.019093422 -0.050525501 3.138867617 -0.002128959 -0.000754567 -0.006974839 0.999973118
6.769636 -0.019526064 -0.051293332 3.187676430 -0.002266517 -0.001279513 -0.006133375 0.999977827
6.873636 -0.019578496 -0.052016228 3.235712528 -0.002359811 -0.001757109 -0.004954082 0.999983370
6.977759 -0.020045863 -0.052889876 3.284247160 -0.002178914 -0.002001226 -0.004237702 0.999986649
7.081885 -0.020336989 -0.053573735 3.331922293 -0.001934820 -0.002112937 -0.003708914 0.999989033
7.186013 -0.020878971 -0.054371301 3.380311728 -0.001671314 -0.002137172 -0.003997636 0.999988317
7.290011 -0.021433720 -0.055113509 3.427644491 -0.001434694 -0.002078654 -0.003768608 0.999989688
7.394135 -0.022054233 -0.055972062 3.475816488 -0.001054693 -0.001999148 -0.004269971 0.999988317
7.498256 -0.022720270 -0.056812324 3.523259878 -0.001247362 -0.001825990 -0.004887518 0.999985576
7.602386 -0.022878543 -0.057713456 3.571085691 -0.002009925 -0.001780198 -0.005130876 0.999983251
7.706383 -0.023735411 -0.058457606 3.618700504 -0.002653882 -0.001665785 -0.005734684 0.999978662
7.810511 -0.024105366 -0.059113361 3.666554213 -0.001928896 -0.001690436 -0.005277431 0.999982774
7.914632 -0.024760351 -0.059960920 3.713601351 -0.000792143 -0.001484795 -0.005339400 0.999984324
8.018763 -0.025137708 -0.060796514 3.761194229 -0.000146977 -0.001573496 -0.005095451 0.999985754
8.122760 -0.025358200 -0.061394189 3.808411598 -0.000729638 -0.001580169 -0.003852997 0.999991059
8.226883 -0.025689021 -0.062057607 3.855983257 -0.001643033 -0.001246781 -0.002571081 0.999994576
8.331011 -0.025982721 -0.062997267 3.902834177 -0.002050515 -0.000774283 -0.001794578 0.999996006
8.435138 -0.026125319 -0.063824221 3.950079918 -0.001490382 -0.000464158 -0.001140945 0.999998152
8.539282 -0.026630903 -0.064509004 3.996885061 -0.000147269 -0.000043656 -0.002436075 0.999997020
8.643387 -0.026854176 -0.065193243 4.044289589 0.000939665 0.000560004 -0.003423458 0.999993563
8.747509 -0.027619936 -0.066370323 4.091618538 0.000755782 0.001257016 -0.004871928 0.999987066
8.851635 -0.027840337 -0.067051232 4.139078140 -0.000054678 0.001972459 -0.005750432 0.999981523
8.955763 -0.027866852 -0.067950040 4.186760426 -0.001267484 0.002394858 -0.005516720 0.999981105
9.059886 -0.027740283 -0.068701863 4.234735489 -0.001566764 0.002701518 -0.005127155 0.999981999
9.164012 -0.028118877 -0.069317684 4.282061100 -0.001173431 0.003354450 -0.005443035 0.999978900
9.268135 -0.028057575 -0.069970883 4.329920769 -0.000861889 0.003882241 -0.006406608 0.999971569
9.372259 -0.028428435 -0.070722856 4.377164841 -0.000679175 0.004632853 -0.007530076 0.999960661
9.476392 -0.028439667 -0.071564704 4.425335884 -0.000145051 0.005156656 -0.007914928 0.999955356
9.580513 -0.028180219 -0.072384961 4.472396374 0.000181203 0.005644666 -0.008449575 0.999948323
9.684640 -0.027908910 -0.072962664 4.520173550 0.000342574 0.006230816 -0.007928289 0.999949098
9.788784 -0.027616348 -0.073785856 4.567417622 -0.000255175 0.006569487 -0.007612641 0.999949396
9.892888 -0.027426958 -0.074542880 4.615292549 -0.000651000 0.007059542 -0.006895886 0.999951065
9.997010 -0.026845887 -0.075559460 4.663677216 -0.000955903 0.006995804 -0.006397510 0.999954581
10.101140 -0.026495352 -0.076284364 4.709829330 -0.000960432 0.007154044 -0.005483271 0.999958932
10.205260 -0.026312284 -0.077097863 4.758124352 -0.001308567 0.007115765 -0.004763300 0.999962449
10.309390 -0.026058294 -0.077682674 4.806510448 -0.001102289 0.006813743 -0.003748291 0.999969125
10.413390 -0.025289644 -0.078302227 4.852153301 -0.001010568 0.006219226 -0.003268400 0.999974787
10.517510 -0.025068857 -0.078946196 4.900475025 -0.001446221 0.005659882 -0.002515314 0.999979794
10.621640 -0.024482567 -0.079543032 4.947651863 -0.001507130 0.005067100 -0.001700608 0.999984562
10.725760 -0.024360683 -0.080425262 4.994883537 -0.001535090 0.004515609 -0.001545673 0.999987423
10.829890 -0.023980897 -0.081199199 5.042606831 -0.001240518 0.003790995 -0.001321207 0.999991179
10.934020 -0.024024233 -0.081703141 5.090631008 -0.001041379 0.003382277 -0.001138289 0.999993086
11.038140 -0.023873946 -0.082841560 5.137067318 0.000090854 0.002930114 -0.000123356 0.999995708
11.142270 -0.023531239 -0.083436899 5.184739113 0.000425928 0.002414462 0.002289740 0.999994338
11.246390 -0.023235494 -0.084331445 5.232360840 -0.000761878 0.001878982 0.006325591 0.999977946
11.350520 -0.022709321 -0.085230902 5.280121803 -0.001574609 0.001004486 0.009642622 0.999951780
11.454640 -0.022489460 -0.086149380 5.327744484 0.000026378 0.000460958 0.011293402 0.999936104
11.558780 -0.022877917 -0.087081484 5.374547005 0.001556258 0.000661351 0.011142529 0.999936461
11.663020 -0.023020692 -0.088107616 5.422374249 0.002643016 0.001168905 0.009307308 0.999952495
11.767160 -0.023229785 -0.088909298 5.470120430 0.002828054 0.001591595 0.009344711 0.999951065
11.871260 -0.022975333 -0.090312965 5.517719746 0.000932270 0.001866027 0.010899969 0.999938428
11.975390 -0.022639906 -0.091130383 5.565813541 -0.000406768 0.002061694 0.013561425 0.999905825
12.079640 -0.022594368 -0.091669515 5.613454342 -0.000910897 0.002180464 0.015295188 0.999880254
12.183770 -0.022526672 -0.092591017 5.661210537 -0.000973838 0.002222619 0.016211938 0.999865651
12.287890 -0.022657294 -0.093290657 5.709060192 -0.001250101 0.002759241 0.015137674 0.999880850
12.392020 -0.022794385 -0.093982108 5.756947994 -0.000830411 0.003340262 0.013175648 0.999907255
12.496260 -0.022744242 -0.094769888 5.805470467 0.000208965 0.003694777 0.011440708 0.999927700
12.600390 -0.022883523 -0.095601916 5.853431702 0.000494500 0.004091297 0.009956450 0.999941945
12.704520 -0.022723410 -0.096814312 5.901861191 -0.000198347 0.004335149 0.008856531 0.999951363
12.808640 -0.022637796 -0.097592220 5.950421810 0.000075670 0.004189183 0.007771518 0.999961019
12.912790 -0.022699583 -0.098403119 5.999488354 0.001289566 0.003922079 0.006878109 0.999967813
13.016890 -0.022270489 -0.099479765 6.046739101 0.002646960 0.003611501 0.004977313 0.999977589
13.121140 -0.022302262 -0.100452513 6.095232964 0.003320585 0.003579516 0.002336851 0.999985337
13.225270 -0.022741027 -0.101620957 6.144006252 0.002731744 0.003766443 -0.000056142 0.999989152
13.329390 -0.022622034 -0.102689885 6.192973614 0.001737686 0.004028917 -0.001444723 0.999989331
13.433520 -0.022316359 -0.103766844 6.241502762 0.000573032 0.004024921 -0.001899499 0.999989927
13.537640 -0.022386178 -0.103673257 6.290462971 0.000319855 0.003668359 -0.000034855 0.999993205
13.641770 -0.022165034 -0.104744218 6.339111328 0.000151054 0.002805586 0.001103856 0.999995470
13.745910 -0.022116914 -0.105586857 6.388818741 0.002390192 0.001780577 0.001151845 0.999994934
13.850020 -0.022577815 -0.107031271 6.437856197 0.004432403 0.001098422 0.000164148 0.999989569
13.954150 -0.022691611 -0.107810825 6.487465858 0.004777638 0.000702767 -0.002008383 0.999986351
14.058400 -0.023300186 -0.109235652 6.536467075 0.004357380 0.000696711 -0.003937707 0.999982476
14.162520 -0.023668207 -0.110173181 6.586894512 0.002634815 0.000755792 -0.005068139 0.999983370
14.266640 -0.024446033 -0.111064240 6.636912346 0.001722181 0.001093551 -0.005414687 0.999983251
14.370770 -0.024971569 -0.112323567 6.687111378 0.001225358 0.001196149 -0.005377342 0.999984086
14.474890 -0.024664622 -0.113286361 6.737028122 0.000846070 0.000995783 -0.004325859 0.999989808
14.579010 -0.024910044 -0.113658018 6.787232876 0.000734104 0.001125605 -0.003039610 0.999994457
14.683140 -0.025062241 -0.115406595 6.838470936 0.000548501 0.001195068 -0.001693493 0.999997735
14.787290 -0.024983488 -0.115990609 6.888663292 0.000073615 0.001413419 -0.000053896 0.999998987
14.891390 -0.024764294 -0.116915986 6.939593792 -0.000667119 0.001556960 0.001970467 0.999996603
14.995520 -0.024824895 -0.117691427 6.990087986 -0.000547995 0.001726975 0.003149596 0.999993384
15.099640 -0.024626130 -0.118587457 7.040951729 0.001569803 0.001756407 0.002296230 0.999994576
15.203790 -0.025243588 -0.119420469 7.092016220 0.004207470 0.002016204 -0.001469720 0.999988019
15.308020 -0.025467928 -0.120655835 7.142808437 0.004078966 0.002626667 -0.005763256 0.999971628
15.412140 -0.026153103 -0.121739052 7.194608688 0.002274354 0.003263384 -0.009674985 0.999945283
15.516270 -0.026027173 -0.122593313 7.246224880 0.001242988 0.003634275 -0.010157415 0.999941051
15.620390 -0.026038844 -0.123416096 7.297559261 0.001037311 0.003476174 -0.009256315 0.999950588
15.724520 -0.025608007 -0.124334075 7.349341393 0.001078482 0.002743146 -0.007601271 0.999966741
15.828640 -0.025693148 -0.125161037 7.401359081 0.001429548 0.002303152 -0.006561387 0.999974787
15.932650 -0.025350222 -0.126249626 7.452939034 0.001586055 0.001893337 -0.006498565 0.999975801
16.036770 -0.025568899 -0.127229720 7.504779816 0.001511809 0.001822001 -0.007219431 0.999971151
16.140900 -0.025604114 -0.128153756 7.556729794 0.001061951 0.001736104 -0.007838430 0.999967217
16.245020 -0.025733883 -0.129355669 7.609196186 0.001218727 0.001520400 -0.007328341 0.999971271
16.349140 -0.025975199 -0.130291894 7.660883904 0.001756867 0.001387291 -0.007231908 0.999971330
16.453270 -0.026178505 -0.131171808 7.713052750 0.001961184 0.001293516 -0.006958371 0.999973059
16.557390 -0.026675293 -0.132416293 7.765383244 0.001938263 0.001166744 -0.006969545 0.999973118
16.661520 -0.026798880 -0.133543566 7.817974567 0.002015622 0.000998805 -0.007170924 0.999971747
16.765650 -0.026888048 -0.134371623 7.870746136 0.002221183 0.000835259 -0.007136455 0.999971747
16.869650 -0.027156804 -0.135414511 7.923618317 0.002406254 0.000629055 -0.007650731 0.999967635
16.973770 -0.027502198 -0.136483118 7.976230621 0.002476536 0.000454362 -0.007499409 0.999968708
17.077890 -0.028053995 -0.137368992 8.029316902 0.002511193 0.000404344 -0.007696158 0.999967158
17.182030 -0.028219145 -0.138613343 8.082286835 0.002486390 0.000327301 -0.007254471 0.999970555
17.286140 -0.028661247 -0.139573038 8.135682106 0.002686673 0.000392456 -0.006512520 0.999975085
17.390270 -0.028977882 -0.140826061 8.188955307 0.002568835 0.000477670 -0.006037522 0.999978364
17.494400 -0.028863437 -0.141880304 8.242498398 0.002174681 0.000451460 -0.005302005 0.999983490
17.598420 -0.029123992 -0.143017426 8.296166420 0.002090554 0.000417406 -0.005347492 0.999983430
17.702520 -0.029080827 -0.144236654 8.349548340 0.002180649 0.000302668 -0.005431287 0.999982834
17.806640 -0.029067960 -0.145311028 8.403199196 0.002497227 0.000320748 -0.005628438 0.999980986
17.910650 -0.029967455 -0.146339804 8.457228661 0.002252133 0.000749568 -0.006319070 0.999977231
18.014770 -0.030031791 -0.147574008 8.510949135 0.001161296 0.001110258 -0.006708126 0.999976218
18.118900 -0.030347997 -0.148416892 8.565251350 0.001006103 0.001360205 -0.006383906 0.999978185
18.223020 -0.030477447 -0.149603769 8.619244576 0.001731420 0.001609633 -0.006540734 0.999975801
18.327020 -0.030638035 -0.150702268 8.673243523 0.002407925 0.001891368 -0.006714170 0.999972761
18.431150 -0.030580051 -0.151747778 8.727651596 0.002224624 0.001971964 -0.007276967 0.999969125
18.535360 -0.030818533 -0.153003946 8.781854630 0.001633649 0.001987548 -0.006975998 0.999972343
18.639420 -0.030879598 -0.153761983 8.836272240 0.001615428 0.001815694 -0.007088745 0.999971926
18.743480 -0.031063383 -0.155102015 8.890418053 0.001488703 0.001708276 -0.007283635 0.999970913
18.847540 -0.030942768 -0.156231046 8.945138931 0.001384138 0.001552520 -0.008008677 0.999965787
18.951650 -0.031763595 -0.157131851 8.999424934 0.001409439 0.002036500 -0.008593399 0.999959946
19.055650 -0.032150913 -0.158269167 9.053723335 0.001180114 0.002132064 -0.008732230 0.999958873
19.159650 -0.032086127 -0.159135878 9.109253883 0.001262906 0.001910655 -0.008041517 0.999965012
19.263770 -0.032082871 -0.160304666 9.164497375 0.000841027 0.001786315 -0.007140353 0.999972582
19.367870 -0.032241177 -0.161318853 9.219387054 0.000530740 0.001982806 -0.006114484 0.999979198
19.471780 -0.031954389 -0.162250504 9.274413109 0.001017709 0.001606146 -0.005486635 0.999983132
19.575900 -0.032326780 -0.163228214 9.328911781 0.001446764 0.001658608 -0.004747491 0.999986291
19.679910 -0.032198947 -0.163840890 9.384182930 0.000915388 0.001894063 -0.004148446 0.999989152
19.784020 -0.032222327 -0.165245056 9.438581467 -0.000338097 0.002095456 -0.002777717 0.999993861
19.888070 -0.031955983 -0.165945649 9.493883133 0.000180093 0.001952708 -0.002338461 0.999995351
19.992130 -0.032017544 -0.167171031 9.548085213 0.000523368 0.002210862 -0.002042057 0.999995351
20.096150 -0.032126527 -0.168222010 9.603271484 0.000603669 0.002557724 -0.002418493 0.999993622
20.200150 -0.032505222 -0.169238031 9.656871796 0.000675798 0.003263104 -0.003479986 0.999988377
20.304270 -0.032579750 -0.170140430 9.712156296 0.000947945 0.003715158 -0.004526237 0.999982417
20.408270 -0.032505527 -0.171338350 9.766523361 0.000936520 0.004194661 -0.004958549 0.999978423
20.512310 -0.032598048 -0.172502354 9.821530342 0.000961488 0.004754863 -0.005182555 0.999974787
20.616400 -0.032461919 -0.173689798 9.876398087 0.001321146 0.005032880 -0.005418109 0.999971807
20.720420 -0.031865828 -0.174846977 9.930872917 0.001736142 0.005515127 -0.005419081 0.999968588
20.824520 -0.032173432 -0.175839528 9.986486435 0.001491582 0.006009416 -0.004887634 0.999968886
20.928690 -0.031722173 -0.176980928 10.041709900 0.000959781 0.006298123 -0.004406791 0.999970019
21.032780 -0.031177789 -0.178084865 10.096426010 0.000866418 0.006446637 -0.003865701 0.999971330
21.136780 -0.031045258 -0.179337934 10.151968956 0.002009540 0.006516131 -0.003396630 0.999970973
21.240880 -0.030452386 -0.180385888 10.206537247 0.003169400 0.006370242 -0.002947213 0.999970317
21.344920 -0.029989719 -0.181758866 10.261815071 0.003146374 0.005899189 -0.003047219 0.999972999
21.448900 -0.029517189 -0.183171123 10.316889763 0.003089183 0.005501247 -0.002571815 0.999976754
21.552900 -0.029067852 -0.184463173 10.372319221 0.003392769 0.004970078 -0.002644751 0.999978364
21.657020 -0.028733261 -0.185849220 10.428225517 0.003581598 0.004553937 -0.002985949 0.999978721
21.761020 -0.028583929 -0.186950400 10.483611107 0.003244388 0.004296048 -0.002512618 0.999982357
21.865030 -0.028330527 -0.187996000 10.539711952 0.003268274 0.003761582 -0.002262010 0.999985039
21.969150 -0.028280534 -0.189350083 10.595007896 0.002523098 0.003304456 -0.002108837 0.999989152
22.073170 -0.028448038 -0.190580845 10.651808739 0.001880211 0.003061875 -0.003113755 0.999988675
22.177150 -0.028415255 -0.191791683 10.707781792 0.001824658 0.003369589 -0.003073226 0.999987900
22.281150 -0.028242446 -0.192859441 10.764755249 0.001920527 0.003851809 -0.003557181 0.999984384
22.385270 -0.028284431 -0.194155604 10.821417809 0.002012616 0.004070579 -0.002940763 0.999985337
22.489270 -0.027827218 -0.195266396 10.878517151 0.002539709 0.004156386 -0.001945377 0.999986231
22.593280 -0.027521700 -0.196532816 10.935182571 0.003503736 0.004288991 -0.001185989 0.999983966
22.697420 -0.027131893 -0.197982118 10.993244171 0.003955831 0.004217982 -0.001068601 0.999982715
22.801400 -0.026989266 -0.199453980 11.050542831 0.004377389 0.003074290 -0.001422219 0.999984682
22.905400 -0.026996437 -0.200622767 11.108650208 0.004086734 0.002097657 -0.001962625 0.999987543
23.009400 -0.026829146 -0.201789156 11.166366577 0.002491784 0.001833747 -0.002634943 0.999991715
23.113490 -0.027075969 -0.203123569 11.225464821 0.000953487 0.002240136 -0.001900638 0.999995232
23.217420 -0.027031787 -0.204143062 11.283371925 0.000586447 0.002312104 -0.001303329 0.999996305
23.321400 -0.026879948 -0.205256879 11.342472076 0.001214779 0.002424014 -0.000893065 0.999995887
23.425400 -0.026877075 -0.206372008 11.400785446 0.001284636 0.002596219 -0.000545775 0.999995649
23.529550 -0.026701748 -0.207549557 11.459556580 0.001075290 0.002724052 -0.000371177 0.999995649
23.633550 -0.026665434 -0.209008336 11.517406464 0.000900698 0.002937436 -0.000055978 0.999995291
23.737530 -0.026487641 -0.209951550 11.576563835 0.001585648 0.003148329 -0.001293806 0.999992967
23.841660 -0.026637882 -0.211257204 11.634673119 0.001876072 0.003539381 -0.001573322 0.999990761
23.945650 -0.026303649 -0.212213099 11.693576813 0.000981031 0.003958662 -0.001091357 0.999991059
24.049650 -0.026117519 -0.213559389 11.751185417 0.000472024 0.004079575 -0.000540585 0.999991417
24.153670 -0.026121266 -0.214707524 11.810999870 0.001170758 0.004047669 -0.000372714 0.999991059
24.257780 -0.025764719 -0.215911567 11.868232727 0.001113684 0.004050038 -0.000955716 0.999990702
24.361780 -0.025656648 -0.217367113 11.927390099 0.002065136 0.003906705 -0.001928396 0.999988377
24.465780 -0.025406219 -0.218736768 11.985363007 0.003554626 0.003543633 -0.002759958 0.999983609
24.569780 -0.025767244 -0.220029950 12.044103622 0.003287911 0.003209430 -0.003397581 0.999983668
24.673900 -0.026103124 -0.221166030 12.102217674 0.001593976 0.002821005 -0.003906707 0.999987125
24.777900 -0.025855303 -0.222543806 12.160449982 0.000172646 0.002306878 -0.004468363 0.999987304
24.882030 -0.026415911 -0.223974645 12.217795372 0.000746138 0.001786552 -0.004599611 0.999987543
24.986020 -0.026068760 -0.224775463 12.276031494 0.001553657 0.000755755 -0.004548660 0.999988139
25.090170 -0.026299741 -0.225973517 12.333761215 0.000913845 -0.000073542 -0.003992831 0.999991596
25.194150 -0.026724471 -0.227127254 12.392152786 0.000694359 -0.000514868 -0.003179800 0.999994576
25.298280 -0.027213447 -0.228444710 12.449573517 0.001010229 -0.000647778 -0.003015958 0.999994695
25.402400 -0.027449567 -0.229353219 12.508612633 0.001624441 -0.000917459 -0.002502878 0.999995112
25.506530 -0.027693041 -0.230783135 12.566057205 0.001536391 -0.000950453 -0.002558999 0.999995112
25.610540 -0.028219249 -0.232053623 12.624728203 0.001686550 -0.000910395 -0.002286249 0.999995530
25.714650 -0.028620582 -0.233428180 12.682229042 0.001912747 -0.000924578 -0.001880882 0.999995947
25.818650 -0.028737944 -0.234688103 12.740450859 0.002259711 -0.001051183 -0.001826041 0.999995232
25.922780 -0.029193372 -0.235621929 12.798220634 0.002213885 -0.000945651 -0.001391077 0.999996126
26.026980 -0.029489964 -0.237382635 12.855727196 0.002502010 -0.000971352 -0.001867846 0.999994636
26.130900 -0.030108904 -0.238770559 12.913815498 0.003160601 -0.000885776 -0.001187935 0.999993861
26.235050 -0.030012712 -0.239929572 12.971805573 0.002277710 -0.000990555 -0.000516016 0.999996781
26.339150 -0.030467199 -0.241334021 13.029221535 0.001822820 -0.000925790 0.000271321 0.999997854
26.443290 -0.030638382 -0.242300078 13.088229179 0.002463243 -0.001007349 0.000577737 0.999996305
26.547800 -0.030850874 -0.243645266 13.146185875 0.002751687 -0.000990580 0.000004389 0.999995708
26.651410 -0.031505786 -0.245032310 13.205068588 0.002363556 -0.000710905 -0.000836113 0.999996603
26.757930 -0.032062612 -0.245973885 13.263044357 0.002051463 -0.000385534 -0.001521858 0.999996662
26.862580 -0.032302540 -0.247655764 13.321653366 0.001983112 -0.000335449 -0.001343380 0.999997079
26.963660 -0.032536849 -0.249094933 13.380535126 0.002391620 -0.000340671 -0.001046772 0.999996543
27.067820 -0.033187360 -0.250217915 13.438925743 0.002575871 -0.000091004 -0.001470729 0.999995589
27.171920 -0.033798639 -0.251537323 13.497752190 0.002696558 0.000114888 -0.001787535 0.999994755
27.276060 -0.034419753 -0.252683342 13.557363510 0.002742263 0.000375471 -0.002563060 0.999992847
27.380140 -0.035071529 -0.253941327 13.616529465 0.002498686 0.000585031 -0.003386264 0.999990940
27.484700 -0.035075147 -0.255141884 13.676246643 0.002924033 0.000635417 -0.004200341 0.999986708
27.588410 -0.035572499 -0.256599188 13.735549927 0.003162065 0.000814978 -0.004808198 0.999983132
27.692530 -0.035869323 -0.257719636 13.795078278 0.003266039 0.000915103 -0.005298268 0.999980211
27.796540 -0.036150128 -0.259018958 13.854413033 0.002814351 0.001006275 -0.005611336 0.999979794
27.900670 -0.036333509 -0.260412335 13.914022446 0.002504718 0.001061245 -0.005932604 0.999978662
28.005230 -0.036499362 -0.261669934 13.973311424 0.002879248 0.001202376 -0.006537034 0.999973774
28.108940 -0.036706988 -0.262929618 14.032885551 0.002709595 0.001325712 -0.006538488 0.999974072
