1439804061.828221 -0.000110354 -0.001570447 0.027452644 -0.000266406 -0.000084142 0.000790604 0.999999642
1439804061.890720 0.000421843 -0.002787662 0.056139197 -0.000664069 -0.000609611 0.000894047 0.999999166
1439804061.953224 -0.000544124 -0.004276824 0.083255425 -0.001588830 -0.000236315 0.000860444 0.999998331
1439804062.015724 -0.001006032 -0.005469415 0.110754378 -0.001876922 -0.000311745 0.001438520 0.999997139
1439804062.078224 -0.000482309 -0.006423171 0.138769895 -0.001757421 -0.000882084 0.001720426 0.999996603
1439804062.140726 -0.000680642 -0.007988363 0.166476101 -0.001489747 -0.001184987 0.002757512 0.999994397
1439804062.203228 -0.000407152 -0.009637649 0.193920165 -0.001073309 -0.001543776 0.003568318 0.999991834
1439804062.265729 -0.000418201 -0.010994582 0.222100943 -0.000676930 -0.001914025 0.004292987 0.999988735
1439804062.328228 -0.000945086 -0.012575771 0.249415159 -0.000440009 -0.002201784 0.004431742 0.999987662
1439804062.390730 -0.001462843 -0.013735801 0.277759820 0.000035230 -0.002922576 0.004906147 0.999983668
1439804062.453231 -0.001498811 -0.015083079 0.305227011 -0.000174084 -0.004305996 0.006067085 0.999972284
1439804062.515733 -0.001927513 -0.016580993 0.333258241 -0.000689629 -0.005417928 0.006497724 0.999963999
1439804062.578234 -0.002802957 -0.017905051 0.360949576 -0.001200644 -0.006119282 0.006325848 0.999960542
1439804062.640736 -0.003537390 -0.019262724 0.388763845 -0.001879267 -0.006328234 0.006579253 0.999956548
1439804062.703240 -0.003880102 -0.020665688 0.416337848 -0.002664159 -0.006520626 0.006837595 0.999951839
1439804062.765739 -0.004512663 -0.022266440 0.444289327 -0.003509185 -0.005822409 0.006542490 0.999955475
1439804062.828240 -0.004794313 -0.024058565 0.471959859 -0.004649800 -0.004790522 0.006807461 0.999954522
1439804062.890746 -0.004870145 -0.024900008 0.499354720 -0.004343955 -0.004394904 0.006795027 0.999957800
1439804062.953243 -0.005292336 -0.025959611 0.526881933 -0.004920456 -0.003717058 0.007899789 0.999949753
1439804063.015745 -0.004976426 -0.027197869 0.554517865 -0.006270465 -0.003234752 0.011035540 0.999914229
1439804063.078246 -0.005115909 -0.028161360 0.581311107 -0.006143616 -0.003043366 0.011973637 0.999904811
1439804063.140747 -0.005135344 -0.029446959 0.608274996 -0.005044598 -0.002784947 0.013017681 0.999898672
1439804063.203249 -0.005247718 -0.030991180 0.635282993 -0.003374794 -0.002319789 0.012764731 0.999910116
1439804063.265750 -0.005240953 -0.032331150 0.662543297 -0.000060978 -0.002141567 0.012868137 0.999914885
1439804063.328252 -0.005667467 -0.033843257 0.690328002 0.002473242 -0.001804020 0.013409355 0.999905407
1439804063.390754 -0.005775004 -0.035192400 0.717833281 0.003004539 -0.001632294 0.013466719 0.999903440
1439804063.453255 -0.005939678 -0.036449611 0.745463669 0.001719522 -0.001605911 0.013379331 0.999907732
1439804063.515756 -0.006234447 -0.038175605 0.772424519 -0.000521550 -0.001275906 0.012813160 0.999916971
1439804063.578258 -0.006281849 -0.039619740 0.802770972 -0.002575302 -0.001178451 0.013137580 0.999909699
1439804063.640759 -0.005825021 -0.040934853 0.830954254 -0.003591450 -0.001340839 0.014243873 0.999891222
1439804063.703260 -0.006412514 -0.042928915 0.858527422 -0.004116362 -0.001015853 0.014762411 0.999882042
1439804063.765762 -0.006354379 -0.044103749 0.886149883 -0.003382965 -0.001031181 0.015260532 0.999877274
1439804063.828262 -0.006441996 -0.045741964 0.913997412 -0.002800968 -0.000974848 0.015756235 0.999871492
1439804063.890765 -0.006300215 -0.047406070 0.942232668 -0.002348232 -0.001170276 0.016306993 0.999863625
1439804063.953266 -0.006946282 -0.048238020 0.969712317 -0.001921221 -0.001334991 0.016975002 0.999853194
1439804064.015766 -0.007138826 -0.049719233 0.997763872 -0.001888996 -0.001926555 0.017659640 0.999840379
1439804064.078266 -0.007587186 -0.051319249 1.026247621 -0.002306952 -0.002550281 0.017673314 0.999837875
1439804064.140767 -0.007499217 -0.052673467 1.053499699 -0.002280616 -0.003401992 0.018239116 0.999825239
1439804064.203267 -0.007944265 -0.053861748 1.081609249 -0.002174407 -0.003914810 0.018321857 0.999822080
1439804064.265768 -0.008631005 -0.055278834 1.110292554 -0.001873328 -0.004397413 0.018711234 0.999813497
1439804064.328270 -0.009647126 -0.056312490 1.137105346 -0.001828015 -0.004792889 0.018110059 0.999822795
1439804064.390769 -0.009359680 -0.058058254 1.166405201 -0.001996575 -0.005745255 0.018234512 0.999815226
1439804064.453270 -0.009847449 -0.059493747 1.194690466 -0.002339299 -0.006533494 0.018869381 0.999797881
1439804064.515771 -0.010424832 -0.060608380 1.223118901 -0.002560847 -0.007298822 0.019467231 0.999780536
1439804064.578271 -0.010663735 -0.062282637 1.252037287 -0.002635210 -0.008213111 0.019506074 0.999772549
1439804064.640772 -0.011519723 -0.063662842 1.280702710 -0.002728991 -0.008769217 0.019438602 0.999768913
1439804064.703274 -0.011966075 -0.064906321 1.309415936 -0.002532045 -0.009670191 0.019617124 0.999757588
1439804064.765776 -0.012533860 -0.067558393 1.336818099 -0.003318175 -0.010564308 0.019873198 0.999741197
1439804064.828276 -0.013665503 -0.067796394 1.366215229 -0.002573813 -0.011468664 0.019496972 0.999740839
1439804064.890778 -0.013935542 -0.069841653 1.394640803 -0.003046209 -0.012874409 0.019615723 0.999720037
1439804064.953283 -0.015475277 -0.070666067 1.422872424 -0.002276705 -0.013690843 0.019481663 0.999713898
1439804065.015780 -0.016868496 -0.072100334 1.450916648 -0.001746635 -0.014203668 0.019375868 0.999709845
1439804065.078285 -0.017923953 -0.073839694 1.479429722 -0.001117899 -0.014621688 0.018874910 0.999714315
1439804065.140787 -0.018655883 -0.075339839 1.508042574 -0.000406787 -0.014963364 0.017703161 0.999731243
1439804065.203286 -0.020525411 -0.076892398 1.536403894 0.000436798 -0.014357198 0.016864263 0.999754608
1439804065.265786 -0.020680495 -0.078513026 1.565464497 0.000936012 -0.014810870 0.016928369 0.999746561
1439804065.328288 -0.021345658 -0.079737782 1.593453646 0.001163564 -0.015118359 0.017139520 0.999738157
1439804065.390790 -0.022794342 -0.081488401 1.623199582 0.000713437 -0.015169420 0.017779121 0.999726593
1439804065.453292 -0.023337936 -0.083052039 1.651822567 -0.000270005 -0.015598748 0.019053571 0.999696732
1439804065.515795 -0.024014212 -0.084326670 1.680709362 -0.001205018 -0.015868643 0.020636426 0.999660373
1439804065.578293 -0.025510125 -0.085917860 1.710425615 -0.001616732 -0.015815191 0.020855090 0.999656081
1439804065.640795 -0.026393095 -0.087437183 1.739275336 -0.001332965 -0.016121887 0.019471461 0.999679565
1439804065.703300 -0.027703898 -0.089625739 1.768279791 -0.000955118 -0.016259739 0.018668134 0.999693036
1439804065.765804 -0.028741268 -0.091129579 1.797200084 -0.000458091 -0.016576141 0.018418796 0.999692857
1439804065.828298 -0.030014101 -0.092477992 1.826852202 -0.000275632 -0.016988872 0.018575892 0.999683082
1439804065.890797 -0.031192705 -0.094105259 1.856567621 -0.001155652 -0.017121978 0.017669374 0.999696612
1439804065.953305 -0.032013196 -0.095766470 1.885621667 -0.002130921 -0.017098598 0.016942440 0.999707997
1439804066.015799 -0.033301413 -0.097318470 1.914794326 -0.002838813 -0.017220553 0.017426662 0.999695837
1439804066.078300 -0.034463357 -0.098972008 1.944350719 -0.002873571 -0.017362295 0.017745705 0.999687672
1439804066.140806 -0.035690572 -0.100433104 1.974027514 -0.002568240 -0.017545590 0.018110599 0.999678731
1439804066.203304 -0.037036493 -0.102162361 2.003994703 -0.002385342 -0.017603919 0.017883344 0.999682248
1439804066.265804 -0.038075220 -0.103664622 2.032536983 -0.001974272 -0.017828807 0.018009119 0.999676883
1439804066.328306 -0.039216094 -0.105124086 2.062077761 -0.001909996 -0.018129092 0.017784458 0.999675632
1439804066.390807 -0.040761694 -0.106717065 2.091550112 -0.001949089 -0.018264815 0.017295713 0.999681711
1439804066.453308 -0.041701753 -0.108343974 2.121546268 -0.001717177 -0.018530859 0.017212112 0.999678671
1439804066.515811 -0.043393821 -0.109963968 2.151242733 -0.001477744 -0.018470353 0.017068613 0.999682605
1439804066.578311 -0.044422615 -0.111562803 2.181456804 -0.001142331 -0.018510716 0.016365932 0.999694049
1439804066.640813 -0.045406722 -0.113233924 2.211252451 -0.001002040 -0.018507659 0.015832046 0.999702871
1439804066.703315 -0.047220442 -0.114518374 2.241191864 -0.000604380 -0.018267816 0.016683932 0.999693751
1439804066.765814 -0.049098909 -0.116772987 2.271008015 -0.000725234 -0.018281408 0.017843449 0.999673367
1439804066.828316 -0.049009446 -0.117704242 2.302006483 -0.000289499 -0.018990817 0.018027969 0.999657094
1439804066.890822 -0.050262239 -0.119310662 2.332382917 -0.000015015 -0.019278180 0.018750520 0.999638319
1439804066.953317 -0.051774643 -0.121356659 2.362594128 -0.000148374 -0.019494034 0.019445032 0.999620855
1439804067.015820 -0.052520301 -0.122656748 2.392923117 -0.000274115 -0.020091251 0.019509165 0.999607742
1439804067.078321 -0.053904466 -0.124305554 2.423570871 -0.000652314 -0.020391123 0.019363204 0.999604344
1439804067.140821 -0.055382147 -0.125884488 2.453552723 -0.001082765 -0.020470394 0.018665468 0.999615610
1439804067.203321 -0.056864806 -0.127717465 2.484111309 -0.001217978 -0.020624897 0.018849924 0.999608815
1439804067.265824 -0.058287151 -0.129398003 2.514774323 -0.000758072 -0.020858720 0.019027608 0.999601066
1439804067.328326 -0.059576053 -0.131007910 2.544972181 -0.000370362 -0.021103742 0.018958027 0.999597430
1439804067.390825 -0.060906205 -0.132872671 2.575523615 -0.000119018 -0.021319419 0.018833583 0.999595344
1439804067.453328 -0.062453791 -0.134394124 2.606068373 0.000054810 -0.021584129 0.018556161 0.999594808
1439804067.515828 -0.063688003 -0.135938555 2.636431932 -0.000098556 -0.021776784 0.019073116 0.999580920
1439804067.578330 -0.065254107 -0.137563363 2.667003632 -0.000221957 -0.021939658 0.019173829 0.999575377
1439804067.640830 -0.066872232 -0.138912261 2.697697878 -0.000128985 -0.022195736 0.019339530 0.999566555
1439804067.703331 -0.067678958 -0.140697375 2.727893829 0.000100607 -0.022598611 0.019178769 0.999560654
1439804067.765833 -0.069194011 -0.142387897 2.758505583 0.000134509 -0.022798000 0.019159226 0.999556482
1439804067.828334 -0.070450045 -0.144009560 2.788642883 -0.000198463 -0.023195686 0.019150687 0.999547482
1439804067.890834 -0.072205178 -0.145614862 2.819236755 -0.000132345 -0.023449954 0.018459994 0.999554574
1439804067.953337 -0.073783949 -0.147540092 2.849674225 -0.000409264 -0.024089243 0.017167753 0.999562323
1439804068.015838 -0.075825155 -0.149081603 2.880172729 -0.000010949 -0.024514453 0.015531355 0.999578834
1439804068.078339 -0.077418752 -0.150811434 2.910846949 0.000523952 -0.025332078 0.014928781 0.999567449
1439804068.140839 -0.079227760 -0.152503937 2.941374540 0.001082892 -0.026131138 0.014378783 0.999554515
1439804068.203344 -0.081239372 -0.154162630 2.971647978 0.001590834 -0.026588982 0.013159978 0.999558568
1439804068.265844 -0.083289281 -0.155933633 3.002518177 0.001572923 -0.026889104 0.011948434 0.999565780
1439804068.328343 -0.085478954 -0.157902077 3.033019781 0.000665942 -0.026837869 0.011622616 0.999571979
1439804068.390849 -0.087225638 -0.159563124 3.063715935 0.000222000 -0.027091319 0.011686483 0.999564588
1439804068.453346 -0.088840671 -0.160990685 3.094323635 0.000333158 -0.027438901 0.012140255 0.999549687
1439804068.515847 -0.090891719 -0.163108766 3.125220537 0.000028681 -0.027567338 0.012961255 0.999535918
1439804068.578348 -0.092542484 -0.164914608 3.155740023 0.000295469 -0.028325556 0.013749151 0.999504149
1439804068.640851 -0.094373405 -0.166407347 3.186400890 0.000761437 -0.029190056 0.015282728 0.999456763
1439804068.703350 -0.096239306 -0.168269560 3.217236280 0.000641053 -0.030034995 0.015998028 0.999420643
1439804068.765852 -0.098631606 -0.170004874 3.247570276 0.000486565 -0.030571019 0.015320648 0.999415040
1439804068.828353 -0.100986071 -0.171608537 3.278201580 0.000667395 -0.031010285 0.014369131 0.999415576
1439804068.890854 -0.102979474 -0.173448220 3.308742762 0.000852368 -0.031794745 0.013684797 0.999400377
1439804068.953355 -0.105400272 -0.175362334 3.339242458 0.001094337 -0.032370061 0.012739969 0.999394178
1439804069.015856 -0.107684106 -0.177047610 3.369792700 0.001375620 -0.032965019 0.011452611 0.999389946
1439804069.078362 -0.109910339 -0.178599089 3.400173903 0.001046166 -0.033396646 0.010275607 0.999388814
1439804069.140862 -0.112090416 -0.179858923 3.430339575 0.000958992 -0.033875939 0.009653885 0.999378979
1439804069.203362 -0.114277579 -0.181473807 3.460184097 0.000820302 -0.034182440 0.009798164 0.999367237
1439804069.265865 -0.116877526 -0.184158102 3.490670443 0.001099647 -0.034188002 0.008890376 0.999375284
1439804069.328363 -0.119465634 -0.186215982 3.521479130 0.002094753 -0.034240630 0.008211329 0.999377668
1439804069.390865 -0.121789142 -0.187822014 3.551740170 0.003261039 -0.034259591 0.007887517 0.999376535
1439804069.453367 -0.124147408 -0.189954579 3.581928730 0.003758999 -0.033978254 0.007622416 0.999386430
1439804069.515870 -0.126452759 -0.191664010 3.612183094 0.003757630 -0.033795722 0.008151792 0.999388456
1439804069.578370 -0.128713354 -0.193674803 3.642505407 0.003353747 -0.033575848 0.007242816 0.999404311
1439804069.640875 -0.131113216 -0.195525527 3.672701120 0.002481264 -0.033186764 0.006036521 0.999427855
1439804069.703373 -0.133323491 -0.197449803 3.702839375 0.001240193 -0.032896668 0.005580649 0.999442399
1439804069.765878 -0.135784104 -0.199207023 3.733169794 0.000254721 -0.032459766 0.004830001 0.999461353
1439804069.828375 -0.137711555 -0.200694501 3.762870550 -0.000162044 -0.032298502 0.004567780 0.999467790
1439804069.890882 -0.139901981 -0.202734888 3.792710543 -0.000263874 -0.031949241 0.003947139 0.999481678
1439804069.953380 -0.141799927 -0.204143882 3.822356701 0.000461227 -0.031949639 0.003481594 0.999483287
1439804070.015881 -0.143931493 -0.205874205 3.852049589 0.000956959 -0.031721793 0.002781830 0.999492407
1439804070.078385 -0.146082118 -0.207702428 3.881859064 0.001327081 -0.031478312 0.002288666 0.999500930
1439804070.140884 -0.148192346 -0.209229901 3.911137342 0.001487907 -0.031072646 0.002222938 0.999513566
1439804070.203386 -0.150121689 -0.211057797 3.940863371 0.000892995 -0.030775702 0.002400921 0.999523044
1439804070.265885 -0.152254075 -0.212497413 3.970473289 0.000802860 -0.030244261 0.002632596 0.999538779
1439804070.328384 -0.154187769 -0.214218304 4.000101089 0.000487300 -0.029893788 0.002643393 0.999549448
1439804070.390887 -0.156268418 -0.215888977 4.029573441 0.000493744 -0.029528314 0.002116652 0.999561608
1439804070.453386 -0.158252597 -0.217472911 4.059106827 0.000551863 -0.029252492 0.002095494 0.999569714
1439804070.515888 -0.160136014 -0.219076425 4.088444233 0.000745879 -0.029161906 0.002426964 0.999571502
1439804070.578389 -0.161945835 -0.220719755 4.117621422 0.000598632 -0.029153159 0.002528903 0.999571562
1439804070.640887 -0.163379520 -0.222285241 4.146576881 0.000824013 -0.029017452 0.003065974 0.999573886
