1403636579.763556 0.0000000 0.0000000 0.0000000 0.0000000 0.0000000 0.0000000 1.0000000
1403636582.263556 -0.0065511 0.4132211 0.1095137 -0.0626638 0.0179071 -0.0106650 0.9978170
1403636587.263556 0.0835431 0.1510735 -0.0376397 -0.1937518 0.0252615 0.0036514 0.9807185
1403636587.463556 0.1484718 0.1448372 -0.0161528 -0.1969255 0.0292202 0.0085531 0.9799456
1403636588.063555 0.4781590 0.1279476 0.0240668 -0.2000019 0.0649905 0.0299301 0.9771795
1403636589.913555 -0.3247813 0.1737197 -0.0758117 -0.2007281 0.0018614 0.0073554 0.9796176
1403636590.063555 -0.3940117 0.1839185 -0.0806342 -0.1996644 -0.0107348 0.0073342 0.9797781
1403636590.213556 -0.4270953 0.1836090 -0.0855746 -0.1906615 -0.0178984 0.0069265 0.9814682
1403636591.963556 0.3283281 0.1773520 0.0276157 -0.1354963 0.0791491 0.0230548 0.9873422
1403636592.163556 0.3674206 0.1634826 0.0765456 -0.1501517 0.0985154 0.0383832 0.9829934
1403636592.363556 0.4016053 0.1427757 0.1505419 -0.1670831 0.1017056 0.0457339 0.9796160
1403636592.563555 0.3847625 0.1084971 0.2438343 -0.1632870 0.0773122 0.0403946 0.9827148
1403636592.763556 0.3067296 0.0831888 0.3329039 -0.1516512 0.0397168 0.0208643 0.9874154
1403636593.713556 -0.2375435 0.2408061 -0.0488456 -0.1937520 -0.0786733 0.0076385 0.9778611
1403636593.913555 -0.1234314 0.2835195 -0.1467433 -0.1915420 -0.0111869 0.0364021 0.9807453
1403636594.263556 0.1862470 0.2847654 -0.1636512 -0.1741618 0.1103299 0.0734113 0.9757591
1403636596.363556 0.1730788 0.3682138 -0.2296784 -0.1683069 0.0672652 0.0308487 0.9829530
1403636596.563555 0.0517223 0.3728753 -0.3507751 -0.1580676 0.0639830 0.0211339 0.9851265
1403636596.763556 -0.0264665 0.3786443 -0.4052070 -0.1606369 0.0609928 0.0153313 0.9850079
1403636597.163556 0.0351448 0.3202392 -0.1643079 -0.1714541 0.0563291 0.0015102 0.9835793
1403636598.713556 0.0268947 0.3714759 0.0857370 -0.1556391 -0.0722681 -0.0576914 0.9834762
1403636598.913555 0.0523106 0.3989598 0.2051248 -0.1105475 -0.0908902 -0.0508913 0.9883968
1403636599.413555 0.0765297 0.4604492 0.3718710 -0.0022354 -0.0999533 -0.0347157 0.9943838
1403636624.413555 0.0994228 0.4959100 0.4055182 0.0073951 -0.0784778 -0.0198669 0.9966905
1403636624.913555 0.1883820 0.5101773 0.3495541 -0.0134810 -0.0610399 -0.0534840 0.9966102
1403636625.113555 0.2279131 0.4723029 0.2919527 -0.0368040 -0.0563549 -0.0711072 0.9951952
1403636629.013556 0.6805129 -0.2831132 0.3007573 -0.0258738 -0.0035433 -0.0239915 0.9993710
1403636633.013556 2.7657349 -0.8179823 2.5369074 -0.0192388 0.0600173 -0.0068543 0.9979884
1403636633.413555 2.8830819 -0.8976110 2.8527536 -0.0243818 0.0257389 -0.0164801 0.9992355
1403636633.863556 3.0154016 -0.9503313 3.2825611 -0.0309454 0.0317765 -0.0058360 0.9989988
1403636634.113555 3.1033683 -1.0424012 3.5445583 -0.0265205 0.0330774 0.0089538 0.9990608
1403636634.363556 3.2249193 -1.1622715 3.8119817 -0.0211592 0.0346554 -0.0065485 0.9991539
1403636634.563555 3.3269823 -1.2517527 4.0359282 -0.0079326 0.0333959 -0.0150274 0.9992977
1403636635.063555 3.5412898 -1.4265125 4.5558448 -0.0179599 0.0040925 -0.0321305 0.9993140
1403636635.363556 3.6386204 -1.5256456 4.8641138 -0.0264982 -0.0064398 -0.0269051 0.9992660
1403636635.563555 3.7009022 -1.5990300 5.0801630 -0.0279468 -0.0094154 -0.0200740 0.9993635
1403636635.763556 3.7696059 -1.7206399 5.2966728 -0.0216758 -0.0091816 -0.0150547 0.9996095
1403636635.963556 3.8541274 -1.8863574 5.5036840 -0.0201998 -0.0109301 -0.0026497 0.9997327
1403636636.163556 3.9647002 -2.0446823 5.7165794 -0.0302124 -0.0045197 -0.0179029 0.9993730
1403636636.663556 4.2424774 -2.4763854 6.2326188 0.0132861 0.0043366 -0.0460453 0.9988416
1403636637.213556 4.3838067 -2.5826404 6.6772394 -0.0094754 -0.0050394 -0.0341428 0.9993593
1403636637.663556 4.4067030 -2.6841252 6.9758735 -0.0232679 -0.0110419 -0.0323654 0.9991442
1403636637.963556 4.4069448 -2.8749416 7.1539741 -0.0128426 -0.0133540 -0.0338642 0.9992547
1403636638.363556 4.4079194 -2.9532740 7.4367480 -0.0128635 -0.0177093 -0.0278028 0.9993737
1403636638.663556 4.4306121 -2.9394081 7.6749468 -0.0471157 -0.0206590 -0.0204718 0.9984660
1403636638.913555 4.4737177 -3.0348802 7.9104815 -0.0262441 -0.0199249 -0.0266216 0.9991024
1403636639.113555 4.5146294 -3.1513517 8.1008444 -0.0226098 -0.0268547 -0.0082347 0.9993497
1403636639.313555 4.5856562 -3.2016258 8.3193026 -0.0247495 -0.0280507 -0.0041829 0.9992913
1403636639.513556 4.6913409 -3.2005455 8.5631618 -0.0234152 -0.0198588 -0.0295882 0.9990906
1403636639.713556 4.7965980 -3.1924233 8.8161488 -0.0115603 -0.0165175 -0.0429449 0.9988740
1403636639.913555 4.8832979 -3.2205880 9.0471401 -0.0040813 -0.0209504 -0.0329304 0.9992297
1403636640.163556 4.9837575 -3.2982337 9.2932644 -0.0019786 -0.0314950 -0.0397014 0.9987131
1403636640.463556 5.0942030 -3.4161520 9.5353441 -0.0033969 -0.0497664 -0.0487193 0.9975662
1403636640.813555 5.2108560 -3.4615445 9.8052855 -0.0073481 -0.0569291 -0.0514438 0.9970249
1403636641.263556 5.3294325 -3.5326278 10.0937700 -0.0058178 -0.0558236 -0.0506912 0.9971361
1403636641.813555 5.4644361 -3.5452466 10.4001122 -0.0057935 -0.0533908 -0.0472354 0.9974390
1403636642.363556 5.5940838 -3.7141337 10.5671759 0.0011027 -0.0176289 -0.0337598 0.9992739
1403636643.063555 5.7459669 -3.6838305 10.7392807 -0.0219771 0.0035918 -0.0218024 0.9995143
1403636643.813555 5.9410586 -3.8305774 10.9604874 -0.0405721 -0.0013902 -0.0256179 0.9988472
1403636644.163556 6.0441189 -3.9537578 11.1680460 -0.0483997 -0.0011814 -0.0286318 0.9984169
1403636644.363556 6.1010165 -4.0017548 11.3466892 -0.0201393 -0.0074258 -0.0078732 0.9997386
1403636644.613555 6.2044945 -4.0094562 11.5961123 -0.0005712 -0.0128165 0.0091229 0.9998761
1403636644.813555 6.3348069 -3.9540000 11.7917528 0.0012787 -0.0022006 -0.0195702 0.9998053
1403636645.063555 6.5047941 -3.8672628 12.0110197 -0.0254134 0.0034009 -0.0258413 0.9993372
1403636645.463556 6.7545891 -3.8944688 12.3938360 -0.0468903 0.0060495 -0.0246487 0.9985776
1403636645.713556 6.9022484 -3.9455171 12.7155762 -0.0373373 0.0073758 -0.0267734 0.9989167
1403636645.963556 7.0383601 -4.0576653 13.0558376 -0.0327535 0.0067970 -0.0214681 0.9992098
1403636646.263556 7.2204633 -4.2875710 13.4717770 -0.0109243 0.0471805 0.0114727 0.9987608
1403636646.513556 7.4157510 -4.4331465 13.8134041 0.0116062 0.1117229 0.0299312 0.9932207
1403636646.763556 7.6183615 -4.5899968 14.0889063 0.0088109 0.1484889 0.0308580 0.9883932
1403636647.013556 7.8111076 -4.7801795 14.2958679 0.0051744 0.1589641 0.0325409 0.9867344
1403636647.463556 8.1445885 -4.9892325 14.6311989 0.0004978 0.1530158 0.0353279 0.9875919
1403636647.913555 8.5042267 -5.1237679 14.8769445 0.0075857 0.1607875 0.0378832 0.9862326
1403636648.213556 8.7683764 -5.1244369 14.9931326 0.0067100 0.2192114 0.0565513 0.9740140
1403636648.413555 8.9505253 -5.0780110 15.0539913 0.0077577 0.2709693 0.0744609 0.9596723
1403636648.613555 9.1274014 -5.0121217 15.0982542 0.0079561 0.3187345 0.0913306 0.9434001
1403636648.813555 9.2899570 -4.9758401 15.1096039 -0.0071155 0.3439646 0.1004829 0.9335635
1403636649.113555 9.5288172 -5.0261712 15.0929050 -0.0168553 0.3526908 0.1014709 0.9300692
1403636649.363556 9.7368870 -5.1587877 15.0525990 0.0021349 0.3502943 0.0914219 0.9321649
1403636649.763556 10.0199680 -5.4433088 14.9449930 0.0110592 0.3487818 0.0954547 0.9322646
1403636650.263556 10.3117733 -5.5687666 14.7842999 0.0134636 0.3946809 0.1044800 0.9127594
1403636650.763556 10.5196333 -5.4097977 14.6046143 -0.0041225 0.4861250 0.1461470 0.8615721
1403636651.613555 10.6570625 -5.3962193 14.1712017 0.0054080 0.4889154 0.1392940 0.8611212
1403636652.263556 10.6317339 -5.1420069 13.7628937 0.0094973 0.5773090 0.1781515 0.7967975
1403636652.463556 10.6082449 -5.0070210 13.6013441 -0.0069380 0.6234646 0.2062912 0.7541139
1403636652.663556 10.5879946 -4.8996716 13.4483032 -0.0194146 0.6453076 0.2262173 0.7294017
1403636652.963556 10.6195755 -4.8425007 13.1953144 -0.0209774 0.6553146 0.2246503 0.7208710
1403636653.463556 10.7843542 -4.7346764 12.8170013 0.0000669 0.6518595 0.1934963 0.7332383
1403636654.213556 10.8799334 -4.6234198 12.3386269 0.0127360 0.6487347 0.1931756 0.7359784
1403636654.463556 10.8492231 -4.5770073 12.1837902 0.0046532 0.6751458 0.2039919 0.7089033
1403636654.663556 10.8040380 -4.5833240 12.0434856 0.0009534 0.6993269 0.2194861 0.6802696
1403636654.863556 10.7554674 -4.5632925 11.9183502 -0.0030716 0.7131020 0.2289043 0.6626303
1403636655.063555 10.7123280 -4.5182543 11.8095942 0.0061663 0.7237461 0.2203054 0.6539260
1403636655.513556 10.5463848 -4.3762941 11.6091576 0.0231847 0.7419029 0.2200581 0.6329432
1403636655.863556 10.3247776 -4.2425900 11.4549847 0.0092683 0.7629716 0.2602229 0.5916692
1403636656.063555 10.1992531 -4.1089654 11.3618774 0.0127825 0.7828166 0.2701384 0.5604106
1403636656.213556 10.1065140 -4.0385637 11.2696209 0.0063584 0.7924471 0.2720583 0.5458676
1403636656.413555 9.9901037 -3.9983828 11.1181116 0.0016723 0.7963352 0.2755925 0.5384201
1403636656.613555 9.8865499 -3.9988427 10.9422083 0.0001090 0.7969881 0.2716380 0.5394652
1403636656.863556 9.7736912 -3.9698768 10.7283754 0.0139080 0.8020530 0.2457540 0.5441714
1403636657.163556 9.6035290 -3.8535388 10.5193949 0.0257678 0.7991941 0.2415134 0.5498146
1403636657.563555 9.2780008 -3.7048359 10.2544079 0.0186191 0.7891230 0.2707615 0.5510231
1403636657.763556 9.1030197 -3.5997596 10.1094761 0.0189158 0.7898797 0.2723904 0.5491228
1403636657.963556 8.9262524 -3.4763560 9.9512043 0.0244540 0.7888798 0.2859685 0.5434085
1403636658.113555 8.7944689 -3.3976793 9.8012609 0.0155471 0.7921924 0.2831061 0.5404076
1403636658.263556 8.6675062 -3.3322520 9.6256275 0.0029106 0.7968047 0.2752696 0.5378851
1403636658.463556 8.5164604 -3.2255230 9.3902607 -0.0073605 0.7993864 0.2721581 0.5355905
1403636658.663556 8.3836985 -3.1009712 9.1717615 -0.0187190 0.8027058 0.2643107 0.5342779
1403636658.863556 8.2813311 -2.9717531 8.9745846 -0.0214131 0.8075508 0.2508129 0.5333818
1403636659.013556 8.2197723 -2.8736229 8.8507204 -0.0077314 0.8084611 0.2486986 0.5333666
1403636659.213556 8.1395826 -2.7321644 8.7161579 0.0039049 0.8098091 0.2440401 0.5335150
1403636659.363556 8.0707560 -2.6297421 8.6324253 0.0011816 0.8080470 0.2489756 0.5339193
1403636659.563555 7.9750519 -2.5319653 8.5262690 -0.0067975 0.8052758 0.2574359 0.5340519
1403636659.813555 7.8659010 -2.4155526 8.4195232 -0.0045789 0.8093603 0.2505186 0.5311829
1403636659.963556 7.8019161 -2.3231146 8.3798161 -0.0075159 0.8090854 0.2554450 0.5292184
1403636660.113555 7.7453632 -2.2234266 8.3525972 -0.0152422 0.8066293 0.2661186 0.5275394
1403636660.263556 7.6979980 -2.1136630 8.3379421 -0.0198116 0.8050635 0.2721487 0.5267022
1403636660.413555 7.6710091 -2.0201702 8.3228331 -0.0308841 0.8005236 0.2857003 0.5259121
1403636660.663556 7.6926155 -1.9028010 8.2863932 -0.0250321 0.8055744 0.2702112 0.5266964
1403636660.863556 7.7506061 -1.7847139 8.2795029 -0.0238138 0.8146175 0.2409975 0.5270213
1403636661.163556 7.8541007 -1.5847157 8.3585377 -0.0078699 0.8142545 0.2414652 0.5278468
1403636661.363556 7.9152837 -1.4759583 8.4476795 -0.0010545 0.8136001 0.2431020 0.5281621
1403636661.563555 7.9591942 -1.4171433 8.5461502 0.0005579 0.8120626 0.2466289 0.5288934
1403636661.963556 7.9985981 -1.4546860 8.7343330 0.0200300 0.8082145 0.2524322 0.5316634
1403636662.563555 7.8936739 -1.5867504 9.0044470 -0.0129278 0.8080431 0.2598735 0.5285498
1403636662.813555 7.8580880 -1.5859854 9.1548672 0.0169783 0.8030248 0.2774595 0.5271424
1403636663.013556 7.8297091 -1.5422498 9.2615452 0.0130443 0.7995561 0.2893056 0.5261580
1403636663.413555 7.8024569 -1.4466319 9.3382540 -0.0237804 0.8023196 0.2853560 0.5237266
1403636663.613555 7.8388662 -1.3564070 9.3596201 -0.0406346 0.8011611 0.2876883 0.5231876
1403636663.813555 7.9378624 -1.2636694 9.3826275 -0.0529122 0.8044471 0.2743960 0.5241870
1403636664.013556 8.1045818 -1.2254773 9.4144211 -0.0554161 0.8116655 0.2452601 0.5272340
1403636664.313555 8.4348450 -1.2705722 9.5393476 -0.0211580 0.8103333 0.2364221 0.5357397
1403636664.513556 8.6610718 -1.2470624 9.6903324 -0.0091102 0.8066647 0.2348867 0.5422521
1403636664.763556 8.9251690 -1.2230265 9.9191036 0.0025170 0.7984861 0.2410535 0.5516401
1403636665.013556 9.1579590 -1.2652375 10.1410770 -0.0038488 0.7915477 0.2474004 0.5587758
1403636665.263556 9.3787804 -1.3779342 10.3604202 0.0005690 0.7843506 0.2615712 0.5624717
1403636665.663556 9.7325859 -1.5758903 10.6660595 -0.0165634 0.7906102 0.2475244 0.5598150
1403636666.063555 10.0769024 -1.8127391 11.0062027 0.0181536 0.7913663 0.2553916 0.5551441
1403636666.413555 10.3211288 -1.9231424 11.3229418 0.0207213 0.7930080 0.2497613 0.5552731
1403636667.063555 10.6251621 -2.1698265 11.8084459 0.0070083 0.7737326 0.2901814 0.5631017
1403636667.463556 10.8503561 -2.1986494 12.0214367 -0.0039491 0.7886279 0.2427273 0.5649193
1403636667.963556 11.1110659 -2.2844329 12.3000870 0.0019141 0.7792063 0.2708778 0.5652072
1403636668.363556 11.3645010 -2.2691524 12.4826937 -0.0134766 0.7871335 0.2639111 0.5573061
1403636668.863556 11.7534542 -2.1662102 12.7634106 -0.0247154 0.8001707 0.2421183 0.5481740
1403636669.163556 12.0052776 -2.2227795 12.9771070 -0.0029986 0.8016009 0.2402546 0.5474530
1403636669.463556 12.2296038 -2.2819819 13.2499352 0.0027750 0.8029724 0.2385025 0.5462089
1403636669.713556 12.3813848 -2.3041878 13.5158577 0.0153435 0.8074254 0.2194152 0.5474356
1403636669.963556 12.4542818 -2.3905916 13.8062525 0.0531984 0.7925947 0.2535670 0.5519668
1403636670.463556 12.3176613 -2.5815597 14.1505451 0.0979421 0.7615324 0.2791736 0.5766611
1403636671.913555 10.0676365 -2.3796096 11.7770996 -0.0597931 0.5713558 0.2116148 0.7906938
1403636672.463556 9.7363605 -2.3841555 10.7555141 -0.0851246 0.5951791 0.1590687 0.7830790
1403636675.813555 11.1638632 -2.2934985 12.1670723 -0.0059830 0.4451238 0.1032966 0.8894711
1403636676.463556 11.6112213 -2.2804942 12.9922142 -0.0318975 0.3174432 0.0487843 0.9464843
1403636677.413555 11.9883509 -2.5341434 14.2808838 0.0034655 0.2346963 0.0318555 0.9715405
1403636677.863556 12.0047226 -2.6833825 14.7442513 0.0065676 0.1427604 0.0382654 0.9889955
1403636678.263556 12.0348978 -2.8103569 15.0138769 -0.0099357 0.0639578 -0.0001874 0.9979031
1403636678.663556 12.1066322 -2.9561329 15.2325802 -0.0118163 -0.0081001 -0.0306838 0.9994265
1403636679.763556 11.9198942 -3.1389236 15.6105270 -0.0064695 -0.2409651 -0.1062433 0.9646794
1403636680.163556 11.8572311 -3.3597913 15.5624924 0.0196499 -0.2361734 -0.1440555 0.9607726
1403636680.863556 11.5035343 -3.4069068 15.1163683 -0.0044879 -0.2276701 -0.1204615 0.9662480
1403636681.313555 11.1356144 -3.2183185 14.7922392 -0.0191478 -0.2278564 -0.1175045 0.9663889
1403636681.813555 10.6886044 -3.1026163 14.4547520 0.0000844 -0.2347201 -0.1182565 0.9648429
1403636682.263556 10.2804737 -3.0310500 14.0730772 -0.0078243 -0.2430771 -0.1107157 0.9636360
1403636682.813555 9.7974091 -2.8839841 13.6262627 0.0021983 -0.2360312 -0.1083724 0.9656810
1403636683.463556 9.2479258 -2.6943886 13.0066147 -0.0016013 -0.2384057 -0.1094388 0.9649784
1403636683.913555 8.8791037 -2.4484820 12.5506363 -0.0181596 -0.2433180 -0.1111780 0.9633826
1403636684.813555 8.2475586 -2.2410295 11.6383877 0.0000480 -0.2591546 -0.1002791 0.9606159
1403636685.363556 8.0189991 -2.0059934 11.0841846 -0.0075396 -0.2427006 -0.1249393 0.9619926
1403636685.813555 7.8035841 -1.8223658 10.6048326 -0.0048715 -0.2384918 -0.1201875 0.9636664
1403636686.263556 7.5574532 -1.5798637 10.1210766 -0.0161187 -0.2424198 -0.1085370 0.9639463
1403636686.763556 7.2883482 -1.4094374 9.6307907 -0.0205404 -0.2429454 -0.1092086 0.9636540
1403636687.213556 7.0616593 -1.3165108 9.2569094 -0.0124877 -0.2471067 -0.1044597 0.9632604
1403636687.713556 6.8616629 -1.1519222 8.9084969 -0.0048825 -0.2511140 -0.1020024 0.9625556
1403636688.163556 6.7462344 -0.8268795 8.6553307 -0.0035231 -0.2477342 -0.1160902 0.9618412
1403636688.613555 6.6353617 -0.5512155 8.3679123 -0.0060061 -0.2456169 -0.1237338 0.9614189
1403636689.063555 6.4700189 -0.2535881 8.0607014 -0.0154857 -0.2639227 -0.1250280 0.9562808
1403636690.063555 5.9228563 -0.2825380 7.4656305 -0.0446840 -0.2914757 -0.0966644 0.9506320
1403636690.713556 5.6218691 -0.4709803 7.5792513 -0.0381652 -0.2902372 -0.0885045 0.9520886
1403636691.113555 5.5615091 -0.4938766 7.8744774 0.0039995 -0.3063213 -0.0441968 0.9508932
1403636691.663556 6.0169373 -0.7404035 8.1692734 -0.0020874 -0.2947237 -0.1124231 0.9489440
1403636692.463556 6.8897667 -1.1963130 8.3193111 -0.0046954 -0.2890349 -0.1253313 0.9490674
1403636692.963556 7.3670540 -1.6004875 8.2629347 -0.0122185 -0.2710938 -0.1602824 0.9490355
1403636693.513556 7.6429753 -1.8396834 8.1880817 -0.0461874 -0.2840559 -0.1336892 0.9483176
1403636694.163556 7.6998515 -1.9815737 8.3986835 -0.0049259 -0.2928676 -0.1219861 0.9483268
1403636698.763556 7.1050534 -1.9319818 8.5217094 -0.0179605 -0.0669229 -0.0564058 0.9960006
1403636699.413555 6.7152781 -1.7369680 8.3491554 -0.0196854 0.1053685 0.0386075 0.9934885
1403636700.113555 6.6009216 -1.6169109 8.2244434 -0.0076869 0.2285351 0.0768510 0.9704672
1403636700.863556 6.7830358 -1.1808226 8.1432409 -0.0015485 0.2890022 0.0842834 0.9536098
1403636701.913555 7.2079153 -1.0933397 7.9025078 -0.0089668 0.2970712 0.0834684 0.9511579
1403636702.563555 7.5459085 -0.8351129 7.8807206 -0.0198090 0.3902420 0.1142025 0.9133874
1403636703.313555 7.9735975 -0.4643171 8.0954857 0.0034771 0.3856217 0.1329922 0.9130153
1403636704.063555 8.4613409 -0.4654174 8.1778584 0.0004640 0.3829256 0.1183494 0.9161665
1403636704.863556 9.0167589 -0.4065704 8.3184547 -0.0464321 0.3768492 0.1146976 0.9179723
1403636705.713556 9.8220968 -0.4500377 8.9827299 -0.0317665 0.3769570 0.1033584 0.9198974
1403636706.613555 10.7080393 -0.5937470 9.8599730 -0.0196752 0.3733326 0.0920144 0.9229133
1403636707.613555 11.5568151 -1.1649566 10.8990984 -0.0276471 0.3889689 0.1046036 0.9148754
1403636708.563555 12.4377155 -1.4726523 12.1898546 0.0106697 0.3667956 0.1288265 0.9212768
1403636709.413555 13.1316814 -1.6541169 13.0277166 -0.0097741 0.3998316 0.0900754 0.9120995
1403636710.113555 13.2965689 -1.8199188 13.7533779 -0.0129189 0.3918419 0.0880152 0.9157218
1403636710.813555 13.2520685 -1.8439312 14.5940342 0.0051240 0.3194111 0.0943802 0.9428906
1403636711.413555 13.1621504 -1.9147488 15.1236744 0.0050744 0.2699001 0.0480456 0.9616755
1403636712.813555 12.1046400 -2.4613316 15.3794928 0.0249398 0.2162914 0.0341320 0.9754133
1403636713.863556 10.9541931 -2.7337711 14.6988201 0.0018456 0.2057014 0.0656226 0.9764104
1403636714.613555 10.3739634 -2.6104312 14.0706348 -0.0198807 0.2060307 0.0616438 0.9763996
1403636716.863556 9.7172089 -2.4296892 12.7831917 -0.0036182 0.0739384 0.0014125 0.9972553
1403636717.963556 9.4317636 -2.1411004 11.9463778 -0.0075577 -0.0305800 -0.0652846 0.9973693
1403636719.113555 8.6003132 -1.6065136 11.1469517 -0.0076602 -0.1659157 -0.0874870 0.9822216
1403636719.913555 8.1994953 -1.2953713 10.6056948 -0.0100538 -0.1556620 -0.0710276 0.9852022
1403636720.613555 7.9944448 -1.0307596 10.1542530 -0.0163263 -0.1556114 -0.0691526 0.9852596
1403636722.263556 8.0223131 -0.7078446 9.3711205 -0.0061053 -0.0382146 -0.0425109 0.9983462
1403636723.763556 7.9282384 -0.4715063 8.5168438 0.0058641 0.0142418 -0.0230984 0.9996145
1403636725.913555 7.5670991 -0.6063719 7.3881068 -0.0127882 0.1163259 0.0187751 0.9929513
1403636727.063555 7.5158806 -0.6849961 7.0363050 0.0013177 0.0985413 0.0088638 0.9950926
1403636728.163556 7.3535967 -1.0459322 6.4072700 -0.0016503 0.1002799 -0.0045850 0.9949473
1403636729.313555 6.8668728 -0.9670852 5.7319784 0.0007199 0.0335982 -0.0224383 0.9991832
1403636730.363556 6.3407960 -0.7457221 4.9616756 -0.0145071 0.0280576 -0.0166513 0.9993623
1403636731.113555 5.9862251 -0.7331838 4.5931649 -0.0210897 0.0191933 0.0100023 0.9995433
1403636732.463556 5.9309769 -0.3787809 4.3912230 0.0023778 0.0301869 -0.0263852 0.9991931
1403636733.463556 5.6669168 -0.3167366 3.7597058 -0.0051811 0.0226480 -0.0242569 0.9994358
1403636734.263556 5.2697120 -0.2560186 3.1236973 -0.0031280 0.0214326 -0.0244190 0.9994671
1403636734.963556 4.8924170 -0.2046277 2.6064832 -0.0193730 0.0127908 -0.0218728 0.9994912
1403636735.663556 4.5653167 -0.1966279 2.2547824 -0.0166972 0.0229047 -0.0138398 0.9995024
1403636737.513556 3.7784927 -0.2179814 1.6894767 -0.0155911 -0.0444128 -0.0412072 0.9980413
1403636739.063555 3.4558017 -0.4702299 1.4822342 -0.0084710 0.0684775 0.0319471 0.9971051
1403636739.913555 3.7723310 -0.2632174 1.5938480 -0.0063041 0.2420383 0.0690520 0.9677859
1403636740.713556 4.0178638 0.0643461 1.6891220 -0.0039352 0.2299537 0.0614028 0.9712546
1403636741.413555 4.1640515 0.4817993 1.7458721 -0.0033545 0.2489557 0.0663121 0.9662362
1403636742.213556 4.2838025 0.8789421 1.8026751 -0.0290257 0.2470271 0.0576680 0.9668555
1403636742.863556 4.3883176 0.9396609 1.9384298 -0.0000157 0.2330025 0.0581034 0.9707388
1403636744.263556 4.9266286 1.4468070 2.6828027 0.0029193 0.2891248 0.0772638 0.9541638
1403636745.063555 5.2766299 2.1908083 3.2057300 -0.0043417 0.2899938 0.0810007 0.9535846
1403636745.863556 5.5878034 2.4115942 3.4218440 0.0043342 0.2949463 0.0680164 0.9530801
1403636746.663556 5.5036345 2.1780970 3.4489095 -0.0127734 0.3090882 0.0828183 0.9473344
1403636747.563555 5.3343668 1.9377220 3.6204913 -0.0090494 0.3063858 0.0754132 0.9488723
1403636748.913555 5.2192950 1.2218189 3.9420042 0.0045202 0.3158084 0.1064933 0.9428170
1403636749.813555 5.3721051 0.8791145 3.9457917 0.0071784 0.3340895 0.0777520 0.9393015
1403636751.763556 4.8642330 -0.1341521 3.3599653 -0.0084226 0.2858288 0.1020143 0.9527980
1403636752.713556 4.8653450 -0.6560693 3.1924348 -0.0052744 0.1994406 0.0429832 0.9789525
1403636755.513556 3.6334131 -0.6626159 2.4648566 -0.0220875 -0.0575969 -0.0592644 0.9963346
1403636756.463556 2.7539237 -0.5599397 1.9283588 -0.0010392 -0.0570096 -0.0536045 0.9969330
1403636757.413555 1.8508441 -0.3682373 1.2222377 -0.0024625 -0.0639567 -0.0560412 0.9963748
1403636758.313555 0.9188660 -0.3387954 0.5499242 -0.0028393 -0.1035975 -0.0594335 0.9928379
1403636759.263556 0.1676653 -0.1229181 0.3367325 -0.0084875 -0.1180942 -0.0119473 0.9928942
1403636759.763556 0.0972785 0.0829850 0.3326520 -0.0010577 -0.1069301 -0.0571980 0.9926194
1403636760.163556 0.0909184 0.1593869 0.2593242 -0.0288259 -0.1048906 -0.0598431 0.9922630
1403636761.263556 0.0347910 0.4540074 0.1517297 -0.0448564 -0.1048932 -0.0698316 0.9910141
1403636761.813555 -0.1123817 0.4519279 0.1819803 -0.0078995 -0.1118432 -0.0428622 0.9927696
1403636762.213556 -0.1572957 0.4123707 0.1791597 -0.0092361 -0.0940151 -0.0864605 0.9917663
1403636762.613555 -0.2701050 0.4421944 0.2026974 -0.0273353 -0.1126643 -0.0266868 0.9928985
1403636763.013556 -0.2697456 0.5553360 0.2440343 -0.0045377 -0.0900104 -0.0416111 0.9950608
1403636763.263556 -0.2379361 0.5312837 0.2446912 0.0003358 -0.0685776 -0.0104779 0.9975907
