1439804061.640717 0.000296196 -0.001716992 0.029431375 -0.000237834 -0.000491209 0.000954759 0.999999404
1439804061.703216 -0.000151309 -0.003439901 0.060187876 -0.000427067 -0.000564183 0.001692682 0.999998331
1439804061.765718 -0.000693049 -0.004278719 0.089272358 -0.000307580 -0.000698546 0.001943950 0.999997795
1439804061.828221 -0.000934321 -0.005808461 0.119050801 -0.000508921 -0.000753441 0.002841153 0.999995530
1439804061.890720 -0.002087641 -0.007453552 0.149890631 -0.001206298 -0.000473475 0.003132977 0.999994218
1439804061.953224 -0.002153806 -0.008903578 0.180065975 -0.001910028 -0.000673043 0.003372319 0.999992251
1439804062.015724 -0.002357194 -0.010247284 0.210221171 -0.002264214 -0.000902750 0.003693686 0.999990225
1439804062.078224 -0.002580861 -0.011733472 0.240734905 -0.002360142 -0.001177390 0.004131926 0.999988019
1439804062.140726 -0.002866645 -0.013360864 0.270775646 -0.002056835 -0.001268919 0.005021209 0.999984443
1439804062.203228 -0.002727832 -0.014850755 0.300912172 -0.001445521 -0.001653290 0.006138369 0.999978721
1439804062.265729 -0.002681112 -0.016330803 0.331147790 -0.000967113 -0.001991829 0.006661420 0.999975324
1439804062.328228 -0.003311986 -0.018195150 0.361302763 -0.000932009 -0.002241066 0.007118734 0.999971747
1439804062.390730 -0.003446471 -0.019702200 0.392108321 -0.000686537 -0.003245386 0.007868518 0.999963522
1439804062.453231 -0.004075319 -0.021485316 0.422148049 -0.001059517 -0.004207118 0.008735842 0.999952435
1439804062.515733 -0.004520132 -0.023483887 0.452743262 -0.001991259 -0.005319794 0.009199969 0.999941528
1439804062.578234 -0.005002698 -0.024469307 0.483114868 -0.002178938 -0.006465882 0.009027668 0.999935985
1439804062.640736 -0.005429446 -0.025850406 0.513264954 -0.002876183 -0.007068810 0.009463117 0.999926090
1439804062.703240 -0.006261533 -0.027386406 0.543736458 -0.003674670 -0.006869810 0.009739622 0.999922216
1439804062.765739 -0.006675596 -0.028928816 0.573998392 -0.004353972 -0.006391045 0.009342794 0.999926448
1439804062.828240 -0.007381069 -0.030167002 0.603958309 -0.004826210 -0.005116709 0.009700472 0.999928236
1439804062.890746 -0.007562745 -0.031619314 0.633743048 -0.005103911 -0.004372902 0.009548612 0.999931812
1439804062.953243 -0.007949755 -0.032901771 0.663727522 -0.005738103 -0.003752094 0.010450655 0.999921918
1439804063.015745 -0.007839097 -0.034167591 0.693606555 -0.007011373 -0.003205470 0.013518904 0.999878883
1439804063.078246 -0.007770126 -0.035519723 0.723538876 -0.007206919 -0.003002163 0.014513629 0.999864221
1439804063.140747 -0.007729223 -0.036906131 0.752862751 -0.006209658 -0.002975982 0.015680404 0.999853313
1439804063.203249 -0.007949159 -0.038435809 0.782503426 -0.004445958 -0.002497926 0.015058605 0.999873579
1439804063.265750 -0.008106194 -0.039869886 0.812454224 -0.001121645 -0.002094221 0.015393631 0.999878705
1439804063.328252 -0.008296943 -0.041432150 0.842343628 0.001399523 -0.001841370 0.016015215 0.999869108
1439804063.390754 -0.008406205 -0.043091636 0.872288764 0.001848702 -0.001732699 0.015761461 0.999872565
1439804063.453255 -0.008553404 -0.044535808 0.902832329 0.000743907 -0.001673711 0.015680371 0.999875367
1439804063.515756 -0.008749555 -0.045899864 0.933196783 -0.001385498 -0.001428031 0.015233367 0.999881983
1439804063.578258 -0.008856315 -0.047422029 0.963626921 -0.003602637 -0.001287134 0.015467667 0.999873042
1439804063.640759 -0.008981525 -0.049008608 0.993535221 -0.004806558 -0.001225724 0.016442744 0.999852479
1439804063.703260 -0.008975793 -0.050716724 1.023485541 -0.005029785 -0.001188352 0.017083185 0.999840677
1439804063.765762 -0.008797144 -0.051940210 1.054046988 -0.004316309 -0.001218076 0.017512307 0.999836564
1439804063.828262 -0.008767773 -0.053347208 1.084058523 -0.003592687 -0.001275736 0.017985921 0.999830961
1439804063.890765 -0.009346998 -0.055024877 1.113847971 -0.003116299 -0.001210747 0.018466871 0.999823868
1439804063.953266 -0.009147169 -0.056266028 1.144941926 -0.002781333 -0.001654283 0.019662743 0.999801457
1439804064.015766 -0.009244270 -0.058009945 1.175056458 -0.002955709 -0.002327617 0.020363823 0.999785542
1439804064.078266 -0.009600037 -0.059248753 1.205976725 -0.003019995 -0.003024240 0.020383796 0.999783099
1439804064.140767 -0.009884600 -0.060877085 1.236504912 -0.003184150 -0.003750436 0.020844229 0.999770641
1439804064.203267 -0.010162337 -0.062403742 1.266732216 -0.003126490 -0.004430670 0.021059789 0.999763489
1439804064.265768 -0.010761071 -0.063824512 1.297135353 -0.002945802 -0.004904599 0.021321494 0.999756277
1439804064.328270 -0.011204449 -0.065429963 1.327530742 -0.003060277 -0.005540390 0.020832516 0.999762952
1439804064.390769 -0.011765021 -0.066799939 1.357913494 -0.003051608 -0.006193524 0.020767257 0.999760509
1439804064.453270 -0.012176872 -0.068280429 1.387456417 -0.003348759 -0.006959760 0.020924689 0.999751210
1439804064.515771 -0.012625693 -0.069815308 1.417901874 -0.003888191 -0.007783036 0.021528943 0.999730349
1439804064.578271 -0.013466100 -0.071274623 1.448634744 -0.003977850 -0.008479615 0.021493657 0.999725163
1439804064.640772 -0.014194177 -0.072931826 1.478942752 -0.004125830 -0.009083163 0.021443263 0.999720275
1439804064.703274 -0.014458112 -0.074448518 1.509439826 -0.004160637 -0.010010045 0.021757074 0.999704480
1439804064.765776 -0.015075421 -0.076106302 1.540009260 -0.004329990 -0.011004361 0.021958157 0.999688923
1439804064.828276 -0.015798327 -0.077589713 1.570473909 -0.004470788 -0.012075814 0.022164794 0.999671400
1439804064.890778 -0.016671728 -0.079063766 1.601333022 -0.004296393 -0.013236053 0.021861633 0.999664128
1439804064.953283 -0.017677102 -0.080295317 1.631900311 -0.003975192 -0.014351840 0.021975152 0.999647617
1439804065.015780 -0.018468756 -0.081486471 1.662409425 -0.003126401 -0.015273368 0.022020236 0.999635994
1439804065.078285 -0.019472227 -0.083316892 1.693829894 -0.002686508 -0.015912943 0.021861278 0.999630749
1439804065.140787 -0.021114614 -0.085130423 1.725194693 -0.002029829 -0.015641553 0.020371607 0.999668062
1439804065.203286 -0.022148300 -0.086747482 1.756313443 -0.001194657 -0.015573425 0.019675585 0.999684393
1439804065.265786 -0.023467205 -0.088407367 1.787194729 -0.000782181 -0.015395124 0.019813996 0.999684870
1439804065.328288 -0.024073955 -0.090392813 1.818326831 -0.000857659 -0.015739581 0.019610427 0.999683440
1439804065.390790 -0.025319196 -0.091692016 1.850076318 -0.001024148 -0.016008835 0.020139273 0.999668479
1439804065.453292 -0.026286148 -0.093200319 1.881597042 -0.002032744 -0.016342454 0.021514772 0.999632895
1439804065.515795 -0.027063891 -0.094838753 1.913249254 -0.003054622 -0.016595835 0.023071278 0.999591410
1439804065.578293 -0.028168842 -0.095933624 1.944204569 -0.003344086 -0.016802059 0.023387915 0.999579668
1439804065.640795 -0.029805534 -0.097380832 1.976115584 -0.003048207 -0.016870447 0.021898828 0.999613225
1439804065.703300 -0.030769378 -0.098865956 2.007535219 -0.002280771 -0.017300127 0.021820439 0.999609590
1439804065.765804 -0.032254800 -0.100991465 2.039421558 -0.001952578 -0.017535530 0.021688640 0.999609053
1439804065.828298 -0.033671930 -0.101948634 2.070813894 -0.001747236 -0.017902941 0.021588484 0.999605119
1439804065.890797 -0.034576058 -0.103620067 2.102365971 -0.002649524 -0.018121537 0.020524414 0.999621630
1439804065.953305 -0.035956740 -0.104996286 2.134202719 -0.003503241 -0.018064016 0.020135218 0.999627888
1439804066.015799 -0.037424609 -0.106953971 2.166461229 -0.004203655 -0.018146113 0.020365709 0.999619067
1439804066.078300 -0.038699120 -0.108183175 2.198651552 -0.004163577 -0.018236754 0.020476338 0.999615312
1439804066.140806 -0.040409960 -0.110041022 2.230595827 -0.003878674 -0.018309519 0.021240503 0.999599218
1439804066.203304 -0.040756352 -0.111202560 2.263213396 -0.003592807 -0.018783819 0.020985121 0.999596834
1439804066.265804 -0.042960923 -0.112411596 2.296602011 -0.002938024 -0.018750716 0.021484882 0.999589026
1439804066.328306 -0.043862533 -0.113856040 2.328500748 -0.002868871 -0.018960580 0.020739224 0.999601007
1439804066.390807 -0.045068957 -0.115551911 2.360078573 -0.002956012 -0.019426242 0.020424260 0.999598265
1439804066.453308 -0.046621636 -0.117216460 2.393587351 -0.002618554 -0.019440502 0.020246523 0.999602556
1439804066.515811 -0.048386309 -0.118786842 2.426251173 -0.002162473 -0.019497257 0.020195371 0.999603570
1439804066.578311 -0.049744464 -0.120199457 2.458943129 -0.001887876 -0.019511215 0.019655662 0.999614656
1439804066.640813 -0.050990447 -0.121697135 2.491380215 -0.001633179 -0.019356053 0.018928826 0.999632120
1439804066.703315 -0.052272443 -0.123260118 2.523747683 -0.001283922 -0.019389069 0.019785075 0.999615431
1439804066.765814 -0.053575799 -0.125160545 2.556793928 -0.001251819 -0.019658845 0.020651331 0.999592662
1439804066.828316 -0.055583298 -0.126636982 2.589383364 -0.001028359 -0.019676402 0.021028789 0.999584675
1439804066.890822 -0.056903925 -0.128319129 2.622834206 -0.000687330 -0.019986054 0.021597300 0.999566734
1439804066.953317 -0.058478318 -0.129724219 2.655568838 -0.000480116 -0.020266933 0.022307331 0.999545574
1439804067.015820 -0.059925221 -0.131349742 2.688934326 -0.000640270 -0.020654626 0.022453459 0.999534309
1439804067.078321 -0.061132789 -0.133713931 2.720949173 -0.001499083 -0.021016361 0.022551052 0.999523640
1439804067.140821 -0.062469453 -0.135418937 2.754522800 -0.001931979 -0.021391295 0.021986324 0.999527514
1439804067.203321 -0.063406065 -0.136931896 2.788199663 -0.001844356 -0.021865878 0.022176996 0.999513209
1439804067.265824 -0.065914728 -0.138948217 2.820377111 -0.001481855 -0.021474982 0.021881800 0.999528766
1439804067.328326 -0.067579336 -0.140491709 2.853026628 -0.001057937 -0.021613048 0.022075953 0.999522090
1439804067.390825 -0.069402143 -0.142726421 2.886628151 -0.000855568 -0.021758549 0.021975012 0.999521375
1439804067.453328 -0.072265014 -0.146209404 2.919740438 -0.001441458 -0.021415770 0.021523274 0.999537885
1439804067.515828 -0.073039830 -0.146736950 2.952775717 -0.001207172 -0.021988081 0.022265859 0.999509513
1439804067.578330 -0.075035065 -0.148403406 2.985654593 -0.001350314 -0.022008568 0.022390567 0.999506116
1439804067.640830 -0.075757727 -0.150157169 3.018904209 -0.001394569 -0.022707963 0.022414519 0.999489903
1439804067.703331 -0.076879822 -0.151596546 3.052196026 -0.000978070 -0.023000993 0.022246802 0.999487400
1439804067.765833 -0.078577481 -0.153257504 3.084663868 -0.000884842 -0.023036815 0.022082103 0.999490321
1439804067.828334 -0.080717832 -0.154805616 3.118444204 -0.000998931 -0.023231104 0.022267245 0.999481618
1439804067.890834 -0.082954280 -0.156111807 3.151942492 -0.000697258 -0.023335652 0.021687012 0.999492168
1439804067.953337 -0.083850726 -0.158459723 3.184888601 -0.001178728 -0.024353318 0.020289816 0.999496818
1439804068.015838 -0.085520759 -0.160010710 3.218026161 -0.000687924 -0.025142809 0.018796317 0.999506891
1439804068.078339 -0.088097095 -0.162550077 3.251077652 -0.000664315 -0.025511669 0.018156407 0.999509394
1439804068.140839 -0.090249270 -0.164345935 3.284324646 -0.000101598 -0.026144091 0.017558360 0.999503970
1439804068.203344 -0.091832407 -0.166754350 3.317586184 0.000004074 -0.027021382 0.016108152 0.999505043
1439804068.265844 -0.094512478 -0.167408422 3.350629568 0.000636351 -0.026978014 0.015297661 0.999518752
1439804068.328343 -0.096123829 -0.169406340 3.383702993 -0.000155909 -0.027443347 0.014993159 0.999510884
1439804068.390849 -0.098073550 -0.170791298 3.417096853 -0.000375341 -0.027688820 0.015140530 0.999501884
1439804068.453346 -0.099910602 -0.172690898 3.450101852 -0.000597218 -0.027976474 0.015520020 0.999487877
1439804068.515847 -0.100722343 -0.174783126 3.483577967 -0.000810971 -0.028938103 0.016117245 0.999450922
1439804068.578348 -0.103194922 -0.176894709 3.517688990 -0.000686082 -0.029250814 0.016886279 0.999429226
1439804068.640851 -0.104971118 -0.178552821 3.551136255 -0.000296984 -0.030177481 0.018139938 0.999379873
1439804068.703350 -0.107058130 -0.180077225 3.584194422 -0.000186931 -0.030973615 0.018798163 0.999343395
1439804068.765852 -0.109136090 -0.182157874 3.617600203 -0.000544969 -0.031816289 0.018129958 0.999329150
1439804068.828353 -0.111646369 -0.184171602 3.650836945 -0.000608922 -0.032310463 0.017351188 0.999327064
1439804068.890854 -0.113904372 -0.185814127 3.684335232 -0.000118809 -0.032924797 0.016495774 0.999321699
1439804068.953355 -0.116298690 -0.187850252 3.717489243 0.000067507 -0.033717129 0.015380030 0.999313116
1439804069.015856 -0.118527859 -0.189953551 3.750560760 0.000046232 -0.034432285 0.013826405 0.999311388
1439804069.078362 -0.121339038 -0.191643834 3.784219027 -0.000276421 -0.034747407 0.012739780 0.999314904
1439804069.140862 -0.123947605 -0.193627000 3.817682743 -0.000710466 -0.035198893 0.012025100 0.999307692
1439804069.203362 -0.126275107 -0.195388302 3.850828886 -0.000671736 -0.035590287 0.011928700 0.999295056
1439804069.265865 -0.129088104 -0.197839409 3.884014130 -0.000247842 -0.035678405 0.011132096 0.999301255
1439804069.328363 -0.131512597 -0.199363187 3.916965246 0.001014600 -0.036073972 0.010868574 0.999289453
1439804069.390865 -0.134133384 -0.201244995 3.950524569 0.002110533 -0.036200449 0.010644934 0.999285579
1439804069.453367 -0.137413189 -0.203626215 3.983364820 0.002469225 -0.035645165 0.011103247 0.999299765
1439804069.515870 -0.138525441 -0.205236316 4.015809536 0.002660471 -0.036130365 0.011058121 0.999282360
1439804069.578370 -0.140634507 -0.206593663 4.048352242 0.002744292 -0.036105324 0.010408720 0.999289989
1439804069.640875 -0.143561319 -0.208836555 4.081769466 0.001696091 -0.035591144 0.009180848 0.999322832
1439804069.703373 -0.145816177 -0.210929483 4.114877224 0.000445958 -0.035549127 0.008594492 0.999330878
1439804069.765878 -0.148316100 -0.212929800 4.147996426 -0.000734667 -0.035344757 0.007645258 0.999345660
1439804069.828375 -0.151318938 -0.214883804 4.180564404 -0.001364273 -0.034826618 0.006936868 0.999368370
1439804069.890882 -0.153319672 -0.216537237 4.213934422 -0.001050952 -0.034793295 0.006909453 0.999370098
1439804069.953380 -0.155538291 -0.218496710 4.245768547 -0.000729784 -0.034746278 0.006105543 0.999377251
1439804070.015881 -0.157863617 -0.220515981 4.277946949 -0.000359905 -0.034588099 0.005556843 0.999386132
1439804070.078385 -0.160598367 -0.222211644 4.310783863 0.000037201 -0.034290712 0.004837653 0.999400198
1439804070.140884 -0.162743673 -0.224396259 4.343079090 -0.000022039 -0.034124956 0.004918179 0.999405444
1439804070.203386 -0.165349737 -0.225670993 4.375534058 -0.000096103 -0.033582535 0.005056010 0.999423146
1439804070.265885 -0.167402938 -0.227603912 4.408214092 -0.000584453 -0.033263199 0.005292916 0.999432445
1439804070.328384 -0.169692293 -0.229599342 4.440407753 -0.000915192 -0.033043187 0.005315599 0.999439359
1439804070.390887 -0.172045350 -0.230875716 4.472602367 -0.000749013 -0.032833718 0.004603320 0.999449968
1439804070.453386 -0.173892066 -0.233127952 4.504705429 -0.000749346 -0.033123925 0.004793135 0.999439478
1439804070.515888 -0.176313370 -0.234794527 4.537187099 -0.000792120 -0.032915510 0.005140647 0.999444604
1439804070.578389 -0.177939877 -0.236346766 4.570016861 -0.000957557 -0.033357330 0.006047357 0.999424696
1439804070.640887 -0.178516522 -0.236237958 4.606461048 0.000529429 -0.035005283 0.006236848 0.999367476
