1439803608.882460 -0.006888618 -0.000999382 0.018328235 -0.000357315 -0.023066092 0.000598820 0.999733686
1439803609.007461 -0.011275686 -0.001478547 0.029460270 -0.000745811 -0.035547495 0.000135993 0.999367714
1439803609.069960 -0.013462584 -0.001900437 0.035300773 -0.001080873 -0.042019501 -0.000318994 0.999116123
1439803609.132463 -0.016924130 -0.002171100 0.042565972 -0.001174256 -0.048020739 -0.000723479 0.998845398
1439803609.194962 -0.018524820 -0.002243561 0.048308495 -0.001411567 -0.054786310 -0.001317722 0.998496234
1439803609.257462 -0.021383010 -0.002454200 0.055420164 -0.001775595 -0.061256938 -0.001705334 0.998118997
1439803609.382465 -0.027175575 -0.003029967 0.066940896 -0.002913867 -0.073489994 -0.002181715 0.997289300
1439803609.444963 -0.030216798 -0.003344863 0.074403621 -0.003619259 -0.080055922 -0.001914476 0.996781945
1439803609.507464 -0.034712836 -0.002880533 0.083827190 -0.003955161 -0.085981309 -0.002829308 0.996284842
1439803609.632471 -0.040076382 -0.004032549 0.095298737 -0.005345222 -0.099488504 -0.002307636 0.995021701
1439803609.694965 -0.043035902 -0.004033757 0.102288783 -0.005451700 -0.105846442 -0.001970183 0.994365573
1439803609.757465 -0.046051107 -0.004686652 0.108911499 -0.005827364 -0.112080924 -0.001756689 0.993680477
1439803609.819968 -0.049443509 -0.005009911 0.115355112 -0.005842198 -0.118130051 -0.001617792 0.992979646
1439803609.882467 -0.052737728 -0.005234627 0.122182265 -0.005915659 -0.124503538 -0.001427045 0.992200494
1439803609.944967 -0.056039829 -0.005715288 0.127891630 -0.006089585 -0.130751371 -0.001292494 0.991395652
1439803610.007470 -0.060335934 -0.006158585 0.134501129 -0.006499038 -0.135680258 -0.002777251 0.990727425
1439803610.069969 -0.063951582 -0.006504930 0.141027436 -0.006692763 -0.140739903 -0.003456317 0.990017951
1439803610.132468 -0.067313470 -0.006477982 0.147936136 -0.006635085 -0.145717502 -0.003368556 0.989298284
1439803610.194970 -0.070629910 -0.006678990 0.154278472 -0.006775468 -0.150838569 -0.003338722 0.988529563
1439803610.257471 -0.074613512 -0.006926034 0.160613775 -0.006989287 -0.155622542 -0.003606320 0.987785280
1439803610.319972 -0.077766024 -0.006805933 0.167431563 -0.006922032 -0.161011577 -0.003371029 0.986922503
1439803610.382472 -0.081759825 -0.007031218 0.173824608 -0.006828845 -0.165752709 -0.003383785 0.986137867
1439803610.444972 -0.085536532 -0.007392434 0.180081800 -0.006876899 -0.170481294 -0.003232806 0.985331595
1439803610.507476 -0.089083582 -0.007719433 0.186465517 -0.006910651 -0.175363675 -0.003125211 0.984474480
1439803610.569974 -0.093343191 -0.007670698 0.192420095 -0.006563028 -0.179810897 -0.003464885 0.983673215
1439803610.632474 -0.097133696 -0.008124682 0.198389128 -0.006587744 -0.184494913 -0.003503920 0.982805133
1439803610.694978 -0.100542329 -0.008748891 0.204041466 -0.006469951 -0.189203560 -0.003674735 0.981909692
1439803610.757476 -0.105014943 -0.009456050 0.209989443 -0.006247080 -0.193005025 -0.004142762 0.981169164
1439803610.819978 -0.108410031 -0.009556665 0.215878978 -0.005745350 -0.197314739 -0.004187935 0.980314434
1439803610.882480 -0.112332620 -0.009988560 0.221966594 -0.005435351 -0.201401934 -0.004387906 0.979483783
1439803610.944980 -0.115936220 -0.010493617 0.227818951 -0.005348019 -0.205609739 -0.004469100 0.978609264
1439803611.007481 -0.120146804 -0.011022041 0.233320698 -0.005308813 -0.209151432 -0.004712718 0.977857471
1439803611.069983 -0.123904780 -0.011504344 0.239033505 -0.005175488 -0.212876067 -0.004427359 0.977055490
1439803611.132483 -0.127806440 -0.012050046 0.244767100 -0.004948513 -0.216408268 -0.004302072 0.976280928
1439803611.194984 -0.131423995 -0.012028504 0.250966698 -0.004326070 -0.220263526 -0.003948373 0.975422800
1439803611.257485 -0.135854885 -0.012367770 0.256446689 -0.003980935 -0.223447874 -0.004168532 0.974698842
1439803611.319988 -0.139303327 -0.013041648 0.262149125 -0.003733665 -0.227206230 -0.004588674 0.973828673
1439803611.382487 -0.143661484 -0.012922183 0.267697752 -0.003093451 -0.230387077 -0.004639300 0.973083079
1439803611.444988 -0.147368670 -0.013220349 0.273322195 -0.002666070 -0.233846188 -0.004630093 0.972258925
1439803611.507491 -0.151406869 -0.013326928 0.279034585 -0.002239058 -0.237111345 -0.004517896 0.971469402
1439803611.569991 -0.155340239 -0.013789834 0.284682006 -0.002092268 -0.240251482 -0.004613208 0.970697463
1439803611.632491 -0.159413472 -0.013974580 0.290341735 -0.001883719 -0.243083626 -0.004656680 0.969992340
1439803611.694994 -0.163876608 -0.014527952 0.295785040 -0.001816878 -0.245272130 -0.005012270 0.969439626
1439803611.757494 -0.167806372 -0.014933745 0.301382452 -0.001668039 -0.247638568 -0.004922965 0.968838513
1439803611.820001 -0.171634004 -0.015138432 0.306998104 -0.001327317 -0.250108063 -0.005014531 0.968204021
1439803611.882497 -0.175742254 -0.015655527 0.312391609 -0.001262653 -0.252345562 -0.005243051 0.967622161
1439803611.944998 -0.179476961 -0.015940811 0.317949712 -0.001273271 -0.254832119 -0.005097844 0.966971040
1439803612.007499 -0.183538705 -0.016111555 0.323554575 -0.001226995 -0.257113248 -0.005023449 0.966367424
1439803612.070000 -0.187288493 -0.016488234 0.329019040 -0.001362237 -0.259330660 -0.004955854 0.965774894
1439803612.132502 -0.191209599 -0.016773328 0.334158778 -0.001482410 -0.261227995 -0.004950396 0.965263307
1439803612.195003 -0.194744930 -0.016770363 0.339038461 -0.001418305 -0.263184935 -0.004660673 0.964733124
1439803612.257506 -0.198394269 -0.016977355 0.343667150 -0.001447303 -0.265028059 -0.004519354 0.964228988
1439803612.320006 -0.201592460 -0.017422050 0.348186076 -0.001551083 -0.267104298 -0.004344286 0.963656604
1439803612.382507 -0.205214709 -0.017570246 0.352605969 -0.001314196 -0.268871516 -0.004303647 0.963165522
1439803612.445011 -0.208257273 -0.017938355 0.356660515 -0.001273423 -0.270657301 -0.004072979 0.962666333
1439803612.507510 -0.211285204 -0.018350150 0.360858113 -0.001178801 -0.272548079 -0.004359209 0.962131560
1439803612.570011 -0.214347303 -0.018495966 0.364939064 -0.000986441 -0.274468780 -0.004539180 0.961584806
1439803612.632512 -0.217527300 -0.018672217 0.368891567 -0.000860709 -0.276329607 -0.004791787 0.961050570
1439803612.695014 -0.220662102 -0.018949131 0.372801006 -0.000792734 -0.278232157 -0.005113270 0.960499942
1439803612.757515 -0.223869413 -0.019152010 0.376548082 -0.000623237 -0.279969931 -0.005439503 0.959993184
1439803612.820019 -0.227040991 -0.019334616 0.380248010 -0.000406793 -0.281560898 -0.005933628 0.959524930
1439803612.882519 -0.230037466 -0.019541778 0.383889556 -0.000234498 -0.283105493 -0.006395340 0.959067464
1439803612.945018 -0.233089894 -0.019837253 0.387385845 -0.000099236 -0.284579664 -0.006975014 0.958627045
1439803613.007520 -0.236140922 -0.020102287 0.390752047 0.000141014 -0.286086142 -0.007664599 0.958173275
1439803613.070021 -0.238975063 -0.020339176 0.393884033 0.000334368 -0.287605464 -0.008052311 0.957715094
1439803613.132523 -0.241682410 -0.020467294 0.397051573 0.000559321 -0.289060533 -0.008367294 0.957274079
1439803613.195024 -0.244422898 -0.020623475 0.400164187 0.000766205 -0.290299624 -0.008512658 0.956897616
1439803613.257525 -0.246894404 -0.020895105 0.403417945 0.000798728 -0.291657060 -0.008508086 0.956484795
1439803613.320026 -0.249421641 -0.021005286 0.406388521 0.000845906 -0.292889953 -0.008437522 0.956108570
1439803613.382527 -0.252011091 -0.021220192 0.409579635 0.000810285 -0.294258416 -0.008477173 0.955687940
1439803613.445028 -0.254568309 -0.021391446 0.412402719 0.000894949 -0.295503318 -0.008650928 0.955302119
1439803613.507530 -0.257085621 -0.021602085 0.415351123 0.000818982 -0.296720773 -0.008994816 0.954921544
1439803613.570031 -0.259399861 -0.021813121 0.418042809 0.000688657 -0.297861636 -0.009296499 0.954563558
1439803613.632532 -0.261983931 -0.021949075 0.420803487 0.000582508 -0.298836619 -0.009502246 0.954256833
1439803613.695033 -0.264106929 -0.022056215 0.423343152 0.000574952 -0.299958706 -0.009629243 0.953903437
1439803613.757535 -0.266360760 -0.022219425 0.425877720 0.000482201 -0.300980479 -0.009659866 0.953581274
1439803613.820038 -0.268468827 -0.022338958 0.428399116 0.000381838 -0.302004486 -0.009668840 0.953257382
1439803613.882538 -0.270488471 -0.022457523 0.430627286 0.000316628 -0.302876234 -0.009913273 0.952978253
1439803613.945043 -0.272486687 -0.022601994 0.432859063 0.000203959 -0.303733289 -0.010068415 0.952703893
1439803614.007540 -0.274413913 -0.022713609 0.435132951 0.000119905 -0.304599196 -0.010137922 0.952426672
1439803614.070041 -0.276236773 -0.022817604 0.437244952 0.000016783 -0.305462867 -0.010211522 0.952149212
1439803614.132543 -0.278022796 -0.022987152 0.439320326 -0.000139586 -0.306223840 -0.010143700 0.951905489
1439803614.195044 -0.279731780 -0.023051411 0.441359431 -0.000235639 -0.306955367 -0.010096959 0.951670349
1439803614.257545 -0.281400234 -0.023268638 0.443360150 -0.000400850 -0.307585955 -0.010009385 0.951467574
1439803614.320046 -0.282978028 -0.023315093 0.445146739 -0.000404587 -0.308144867 -0.009881381 0.951288044
1439803614.382549 -0.284551591 -0.023467489 0.447049856 -0.000506964 -0.308747143 -0.009819985 0.951093316
1439803614.445051 -0.286048979 -0.023554981 0.448906839 -0.000543749 -0.309403718 -0.009756120 0.950880587
1439803614.507550 -0.287676364 -0.023677502 0.450601339 -0.000555240 -0.309926867 -0.009873522 0.950708985
1439803614.570055 -0.289065063 -0.023834296 0.452298790 -0.000614297 -0.310546070 -0.009844500 0.950507164
1439803614.632556 -0.290534765 -0.023910590 0.453960896 -0.000583022 -0.311042756 -0.009956599 0.950343609
1439803614.695056 -0.291875780 -0.024068959 0.455576867 -0.000655761 -0.311655402 -0.009870350 0.950143695
1439803614.757557 -0.293237150 -0.024134036 0.457164735 -0.000591368 -0.312190980 -0.009949503 0.949967086
1439803614.820057 -0.294604301 -0.024302967 0.458742678 -0.000647275 -0.312734097 -0.009980646 0.949788094
1439803614.882559 -0.295998454 -0.024370534 0.460217595 -0.000607700 -0.313162416 -0.010100376 0.949645698
1439803614.945059 -0.297253221 -0.024529029 0.461599201 -0.000717345 -0.313619226 -0.010252889 0.949493229
1439803615.007561 -0.298466384 -0.024633521 0.462921888 -0.000747053 -0.314060122 -0.010305533 0.949346900
1439803615.070062 -0.299554706 -0.024626598 0.464116991 -0.000687968 -0.314492464 -0.010378991 0.949203014
1439803615.132563 -0.300559461 -0.024788273 0.465363145 -0.000721482 -0.314889073 -0.010330295 0.949072003
1439803615.195064 -0.301537335 -0.024837302 0.466399103 -0.000704904 -0.315205365 -0.010406215 0.948966205
1439803615.257571 -0.302409291 -0.024936076 0.467481941 -0.000761404 -0.315586120 -0.010371172 0.948839962
1439803615.320080 -0.303196907 -0.024951667 0.468354851 -0.000739944 -0.315856993 -0.010389122 0.948749661
1439803615.382569 -0.303909391 -0.025060147 0.469248265 -0.000752594 -0.316207200 -0.010331468 0.948633611
1439803615.445069 -0.304679394 -0.025076937 0.470124334 -0.000757625 -0.316518664 -0.010316864 0.948529840
1439803615.507571 -0.305444419 -0.025154807 0.470824391 -0.000749516 -0.316730708 -0.010438320 0.948457778
1439803615.570072 -0.306041270 -0.025207575 0.471592396 -0.000803217 -0.317014009 -0.010375137 0.948363781
1439803615.632575 -0.306606412 -0.025252119 0.472241849 -0.000785716 -0.317207605 -0.010419403 0.948298573
1439803615.695074 -0.307311475 -0.025414811 0.472847492 -0.000829485 -0.317321450 -0.010499578 0.948259532
1439803615.757575 -0.307748318 -0.025406493 0.473340809 -0.000778545 -0.317476183 -0.010510806 0.948207676
1439803615.820077 -0.308272153 -0.025448635 0.473893613 -0.000728189 -0.317619979 -0.010418001 0.948160589
1439803615.882579 -0.308746964 -0.025605783 0.474400938 -0.000671169 -0.317812413 -0.010219682 0.948098302
1439803615.945079 -0.309359938 -0.025631141 0.474939972 -0.000585537 -0.317975253 -0.010247733 0.948043466
1439803616.007581 -0.309834033 -0.025612546 0.475446939 -0.000610528 -0.318214148 -0.010129079 0.947964549
1439803616.070082 -0.310389370 -0.025681039 0.476074845 -0.000649100 -0.318449289 -0.010022189 0.947886705
1439803616.132584 -0.310980499 -0.025713783 0.476796538 -0.000655162 -0.318772525 -0.009914537 0.947779179
1439803616.195085 -0.311665624 -0.025741894 0.477566957 -0.000625055 -0.319087923 -0.009965613 0.947672486
1439803616.257585 -0.312352002 -0.025785638 0.478339821 -0.000645304 -0.319489837 -0.009898111 0.947537780
1439803616.320087 -0.313087314 -0.025840815 0.479171038 -0.000628137 -0.319925129 -0.010010913 0.947389722
1439803616.382589 -0.313912123 -0.025866756 0.480003119 -0.000654702 -0.320375919 -0.009987153 0.947237611
1439803616.445089 -0.314938456 -0.025930675 0.480929673 -0.000594738 -0.320754260 -0.010119842 0.947108209
1439803616.507590 -0.315809906 -0.026009219 0.481992245 -0.000718034 -0.321217060 -0.010215892 0.946950257
1439803616.570092 -0.316658556 -0.026050502 0.482853413 -0.000808844 -0.321607828 -0.010257145 0.946817040
1439803616.632593 -0.317417234 -0.026137054 0.483712435 -0.000860759 -0.322023511 -0.010350960 0.946674705
1439803616.695098 -0.318213344 -0.026153466 0.484524816 -0.000837231 -0.322388619 -0.010370058 0.946550250
1439803616.757596 -0.318801224 -0.026194464 0.485116392 -0.000821180 -0.322730571 -0.010390096 0.946433485
1439803616.820097 -0.319334000 -0.026238587 0.485684663 -0.000855774 -0.323005915 -0.010458818 0.946338773
1439803616.882598 -0.319802225 -0.026283748 0.486120880 -0.000845578 -0.323199302 -0.010451104 0.946272850
1439803616.945100 -0.320161223 -0.026333090 0.486459196 -0.000787157 -0.323335856 -0.010563615 0.946224988
1439803617.070104 -0.320696145 -0.026331333 0.486933887 -0.000769712 -0.323544353 -0.010541940 0.946153998
1439803617.132604 -0.320787579 -0.026366346 0.487180054 -0.000787771 -0.323673487 -0.010470702 0.946110547
1439803617.195103 -0.320868552 -0.026381467 0.487274826 -0.000773766 -0.323700011 -0.010450155 0.946101725
1439803617.257605 -0.320951015 -0.026356347 0.487344921 -0.000740112 -0.323685318 -0.010536833 0.946105838
1439803617.320106 -0.320852876 -0.026363702 0.487369329 -0.000738995 -0.323707879 -0.010426605 0.946099281
1439803617.382604 -0.320757300 -0.026388902 0.487458825 -0.000694816 -0.323767871 -0.010319666 0.946080029
1439803617.507604 -0.320770353 -0.026364287 0.488100529 -0.000785335 -0.323877484 -0.010139789 0.946044326
1439803617.570108 -0.320814878 -0.026291717 0.488510787 -0.000818244 -0.323896319 -0.010152561 0.946037769
1439803617.632606 -0.320905745 -0.026254587 0.488870621 -0.000759900 -0.323909909 -0.010207213 0.946032524
1439803617.695106 -0.321086258 -0.026148831 0.489661872 -0.000661593 -0.323941499 -0.010128669 0.946022630
1439803617.757607 -0.321073353 -0.026149387 0.490158588 -0.000684330 -0.324033141 -0.009998522 0.945992649
1439803617.820108 -0.320991695 -0.026123421 0.490581602 -0.000714367 -0.324138343 -0.009900751 0.945957601
1439803617.945110 -0.321252555 -0.025959576 0.491734326 -0.000661783 -0.324133456 -0.010048999 0.945957780
1439803618.007609 -0.321357369 -0.025906345 0.492509931 -0.000649313 -0.324217111 -0.009900286 0.945930660
1439803618.070110 -0.321320027 -0.025918296 0.492305040 -0.000635785 -0.324235886 -0.009887703 0.945924401
1439803618.132609 -0.321407944 -0.025802635 0.492479920 -0.000543386 -0.324196577 -0.010019381 0.945936561
1439803618.257610 -0.320787340 -0.026331425 0.487298280 -0.000779574 -0.323757112 -0.010311108 0.946083724
1439803618.320111 -0.320785284 -0.026317876 0.487347126 -0.000772720 -0.323784411 -0.010310944 0.946074367
1439803618.382615 -0.320757002 -0.026273534 0.487480581 -0.000717435 -0.323824108 -0.010333796 0.946060598
1439803618.445113 -0.320779741 -0.026299870 0.487092227 -0.000678491 -0.323743731 -0.010421669 0.946087122
1439803618.507613 -0.320832133 -0.026262678 0.487084568 -0.000649100 -0.323704004 -0.010491098 0.946099997
1439803618.570115 -0.320785314 -0.026293436 0.487078875 -0.000679260 -0.323735446 -0.010463875 0.946089506
1439803618.632617 -0.320793092 -0.026270654 0.487214416 -0.000687829 -0.323757678 -0.010439877 0.946082175
1439803618.695117 -0.320786059 -0.026268357 0.487082809 -0.000664073 -0.323746264 -0.010460529 0.946085870
1439803618.757619 -0.320797712 -0.026239626 0.487258106 -0.000650535 -0.323775172 -0.010416329 0.946076453
1439803618.820120 -0.320813417 -0.026312720 0.487310708 -0.000652640 -0.323778421 -0.010427858 0.946075261
1439803618.882622 -0.320809305 -0.026281036 0.487145990 -0.000627651 -0.323752970 -0.010482951 0.946083367
1439803618.945123 -0.320858657 -0.026314363 0.487255394 -0.000675320 -0.323768854 -0.010437780 0.946078420
1439803619.007625 -0.320790708 -0.026271112 0.487241596 -0.000667914 -0.323780060 -0.010407494 0.946074903
1439803619.070126 -0.320808291 -0.026298344 0.487307012 -0.000671834 -0.323780328 -0.010405285 0.946074784
1439803619.132631 -0.320773244 -0.026257288 0.487320751 -0.000658084 -0.323799670 -0.010378028 0.946068525
1439803619.195128 -0.320771366 -0.026254548 0.487406850 -0.000669820 -0.323813081 -0.010354150 0.946064174
1439803619.257630 -0.320785493 -0.026299983 0.487398595 -0.000692044 -0.323815346 -0.010364972 0.946063280
1439803619.320133 -0.320770025 -0.026273429 0.487257659 -0.000672064 -0.323806226 -0.010410535 0.946065903
1439803619.382635 -0.320794821 -0.026302209 0.487410754 -0.000669547 -0.323819399 -0.010371269 0.946061850
1439803619.445134 -0.320812702 -0.026296016 0.487352759 -0.000665267 -0.323791206 -0.010390727 0.946071267
1439803619.507635 -0.320838243 -0.026287315 0.487405419 -0.000646195 -0.323791981 -0.010433911 0.946070552
1439803619.570137 -0.320821047 -0.026324868 0.487341464 -0.000705576 -0.323797762 -0.010341989 0.946069539
1439803619.632638 -0.320848823 -0.026338097 0.487385303 -0.000698039 -0.323798686 -0.010375542 0.946068883
1439803619.695139 -0.320852220 -0.026314598 0.487324864 -0.000671887 -0.323787242 -0.010405982 0.946072459
1439803619.757640 -0.320787609 -0.026327714 0.487387449 -0.000673204 -0.323831022 -0.010362658 0.946057975
1439803619.820142 -0.320809722 -0.026300611 0.487467706 -0.000668481 -0.323827773 -0.010377056 0.946058869
1439803619.882646 -0.320851028 -0.026314190 0.487416983 -0.000665506 -0.323806524 -0.010414543 0.946065784
1439803619.945144 -0.320835054 -0.026308423 0.487215966 -0.000664840 -0.323768318 -0.010415471 0.946078777
1439803620.007646 -0.320823580 -0.026275937 0.487335742 -0.000662718 -0.323780119 -0.010409432 0.946074843
1439803620.070147 -0.320772439 -0.026255384 0.487251639 -0.000655048 -0.323767155 -0.010430844 0.946079075
1439803620.132649 -0.320860714 -0.026261590 0.487361073 -0.000635779 -0.323754787 -0.010427770 0.946083367
1439803620.195150 -0.320832431 -0.026264675 0.487277746 -0.000644408 -0.323760241 -0.010461100 0.946081102
1439803620.257652 -0.320834935 -0.026277866 0.487266392 -0.000648306 -0.323748022 -0.010426505 0.946085632
1439803620.320157 -0.320828944 -0.026248820 0.487295061 -0.000657567 -0.323767036 -0.010409839 0.946079373
1439803620.382654 -0.320817351 -0.026374137 0.487328559 -0.000695122 -0.323784113 -0.010363276 0.946073949
1439803620.445155 -0.320759803 -0.026301125 0.487351120 -0.000696469 -0.323799640 -0.010321132 0.946069121
1439803620.507657 -0.320786655 -0.026297245 0.487418383 -0.000674093 -0.323787242 -0.010327958 0.946073294
1439803620.570160 -0.320806354 -0.026315320 0.487390250 -0.000692768 -0.323790103 -0.010326000 0.946072340
1439803620.632664 -0.320778608 -0.026297886 0.487305045 -0.000688492 -0.323775440 -0.010348101 0.946077108
1439803620.695161 -0.320803523 -0.026302300 0.487340331 -0.000681086 -0.323775917 -0.010351739 0.946076930
1439803620.757665 -0.320770949 -0.026290754 0.487331808 -0.000687698 -0.323801637 -0.010318508 0.946068466
1439803620.820164 -0.320781946 -0.026320752 0.487244457 -0.000703383 -0.323785007 -0.010319190 0.946074128
1439803620.882665 -0.320792794 -0.026260616 0.487341523 -0.000671252 -0.323789477 -0.010354664 0.946072280
1439803620.945167 -0.320809335 -0.026289467 0.487331748 -0.000696844 -0.323790103 -0.010314178 0.946072459
1439803621.007668 -0.320765942 -0.026271619 0.487160265 -0.000674019 -0.323785126 -0.010370662 0.946073592
1439803621.070169 -0.320793390 -0.026262846 0.487345934 -0.000688149 -0.323812455 -0.010312665 0.946064830
1439803621.132674 -0.320805401 -0.026275132 0.487188280 -0.000710389 -0.323832512 -0.010223056 0.946058929
1439803621.195175 -0.320784450 -0.026292050 0.487155557 -0.000727148 -0.323860288 -0.010198512 0.946049690
1439803621.257673 -0.320820183 -0.026315410 0.487314343 -0.000742185 -0.323884815 -0.010210169 0.946041167
1439803621.320174 -0.320806324 -0.026315115 0.487227291 -0.000739968 -0.323885739 -0.010223109 0.946040690
1439803621.382681 -0.320855230 -0.026326155 0.487328351 -0.000725924 -0.323912948 -0.010235337 0.946031272
1439803621.445176 -0.320832759 -0.026326234 0.487308621 -0.000740593 -0.323934913 -0.010207057 0.946024001
1439803621.507678 -0.320834398 -0.026281241 0.487155795 -0.000732143 -0.323914111 -0.010251354 0.946030676
1439803621.570179 -0.320810527 -0.026299080 0.487265408 -0.000735827 -0.323943108 -0.010234281 0.946020961
1439803621.632680 -0.320786387 -0.026314687 0.487233371 -0.000756473 -0.323938310 -0.010232328 0.946022570
1439803621.757682 -0.320823878 -0.026308889 0.487337768 -0.000742192 -0.323961735 -0.010251240 0.946014345
1439803621.820184 -0.320814610 -0.026343187 0.487244159 -0.000754810 -0.323961020 -0.010232376 0.946014822
1439803621.882684 -0.320751518 -0.026303291 0.487257123 -0.000738069 -0.323993146 -0.010207451 0.946004093
1439803621.945190 -0.320814371 -0.026304916 0.487237960 -0.000738370 -0.323991239 -0.010201422 0.946004808
1439803622.070187 -0.320822269 -0.026287183 0.487204731 -0.000751151 -0.324002236 -0.010197802 0.946001053
1439803622.132691 -0.320793748 -0.026298024 0.487174064 -0.000777483 -0.324026853 -0.010141496 0.945993185
1439803622.195190 -0.320755869 -0.026310127 0.487138003 -0.000796185 -0.324080527 -0.010094638 0.945975304
1439803622.257692 -0.320816755 -0.026276689 0.487139404 -0.000773184 -0.324086964 -0.010108120 0.945972979
1439803622.320194 -0.320837945 -0.026257057 0.487200469 -0.000777182 -0.324105501 -0.010119614 0.945966482
1439803622.445196 -0.320793360 -0.026257468 0.487202436 -0.000774607 -0.324165881 -0.010084709 0.945946217
1439803622.507695 -0.320847124 -0.026256830 0.487189949 -0.000787370 -0.324122936 -0.010120797 0.945960522
1439803622.570196 -0.320818603 -0.026283707 0.487203628 -0.000783189 -0.324110657 -0.010135937 0.945964575
1439803622.632697 -0.320808589 -0.026299456 0.487241745 -0.000810150 -0.324152112 -0.010091419 0.945950806
1439803622.695198 -0.320818782 -0.026249208 0.487242132 -0.000810512 -0.324153692 -0.010074481 0.945950449
1439803622.757700 -0.320901304 -0.026227122 0.487228006 -0.000779804 -0.324117243 -0.010103280 0.945962667
1439803622.882704 -0.320879221 -0.026256220 0.487231582 -0.000778053 -0.324146360 -0.010156204 0.945952117
1439803622.945204 -0.320883483 -0.026203068 0.487257063 -0.000751700 -0.324161142 -0.010124366 0.945947409
1439803623.007703 -0.320847988 -0.026264710 0.487183660 -0.000788761 -0.324182987 -0.010118386 0.945939958
1439803623.070207 -0.320893526 -0.026221532 0.487272888 -0.000800524 -0.324161828 -0.010048341 0.945947945
1439803623.132708 -0.320833117 -0.026246242 0.487272799 -0.000788280 -0.324173331 -0.010117168 0.945943296
1439803623.257707 -0.320732266 -0.026245827 0.487137169 -0.000760001 -0.324163049 -0.010172118 0.945946217
1439803623.320209 -0.320775598 -0.026284967 0.487111747 -0.000802077 -0.324183315 -0.010142075 0.945939541
1439803623.382710 -0.320763618 -0.026247017 0.487139314 -0.000803105 -0.324188411 -0.010141500 0.945937812
1439803623.445211 -0.320789158 -0.026245188 0.487166613 -0.000827793 -0.324173093 -0.010188071 0.945942581
1439803623.507713 -0.320736945 -0.026222270 0.487183422 -0.000816282 -0.324217200 -0.010160985 0.945927739
1439803623.570214 -0.320710659 -0.026225206 0.487160176 -0.000812032 -0.324247181 -0.010140730 0.945917666
1439803623.695215 -0.320737839 -0.026274480 0.487159789 -0.000807365 -0.324248046 -0.010196324 0.945916831
1439803623.757716 -0.320847005 -0.026278302 0.487173051 -0.000789137 -0.324183524 -0.010274255 0.945938051
1439803623.820218 -0.320806473 -0.026249290 0.487146944 -0.000780722 -0.324222475 -0.010192317 0.945925653
1439803623.882719 -0.320837438 -0.026236694 0.487159133 -0.000769463 -0.324219495 -0.010236518 0.945926189
1439803623.945220 -0.320886880 -0.026279036 0.487190425 -0.000792654 -0.324202091 -0.010266034 0.945931792
1439803624.070221 -0.320848227 -0.026284829 0.487107635 -0.000799699 -0.324179947 -0.010287074 0.945939183
1439803624.132723 -0.320751309 -0.026280852 0.487168759 -0.000794041 -0.324233353 -0.010207780 0.945921719
1439803624.195223 -0.320772052 -0.026227418 0.487146825 -0.000777907 -0.324199438 -0.010226593 0.945933163
1439803624.257725 -0.320813477 -0.026252437 0.487091631 -0.000774246 -0.324171573 -0.010258386 0.945942402
1439803624.320228 -0.320791841 -0.026283372 0.487118930 -0.000788191 -0.324198067 -0.010224313 0.945933640
1439803624.445228 -0.320845366 -0.026253957 0.487138540 -0.000773999 -0.324184328 -0.010236838 0.945938230
1439803624.507729 -0.320853889 -0.026263317 0.487141043 -0.000775533 -0.324167401 -0.010243617 0.945943952
1439803624.570230 -0.320806414 -0.026200406 0.487144679 -0.000772955 -0.324185491 -0.010187850 0.945938349
1439803624.632731 -0.320870847 -0.026247524 0.487101495 -0.000771983 -0.324153632 -0.010236520 0.945948720
1439803624.695233 -0.320873380 -0.026236404 0.487129152 -0.000751567 -0.324165255 -0.010247429 0.945944667
1439803624.757733 -0.320882678 -0.026210207 0.487114429 -0.000760600 -0.324162871 -0.010229092 0.945945680
1439803624.882735 -0.320876241 -0.026245261 0.487115651 -0.000769619 -0.324176073 -0.010200160 0.945941448
1439803624.945250 -0.320892185 -0.026222924 0.487150878 -0.000782476 -0.324195594 -0.010187993 0.945934892
1439803625.007738 -0.320886910 -0.026156750 0.487216294 -0.000742357 -0.324203521 -0.010213549 0.945931911
1439803625.070239 -0.320896000 -0.026229978 0.487155944 -0.000754295 -0.324225187 -0.010201895 0.945924640
1439803625.132740 -0.320950687 -0.026194572 0.487144351 -0.000731499 -0.324264079 -0.010196637 0.945911348
1439803625.257742 -0.321147591 -0.026225401 0.487126291 -0.000618547 -0.324307919 -0.010457809 0.945893586
1439803625.320243 -0.321139336 -0.026203129 0.487240374 -0.000605624 -0.324403703 -0.010444628 0.945860922
1439803625.382745 -0.321245849 -0.026221287 0.487239867 -0.000618520 -0.324420333 -0.010469101 0.945854902
1439803625.445248 -0.321249902 -0.026276059 0.487279922 -0.000608008 -0.324528605 -0.010482761 0.945817590
1439803625.507747 -0.321234912 -0.026280956 0.487369120 -0.000633797 -0.324685007 -0.010441224 0.945764363
1439803625.570252 -0.321411401 -0.026280701 0.487425447 -0.000561839 -0.324780405 -0.010471832 0.945731282
1439803625.695249 -0.321672887 -0.026241416 0.487664104 -0.000555866 -0.324885249 -0.010550008 0.945694447
1439803625.757752 -0.321762413 -0.026276939 0.487751842 -0.000523159 -0.324924499 -0.010588273 0.945680559
1439803625.820252 -0.321885228 -0.026253171 0.487931371 -0.000495555 -0.325062364 -0.010620215 0.945632815
1439803625.882753 -0.322073698 -0.026277922 0.487886995 -0.000486633 -0.325114846 -0.010702006 0.945613861
1439803625.945254 -0.322222590 -0.026210280 0.488086998 -0.000439676 -0.325221062 -0.010689960 0.945577502
1439803626.007759 -0.322293162 -0.026262864 0.488235116 -0.000417312 -0.325330049 -0.010713036 0.945539713
1439803626.132757 -0.322517633 -0.026237888 0.488450795 -0.000411035 -0.325542212 -0.010724175 0.945466578
1439803626.195258 -0.322693676 -0.026259379 0.488645375 -0.000361145 -0.325635880 -0.010882008 0.945432544
1439803626.257759 -0.322840065 -0.026235247 0.488686621 -0.000325171 -0.325743705 -0.010809704 0.945396245
1439803626.320260 -0.323019654 -0.026260352 0.488757551 -0.000277241 -0.325810075 -0.010859175 0.945372820
1439803626.382762 -0.323135853 -0.026287757 0.488855273 -0.000297610 -0.325907499 -0.010843854 0.945339441
1439803626.445263 -0.323382139 -0.026299758 0.489171475 -0.000290533 -0.326037616 -0.010799153 0.945295036
1439803626.570264 -0.323941618 -0.026359549 0.489628047 -0.000283416 -0.326371461 -0.010720510 0.945180774
1439803626.632765 -0.324183762 -0.026380481 0.489642262 -0.000274210 -0.326545268 -0.010612044 0.945121944
1439803626.695267 -0.324637592 -0.026382672 0.490216017 -0.000187692 -0.326709956 -0.010664240 0.945064485
1439803626.757768 -0.324866205 -0.026466288 0.490657270 -0.000185140 -0.327049822 -0.010621761 0.944947422
1439803626.882769 -0.326069683 -0.026497751 0.491610378 -0.000171554 -0.327716887 -0.010597839 0.944716513
1439803626.945271 -0.326520950 -0.026427224 0.492099196 -0.000096463 -0.328094482 -0.010584761 0.944585621
1439803627.007772 -0.327056855 -0.026615050 0.492651135 -0.000079982 -0.328488380 -0.010631319 0.944448173
1439803627.070274 -0.327733278 -0.026560711 0.493220061 -0.000029995 -0.328897059 -0.010565553 0.944306672
1439803627.132774 -0.328387529 -0.026567435 0.494050354 -0.000025057 -0.329373032 -0.010567764 0.944140732
1439803627.257776 -0.329961747 -0.026594294 0.495518327 0.000118980 -0.330332905 -0.010640468 0.943804502
1439803627.320277 -0.330918074 -0.026821332 0.496246934 0.000092550 -0.330816180 -0.010537022 0.943636358
1439803627.382779 -0.331966251 -0.026883770 0.497080743 0.000130544 -0.331296027 -0.010570408 0.943467617
1439803627.445279 -0.332839668 -0.026870145 0.498237252 0.000194221 -0.331819147 -0.010622120 0.943283200
1439803627.507782 -0.333909333 -0.026850590 0.499217033 0.000239764 -0.332422137 -0.010564473 0.943071485
1439803627.570283 -0.335035622 -0.027125087 0.500106275 0.000264802 -0.332944572 -0.010658681 0.942886114
1439803627.695282 -0.337191075 -0.027432073 0.502303243 0.000259534 -0.334093451 -0.010569606 0.942480683
1439803627.757784 -0.338017404 -0.027609225 0.503360569 0.000264016 -0.334651530 -0.010733969 0.942280769
1439803627.820286 -0.339766026 -0.027349025 0.504849672 0.000354840 -0.335181832 -0.010714279 0.942092478
1439803627.882784 -0.342626721 -0.026886052 0.506130695 0.000502636 -0.335492700 -0.010749724 0.941981316
1439803627.945284 -0.345121026 -0.026640521 0.508463979 0.000540832 -0.336028516 -0.010546734 0.941792607
1439803628.007785 -0.345541656 -0.025854498 0.509055972 0.000636209 -0.336527735 -0.010584838 0.941613853
1439803628.132785 -0.346353084 -0.025147600 0.512831032 0.000736164 -0.337640017 -0.010611102 0.941215217
1439803628.195285 -0.342720509 -0.028363254 0.513055503 0.000110285 -0.338436484 -0.011010718 0.940924764
1439803628.257787 -0.346242517 -0.028401298 0.516146541 0.000209597 -0.338571817 -0.010998069 0.940876245
1439803628.320286 -0.353319794 -0.036427334 0.513003409 -0.001108697 -0.337697744 -0.011143678 0.941187978
1439803628.382787 -0.354847550 -0.036176141 0.514507949 -0.001131764 -0.337802947 -0.011016936 0.941151679
1439803628.445288 -0.357176036 -0.033843569 0.517586231 -0.000689316 -0.337876052 -0.010965535 0.941126466
1439803628.570288 -0.359008133 -0.035767984 0.521118462 -0.001040837 -0.338342398 -0.011029165 0.940957844
1439803628.632789 -0.360002369 -0.035953443 0.524633646 -0.000985603 -0.338695109 -0.011190081 0.940829098
1439803628.695289 -0.363485336 -0.035927590 0.525509596 -0.000998456 -0.338432938 -0.011150134 0.940923929
1439803628.757790 -0.364306748 -0.036257420 0.528382123 -0.001032475 -0.338606179 -0.011225263 0.940860629
1439803628.820290 -0.366626322 -0.036920913 0.529292107 -0.001167913 -0.338407665 -0.011481918 0.940928817
1439803628.882791 -0.368431419 -0.038189173 0.529421031 -0.001526096 -0.338351697 -0.011551589 0.940947592
1439803628.945292 -0.373327017 -0.037874207 0.530269265 -0.001538174 -0.337988257 -0.011437641 0.941079557
1439803629.007792 -0.374282002 -0.038298678 0.534826219 -0.001587081 -0.338292241 -0.011555851 0.940968812
1439803629.070293 -0.375013292 -0.039408073 0.535683632 -0.001874662 -0.338239014 -0.011713411 0.940985441
1439803629.132793 -0.379999399 -0.035562236 0.541584909 -0.001125581 -0.337994814 -0.011647617 0.941075206
1439803629.195293 -0.382021189 -0.035188220 0.540952086 -0.001227430 -0.337676913 -0.011445494 0.941191673
1439803629.257794 -0.380496383 -0.038069241 0.547852278 -0.001623802 -0.338373125 -0.011547575 0.940939784
1439803629.320296 -0.380643934 -0.037976172 0.552435338 -0.001542190 -0.338628888 -0.011576164 0.940847576
1439803629.382797 -0.381329238 -0.038692303 0.555719137 -0.001651624 -0.338520318 -0.011558495 0.940886676
1439803629.445298 -0.382080525 -0.039402425 0.558274448 -0.001757622 -0.338330567 -0.011534441 0.940954983
1439803629.507797 -0.385855734 -0.039852131 0.561603367 -0.001699893 -0.337792039 -0.011633049 0.941147327
1439803629.570298 -0.387945890 -0.040496416 0.564845204 -0.001624747 -0.337373316 -0.011894597 0.941294372
1439803629.632800 -0.388420939 -0.041927598 0.568666637 -0.001728547 -0.337098956 -0.012056489 0.941390455
1439803629.695302 -0.390990645 -0.042338960 0.570421636 -0.001662427 -0.336256862 -0.012021828 0.941692114
1439803629.757803 -0.393689215 -0.042841237 0.575376868 -0.001497700 -0.335548013 -0.012015600 0.941945314
1439803629.820302 -0.394535631 -0.044636250 0.579750240 -0.001617545 -0.334875464 -0.012314849 0.942180514
1439803629.882804 -0.400288403 -0.044712111 0.584362984 -0.001481104 -0.333638251 -0.012305619 0.942619741
1439803629.945305 -0.400526524 -0.045482680 0.588577330 -0.001601971 -0.333043098 -0.012458244 0.942827940
1439803630.007807 -0.402701765 -0.047242798 0.592444718 -0.001841636 -0.332104236 -0.012432253 0.943158984
1439803630.070307 -0.405977875 -0.047578897 0.598346353 -0.001744802 -0.331161946 -0.012392751 0.943490922
1439803630.132810 -0.410367727 -0.046239529 0.601547897 -0.001421579 -0.329897046 -0.012025881 0.943939269
1439803630.195312 -0.418881923 -0.048696369 0.604967177 -0.001698733 -0.328231454 -0.011645607 0.944523990
1439803630.257812 -0.423831224 -0.049470030 0.609600544 -0.001756485 -0.327132344 -0.011270526 0.944909692
1439803630.320314 -0.426680297 -0.047746949 0.615865529 -0.001478882 -0.326412082 -0.010607429 0.945166886
1439803630.382816 -0.424074233 -0.052169032 0.623798013 -0.002132733 -0.326496840 -0.010823453 0.945133924
1439803630.445314 -0.423177689 -0.052939165 0.634376168 -0.002171927 -0.326866835 -0.010467641 0.945009947
1439803630.507815 -0.429575324 -0.054663148 0.637926340 -0.002435119 -0.325818270 -0.010173104 0.945374548
1439803630.570318 -0.437448412 -0.053792588 0.642355025 -0.002537449 -0.324820548 -0.009347007 0.945726097
1439803630.632816 -0.440226853 -0.053915367 0.646162212 -0.002972242 -0.324380785 -0.009158636 0.945877612
1439803630.695317 -0.443184972 -0.052819289 0.657535017 -0.002919631 -0.324494928 -0.009401839 0.945836246
1439803630.757818 -0.445411563 -0.052346032 0.663928628 -0.002991598 -0.324538112 -0.009477921 0.945820391
1439803630.820320 -0.444715381 -0.049805947 0.674376547 -0.002516432 -0.325447857 -0.009705095 0.945506871
1439803630.882820 -0.445337832 -0.050050564 0.682592630 -0.002480405 -0.326213062 -0.009683214 0.945243418
1439803630.945322 -0.447778255 -0.049854435 0.689796686 -0.002365377 -0.326596290 -0.009454654 0.945113719
1439803631.007823 -0.454541683 -0.051295690 0.694733739 -0.002640341 -0.325979233 -0.009087175 0.945329607
1439803631.070325 -0.470023692 -0.061917748 0.692278624 -0.004734922 -0.323498607 -0.008728506 0.946176529
1439803631.132825 -0.480943501 -0.055761427 0.698002577 -0.003814042 -0.322455078 -0.007632836 0.946546316
1439803631.195327 -0.488511771 -0.057525989 0.702607632 -0.003970922 -0.321818382 -0.007391340 0.946764231
1439803631.257827 -0.487340927 -0.060250834 0.711742759 -0.004058863 -0.322766691 -0.008250800 0.946433902
1439803631.320328 -0.490266472 -0.058909252 0.718781054 -0.003389986 -0.323064446 -0.008237190 0.946335077
1439803631.382830 -0.497799695 -0.059427198 0.722853124 -0.003122478 -0.322375983 -0.008083586 0.946572065
1439803631.445332 -0.498395681 -0.059368044 0.730902731 -0.002783704 -0.322885513 -0.007806097 0.946401715
1439803631.507833 -0.507155061 -0.056727245 0.735288739 -0.002097060 -0.322001845 -0.007198148 0.946709394
1439803631.570334 -0.520540059 -0.045438070 0.740983784 -0.000040015 -0.320733219 -0.005933967 0.947151005
1439803631.632837 -0.524976194 -0.045069724 0.746040940 0.000275126 -0.320644349 -0.005729964 0.947182298
1439803631.695335 -0.525359452 -0.046995733 0.753503680 0.000479162 -0.321259260 -0.006007931 0.946972072
1439803631.757837 -0.527489007 -0.047679376 0.760270357 0.001039515 -0.321542323 -0.006217253 0.946874261
1439803631.820337 -0.529906929 -0.048462320 0.767180324 0.001540668 -0.321716398 -0.006175373 0.946814656
1439803631.882842 -0.532076895 -0.049084354 0.773244560 0.001896003 -0.321820706 -0.006207652 0.946778357
1439803631.945342 -0.534653425 -0.049982004 0.780356586 0.002086218 -0.322020471 -0.006142615 0.946710467
1439803632.007841 -0.536852956 -0.050736379 0.786819994 0.002292437 -0.322202444 -0.005988406 0.946649075
1439803632.070342 -0.539182961 -0.051459625 0.793828130 0.002596766 -0.322410315 -0.005936897 0.946577847
1439803632.132844 -0.541568518 -0.052232079 0.800777078 0.002728715 -0.322643727 -0.006071469 0.946497083
1439803632.195345 -0.543431163 -0.052764121 0.805870414 0.002752931 -0.322762817 -0.006531192 0.946453333
1439803632.257846 -0.545971453 -0.053646035 0.813509643 0.003001154 -0.323084474 -0.006978232 0.946339667
1439803632.320347 -0.548282802 -0.054378036 0.819937706 0.003471802 -0.323296070 -0.007152920 0.946264446
1439803632.382852 -0.549976170 -0.055017389 0.825094044 0.004111578 -0.323476344 -0.007321252 0.946199000
1439803632.445351 -0.552657485 -0.055774841 0.832919955 0.004712213 -0.323502511 -0.007995236 0.946181834
1439803632.507853 -0.554501176 -0.056312948 0.838232279 0.004888417 -0.323482990 -0.008515526 0.946183085
1439803632.570353 -0.557240188 -0.057221882 0.846128166 0.004818570 -0.323610991 -0.009059775 0.946134567
1439803632.632855 -0.559093356 -0.057858258 0.851723075 0.004678275 -0.323785037 -0.009347865 0.946072936
1439803632.695357 -0.561512411 -0.058620449 0.858755291 0.004717842 -0.323884487 -0.010058264 0.946031392
1439803632.757857 -0.563678265 -0.059317950 0.865068853 0.004826086 -0.323902100 -0.010459081 0.946020484
1439803632.820357 -0.566453099 -0.060126286 0.872988164 0.004996575 -0.323746592 -0.011095654 0.946065545
1439803632.882857 -0.569012463 -0.060974676 0.880497098 0.004842804 -0.323786646 -0.011648664 0.946046054
1439803632.945358 -0.571711779 -0.061931659 0.888512492 0.004488210 -0.324226767 -0.011269285 0.945901632
1439803633.007861 -0.573935568 -0.062551193 0.894673407 0.004313927 -0.324388117 -0.010859193 0.945851922
1439803633.070359 -0.576472044 -0.063413583 0.902175725 0.004153275 -0.324389309 -0.010481184 0.945856512
1439803633.132860 -0.578597248 -0.064134218 0.908356547 0.003581844 -0.324194551 -0.009820458 0.945932686
1439803633.195362 -0.632330656 -0.054959223 0.893108368 0.004478421 -0.315163344 -0.005960972 0.949008167
1439803633.257863 -0.634823561 -0.055876829 0.900744736 0.004134740 -0.315345138 -0.006172319 0.948947966
1439803633.320365 -0.636929631 -0.056583628 0.907134235 0.004071448 -0.315450341 -0.007315714 0.948905170
1439803633.382866 -0.640160561 -0.056523781 0.913670003 0.004127771 -0.315471113 -0.008389048 0.948889136
1439803633.445370 -0.641400218 -0.058176454 0.921064377 0.003869841 -0.315942019 -0.009721409 0.948720813
1439803633.507869 -0.644480228 -0.058189441 0.927381933 0.003753833 -0.316185117 -0.010738487 0.948629320
1439803633.570368 -0.645660400 -0.059625000 0.934259832 0.003268218 -0.316786557 -0.011832103 0.948417425
1439803633.632868 -0.648712993 -0.059774883 0.940754116 0.002852743 -0.317100108 -0.012264149 0.948308468
1439803633.695370 -0.650838733 -0.060540825 0.947435439 0.002435750 -0.317501366 -0.012586001 0.948171198
1439803633.757871 -0.652918220 -0.061307028 0.953939676 0.002150371 -0.317819983 -0.013027730 0.948059142
1439803633.820373 -0.654908657 -0.062051110 0.960455596 0.001849778 -0.318207860 -0.013424662 0.947924137
1439803633.882874 -0.656996965 -0.062857434 0.966989398 0.001392586 -0.318590671 -0.013801089 0.947790861
1439803633.945375 -0.659150600 -0.063639335 0.973790765 0.000980000 -0.319057077 -0.014159004 0.947629213
1439803634.007876 -0.661149025 -0.064374037 0.980135560 0.000697944 -0.319527417 -0.014154536 0.947471082
1439803634.070382 -0.663189232 -0.065136865 0.986645818 0.000711154 -0.319983006 -0.014212581 0.947316408
1439803634.132880 -0.665147066 -0.065866470 0.992778420 0.000563648 -0.320350498 -0.014336972 0.947190404
1439803634.195379 -0.667023957 -0.066564426 0.998722911 0.000370915 -0.320726305 -0.014341284 0.947063267
1439803634.257884 -0.668917179 -0.067250468 1.004720092 0.000267894 -0.320968807 -0.014310665 0.946981609
1439803634.320380 -0.670863211 -0.067990847 1.010911703 0.000314571 -0.321290582 -0.014229457 0.946873665
1439803634.382882 -0.672698736 -0.068660408 1.016707659 0.000136075 -0.321574748 -0.014433721 0.946774185
1439803634.445384 -0.674980819 -0.069529235 1.023930550 -0.000293317 -0.322069407 -0.014568000 0.946603954
1439803634.507884 -0.676612616 -0.070133530 1.029072642 -0.000652135 -0.322305083 -0.014971360 0.946517229
1439803634.570387 -0.678609610 -0.070873387 1.035386443 -0.000830428 -0.322576255 -0.015293968 0.946419537
1439803634.632888 -0.726399481 -0.064819664 1.019101381 0.000165224 -0.313944787 -0.013131497 0.949350417
1439803634.695390 -0.728317857 -0.065598771 1.025601268 0.000339087 -0.314341545 -0.013460489 0.949214458
1439803634.757890 -0.729731739 -0.066125102 1.030211329 0.000558140 -0.314655811 -0.014016044 0.949102163
1439803634.820393 -0.731488466 -0.066840172 1.036272764 0.000687989 -0.315105230 -0.014395270 0.948947310
1439803634.882893 -0.733265638 -0.067544810 1.042259216 0.000720857 -0.315411329 -0.014967912 0.948836744
1439803634.945393 -0.734918296 -0.068211600 1.047845244 0.000626222 -0.315712869 -0.015540762 0.948727310
1439803635.007894 -0.736672103 -0.068902478 1.053832173 0.000576434 -0.316116810 -0.016231876 0.948581219
1439803635.070396 -0.738399267 -0.069599584 1.059624672 0.000662054 -0.316598892 -0.016736891 0.948411584
1439803635.132899 -0.740212083 -0.070335239 1.065807581 0.000567396 -0.317182302 -0.017311890 0.948206365
1439803635.195399 -0.741977692 -0.071043894 1.071803808 0.000121317 -0.317844003 -0.017736306 0.947977126
1439803635.257899 -0.743729711 -0.071726963 1.077707648 -0.000541058 -0.318509996 -0.018017603 0.947748125
1439803635.320400 -0.745527446 -0.072446659 1.083787680 -0.001104812 -0.319025904 -0.018234488 0.947569907
1439803635.382901 -0.747409523 -0.073217452 1.090186477 -0.001621539 -0.319582820 -0.018078763 0.947384477
1439803635.445406 -0.749358296 -0.073975816 1.096751451 -0.002058485 -0.320214927 -0.018137107 0.947169065
1439803635.507904 -0.751222908 -0.074729897 1.103049874 -0.002322848 -0.320969850 -0.018477427 0.946906328
1439803635.570408 -0.753010929 -0.075448066 1.109070063 -0.002506955 -0.321771115 -0.018836241 0.946626782
1439803635.632909 -0.754792333 -0.076162174 1.115046144 -0.002693269 -0.322422922 -0.019284805 0.946395457
1439803635.695408 -0.756798208 -0.076963276 1.121789098 -0.002815336 -0.323197603 -0.020010782 0.946115732
1439803635.757912 -0.758504748 -0.077644616 1.127505064 -0.002997981 -0.323931724 -0.020908350 0.945844650
1439803635.820411 -0.760614514 -0.078487523 1.134572148 -0.003198192 -0.324976861 -0.021740099 0.945466638
1439803635.882913 -0.790533900 -0.079902969 1.128311634 -0.003838937 -0.320153445 -0.021436287 0.947115362
1439803635.945415 -0.792599559 -0.078453481 1.135469437 -0.003825798 -0.321239293 -0.021486269 0.946746528
1439803636.007915 -0.796994328 -0.078050263 1.139831543 -0.004123981 -0.321504891 -0.021644425 0.946651518
1439803636.070418 -0.802796960 -0.078659028 1.144525766 -0.004408841 -0.321584076 -0.021993216 0.946615279
1439803636.132917 -0.804972708 -0.083036892 1.149341702 -0.005503826 -0.322403491 -0.022725603 0.946313500
1439803636.195419 -0.819878459 -0.078743294 1.149143696 -0.005210129 -0.321089298 -0.021675577 0.946786463
1439803636.257920 -0.829990745 -0.070481203 1.148113132 -0.004466167 -0.320361584 -0.020286506 0.947067559
1439803636.320421 -0.833955765 -0.068920970 1.154188633 -0.005219050 -0.321232319 -0.019846294 0.946778059
1439803636.382922 -0.838242829 -0.070742168 1.159612536 -0.006378160 -0.321619451 -0.020115960 0.946633816
1439803636.445427 -0.841979623 -0.071427003 1.164665699 -0.007296363 -0.322140634 -0.020233372 0.946447432
1439803636.507925 -0.845525503 -0.071703717 1.170041323 -0.008099544 -0.323106557 -0.020303819 0.946110070
1439803636.570426 -0.848682582 -0.072490111 1.174875617 -0.008965369 -0.324328810 -0.020795347 0.945673347
1439803636.632928 -0.853444099 -0.072719954 1.179785252 -0.009772466 -0.325297594 -0.021182047 0.945323944
1439803636.695429 -0.856469631 -0.073471829 1.184296846 -0.010618393 -0.326288581 -0.021504674 0.944965899
1439803636.757931 -0.860275447 -0.073697485 1.189132094 -0.011093059 -0.326963007 -0.021725940 0.944722235
1439803636.820433 -0.863995194 -0.073223650 1.193493962 -0.011235948 -0.327660054 -0.021722715 0.944479108
1439803636.882934 -0.866053581 -0.073164016 1.198753595 -0.011531514 -0.329025179 -0.021679681 0.944001794
1439803636.945435 -0.869126916 -0.073252574 1.203352690 -0.011937574 -0.330262244 -0.021824989 0.943561316
1439803637.007935 -0.872667968 -0.073635660 1.207761645 -0.012465538 -0.331301540 -0.022139298 0.943182766
1439803637.070436 -0.875831902 -0.074541181 1.212088227 -0.013079459 -0.332217187 -0.022425570 0.942845583
1439803637.132942 -0.879811049 -0.074214727 1.216469884 -0.013369736 -0.332916319 -0.022556797 0.942591727
1439803637.195466 -0.882049680 -0.074990422 1.220547795 -0.013911826 -0.333879054 -0.023054373 0.942231297
1439803637.257940 -0.884974003 -0.075364448 1.225034356 -0.014436621 -0.334938347 -0.023395527 0.941838920
1439803637.320442 -0.887648463 -0.076038055 1.228721738 -0.015018578 -0.335980088 -0.023636485 0.941452682
1439803637.382944 -0.891125023 -0.076336078 1.232867718 -0.015357330 -0.336813986 -0.023766119 0.941145957
1439803637.445448 -0.894451499 -0.075791255 1.236954212 -0.015450559 -0.337520212 -0.023797905 0.940890551
1439803637.507948 -0.896848977 -0.076048590 1.241244197 -0.015721412 -0.338405699 -0.023914913 0.940564990
1439803637.570446 -0.900193810 -0.076288901 1.245692492 -0.016058108 -0.339262247 -0.024100240 0.940245986
1439803637.632951 -0.902862549 -0.076258101 1.249197364 -0.016314754 -0.340187162 -0.024305137 0.939902008
1439803637.695449 -0.907309532 -0.076059252 1.252686143 -0.016434699 -0.340817660 -0.024606854 0.939663589
1439803637.757951 -0.908845186 -0.076884091 1.257286906 -0.016731763 -0.342017800 -0.025049260 0.939210534
1439803637.820457 -0.923808217 -0.073768109 1.255081654 -0.016297111 -0.339986801 -0.024547864 0.939968526
1439803637.882955 -0.927860975 -0.073083326 1.258781791 -0.016450129 -0.340638578 -0.024511887 0.939730763
1439803637.945458 -0.930188358 -0.073551118 1.262766957 -0.016989490 -0.341620207 -0.024480203 0.939365566
1439803638.007957 -0.933892727 -0.073396340 1.266457915 -0.017347170 -0.342306554 -0.024354471 0.939112425
1439803638.070457 -0.937072277 -0.073263846 1.270542502 -0.017708678 -0.343125552 -0.024325002 0.938807547
1439803638.132958 -0.940390766 -0.073360793 1.274065137 -0.018081151 -0.343853474 -0.024398817 0.938532114
1439803638.195463 -0.943535626 -0.073791072 1.277905226 -0.018563965 -0.344738752 -0.024610238 0.938192368
1439803638.257961 -0.946737170 -0.073650189 1.281733871 -0.018855080 -0.345628202 -0.024774976 0.937854946
1439803638.320464 -0.950467587 -0.073627539 1.285407305 -0.019137612 -0.346407562 -0.024881963 0.937558770
1439803638.382966 -0.953419209 -0.073750891 1.289051175 -0.019538099 -0.347350955 -0.024947997 0.937199652
1439803638.445467 -0.957022250 -0.073870152 1.292535782 -0.019953744 -0.348163843 -0.024981035 0.936888337
1439803638.507968 -0.960426927 -0.074538067 1.296186328 -0.020519972 -0.349058509 -0.025036754 0.936541617
1439803638.570469 -0.963395238 -0.074151166 1.299316168 -0.020709191 -0.350037128 -0.024813676 0.936178088
1439803638.632969 -0.966096878 -0.073385552 1.302852750 -0.020648541 -0.351137340 -0.024580624 0.935773492
1439803638.695470 -0.969276011 -0.074215233 1.306101680 -0.021041788 -0.352070987 -0.024566257 0.935414255
1439803638.757971 -0.972645819 -0.074027814 1.309828639 -0.021340979 -0.353137046 -0.024543047 0.935006082
1439803638.820474 -0.975495100 -0.073997281 1.313604593 -0.021943178 -0.354458570 -0.024676131 0.934488475
1439803638.882976 -0.978994012 -0.073457181 1.317288876 -0.022367364 -0.355801344 -0.024888601 0.933962345
1439803638.945477 -0.983097255 -0.074098416 1.320441365 -0.022931363 -0.357127964 -0.025029110 0.933438480
1439803639.007977 -0.986634314 -0.073578671 1.324590325 -0.023002343 -0.359188706 -0.024600193 0.932657063
1439803639.070479 -0.991447031 -0.074008234 1.328115821 -0.023136105 -0.361174643 -0.024386598 0.931892097
1439803639.132981 -0.994931102 -0.073761046 1.332288027 -0.023159316 -0.363625586 -0.024073573 0.930946052
1439803639.195485 -1.002625227 -0.072897755 1.334338069 -0.023250345 -0.365034699 -0.023518575 0.930406332
1439803639.257988 -1.006926298 -0.073154181 1.338268161 -0.023705244 -0.367610306 -0.023367297 0.929384053
1439803639.320483 -1.011889338 -0.072999403 1.341842055 -0.024023460 -0.370341122 -0.023175610 0.928295851
1439803639.382986 -1.016823292 -0.072907947 1.345668912 -0.024165452 -0.373443842 -0.023365337 0.927043557
1439803639.445486 -1.022105932 -0.072932623 1.349406600 -0.024288753 -0.376914561 -0.023568576 0.925629497
1439803639.507987 -1.027556658 -0.072967224 1.352747560 -0.024424415 -0.380602509 -0.023718452 0.924111784
1439803639.570488 -1.033417940 -0.072514616 1.356268883 -0.024329128 -0.384617388 -0.023902463 0.922445774
1439803639.632992 -1.039060831 -0.072995938 1.359797359 -0.024488812 -0.389079720 -0.024221292 0.920559943
1439803639.695491 -1.045693517 -0.073116347 1.363174081 -0.024522012 -0.393742651 -0.024365846 0.918570459
1439803639.757992 -1.051391602 -0.072831281 1.367358565 -0.024476562 -0.399190992 -0.024390133 0.916216433
1439803639.820493 -1.058337927 -0.072992727 1.370609879 -0.024665769 -0.404598296 -0.024516786 0.913832963
1439803639.882993 -1.064634681 -0.072894901 1.374404669 -0.024944903 -0.410706937 -0.024404170 0.911099315
1439803639.945493 -1.072085619 -0.072701804 1.378103852 -0.025146490 -0.416842461 -0.024416743 0.908302724
1439803640.007994 -1.079765797 -0.072630025 1.381653547 -0.025376085 -0.423347384 -0.024598056 0.905277848
1439803640.070495 -1.087610006 -0.072536252 1.385294080 -0.025728418 -0.430318981 -0.024656694 0.901973248
1439803640.195496 -1.100115538 -0.078950793 1.370435238 -0.028520091 -0.438044548 -0.027237240 0.898087800
1439803640.257998 -1.116678476 -0.072469048 1.394858003 -0.026297517 -0.452650845 -0.026402121 0.890908837
1439803640.320498 -1.122890472 -0.072168179 1.398988247 -0.027902337 -0.462243885 -0.025175445 0.885956109
1439803640.382997 -1.132424235 -0.071843117 1.402275443 -0.028299948 -0.471101224 -0.024650803 0.881280363
1439803640.507998 -1.160742998 -0.076802373 1.384238482 -0.026101116 -0.475023478 -0.028476685 0.879124880
1439803640.570498 -1.150925875 -0.080314875 1.374427319 -0.024976354 -0.488130838 -0.031208139 0.871854663
1439803640.632998 -1.162016153 -0.077309541 1.377556801 -0.020031998 -0.499507517 -0.034026932 0.865409195
1439803640.695501 -1.171130896 -0.078230157 1.377065420 -0.016674297 -0.510164917 -0.034889255 0.859206915
1439803640.758001 -1.181016326 -0.077046029 1.377288938 -0.012151746 -0.520796657 -0.033818040 0.852924109
1439803640.820500 -1.190581560 -0.077562422 1.380138159 -0.009051422 -0.532430530 -0.032409713 0.845804632
1439803640.945502 -1.212651968 -0.079494104 1.388291478 -0.007043245 -0.557202697 -0.028111611 0.829870641
1439803641.008002 -1.226648808 -0.078499720 1.385560751 -0.005715663 -0.567286015 -0.026145244 0.823085845
1439803641.070503 -1.238432527 -0.079133309 1.386383057 -0.004991742 -0.578909576 -0.025202814 0.814986944
1439803641.133004 -1.250546694 -0.078585632 1.386377215 -0.003467013 -0.589951038 -0.024625093 0.807056010
1439803641.195504 -1.263429523 -0.079345495 1.385840774 -0.002807630 -0.600664854 -0.024016660 0.799135149
1439803641.258006 -1.275432110 -0.080042288 1.386404991 -0.002052524 -0.612186551 -0.023379177 0.790364981
1439803641.320507 -1.290946364 -0.078783341 1.385572433 0.000305544 -0.622848570 -0.022739766 0.782011807
1439803641.383007 -1.304255605 -0.079319909 1.383527875 0.001357213 -0.633333921 -0.022012716 0.773564339
1439803641.445507 -1.318679929 -0.079507858 1.383942246 0.002078778 -0.644314766 -0.020229360 0.764490008
1439803641.508007 -1.332863927 -0.079166263 1.382220268 0.002237398 -0.654599547 -0.016942691 0.755782664
1439803641.570507 -1.347939134 -0.078890540 1.381469488 0.003101822 -0.664611101 -0.016840629 0.746993184
1439803641.633008 -1.363185287 -0.079109311 1.377861023 0.003942799 -0.673422456 -0.018366246 0.739019156
1439803641.695511 -1.379262090 -0.079637051 1.373247385 0.004798349 -0.681762159 -0.021115704 0.731253386
1439803641.758010 -1.394293547 -0.079196125 1.372816801 0.006216023 -0.691762567 -0.024419045 0.721685290
1439803641.820510 -1.409860730 -0.079084054 1.369915843 0.006929788 -0.701064646 -0.027228661 0.712544024
1439803641.883013 -1.426240802 -0.078876972 1.364978790 0.008214841 -0.709683180 -0.029920917 0.703837335
1439803641.945513 -1.442660451 -0.078607008 1.359534025 0.011890126 -0.718196392 -0.032420058 0.694983125
1439803642.008016 -1.459034324 -0.078494117 1.354040861 0.014153004 -0.726677001 -0.033156689 0.686032653
1439803642.070516 -1.473708630 -0.078965202 1.349922419 0.014458136 -0.736182749 -0.034363229 0.675755203
1439803642.133017 -1.490225673 -0.078900471 1.343852043 0.014314140 -0.745001137 -0.036060523 0.665933967
1439803642.195519 -1.507920742 -0.078804687 1.337105751 0.013497447 -0.753614902 -0.037076041 0.656130850
1439803642.258020 -1.523152113 -0.078976803 1.332903385 0.011523923 -0.763273478 -0.036771335 0.644925296
1439803642.320521 -1.539667368 -0.079227053 1.326333046 0.009590263 -0.771695495 -0.036299694 0.634882927
1439803642.383022 -1.556355476 -0.079116188 1.318747759 0.008831340 -0.779838204 -0.036538597 0.624851465
1439803642.445521 -1.572060347 -0.079269797 1.311605453 0.009011123 -0.788376093 -0.037278838 0.613996923
1439803642.508024 -1.588290095 -0.078829788 1.303586245 0.009399211 -0.796440005 -0.037832461 0.603459775
1439803642.570524 -1.604992151 -0.078620344 1.294795632 0.009158024 -0.804103792 -0.037834417 0.593213081
1439803642.633025 -1.621207714 -0.078425728 1.285791636 0.008891298 -0.811493516 -0.038108151 0.583049834
1439803642.695529 -1.638776422 -0.077674501 1.275840878 0.008580730 -0.818687022 -0.038021192 0.572915614
1439803642.758031 -1.656209230 -0.077525571 1.265764117 0.007578057 -0.826157451 -0.037596695 0.562132359
1439803642.820529 -1.673682928 -0.077269822 1.255104065 0.006605381 -0.832936704 -0.037533801 0.552054346
1439803642.883032 -1.690314054 -0.077132925 1.243867874 0.006438013 -0.839325786 -0.038670082 0.542213500
1439803642.945533 -1.706237793 -0.076882109 1.233254313 0.006448386 -0.845677793 -0.039970849 0.532155871
1439803643.008035 -1.723881245 -0.076150507 1.220292330 0.007385730 -0.851695120 -0.041944996 0.522303939
1439803643.070537 -1.740925074 -0.075499080 1.207410455 0.008602761 -0.857403219 -0.044097584 0.512680292
1439803643.133038 -1.757877827 -0.074680082 1.194006205 0.009484434 -0.862674177 -0.045781590 0.503594458
1439803643.195537 -1.775080204 -0.074149214 1.181140423 -0.009235655 0.867648125 0.046243321 -0.494937420
1439803643.258038 -1.792226315 -0.073668420 1.167994976 -0.009181828 0.872182131 0.046496648 -0.486879975
1439803643.320537 -1.809966087 -0.072677225 1.153445601 -0.009730821 0.876289487 0.047480304 -0.479340881
1439803643.383039 -1.827666759 -0.072008885 1.139141679 -0.009487177 0.880221784 0.048585445 -0.471973538
1439803643.445539 -1.845501065 -0.071301252 1.124287128 -0.008782754 0.883778870 0.049336608 -0.465213597
1439803643.508039 -1.863746881 -0.070597216 1.109085679 -0.008287574 0.886969745 0.049309030 -0.459112853
1439803643.570541 -1.881971598 -0.070118047 1.094055414 -0.008708416 0.889622211 0.049234331 -0.453952044
1439803643.633041 -1.900022984 -0.069721490 1.078944921 -0.009631066 0.891763926 0.049332455 -0.449700654
1439803643.695543 -1.918474197 -0.069058880 1.063021660 -0.010851405 0.893517315 0.049246516 -0.446188092
1439803643.758047 -1.937165976 -0.068392292 1.047250152 -0.011319476 0.895089090 0.048670888 -0.443078429
1439803643.820547 -1.956299305 -0.067661963 1.031307340 -0.011453856 0.896573246 0.048676953 -0.440063357
1439803643.883048 -1.975758076 -0.066836633 1.014765263 -0.011447907 0.897889078 0.048583530 -0.437382877
1439803643.945550 -1.995379686 -0.065844044 0.998062193 -0.011816531 0.898891270 0.048362009 -0.435334355
1439803644.008052 -2.015135288 -0.064896353 0.981989384 -0.010758134 0.899954081 0.047767244 -0.433226496
1439803644.070553 -2.035216808 -0.064205185 0.964783430 -0.009994320 0.900798261 0.048256394 -0.431432486
1439803644.133066 -2.055267096 -0.063438192 0.947900534 -0.010265172 0.901636839 0.049953029 -0.429476768
1439803644.195554 -2.076248169 -0.062543571 0.929222286 -0.009972091 0.902397096 0.050708100 -0.427795202
1439803644.258068 -2.096583366 -0.061772473 0.912278235 -0.009191014 0.903178453 0.050504118 -0.426184833
1439803644.320556 -2.116885662 -0.061084472 0.894790709 -0.009645752 0.903756261 0.050842907 -0.424907714
1439803644.383057 -2.137906551 -0.060046867 0.876421809 -0.010694577 0.904033303 0.051567044 -0.424205363
1439803644.445558 -2.158058643 -0.059199624 0.858998656 -0.010855391 0.904113352 0.051836897 -0.423997790
1439803644.508060 -2.179147482 -0.058311783 0.840863883 -0.011579394 0.903971672 0.052210417 -0.424234837
1439803644.570561 -2.200885534 -0.057392262 0.822599053 -0.011519234 0.903742373 0.052020121 -0.424748003
1439803644.633062 -2.222434044 -0.056504041 0.804509461 -0.011702141 0.903513253 0.051514678 -0.425291687
1439803644.695563 -2.244701147 -0.055542454 0.786158800 -0.010306022 0.903343260 0.051056590 -0.425744027
1439803644.758065 -2.267618179 -0.054529242 0.767397344 -0.009081720 0.903152585 0.051522091 -0.426120162
1439803644.820566 -2.290055275 -0.053500570 0.748585165 -0.009208049 0.902901113 0.052095801 -0.426580369
1439803644.883067 -2.313385487 -0.052654661 0.730540693 -0.009220419 0.902732849 0.051865865 -0.426964074
1439803644.945568 -2.335821152 -0.051927224 0.711613715 -0.010239254 0.902412474 0.052209437 -0.427575737
1439803645.008069 -2.359227180 -0.050300181 0.692653418 -0.011960180 0.902181745 0.053739376 -0.427828401
1439803645.070572 -2.381989956 -0.049374402 0.673000574 -0.011765643 0.901913702 0.054799702 -0.428264260
1439803645.133072 -2.405781507 -0.048281416 0.653805315 -0.011841541 0.901771605 0.055109620 -0.428521454
1439803645.195573 -2.428187370 -0.047313333 0.634583235 -0.012470219 0.901621103 0.054637291 -0.428880632
1439803645.258074 -2.451964617 -0.046489760 0.616119921 -0.012413302 0.901528656 0.053323943 -0.429241925
1439803645.320576 -2.475900888 -0.045911029 0.597355306 -0.011144910 0.901459634 0.051748071 -0.429614305
1439803645.383077 -2.499704361 -0.044851735 0.577666759 -0.010860736 0.901340485 0.050708536 -0.429995418
1439803645.445578 -2.523095608 -0.044294700 0.559040546 -0.012170870 0.901120961 0.050221544 -0.430477291
1439803645.508080 -2.547392845 -0.043181658 0.538727999 -0.012671279 0.900909305 0.049163263 -0.431027681
1439803645.570581 -2.571272850 -0.042309105 0.518972397 -0.013348492 0.900630772 0.049448404 -0.431556374
1439803645.633082 -2.595679760 -0.041110799 0.498538852 -0.014212007 0.900365412 0.050553489 -0.431954265
1439803645.695584 -2.619934559 -0.040098697 0.479231358 -0.013864734 0.900196791 0.051622462 -0.432190478
1439803645.758088 -2.645001411 -0.039183006 0.460018635 -0.012522612 0.900208116 0.052510500 -0.432100892
1439803645.820587 -2.669768333 -0.037988394 0.440572500 -0.012013295 0.900167882 0.053791743 -0.432041526
1439803645.883087 -2.695078373 -0.036932841 0.419804454 -0.011217363 0.900147974 0.054295886 -0.432041407
1439803645.945589 -2.719305515 -0.036120072 0.401088119 -0.010559081 0.900225818 0.054257914 -0.431900591
1439803646.008092 -2.744064331 -0.035602063 0.380020142 -0.010231259 0.900318325 0.053920578 -0.431757808
1439803646.070591 -2.769261360 -0.034078032 0.360109329 -0.011041380 0.900462270 0.053641383 -0.431472361
1439803646.133093 -2.793539524 -0.033365592 0.338923693 -0.011713048 0.900444567 0.053341504 -0.431528777
1439803646.195595 -2.818060160 -0.032720685 0.318193555 -0.012573910 0.900440872 0.052888121 -0.431567997
1439803646.258095 -2.843981743 -0.031213492 0.297266841 -0.013707856 0.900496781 0.052693568 -0.431440651
1439803646.320599 -2.869434595 -0.030219212 0.275546432 -0.014038253 0.900466263 0.052712411 -0.431491435
1439803646.383098 -2.894474983 -0.028766707 0.254973054 -0.014120419 0.900512457 0.053314742 -0.431318343
1439803646.445602 -2.919427395 -0.027264312 0.234352589 -0.014608950 0.900532603 0.054581866 -0.431101441
1439803646.508101 -2.944778442 -0.026629448 0.214139938 -0.015038232 0.900584459 0.055616211 -0.430846035
1439803646.570602 -2.970902681 -0.025269240 0.192914724 -0.014956422 0.900680184 0.056022614 -0.430596113
1439803646.633109 -2.995895147 -0.024605677 0.172212601 -0.014830389 0.900763035 0.056331433 -0.430386782
1439803646.695605 -3.021888256 -0.023667112 0.151357889 -0.013568348 0.900976479 0.055362474 -0.430107266
1439803646.758106 -3.047801971 -0.022868797 0.130463362 -0.013390183 0.901187181 0.054460641 -0.429786474
1439803646.820607 -3.073300600 -0.021684006 0.109513044 -0.013910487 0.901270390 0.053577054 -0.429706544
1439803646.883108 -3.098734379 -0.020340890 0.087607503 -0.014156593 0.901240587 0.052922279 -0.429842085
1439803646.945611 -3.124041796 -0.019403294 0.067119122 -0.014338489 0.901337445 0.053073682 -0.429614276
1439803647.008111 -3.149899006 -0.018158659 0.045060039 -0.015712831 0.901382208 0.053984128 -0.429358840
1439803647.070612 -3.174542427 -0.017004400 0.024236321 -0.016625270 0.901541829 0.054648336 -0.428904980
1439803647.133117 -3.200376987 -0.016157180 0.003273249 -0.015728615 0.901809275 0.054440480 -0.428402632
1439803647.195615 -3.227174282 -0.015252188 -0.018974662 -0.015466157 0.901948094 0.054684058 -0.428088903
1439803647.258117 -3.252095699 -0.014437139 -0.040095568 -0.014253031 0.902172923 0.054301769 -0.427705765
1439803647.320618 -3.277814865 -0.013506919 -0.061495423 -0.013973850 0.902290821 0.054518834 -0.427438587
1439803647.383119 -3.303309679 -0.012458950 -0.082943559 -0.013789903 0.902293146 0.054687452 -0.427418113
1439803647.445625 -3.328917027 -0.011384875 -0.104199409 -0.014593813 0.902312994 0.054874260 -0.427325517
1439803647.508122 -3.354775429 -0.010175779 -0.125804067 -0.015861129 0.902436554 0.054750010 -0.427035332
1439803647.570623 -3.380746841 -0.009244993 -0.147983789 -0.015660055 0.902581394 0.054052822 -0.426825285
1439803647.633124 -3.406232834 -0.008684650 -0.169286966 -0.015791308 0.902710438 0.053463217 -0.426621825
1439803647.695625 -3.430938721 -0.008469105 -0.189590216 -0.015859380 0.902780294 0.053527277 -0.426463395
1439803647.758127 -3.456910610 -0.007308275 -0.211508274 -0.015594265 0.902790844 0.053390447 -0.426468045
1439803647.820628 -3.483134747 -0.005954072 -0.233117223 -0.015007715 0.902743161 0.053841889 -0.426533192
1439803647.883129 -3.508714676 -0.005091980 -0.253871918 -0.013709992 0.902743220 0.054127760 -0.426540554
1439803647.945630 -3.535585403 -0.003902912 -0.275122285 -0.012466573 0.902821660 0.053862303 -0.426446348
1439803648.008132 -3.560753345 -0.003225654 -0.297051311 -0.012099185 0.902917325 0.053755544 -0.426267862
1439803648.070634 -3.586360455 -0.002324015 -0.319230556 -0.012653231 0.903028250 0.053827364 -0.426007628
1439803648.133134 -3.611940384 -0.001406848 -0.341302872 -0.013247199 0.903044343 0.053486444 -0.425998449
1439803648.195641 -3.637377262 -0.000456005 -0.362733960 -0.013396859 0.903124332 0.053164698 -0.425864428
1439803648.258138 -3.663424492 0.000835806 -0.384586215 -0.013098511 0.903289676 0.052125391 -0.425651371
1439803648.320640 -3.688525200 0.001505911 -0.405454397 -0.013086026 0.903465390 0.051544324 -0.425349593
1439803648.383139 -3.714856148 0.002571642 -0.427243710 -0.011876858 0.903549075 0.050502367 -0.425332218
1439803648.445642 -3.740772724 0.003178656 -0.448825955 -0.011210682 0.903454363 0.049718380 -0.425643802
1439803648.508142 -3.766630650 0.003656596 -0.470931888 -0.011932534 0.903278112 0.049836896 -0.425984114
1439803648.570645 -3.791953087 0.004916549 -0.491956115 -0.012104436 0.903216660 0.049686357 -0.426127195
1439803648.633144 -3.817793369 0.005806595 -0.513062954 -0.012007971 0.903122365 0.049731366 -0.426324487
1439803648.695646 -3.843592882 0.007098317 -0.534798145 -0.012237661 0.902930319 0.050631598 -0.426618695
1439803648.758147 -3.869284391 0.007801920 -0.556024194 -0.011052458 0.902756631 0.051591672 -0.426903546
1439803648.820650 -3.895114422 0.009052217 -0.578456521 -0.009042936 0.902489424 0.052701343 -0.427379996
1439803648.883150 -3.920933247 0.010385275 -0.600186229 -0.008446222 0.902208507 0.055102628 -0.427682340
1439803648.945651 -3.948496819 0.011744291 -0.621339560 -0.007545845 0.902100027 0.056347962 -0.427765727
1439803649.008152 -3.974738598 0.012905985 -0.643101931 -0.007424929 0.901927412 0.056563918 -0.428103268
1439803649.070654 -4.000438690 0.013822317 -0.664841175 -0.009268412 0.901785731 0.056811020 -0.428332895
1439803649.133156 -4.026075363 0.014890224 -0.686346173 -0.010793849 0.901734293 0.055887695 -0.428526968
1439803649.195657 -4.051716805 0.016111821 -0.707719326 -0.011424732 0.901774645 0.054044377 -0.428662091
1439803649.258157 -4.077925205 0.016912639 -0.728759170 -0.012562056 0.901815236 0.052545041 -0.428731233
1439803649.320659 -4.103192329 0.017983526 -0.750382423 -0.013299700 0.901763856 0.051756058 -0.428912878
1439803649.445661 -4.155162811 0.020084649 -0.793337822 -0.014417047 0.901413560 0.052304711 -0.429546207
1439803649.508164 -4.181714058 0.021165341 -0.814884305 -0.014975759 0.901202083 0.053163510 -0.429865330
1439803649.570662 -4.207646370 0.022047073 -0.836294413 -0.014679261 0.901089072 0.053520672 -0.430068076
1439803649.633164 -4.233438492 0.022700518 -0.858037829 -0.014140616 0.901070774 0.053484917 -0.430128932
1439803649.695667 -4.259368896 0.023465931 -0.879152060 -0.013668663 0.901061535 0.052977677 -0.430226237
1439803649.758168 -4.285307884 0.024420738 -0.900504112 -0.012944570 0.900953591 0.052425932 -0.430542171
1439803649.883168 -4.337960243 0.026836783 -0.943194866 -0.011473609 0.900699437 0.052271832 -0.431134015
1439803649.945672 -4.365107536 0.028070539 -0.965090752 -0.011025387 0.900545120 0.053031892 -0.431375206
1439803650.008173 -4.391512871 0.029257894 -0.986261606 -0.009956744 0.900394619 0.054341558 -0.431552291
1439803650.070673 -4.417931557 0.030299842 -1.007792473 -0.009337895 0.900230229 0.055623356 -0.431745619
1439803650.133174 -4.444861412 0.031576782 -1.029206038 -0.008451159 0.900145233 0.056035500 -0.431887835
1439803650.258178 -4.496510506 0.033694983 -1.070893884 -0.007393315 0.900038183 0.055454511 -0.432205230
1439803650.320676 -4.522551060 0.034847111 -1.092321992 -0.007185853 0.899984777 0.054814063 -0.432401657
1439803650.383177 -4.548586369 0.035909057 -1.113133907 -0.007828775 0.900010288 0.053892694 -0.432453215
1439803650.445678 -4.574314117 0.036915004 -1.133887410 -0.008274619 0.899955094 0.053160470 -0.432650357
1439803650.508180 -4.600282669 0.037962317 -1.155003071 -0.008543638 0.899873853 0.052308507 -0.432917863
1439803650.570681 -4.625773907 0.039023161 -1.175552249 -0.008014863 0.899843037 0.050768930 -0.433175236
1439803650.695683 -4.677492142 0.040782541 -1.216573954 -0.006177930 0.899756014 0.047705527 -0.433733910
1439803650.758188 -4.703251839 0.041841090 -1.237117887 -0.005480114 0.899502873 0.047739398 -0.434264302
1439803650.820685 -4.729105949 0.042637110 -1.257682562 -0.005453252 0.899163306 0.048802018 -0.434849322
1439803650.883186 -4.754794598 0.043579042 -1.278473377 -0.005711439 0.898803532 0.049946759 -0.435459375
1439803650.945688 -4.780329227 0.044337958 -1.298425555 -0.005246959 0.898651004 0.051042534 -0.435652912
1439803651.070689 -4.831775665 0.046858162 -1.338900447 -0.001559173 0.898470521 0.051742900 -0.435971200
1439803651.133190 -4.857776642 0.047823131 -1.358704686 0.000056935 0.898285925 0.051169701 -0.436421931
1439803651.195692 -4.882972240 0.048695385 -1.378105402 0.000947193 0.898045003 0.050301388 -0.437017202
1439803651.258195 -4.907987118 0.049139202 -1.397594929 0.000990130 0.897825897 0.049484357 -0.437560230
1439803651.383194 -4.957992077 0.051800668 -1.437572360 -0.001146105 0.897353172 0.049423382 -0.438535392
1439803651.445695 -4.982743263 0.053181201 -1.457085013 -0.001883945 0.897212327 0.049736902 -0.438785493
1439803651.508197 -5.007529259 0.054334790 -1.476766944 -0.002940197 0.897070646 0.050512888 -0.438980699
1439803651.570698 -5.032229900 0.055557877 -1.497073650 -0.003961721 0.896842778 0.051853195 -0.439281940
1439803651.695700 -5.081885338 0.057036996 -1.534349084 -0.000473501 0.896777093 0.050252512 -0.439619541
1439803651.758201 -5.106628895 0.057811469 -1.553264141 0.000347787 0.896558344 0.049072061 -0.440198690
1439803651.820703 -5.130786896 0.058102071 -1.571890235 0.000705833 0.896279752 0.048459660 -0.440833002
1439803651.883203 -5.156011581 0.058405370 -1.590885520 0.000517287 0.896022022 0.048527487 -0.441349447
1439803651.945705 -5.180189133 0.060530871 -1.609721780 -0.001295125 0.895770729 0.048882023 -0.441818595
1439803652.008209 -5.204389572 0.061839879 -1.628642559 -0.002633246 0.895516038 0.049067263 -0.442308098
1439803652.133206 -5.252801418 0.063841134 -1.666352391 -0.002902830 0.895107687 0.049748335 -0.443056226
1439803652.195710 -5.277594566 0.064802527 -1.684922218 -0.002383265 0.895131469 0.050200041 -0.442960411
1439803652.258216 -5.302177429 0.066012204 -1.703049660 -0.001038231 0.895066619 0.049508873 -0.443174422
1439803652.320718 -5.326074600 0.066420674 -1.720948458 -0.000066642 0.894880891 0.048479784 -0.443664193
1439803652.383212 -5.349722862 0.066914499 -1.739527106 -0.000853098 0.894529462 0.048304349 -0.444390595
1439803652.508214 -5.397983551 0.068513751 -1.776135325 -0.002213997 0.894186139 0.047163010 -0.445198774
1439803652.570715 -5.422582626 0.069520086 -1.794372201 -0.003091579 0.894070327 0.047198903 -0.445422232
1439803652.633215 -5.446590424 0.070577741 -1.812590241 -0.003541525 0.893887281 0.047029614 -0.445804000
1439803652.695715 -5.471049309 0.071317703 -1.830758810 -0.002887719 0.893757463 0.046654779 -0.446108282
1439803652.758216 -5.494701862 0.072143614 -1.848978996 -0.001931198 0.893619835 0.046158630 -0.446440697
1439803652.820717 -5.519167900 0.072698414 -1.866677403 -0.001246785 0.893459499 0.046013676 -0.446778744
1439803652.945717 -5.567324162 0.074804693 -1.902697921 -0.000383023 0.892966509 0.046351776 -0.447729975
1439803653.008218 -5.591227531 0.075457036 -1.920450568 0.000247656 0.892859578 0.046528727 -0.447925001
1439803653.070718 -5.615140438 0.076358050 -1.938555479 -0.000349939 0.892766833 0.047090422 -0.448051065
1439803653.133218 -5.638687611 0.077047497 -1.956048727 -0.000756422 0.892650366 0.047524586 -0.448236704
1439803653.195719 -5.662812710 0.078143805 -1.974529624 -0.000740749 0.892455041 0.047750957 -0.448601425
1439803653.258219 -5.686529160 0.078606486 -1.992507339 -0.001080264 0.892425716 0.048182897 -0.448612958
1439803653.383220 -5.734364510 0.080415249 -2.028193951 -0.000961304 0.892367423 0.048174009 -0.448730111
1439803653.445721 -5.758875370 0.081685841 -2.046560049 -0.000289522 0.892220676 0.047574710 -0.449086696
1439803653.508221 -5.782787800 0.082412541 -2.064549685 -0.000154322 0.892106652 0.048154231 -0.449251503
1439803653.570721 -5.807056427 0.083713084 -2.082778931 -0.000002455 0.892002463 0.048767470 -0.449392200
1439803653.695723 -5.855455399 0.085833520 -2.118761063 -0.000512076 0.891689777 0.049380291 -0.449945182
1439803653.758223 -5.879783154 0.086422175 -2.137444735 -0.001277883 0.891449273 0.049102366 -0.450450361
1439803653.820723 -5.903705120 0.087293327 -2.155387878 -0.002119767 0.891368508 0.048722506 -0.450648159
1439803653.883225 -5.928089142 0.088126540 -2.173211575 -0.002801177 0.891319036 0.048951603 -0.450717449
1439803653.945725 -5.952448845 0.088645667 -2.190846443 -0.002865436 0.891310573 0.048842240 -0.450745732
1439803654.008227 -5.977035522 0.088873565 -2.208164215 -0.002145204 0.891279578 0.048137475 -0.450886756
