1439804061.765718 -0.000127220 -0.001467000 0.028719880 -0.000069556 -0.000177443 0.000574402 0.999999821
1439804061.828221 -0.000345033 -0.003229572 0.058229472 -0.000361457 -0.000103428 0.001312315 0.999999046
1439804061.890720 -0.000340420 -0.004095716 0.087163091 -0.000668618 -0.000519490 0.001552230 0.999998450
1439804061.953224 -0.000401811 -0.005694914 0.115959816 -0.001507525 -0.000742827 0.001789560 0.999996960
1439804062.015724 -0.000683224 -0.006992829 0.144992888 -0.001835475 -0.000851581 0.002140673 0.999995649
1439804062.078224 -0.000784770 -0.008346632 0.174550295 -0.001838580 -0.001194928 0.002637463 0.999994099
1439804062.140726 -0.000843305 -0.009957111 0.203434631 -0.001568950 -0.001610006 0.003568673 0.999991119
1439804062.203228 -0.000904801 -0.011533801 0.232346728 -0.001147797 -0.001789117 0.004782384 0.999986291
1439804062.265729 -0.001179396 -0.012831858 0.261429608 -0.000484093 -0.001869303 0.005111812 0.999985039
1439804062.328228 -0.001366648 -0.014550889 0.290723592 -0.000395538 -0.002527488 0.005666895 0.999980688
1439804062.390730 -0.001668604 -0.015970180 0.319779068 -0.000093694 -0.003344804 0.006074134 0.999975979
1439804062.453231 -0.001889004 -0.017634239 0.348876089 -0.000389001 -0.004642963 0.007128290 0.999963760
1439804062.515733 -0.002277138 -0.019218128 0.378336817 -0.000924255 -0.005771013 0.007670723 0.999953508
1439804062.578234 -0.002792860 -0.020514116 0.407401323 -0.001355509 -0.006655221 0.007428647 0.999949336
1439804062.640736 -0.003644513 -0.022089640 0.436428666 -0.002315406 -0.007006479 0.007899991 0.999941528
1439804062.703240 -0.004472462 -0.023430763 0.465641111 -0.002956528 -0.006815093 0.008277061 0.999938130
1439804062.765739 -0.004734954 -0.025034344 0.494399965 -0.003831390 -0.006475544 0.008203050 0.999938011
1439804062.828240 -0.005238244 -0.026379133 0.523239017 -0.004534035 -0.005536992 0.008261598 0.999940217
1439804062.890746 -0.005663765 -0.027774096 0.551791370 -0.004600352 -0.004519201 0.007735635 0.999949276
1439804062.953243 -0.005884095 -0.029002273 0.580600202 -0.005214341 -0.003914958 0.008678577 0.999941051
1439804063.015745 -0.005845694 -0.030064238 0.609319389 -0.006330700 -0.003399502 0.011872826 0.999903679
1439804063.078246 -0.005737861 -0.031410985 0.637829065 -0.006633678 -0.003317221 0.012721465 0.999891579
1439804063.140747 -0.005544597 -0.032700986 0.666603148 -0.005534304 -0.003287110 0.014063401 0.999880373
1439804063.203249 -0.005777544 -0.034083545 0.695455074 -0.003780038 -0.002740150 0.013532005 0.999897540
1439804063.265750 -0.005962143 -0.035737991 0.723718166 -0.000488449 -0.002407107 0.013883424 0.999900579
1439804063.328252 -0.006140010 -0.037318435 0.752100050 0.002079241 -0.002161299 0.014494177 0.999890447
1439804063.390754 -0.006291265 -0.038797624 0.781034231 0.002719647 -0.002027422 0.014441811 0.999889970
1439804063.453255 -0.006596928 -0.040352460 0.810248852 0.001431404 -0.001837840 0.014026053 0.999898911
1439804063.515756 -0.006550035 -0.041741908 0.839235544 -0.000754230 -0.001854101 0.013883258 0.999901652
1439804063.578258 -0.006676130 -0.043143418 0.868406594 -0.002846049 -0.001671489 0.014003626 0.999896467
1439804063.640759 -0.006676219 -0.044766828 0.897341728 -0.004164330 -0.001729343 0.015180755 0.999874592
1439804063.703260 -0.006936307 -0.046577848 0.925698698 -0.004390549 -0.001607116 0.015945906 0.999861896
1439804063.765762 -0.006661916 -0.047661170 0.955555677 -0.003576585 -0.001658288 0.016349452 0.999858558
1439804063.828262 -0.006777334 -0.049266908 0.984348059 -0.003071378 -0.001612218 0.016604440 0.999856114
1439804063.890765 -0.007266898 -0.050922416 1.012801409 -0.002723566 -0.001599593 0.017098259 0.999848843
1439804063.953266 -0.006941485 -0.052003346 1.042555928 -0.002307955 -0.002270088 0.017925637 0.999834061
1439804064.015766 -0.007064181 -0.053596180 1.071428061 -0.002352502 -0.003011835 0.018433716 0.999822795
1439804064.078266 -0.007454591 -0.054967631 1.100626945 -0.002503247 -0.003703499 0.018486731 0.999819100
1439804064.140767 -0.007777041 -0.056357399 1.129812598 -0.002480668 -0.004373319 0.019074488 0.999805391
1439804064.203267 -0.008376963 -0.057938356 1.158973455 -0.002476791 -0.004916783 0.019171195 0.999801040
1439804064.265768 -0.008670121 -0.059352625 1.188043594 -0.002264978 -0.005629738 0.019668061 0.999788165
1439804064.328270 -0.009124413 -0.060785379 1.216823459 -0.002172680 -0.006175322 0.019196294 0.999794304
1439804064.390769 -0.009802366 -0.062272497 1.245720863 -0.002331542 -0.006742679 0.018994512 0.999794126
1439804064.453270 -0.010164483 -0.063627221 1.274807692 -0.002442143 -0.007569168 0.019472653 0.999778748
1439804064.515771 -0.010571858 -0.065346852 1.304236531 -0.003089649 -0.008406445 0.020016825 0.999759555
1439804064.578271 -0.010734502 -0.066795290 1.333621979 -0.003317005 -0.009399822 0.020432968 0.999741495
1439804064.640772 -0.011808796 -0.068569079 1.362650275 -0.003642664 -0.009852017 0.020334212 0.999738038
1439804064.703274 -0.012499133 -0.070023082 1.391850352 -0.003541673 -0.010542581 0.020426711 0.999729514
1439804064.765776 -0.013173016 -0.071618907 1.421620488 -0.003831155 -0.011677800 0.020937739 0.999705255
1439804064.828276 -0.014393337 -0.072937258 1.450789571 -0.003641640 -0.012397094 0.020390928 0.999708593
1439804064.890778 -0.015317963 -0.074401759 1.480312705 -0.003508311 -0.013584078 0.020142995 0.999698639
1439804064.953283 -0.016299630 -0.075577728 1.509368539 -0.003146728 -0.014571190 0.020488443 0.999678969
1439804065.015780 -0.017273026 -0.077157564 1.538551450 -0.002532194 -0.015463285 0.020284085 0.999671459
1439804065.078285 -0.018272880 -0.078831270 1.568101406 -0.002031011 -0.016065946 0.019994382 0.999668896
1439804065.140787 -0.019469280 -0.080055624 1.597303391 -0.001175101 -0.016010301 0.018859755 0.999693215
1439804065.203286 -0.020424917 -0.081594564 1.626988292 -0.000260390 -0.015993591 0.018165514 0.999707043
1439804065.265786 -0.021632958 -0.083209828 1.657107353 0.000194177 -0.015967919 0.018315537 0.999704719
1439804065.328288 -0.022834513 -0.084790356 1.686185360 0.000281003 -0.015929343 0.018001711 0.999711037
1439804065.390790 -0.024013624 -0.086411126 1.716414928 -0.000174905 -0.016126776 0.018764637 0.999693871
1439804065.453292 -0.024831399 -0.087884776 1.746013165 -0.001137228 -0.016507803 0.020332007 0.999656320
1439804065.515795 -0.025568131 -0.089439899 1.775303364 -0.002191023 -0.016752550 0.021816496 0.999619246
1439804065.578293 -0.026840750 -0.090888172 1.805434227 -0.002587392 -0.016786974 0.021763105 0.999618828
1439804065.640795 -0.027865633 -0.092429385 1.835464358 -0.002335311 -0.017099168 0.020551678 0.999639809
1439804065.703300 -0.029021572 -0.093975574 1.865319729 -0.001583982 -0.017405530 0.020255219 0.999642074
1439804065.765804 -0.030281086 -0.095816217 1.895113468 -0.001262606 -0.017663721 0.019900568 0.999645114
1439804065.828298 -0.031566028 -0.097074091 1.925723433 -0.001026170 -0.018112600 0.019791754 0.999639511
1439804065.890797 -0.032801379 -0.098545104 1.955798507 -0.001862201 -0.018323760 0.019107169 0.999647796
1439804065.953305 -0.033898417 -0.100275636 1.985704184 -0.002879806 -0.018340357 0.018757215 0.999651670
1439804066.015799 -0.035431791 -0.101494223 2.017279148 -0.003280787 -0.018280201 0.019060820 0.999645829
1439804066.078300 -0.036701180 -0.103149377 2.047772646 -0.003288836 -0.018422559 0.019467207 0.999635339
1439804066.140806 -0.038020339 -0.104644626 2.078453302 -0.003015169 -0.018569460 0.019760190 0.999627709
1439804066.203304 -0.039130203 -0.106178775 2.107922792 -0.002883611 -0.018681735 0.019200936 0.999636948
1439804066.265804 -0.040182650 -0.107577212 2.138234377 -0.002297520 -0.018932933 0.019551167 0.999626935
1439804066.328306 -0.041537315 -0.108868971 2.169458866 -0.002121124 -0.019279672 0.019437827 0.999622941
1439804066.390807 -0.043002151 -0.110484809 2.200060844 -0.002169475 -0.019496316 0.018808104 0.999630630
1439804066.453308 -0.044272792 -0.112011760 2.231270790 -0.001831250 -0.019679241 0.018763058 0.999628603
1439804066.515811 -0.045649230 -0.113804512 2.261893988 -0.001555657 -0.019729916 0.018369343 0.999635339
1439804066.578311 -0.046831928 -0.115206137 2.293222427 -0.001252251 -0.019824058 0.017985111 0.999640942
1439804066.640813 -0.048161570 -0.116628602 2.324186087 -0.000926354 -0.019700803 0.017423728 0.999653637
1439804066.703315 -0.049424838 -0.118274733 2.354796410 -0.000718256 -0.019664446 0.018126940 0.999642015
1439804066.765814 -0.050751537 -0.120161980 2.385289431 -0.000688235 -0.019823942 0.018927472 0.999624074
1439804066.828316 -0.052315462 -0.121851310 2.416412115 -0.000630001 -0.020128025 0.019698191 0.999603152
1439804066.890822 -0.053711116 -0.123293601 2.447420120 -0.000288702 -0.020320928 0.020073736 0.999591887
1439804066.953317 -0.054806199 -0.124956295 2.478811502 -0.000175361 -0.020710116 0.020702295 0.999571145
1439804067.015820 -0.056982927 -0.126221314 2.510031700 -0.000229157 -0.020805268 0.020692192 0.999569356
1439804067.078321 -0.058098823 -0.127862424 2.541714668 -0.000531979 -0.021159118 0.020389408 0.999568045
1439804067.140821 -0.059871245 -0.129613653 2.573052406 -0.001030948 -0.021198288 0.019814130 0.999578416
1439804067.203321 -0.060950980 -0.130979776 2.605010509 -0.000849989 -0.021649938 0.019861963 0.999567926
1439804067.265824 -0.063338071 -0.132583365 2.635353804 -0.000503642 -0.021307204 0.020053746 0.999571741
1439804067.328326 -0.064774871 -0.134295300 2.666515112 -0.000134128 -0.021568479 0.020164069 0.999563992
1439804067.390825 -0.065524638 -0.136557445 2.697734833 0.000035789 -0.021969518 0.019614406 0.999566197
1439804067.453328 -0.066915438 -0.138513967 2.729712486 0.000019494 -0.022372946 0.019564601 0.999558270
1439804067.515828 -0.068326578 -0.139585853 2.760633230 0.000045911 -0.022537781 0.019924328 0.999547422
1439804067.578330 -0.069969289 -0.141080350 2.792000055 -0.000010374 -0.022689182 0.020100117 0.999540508
1439804067.640830 -0.071516916 -0.143518150 2.823029280 -0.000368328 -0.022953849 0.020161109 0.999533176
1439804067.703331 -0.073443010 -0.145351961 2.854164362 -0.000096604 -0.022868600 0.019934524 0.999539733
1439804067.765833 -0.074353069 -0.146520361 2.885326862 0.000179228 -0.023371708 0.020042012 0.999525905
1439804067.828334 -0.076430790 -0.148817152 2.917027712 -0.000355828 -0.023350591 0.020061485 0.999525964
1439804067.890834 -0.077943027 -0.150310338 2.947872400 -0.000233828 -0.023808032 0.019431794 0.999527633
1439804067.953337 -0.079660729 -0.152454376 2.979179859 -0.000656834 -0.024394857 0.017981738 0.999540448
1439804068.015838 -0.081682995 -0.153867349 3.010736942 -0.000239311 -0.025007475 0.016654901 0.999548495
1439804068.078339 -0.084021874 -0.156090811 3.042498112 0.000080739 -0.025351774 0.015728705 0.999554873
1439804068.140839 -0.085834838 -0.157485992 3.073271275 0.000813096 -0.026165988 0.015208459 0.999541581
1439804068.203344 -0.087579951 -0.159094840 3.104716063 0.001357114 -0.026840854 0.013873332 0.999542534
1439804068.265844 -0.089078605 -0.161810264 3.135644436 0.000670175 -0.027355326 0.012462312 0.999547839
1439804068.328343 -0.091806807 -0.162887707 3.167885065 0.000528487 -0.027151579 0.012712935 0.999550343
1439804068.390849 -0.093440823 -0.164235801 3.199404955 0.000377456 -0.027559157 0.012845053 0.999537587
1439804068.453346 -0.095309347 -0.166745827 3.230784416 -0.000350258 -0.027727619 0.013014776 0.999530733
1439804068.515847 -0.097026378 -0.168100700 3.262601852 -0.000096334 -0.028075172 0.013920868 0.999508858
1439804068.578348 -0.098869622 -0.169930160 3.294120073 0.000197426 -0.028797925 0.014709742 0.999477029
1439804068.640851 -0.100397669 -0.171640843 3.325559139 0.000525645 -0.029812349 0.016083695 0.999425948
1439804068.703350 -0.102522850 -0.173588529 3.357256651 0.000196825 -0.030472986 0.016545594 0.999398649
1439804068.765852 -0.104917407 -0.175573304 3.388671160 -0.000160339 -0.031056467 0.016003124 0.999389529
1439804068.828353 -0.107040547 -0.177419946 3.420065165 -0.000234419 -0.031716198 0.015148774 0.999382079
1439804068.890854 -0.109346375 -0.179168850 3.451665401 0.000109779 -0.032257244 0.014248618 0.999378026
1439804068.953355 -0.111753866 -0.180933118 3.482947350 0.000423010 -0.032970626 0.013180009 0.999369323
1439804069.015856 -0.114411220 -0.182768926 3.514602900 0.000607593 -0.033237141 0.011865134 0.999376893
1439804069.078362 -0.116806932 -0.184356585 3.545972824 0.000209265 -0.033596955 0.010813245 0.999376953
1439804069.140862 -0.119205669 -0.186219692 3.577403784 -0.000153833 -0.033929799 0.009888210 0.999375284
1439804069.203362 -0.121286288 -0.188190743 3.608793020 -0.000382491 -0.034385733 0.009817926 0.999360323
1439804069.265865 -0.123909935 -0.189893469 3.640523911 0.000512480 -0.034552395 0.009291255 0.999359608
1439804069.328363 -0.126695380 -0.191461295 3.671935558 0.001778797 -0.034385644 0.008870021 0.999367714
1439804069.390865 -0.128895357 -0.193772018 3.703169107 0.002427580 -0.034468509 0.008346175 0.999368012
1439804069.453367 -0.130923122 -0.195525035 3.733914614 0.003167275 -0.034657374 0.008322950 0.999359548
1439804069.515870 -0.133280277 -0.197249293 3.765092373 0.003317944 -0.034335550 0.008412770 0.999369442
1439804069.578370 -0.135670751 -0.199314132 3.796490908 0.002844993 -0.034140740 0.007625611 0.999383926
1439804069.640875 -0.138215691 -0.200984776 3.827589512 0.002180260 -0.033607602 0.006689918 0.999410331
1439804069.703373 -0.140293494 -0.202812403 3.858651161 0.000991820 -0.033233095 0.006352368 0.999426961
1439804069.765878 -0.142462730 -0.204765558 3.889974833 -0.000228236 -0.033465400 0.005222704 0.999426186
1439804069.828375 -0.144743755 -0.206398875 3.921009541 -0.000670719 -0.033069856 0.004779621 0.999441385
1439804069.890882 -0.146933198 -0.208170965 3.951731443 -0.000572367 -0.032843754 0.004673055 0.999449372
1439804069.953380 -0.149170771 -0.210047603 3.982586384 -0.000239349 -0.032520648 0.003949367 0.999463201
1439804070.015881 -0.151291579 -0.211827815 4.013298988 0.000286797 -0.032403231 0.003134803 0.999469936
1439804070.078385 -0.152853638 -0.213939115 4.043399811 0.000408692 -0.032723058 0.002617303 0.999460936
1439804070.140884 -0.155578256 -0.215706438 4.074204445 0.000430373 -0.031998366 0.002459164 0.999484837
1439804070.203386 -0.157291427 -0.217145383 4.104917049 0.000106529 -0.031982273 0.002554322 0.999485195
1439804070.265885 -0.159571201 -0.218731552 4.135789871 -0.000041947 -0.031374659 0.002985577 0.999503195
1439804070.328384 -0.161468267 -0.220475450 4.166095257 -0.000230806 -0.031112315 0.003076188 0.999511123
1439804070.390887 -0.163616210 -0.221811995 4.196343899 -0.000067782 -0.030871365 0.002624984 0.999519885
1439804070.453386 -0.165971547 -0.223564148 4.227062702 -0.000088809 -0.030396948 0.002224402 0.999535441
1439804070.515888 -0.168063879 -0.225207925 4.257433891 -0.000137313 -0.030242421 0.002498688 0.999539435
1439804070.578389 -0.169834197 -0.226942778 4.286441803 -0.000106863 -0.030034762 0.002820710 0.999544919
1439804070.640887 -0.171564281 -0.228601620 4.317559719 0.000026165 -0.030061508 0.003107699 0.999543190
