1439804071.515906 -0.000088485 -0.002046656 0.036116991 -0.000279732 0.000183350 0.000200913 0.999999940
1439804071.578407 -0.000452129 -0.004079400 0.072414599 -0.000434072 0.000522064 0.000389095 0.999999702
1439804071.640909 -0.000510500 -0.006112420 0.107869275 -0.000734634 0.000410136 0.000031590 0.999999642
1439804071.703408 -0.000751042 -0.008097326 0.143552423 -0.000870871 0.000425140 -0.000118612 0.999999523
1439804071.765909 -0.000717271 -0.010065240 0.179144695 -0.000752205 0.000294935 0.000289366 0.999999642
1439804071.828414 -0.001113348 -0.012103605 0.214815915 -0.000786286 0.000325929 0.000396394 0.999999583
1439804071.890913 -0.001237244 -0.014144843 0.250156879 -0.000767788 0.000233830 0.000431831 0.999999583
1439804071.953412 -0.001321988 -0.016170593 0.285735816 -0.000681986 0.000319539 0.000088196 0.999999702
1439804072.015914 -0.001537334 -0.017986936 0.320988417 -0.000479059 0.000567634 -0.000598722 0.999999523
1439804072.078417 -0.001670767 -0.020075886 0.355904043 -0.000340600 0.001017562 -0.001152883 0.999998748
1439804072.140915 -0.001859958 -0.021965059 0.391166627 0.000199631 0.001526537 -0.001370938 0.999997854
1439804072.203422 -0.001744789 -0.023939272 0.426488072 0.000561842 0.001797459 -0.001516694 0.999997079
1439804072.265917 -0.001734157 -0.025866143 0.460989624 0.000774363 0.001947361 -0.001880823 0.999996006
1439804072.328420 -0.001910288 -0.027974768 0.495546401 0.000948667 0.002217173 -0.002484608 0.999994040
1439804072.390923 -0.001723619 -0.029955953 0.530384958 0.000665308 0.002187800 -0.002488449 0.999994278
1439804072.453422 -0.001658684 -0.031851240 0.565229237 0.000253973 0.002203634 -0.003134799 0.999992609
1439804072.515923 -0.001889649 -0.034071721 0.599830389 -0.000063394 0.002382602 -0.003589641 0.999990702
1439804072.578426 -0.001584003 -0.035425916 0.633993566 0.000144783 0.002394320 -0.003395049 0.999991357
1439804072.640927 -0.001956665 -0.037861083 0.668542504 -0.000418502 0.002615615 -0.004252284 0.999987423
1439804072.703428 -0.001935709 -0.039802067 0.703310430 -0.001457274 0.002771481 -0.005080022 0.999982178
1439804072.765929 -0.002237117 -0.041576147 0.737415731 -0.002397557 0.002980551 -0.005171014 0.999979317
1439804072.828429 -0.002384620 -0.043433808 0.772221029 -0.003288312 0.003207094 -0.005748476 0.999972939
1439804072.890931 -0.002312350 -0.045162708 0.806212902 -0.003975833 0.003286419 -0.005796697 0.999969900
1439804072.953432 -0.002186690 -0.046953741 0.840323150 -0.004129234 0.003515517 -0.005911240 0.999967813
1439804073.015931 -0.002210919 -0.048840847 0.874286115 -0.003698448 0.004049956 -0.005092450 0.999971986
1439804073.078435 -0.002208546 -0.050599754 0.908310354 -0.003228990 0.004541699 -0.005097480 0.999971449
1439804073.140935 -0.002026361 -0.052364472 0.942008317 -0.002789821 0.004869050 -0.005579406 0.999968648
1439804073.203437 -0.001721237 -0.054040462 0.976013303 -0.002373934 0.005212975 -0.005056546 0.999970794
1439804073.265940 -0.001152332 -0.055672944 1.009501219 -0.001646974 0.005456458 -0.004889968 0.999971807
1439804073.328437 -0.000653970 -0.057575524 1.042837739 -0.001570300 0.005485963 -0.005316352 0.999969602
1439804073.390940 -0.000711615 -0.059361838 1.076485634 -0.001276218 0.005863818 -0.005293147 0.999967992
1439804073.453443 -0.000432825 -0.061256222 1.109959960 -0.000937427 0.006079892 -0.005221601 0.999967456
1439804073.515942 0.000028501 -0.063007183 1.143202901 -0.000975644 0.006195419 -0.005266835 0.999966443
1439804073.578444 0.000112108 -0.064813472 1.176422119 -0.001137946 0.006375012 -0.005713067 0.999962687
1439804073.640946 0.000381161 -0.066589326 1.209497809 -0.001043525 0.006521792 -0.006267932 0.999958515
1439804073.703446 0.000385420 -0.068274930 1.242629766 -0.000631259 0.006723022 -0.006766896 0.999954283
1439804073.765948 0.000592321 -0.069974564 1.275344968 -0.000314878 0.006939373 -0.006852749 0.999952376
1439804073.828450 0.000950227 -0.071950726 1.307694793 0.000156981 0.007039863 -0.007356311 0.999948144
1439804073.890949 0.001003992 -0.073984116 1.341015816 0.000785214 0.007111575 -0.006462956 0.999953508
1439804073.953451 0.001360746 -0.075784571 1.374112010 0.000926968 0.007198354 -0.006153869 0.999954700
1439804074.015954 0.001888720 -0.077492803 1.406494498 0.000535158 0.007321520 -0.006486915 0.999952018
1439804074.078456 0.001863064 -0.079198495 1.439299583 -0.000291446 0.007559145 -0.007314888 0.999944627
1439804074.140956 0.002062880 -0.081102833 1.471892953 -0.002147441 0.007583534 -0.008721530 0.999930918
1439804074.203456 0.002398103 -0.082422391 1.504445195 -0.003761748 0.007447886 -0.008739647 0.999926984
1439804074.265958 0.002416713 -0.084310457 1.536393642 -0.005265013 0.007272750 -0.008532326 0.999923289
1439804074.328459 0.002816739 -0.085819617 1.568969846 -0.005129656 0.007174030 -0.008140073 0.999927998
1439804074.390961 0.003113192 -0.087723263 1.600743771 -0.004401183 0.007166053 -0.007397141 0.999937296
1439804074.453462 0.003516257 -0.089388534 1.632933736 -0.002633923 0.007308511 -0.007082853 0.999944746
1439804074.515962 0.003528032 -0.091070227 1.664496064 -0.001314431 0.007304166 -0.008186926 0.999938905
1439804074.578463 0.003783556 -0.092713535 1.696646214 -0.000132070 0.007507758 -0.009193322 0.999929547
1439804074.640969 0.003921367 -0.094440691 1.728153825 0.000039706 0.007583703 -0.009033049 0.999930441
1439804074.703465 0.004140144 -0.096230373 1.760044217 -0.000542544 0.007403138 -0.008776755 0.999933898
1439804074.765966 0.004787104 -0.097649880 1.792650819 -0.002062904 0.007059538 -0.007102985 0.999947727
1439804074.828468 0.005106041 -0.099267617 1.824424982 -0.003526369 0.007093210 -0.006864724 0.999945045
1439804074.890969 0.005395940 -0.100920536 1.856097579 -0.004551219 0.007084890 -0.007158635 0.999938905
1439804074.953470 0.005416028 -0.102551639 1.887653232 -0.004775957 0.007211764 -0.007874746 0.999931574
1439804075.015973 0.005474888 -0.104296103 1.919493318 -0.004518505 0.007260478 -0.009002119 0.999922931
1439804075.078473 0.005991405 -0.105783574 1.950843096 -0.003730789 0.006981843 -0.008781413 0.999930143
1439804075.140974 0.005958114 -0.107573010 1.981573582 -0.002448435 0.007120372 -0.009272171 0.999928653
1439804075.203479 0.006088775 -0.109070353 2.012678862 -0.001754860 0.007252818 -0.009845038 0.999923706
1439804075.265980 0.006419148 -0.110598490 2.043821335 -0.001499163 0.007371281 -0.010543987 0.999916077
1439804075.328477 0.006463161 -0.112137116 2.074578762 -0.001770840 0.007397159 -0.011049069 0.999909997
1439804075.390981 0.006755495 -0.113687322 2.106122017 -0.001879845 0.007179992 -0.010822706 0.999913871
1439804075.453479 0.006932564 -0.115166202 2.137001514 -0.002101362 0.007053954 -0.010472316 0.999918044
1439804075.515984 0.007378990 -0.116979949 2.167684555 -0.001860281 0.007014113 -0.010071165 0.999922931
1439804075.578484 0.007312536 -0.119105101 2.198604584 -0.001735541 0.007331435 -0.009822872 0.999923348
1439804075.640987 0.007495223 -0.120592229 2.229191780 -0.001357853 0.007450642 -0.009648898 0.999924779
1439804075.703485 0.007437211 -0.122120373 2.260130882 -0.000823678 0.007614723 -0.009096505 0.999929309
1439804075.765986 0.008623702 -0.124258220 2.289760113 -0.000278937 0.007533967 -0.007979415 0.999939740
1439804075.828487 0.008917928 -0.125842586 2.320415974 0.000307072 0.007515490 -0.007106948 0.999946475
1439804075.890987 0.008898091 -0.127614245 2.351072311 0.000820007 0.007589970 -0.006755989 0.999948025
1439804075.953488 0.009342937 -0.129185483 2.381327391 0.000986502 0.007541094 -0.006868517 0.999947488
1439804076.015990 0.009366443 -0.131155387 2.411262751 0.000711729 0.007755693 -0.006669625 0.999947429
1439804076.078490 0.010146879 -0.132789075 2.441674471 -0.000023042 0.007620117 -0.005534655 0.999955654
1439804076.140993 0.010594731 -0.134438321 2.471715689 -0.000867901 0.007607197 -0.005084816 0.999957740
1439804076.203496 0.010620968 -0.136323228 2.501857281 -0.001627910 0.007644001 -0.005024635 0.999956846
1439804076.265997 0.011001997 -0.138039589 2.531704187 -0.001917557 0.007767456 -0.005193392 0.999954522
1439804076.328496 0.012135025 -0.139759630 2.561104298 -0.001874499 0.007661140 -0.004603271 0.999958277
1439804076.390998 0.011861756 -0.140918553 2.592612028 -0.002105650 0.008043841 -0.004216222 0.999956548
1439804076.453498 0.012050759 -0.142408207 2.622678280 -0.003432595 0.007994913 -0.005102724 0.999949098
1439804076.516000 0.012109814 -0.143590152 2.652349710 -0.005229440 0.008050854 -0.005781589 0.999937177
1439804076.578502 0.012625922 -0.144431293 2.682495356 -0.006579759 0.008134337 -0.006306784 0.999925375
1439804076.641002 0.012538373 -0.145980045 2.712295294 -0.007542717 0.008379932 -0.006773266 0.999913514
1439804076.703506 0.013224397 -0.147267073 2.741959333 -0.007334717 0.008257605 -0.006631224 0.999917030
1439804076.766007 0.013988374 -0.149062365 2.771023273 -0.006363884 0.008098745 -0.006731443 0.999924302
1439804076.828506 0.013938311 -0.150772378 2.800763130 -0.004417783 0.008479242 -0.006800527 0.999931157
1439804076.891006 0.013793048 -0.152132273 2.829824924 -0.002440911 0.008824229 -0.006594073 0.999936342
1439804076.953507 0.014359999 -0.153858751 2.858636618 -0.001199917 0.008923638 -0.006864287 0.999935925
1439804077.016010 0.014900874 -0.155349687 2.887660027 -0.000531713 0.008946879 -0.006887468 0.999936104
1439804077.078511 0.016305625 -0.157240838 2.917984724 -0.000524923 0.008664818 -0.005860514 0.999945104
1439804077.141011 0.016211942 -0.158393636 2.948141813 -0.001081749 0.009078342 -0.005094817 0.999945223
1439804077.203512 0.016875796 -0.159978539 2.977404356 -0.002190075 0.009201068 -0.004918405 0.999943197
1439804077.266014 0.017434739 -0.161631167 3.006829500 -0.002928196 0.009270643 -0.004580339 0.999942243
1439804077.328515 0.017316513 -0.162772432 3.036348104 -0.003489260 0.009705799 -0.005321003 0.999932647
1439804077.391016 0.017145466 -0.164072961 3.064949274 -0.004316469 0.009999624 -0.006551007 0.999919236
1439804077.453517 0.017136529 -0.165718883 3.093470097 -0.005006209 0.010109821 -0.007525103 0.999908030
1439804077.516019 0.018050637 -0.167266890 3.122384071 -0.005205545 0.009770237 -0.008110509 0.999905825
1439804077.578520 0.018656131 -0.168678284 3.151190519 -0.004985728 0.009648383 -0.007958580 0.999909341
1439804077.641021 0.018502567 -0.169796854 3.179569483 -0.004715546 0.009901864 -0.007397109 0.999912500
1439804077.703524 0.018963765 -0.171092778 3.208060503 -0.004872411 0.010169140 -0.007355082 0.999909401
1439804077.766023 0.019253194 -0.172522262 3.236992359 -0.005152408 0.010450595 -0.007570657 0.999903440
1439804077.828524 0.019894481 -0.174069226 3.265764236 -0.005316155 0.010717420 -0.007924006 0.999897063
1439804077.891025 0.021559440 -0.176240325 3.294187784 -0.005502215 0.010564837 -0.008286756 0.999894738
1439804077.953526 0.020796642 -0.176623255 3.322617292 -0.004885836 0.011199328 -0.008720046 0.999887347
1439804078.016028 0.021198507 -0.178422093 3.351075172 -0.004435515 0.011466983 -0.009385969 0.999880373
1439804078.078529 0.022037081 -0.180312172 3.379013300 -0.003295437 0.011508637 -0.010018677 0.999878168
1439804078.141031 0.022042491 -0.181471333 3.406304121 -0.001872065 0.011886381 -0.010204480 0.999875546
1439804078.203532 0.022543356 -0.182974771 3.434262991 -0.000958934 0.012134870 -0.010151633 0.999874413
1439804078.266033 0.023258269 -0.184483424 3.461973429 -0.000373174 0.012200511 -0.010174188 0.999873757
1439804078.328535 0.023955759 -0.185653165 3.490083933 -0.000211745 0.012365258 -0.010489318 0.999868512
1439804078.391036 0.024017036 -0.186685145 3.517697573 -0.000694679 0.013013659 -0.009742842 0.999867618
1439804078.453538 0.024915949 -0.187999591 3.545428753 -0.001742423 0.013338964 -0.008781365 0.999870956
1439804078.516037 0.025523104 -0.189134777 3.573363781 -0.003535290 0.013780755 -0.007002351 0.999874234
1439804078.578538 0.026344270 -0.190685645 3.601272106 -0.005235023 0.013908748 -0.006757355 0.999866724
1439804078.641039 0.026835166 -0.191916347 3.628961563 -0.006187900 0.014348535 -0.007966481 0.999846160
1439804078.703543 0.027149804 -0.193186462 3.656723738 -0.006613703 0.014853262 -0.008167252 0.999834478
