1439803608.444955 -0.010926301 -0.001209422 0.021825748 0.001478215 -0.038773492 0.002659329 0.999243379
1439803608.507458 -0.012224434 -0.001257910 0.024497619 0.001675936 -0.043363020 0.002727630 0.999054253
1439803608.632458 -0.022756934 -0.003910367 0.031899214 0.001061060 -0.050459385 0.004201053 0.998716712
1439803608.694958 -0.017736964 -0.002383474 0.034644708 0.001599506 -0.058548588 0.003397812 0.998277485
1439803608.757459 -0.019158948 -0.002286638 0.037602551 0.001606958 -0.064034455 0.003046142 0.997941732
1439803608.819959 -0.021814484 -0.002757100 0.041895334 0.001455290 -0.069678903 0.003491818 0.997562289
1439803608.882460 -0.024604900 -0.003724739 0.046089180 0.000984167 -0.075639628 0.003935594 0.997126997
1439803609.007461 -0.028429728 -0.003440008 0.055095684 0.000964905 -0.088319466 0.002936141 0.996087372
1439803609.069960 -0.031649325 -0.004372125 0.059810005 0.000515703 -0.094547525 0.002755430 0.995516360
1439803609.132463 -0.035005972 -0.003629087 0.066753961 0.001047915 -0.100563690 0.002177092 0.994927704
1439803609.194962 -0.037090875 -0.004053884 0.071002409 0.000590529 -0.107132368 0.001177026 0.994243920
1439803609.257462 -0.040679958 -0.004117791 0.077658631 0.000362068 -0.113444984 0.000830911 0.993543863
1439803609.382465 -0.046591632 -0.004606169 0.088645026 -0.000601687 -0.126300260 -0.000118440 0.991991878
1439803609.444963 -0.050066464 -0.004993685 0.095126860 -0.001267863 -0.132811457 0.000187481 0.991140485
1439803609.507464 -0.053935561 -0.005455394 0.100944169 -0.002109512 -0.139291152 0.000296013 0.990249157
1439803609.632471 -0.060578488 -0.005945843 0.112197958 -0.003214235 -0.152126104 -0.000255678 0.988355815
1439803609.694965 -0.064309545 -0.006081580 0.118186645 -0.003390393 -0.158258513 -0.000091697 0.987391889
1439803609.757465 -0.068192028 -0.006660514 0.123829558 -0.003695328 -0.164109007 -0.000079740 0.986435294
1439803609.819968 -0.071740441 -0.006959163 0.129918560 -0.003708492 -0.170292005 -0.000136033 0.985386610
1439803609.882467 -0.075636007 -0.007370038 0.135365024 -0.003832941 -0.176442906 -0.000109535 0.984303415
1439803609.944967 -0.078951716 -0.007645389 0.140125230 -0.004026415 -0.182379320 -0.000496299 0.983219862
1439803610.007470 -0.082728520 -0.008027810 0.145472527 -0.004181789 -0.187958926 -0.001025425 0.982167482
1439803610.069969 -0.086573765 -0.008347373 0.151244625 -0.004349419 -0.192994922 -0.001315772 0.981189251
1439803610.132468 -0.090204388 -0.008455547 0.156732574 -0.004413539 -0.197964311 -0.001528179 0.980198085
1439803610.194970 -0.093944840 -0.008762171 0.162222922 -0.004589517 -0.202931702 -0.001580100 0.979180872
1439803610.257471 -0.098048516 -0.008837118 0.167717829 -0.004637014 -0.207766950 -0.001752765 0.978165805
1439803610.319972 -0.102004811 -0.009206565 0.173054367 -0.004763102 -0.212687969 -0.001737226 0.977106988
1439803610.382472 -0.106023028 -0.009387371 0.178375363 -0.004656967 -0.217487901 -0.001698062 0.976050436
1439803610.444972 -0.110138424 -0.009966920 0.183607921 -0.004809567 -0.222052202 -0.001691638 0.975021422
1439803610.507476 -0.114280872 -0.010118237 0.188663319 -0.004681311 -0.226585105 -0.001843379 0.973978400
1439803610.569974 -0.118403889 -0.010666192 0.193771854 -0.004829840 -0.231221825 -0.001979252 0.972887039
1439803610.632474 -0.121899039 -0.010928925 0.198895246 -0.004554799 -0.236050725 -0.001825763 0.971728325
1439803610.694978 -0.125823766 -0.011356277 0.203988686 -0.004296132 -0.240590036 -0.001883286 0.970615506
1439803610.757476 -0.129872426 -0.011694237 0.208997339 -0.003826009 -0.244693354 -0.002310038 0.969590247
1439803610.819978 -0.133799478 -0.011619560 0.213764995 -0.003241540 -0.248826191 -0.002427656 0.968539655
1439803610.882480 -0.137833014 -0.012171917 0.218561098 -0.003041264 -0.252724081 -0.002773410 0.967529655
1439803610.944980 -0.141710594 -0.012215353 0.223620623 -0.002678838 -0.256892800 -0.002692682 0.966432452
1439803611.007481 -0.145866454 -0.012866667 0.228286192 -0.002701550 -0.260564655 -0.002895541 0.965448260
1439803611.069983 -0.149729878 -0.013194608 0.233434543 -0.002449363 -0.264337152 -0.002419442 0.964424193
1439803611.132483 -0.153988436 -0.013802332 0.238068163 -0.002280441 -0.267712563 -0.002304403 0.963493347
1439803611.194984 -0.157960489 -0.014022984 0.243069112 -0.001763594 -0.271333426 -0.002133813 0.962481380
1439803611.257485 -0.162056684 -0.014214667 0.247538954 -0.001316269 -0.274735183 -0.002211991 0.961516500
1439803611.319988 -0.166199490 -0.014439842 0.252308816 -0.000802116 -0.278172225 -0.002307067 0.960528135
1439803611.382487 -0.170406520 -0.014931935 0.256781548 -0.000422211 -0.281425297 -0.002737469 0.959579170
1439803611.444988 -0.174555928 -0.015335206 0.261607409 -0.000120711 -0.284706712 -0.002813548 0.958610535
1439803611.507491 -0.178884327 -0.015635850 0.266059458 0.000252147 -0.287718922 -0.002904842 0.957710445
1439803611.569991 -0.182822406 -0.015936919 0.271057129 0.000424490 -0.290985823 -0.002758591 0.956723273
1439803611.632491 -0.186920673 -0.016193490 0.275763333 0.000658556 -0.293826908 -0.002907045 0.955853999
1439803611.694994 -0.191123620 -0.016512856 0.280438334 0.000867079 -0.296295404 -0.002980946 0.955091298
1439803611.757494 -0.195223570 -0.016801789 0.285189778 0.001128699 -0.298682690 -0.002938434 0.954347312
1439803611.820001 -0.199182063 -0.017315520 0.289722979 0.001267717 -0.301032931 -0.003130410 0.953607738
1439803611.882497 -0.203117698 -0.017588034 0.294353306 0.001505362 -0.303442866 -0.003351673 0.952842534
1439803611.944998 -0.207246989 -0.017893659 0.298934102 0.001500044 -0.305778295 -0.003272847 0.952095926
1439803612.007499 -0.211254671 -0.018299790 0.303546339 0.001331572 -0.308073848 -0.003062564 0.951356590
1439803612.070000 -0.215134978 -0.018563574 0.307979643 0.001293964 -0.310227722 -0.002995763 0.950656652
1439803612.132502 -0.219123662 -0.018835491 0.312246591 0.001221274 -0.312155843 -0.003093525 0.950025082
1439803612.195003 -0.222946331 -0.018992908 0.316369325 0.001139347 -0.314023852 -0.002795029 0.949410319
1439803612.257506 -0.226526529 -0.019199369 0.320280343 0.001146617 -0.315980077 -0.002668442 0.948761404
1439803612.320006 -0.230125725 -0.019494006 0.324102819 0.001147348 -0.317877233 -0.002607965 0.948127627
1439803612.382507 -0.233484268 -0.019703316 0.327681392 0.001326326 -0.319773823 -0.002495887 0.947489679
1439803612.445011 -0.236658737 -0.019990608 0.331098914 0.001432469 -0.321505487 -0.002225101 0.946904004
1439803612.507510 -0.239960849 -0.020264575 0.334491432 0.001591565 -0.323167086 -0.002279183 0.946337879
1439803612.570011 -0.243214592 -0.020430436 0.337737083 0.001799678 -0.324910402 -0.002496125 0.945739806
1439803612.632512 -0.246621668 -0.020583676 0.341115147 0.001965102 -0.326734960 -0.002725000 0.945110023
1439803612.695014 -0.249646619 -0.020972423 0.344152272 0.001993257 -0.328645170 -0.003119746 0.944446206
1439803612.757515 -0.252961546 -0.021242352 0.347282380 0.002157296 -0.330324560 -0.003536525 0.943858325
1439803612.820019 -0.256048203 -0.021458214 0.350419551 0.002336670 -0.331993669 -0.003855458 0.943270802
1439803612.882519 -0.259166092 -0.021603405 0.353400528 0.002624625 -0.333503008 -0.004364308 0.942735255
1439803612.945018 -0.262232929 -0.021867784 0.356100708 0.002852845 -0.334893078 -0.005030080 0.942238390
1439803613.007520 -0.265198529 -0.022182800 0.358833134 0.003059634 -0.336450607 -0.005674387 0.941679001
1439803613.070021 -0.268052280 -0.022298682 0.361399621 0.003385090 -0.337934315 -0.006118960 0.941143692
1439803613.132523 -0.270912886 -0.022561740 0.364064366 0.003563496 -0.339332342 -0.006508845 0.940637290
1439803613.195024 -0.273697615 -0.022779513 0.366635919 0.003698630 -0.340573579 -0.006555029 0.940187752
1439803613.257525 -0.276300639 -0.022968786 0.369279504 0.003794236 -0.341816187 -0.006483735 0.939736784
1439803613.320026 -0.278969556 -0.023078382 0.371766746 0.003894723 -0.343016982 -0.006459704 0.939298928
1439803613.382527 -0.281448066 -0.023319317 0.374333292 0.003850449 -0.344408423 -0.006459967 0.938789785
1439803613.445028 -0.284072101 -0.023572646 0.376695037 0.003854126 -0.345662653 -0.006664257 0.938327253
1439803613.507530 -0.286529005 -0.023756083 0.379020751 0.003806256 -0.346894175 -0.006970409 0.937870622
1439803613.570031 -0.289127707 -0.023854863 0.381317854 0.003764555 -0.347900003 -0.007242900 0.937496126
1439803613.632532 -0.291479230 -0.024069009 0.383444488 0.003664471 -0.348890722 -0.007550453 0.937125802
1439803613.695033 -0.293757319 -0.024188956 0.385678649 0.003646988 -0.349995762 -0.007684930 0.936712682
1439803613.757535 -0.295895964 -0.024368277 0.387668461 0.003532762 -0.351019233 -0.007657744 0.936330259
1439803613.820038 -0.298034072 -0.024492042 0.389581144 0.003472254 -0.351961583 -0.007781476 0.935975671
1439803613.882538 -0.300111264 -0.024587967 0.391572863 0.003426710 -0.352877885 -0.008027138 0.935628653
1439803613.945043 -0.302089006 -0.024748908 0.393351734 0.003349863 -0.353706867 -0.008074936 0.935315490
1439803614.007540 -0.304030240 -0.024930632 0.395120412 0.003205850 -0.354543358 -0.008233712 0.934997857
1439803614.070041 -0.305853605 -0.025022512 0.396886945 0.003120651 -0.355409324 -0.008217854 0.934669375
1439803614.132543 -0.307640523 -0.025167909 0.398677856 0.002964686 -0.356232494 -0.008219486 0.934356511
1439803614.195044 -0.309391022 -0.025262916 0.400306702 0.002848954 -0.356890768 -0.008207571 0.934105694
1439803614.257545 -0.311021775 -0.025450476 0.401959747 0.002679166 -0.357535511 -0.008028458 0.933861196
1439803614.320046 -0.312584877 -0.025577340 0.403463691 0.002602461 -0.358144224 -0.008031274 0.933628082
1439803614.382549 -0.314104497 -0.025720036 0.404918760 0.002561965 -0.358734816 -0.007988482 0.933401823
1439803614.445051 -0.315703422 -0.025845282 0.406446278 0.002510026 -0.359343827 -0.007966339 0.933167815
1439803614.507550 -0.317246675 -0.025918467 0.407837152 0.002519514 -0.359887779 -0.008018420 0.932957709
1439803614.570055 -0.318781346 -0.026042471 0.409223527 0.002494651 -0.360403091 -0.008074307 0.932758391
1439803614.632556 -0.320260257 -0.026164975 0.410621256 0.002462620 -0.360943377 -0.008083212 0.932549417
1439803614.695056 -0.321707428 -0.026233617 0.411948591 0.002518025 -0.361472696 -0.008153490 0.932343662
1439803614.757557 -0.323089242 -0.026387375 0.413264781 0.002484468 -0.362043351 -0.008202720 0.932121873
1439803614.820057 -0.324456900 -0.026480123 0.414543331 0.002497638 -0.362573057 -0.008186591 0.931916058
1439803614.882559 -0.325707674 -0.026603578 0.415636212 0.002476463 -0.363019317 -0.008261998 0.931741714
1439803614.945059 -0.326995432 -0.026703017 0.416871399 0.002412756 -0.363502294 -0.008307854 0.931553125
1439803615.007561 -0.328209490 -0.026824281 0.417858392 0.002379225 -0.363884211 -0.008498352 0.931402385
1439803615.070062 -0.329359084 -0.026870245 0.418908983 0.002417761 -0.364280075 -0.008577159 0.931246817
1439803615.132563 -0.330404282 -0.026944371 0.419874847 0.002430985 -0.364672393 -0.008571330 0.931093276
1439803615.195064 -0.331229419 -0.027022514 0.420709163 0.002405390 -0.365076482 -0.008571056 0.930934966
1439803615.257571 -0.332154095 -0.027102375 0.421551377 0.002340066 -0.365393072 -0.008485788 0.930811703
1439803615.320080 -0.333028167 -0.027175732 0.422302276 0.002336492 -0.365675539 -0.008476730 0.930700839
1439803615.382569 -0.333803982 -0.027231222 0.423008263 0.002381233 -0.365985483 -0.008473310 0.930578947
1439803615.445069 -0.334539592 -0.027289120 0.423681080 0.002362893 -0.366247207 -0.008509826 0.930475652
1439803615.507571 -0.335255444 -0.027313873 0.424296647 0.002377135 -0.366510838 -0.008562671 0.930371344
1439803615.570072 -0.335918903 -0.027450453 0.424966276 0.002254446 -0.366791785 -0.008497224 0.930261493
1439803615.632575 -0.336478233 -0.027513834 0.425452918 0.002268040 -0.366973996 -0.008484514 0.930189729
1439803615.695074 -0.337096065 -0.027631415 0.425973624 0.002210775 -0.367159069 -0.008485558 0.930116832
1439803615.757575 -0.337631047 -0.027584918 0.426355153 0.002296823 -0.367253155 -0.008526794 0.930079103
1439803615.820077 -0.338133007 -0.027632324 0.426786661 0.002344914 -0.367385298 -0.008454788 0.930027425
1439803615.882579 -0.338685483 -0.027784482 0.427172333 0.002410449 -0.367539614 -0.008320298 0.929967523
1439803615.945079 -0.339150041 -0.027787847 0.427579880 0.002471304 -0.367774904 -0.008327494 0.929874301
1439803616.007581 -0.339705944 -0.027767466 0.428009927 0.002510962 -0.367968678 -0.008218123 0.929798484
1439803616.070082 -0.340259373 -0.027770158 0.428551853 0.002485451 -0.368207783 -0.008119775 0.929704726
1439803616.132584 -0.340807885 -0.027819535 0.429104030 0.002475057 -0.368525594 -0.008027201 0.929579616
1439803616.195085 -0.341599315 -0.027944408 0.429741234 0.002450022 -0.368820250 -0.007993772 0.929463148
1439803616.257585 -0.342323840 -0.027994802 0.430300683 0.002433777 -0.369167179 -0.007993077 0.929325461
1439803616.320087 -0.343200296 -0.028014349 0.431026429 0.002519368 -0.369554311 -0.008152731 0.929170012
1439803616.382589 -0.344093084 -0.028175363 0.431678265 0.002491127 -0.369976193 -0.008251741 0.929001272
1439803616.445089 -0.344958574 -0.028219284 0.432355821 0.002504526 -0.370397359 -0.008281901 0.928833127
1439803616.507590 -0.345793039 -0.028253447 0.433164448 0.002401750 -0.370840102 -0.008367058 0.928655982
1439803616.570092 -0.346678495 -0.028268589 0.433918446 0.002337758 -0.371218830 -0.008466759 0.928503871
1439803616.632593 -0.347456962 -0.028351696 0.434691042 0.002263660 -0.371660829 -0.008454711 0.928327322
1439803616.695098 -0.348161101 -0.028386639 0.435280085 0.002294311 -0.372026801 -0.008515349 0.928180099
1439803616.757596 -0.348711371 -0.028421041 0.435750604 0.002302396 -0.372369528 -0.008489934 0.928042829
1439803616.820097 -0.349293828 -0.028388178 0.436255962 0.002300853 -0.372637451 -0.008504217 0.927935183
1439803616.882598 -0.349730700 -0.028444514 0.436588824 0.002285992 -0.372844487 -0.008484184 0.927852213
1439803616.945100 -0.350021780 -0.028498774 0.436875433 0.002320722 -0.373003542 -0.008648157 0.927786708
1439803617.070104 -0.350512743 -0.028559186 0.437273949 0.002295834 -0.373248279 -0.008658014 0.927688241
1439803617.132604 -0.350610137 -0.028529506 0.437450320 0.002311089 -0.373337418 -0.008594001 0.927652955
1439803617.195103 -0.350662768 -0.028541692 0.437495172 0.002334347 -0.373363674 -0.008603721 0.927642226
1439803617.257605 -0.350704998 -0.028528878 0.437603891 0.002338967 -0.373380065 -0.008590464 0.927635729
1439803617.320106 -0.350598246 -0.028538302 0.437621295 0.002342178 -0.373434722 -0.008515890 0.927614450
1439803617.382604 -0.350556463 -0.028563429 0.437715709 0.002379408 -0.373466104 -0.008424261 0.927602530
1439803617.507604 -0.350619167 -0.028556963 0.437898219 0.002318306 -0.373466909 -0.008441519 0.927602172
1439803617.570108 -0.350670934 -0.028523382 0.438000858 0.002282839 -0.373437345 -0.008454693 0.927614033
1439803617.632606 -0.350622475 -0.028507529 0.438192099 0.002308709 -0.373499006 -0.008384032 0.927589834
1439803617.695106 -0.350692511 -0.028494434 0.438187838 0.002384942 -0.373469532 -0.008405942 0.927601278
1439803617.757607 -0.350694239 -0.028535873 0.437982589 0.002354988 -0.373464733 -0.008397731 0.927603364
1439803617.820108 -0.350720018 -0.028520659 0.438052893 0.002354697 -0.373450458 -0.008435326 0.927608788
1439803617.945110 -0.350664139 -0.028547894 0.437558442 0.002319840 -0.373355329 -0.008542981 0.927646160
1439803618.007609 -0.350669146 -0.028526768 0.437553346 0.002317472 -0.373387575 -0.008497015 0.927633643
1439803618.070110 -0.350629359 -0.028580107 0.437513322 0.002327240 -0.373405993 -0.008476981 0.927626371
1439803618.132609 -0.350610316 -0.028544994 0.437508583 0.002344531 -0.373423755 -0.008478015 0.927619159
1439803618.257610 -0.350673378 -0.028566118 0.437428147 0.002303951 -0.373365253 -0.008511339 0.927642524
1439803618.320111 -0.350668311 -0.028504698 0.437504798 0.002353791 -0.373401105 -0.008545685 0.927627623
1439803618.382615 -0.350715667 -0.028488129 0.437385619 0.002394930 -0.373368382 -0.008548100 0.927640676
1439803618.445113 -0.350698173 -0.028480377 0.437307298 0.002453314 -0.373349220 -0.008609177 0.927647710
1439803618.507613 -0.350641191 -0.028504269 0.437380761 0.002422682 -0.373393208 -0.008560603 0.927630484
1439803618.570115 -0.350631893 -0.028528547 0.437282115 0.002394109 -0.373395711 -0.008564112 0.927629530
1439803618.632617 -0.350658208 -0.028526541 0.437386632 0.002375076 -0.373396218 -0.008547575 0.927629530
1439803618.695117 -0.350660026 -0.028488155 0.437393934 0.002436958 -0.373395681 -0.008588181 0.927629232
1439803618.757619 -0.350674182 -0.028485587 0.437419653 0.002440157 -0.373399556 -0.008590017 0.927627623
1439803618.820120 -0.350656718 -0.028445644 0.437475622 0.002506694 -0.373403549 -0.008618243 0.927625597
1439803618.882622 -0.350592077 -0.028458146 0.437458783 0.002516875 -0.373430073 -0.008616060 0.927614927
1439803618.945123 -0.350619584 -0.028453134 0.437417418 0.002480284 -0.373423845 -0.008602101 0.927617669
1439803619.007625 -0.350563765 -0.028454073 0.437450171 0.002466633 -0.373438954 -0.008562784 0.927611947
1439803619.070126 -0.350581139 -0.028463412 0.437498093 0.002463578 -0.373448074 -0.008539475 0.927608490
1439803619.132631 -0.350590944 -0.028437288 0.437468678 0.002485924 -0.373424888 -0.008562902 0.927617550
1439803619.195128 -0.350595057 -0.028421374 0.437437266 0.002490727 -0.373420626 -0.008566895 0.927619219
1439803619.257630 -0.350631595 -0.028426569 0.437446058 0.002475634 -0.373397857 -0.008590456 0.927628219
1439803619.320133 -0.350591689 -0.028422095 0.437390655 0.002481621 -0.373412818 -0.008605074 0.927622020
1439803619.382635 -0.350587964 -0.028448435 0.437483758 0.002468592 -0.373448372 -0.008556597 0.927608252
1439803619.445134 -0.350635737 -0.028461784 0.437452286 0.002486178 -0.373405159 -0.008605812 0.927625120
1439803619.507635 -0.350648910 -0.028466923 0.437447190 0.002482972 -0.373407960 -0.008609796 0.927623928
1439803619.570137 -0.350637794 -0.028453555 0.437451690 0.002460572 -0.373420566 -0.008589775 0.927619100
1439803619.632638 -0.350618720 -0.028472992 0.437445432 0.002450539 -0.373425305 -0.008535547 0.927617729
1439803619.695139 -0.350648314 -0.028470514 0.437418193 0.002477246 -0.373397171 -0.008632801 0.927628100
1439803619.757640 -0.350647181 -0.028491601 0.437443584 0.002470215 -0.373412341 -0.008596012 0.927622378
1439803619.820142 -0.350718886 -0.028462481 0.437443137 0.002493674 -0.373382151 -0.008646545 0.927634001
1439803619.882646 -0.350667328 -0.028458754 0.437458932 0.002444860 -0.373412013 -0.008575909 0.927622736
1439803619.945144 -0.350675672 -0.028479315 0.437447578 0.002453546 -0.373400033 -0.008599376 0.927627325
1439803620.007646 -0.350683331 -0.028457383 0.437436104 0.002464804 -0.373387069 -0.008594046 0.927632570
1439803620.070147 -0.350644290 -0.028454017 0.437466115 0.002463586 -0.373400956 -0.008599085 0.927626908
1439803620.132649 -0.350698441 -0.028489441 0.437432617 0.002462887 -0.373371065 -0.008593000 0.927639008
1439803620.195150 -0.350656599 -0.028483693 0.437440306 0.002444177 -0.373397976 -0.008591267 0.927628219
1439803620.257652 -0.350631177 -0.028487543 0.437468171 0.002430158 -0.373412192 -0.008543271 0.927623034
1439803620.320157 -0.350691527 -0.028455896 0.437400877 0.002472265 -0.373366356 -0.008613690 0.927640676
1439803620.382654 -0.350673199 -0.028504765 0.437459737 0.002427682 -0.373405695 -0.008536629 0.927625656
1439803620.445155 -0.350658953 -0.028481970 0.437427670 0.002463707 -0.373372495 -0.008593193 0.927638412
1439803620.507657 -0.350685447 -0.028477188 0.437406987 0.002472543 -0.373346567 -0.008602054 0.927648783
1439803620.570160 -0.350696146 -0.028484395 0.437447131 0.002458432 -0.373367220 -0.008568799 0.927640796
1439803620.632664 -0.350690752 -0.028469380 0.437438548 0.002457782 -0.373369336 -0.008576372 0.927639842
1439803620.695161 -0.350699395 -0.028510084 0.437449962 0.002448370 -0.373380840 -0.008550281 0.927635550
1439803620.757665 -0.350697041 -0.028486146 0.437400430 0.002467637 -0.373360783 -0.008564494 0.927643418
1439803620.820164 -0.350638986 -0.028529264 0.437414557 0.002447090 -0.373370826 -0.008578101 0.927639306
1439803620.882665 -0.350573033 -0.028476141 0.437372565 0.002428440 -0.373402476 -0.008556429 0.927626848
1439803620.945167 -0.350587279 -0.028464401 0.437379897 0.002435243 -0.373403907 -0.008577858 0.927626014
1439803621.007668 -0.350602061 -0.028478492 0.437319756 0.002459531 -0.373387724 -0.008597479 0.927632272
1439803621.070169 -0.350636423 -0.028461473 0.437421560 0.002444150 -0.373407036 -0.008567668 0.927624822
1439803621.132674 -0.350551158 -0.028489878 0.437267393 0.002396160 -0.373451680 -0.008490411 0.927607715
1439803621.195175 -0.350579053 -0.028525077 0.437361568 0.002343968 -0.373503208 -0.008448774 0.927587450
1439803621.257673 -0.350599617 -0.028507710 0.437344134 0.002352060 -0.373508483 -0.008445133 0.927585363
1439803621.320174 -0.350551307 -0.028533665 0.437292784 0.002366824 -0.373527944 -0.008470966 0.927577257
1439803621.382681 -0.350606561 -0.028521907 0.437364787 0.002371276 -0.373561054 -0.008472028 0.927563846
1439803621.445176 -0.350571632 -0.028535740 0.437370121 0.002354031 -0.373589486 -0.008472141 0.927552462
1439803621.507678 -0.350572407 -0.028513860 0.437232703 0.002355978 -0.373562783 -0.008494277 0.927563012
1439803621.570179 -0.350616843 -0.028500091 0.437329412 0.002379178 -0.373568922 -0.008532057 0.927560151
1439803621.632680 -0.350567043 -0.028523210 0.437388182 0.002328972 -0.373606771 -0.008456004 0.927545726
1439803621.757682 -0.350587636 -0.028540524 0.437331617 0.002313778 -0.373620301 -0.008447032 0.927540421
1439803621.820184 -0.350613981 -0.028519513 0.437372684 0.002343028 -0.373620629 -0.008449879 0.927540183
1439803621.882684 -0.350600690 -0.028490731 0.437371522 0.002335666 -0.373644531 -0.008418128 0.927530885
1439803621.945190 -0.350615233 -0.028511170 0.437328011 0.002330793 -0.373641133 -0.008423478 0.927532196
1439803622.070187 -0.350662112 -0.028463082 0.437338948 0.002349924 -0.373626739 -0.008475020 0.927537441
1439803622.132691 -0.350646853 -0.028498797 0.437312365 0.002302003 -0.373658836 -0.008407252 0.927525282
1439803622.195190 -0.350647539 -0.028527085 0.437191844 0.002322736 -0.373675227 -0.008442438 0.927518308
1439803622.257692 -0.350701690 -0.028457969 0.437281191 0.002343150 -0.373699099 -0.008420142 0.927508831
1439803622.320194 -0.350696295 -0.028462388 0.437284023 0.002332600 -0.373699695 -0.008420365 0.927508593
1439803622.445196 -0.350734204 -0.028426269 0.437282294 0.002334486 -0.373736739 -0.008387299 0.927493989
1439803622.507695 -0.350714713 -0.028449977 0.437294424 0.002304694 -0.373749912 -0.008349323 0.927489102
1439803622.570196 -0.350647062 -0.028496105 0.437290460 0.002249694 -0.373758227 -0.008307192 0.927486241
1439803622.632697 -0.350603431 -0.028458677 0.437303007 0.002269477 -0.373796284 -0.008244253 0.927471399
1439803622.695198 -0.350601971 -0.028442940 0.437304169 0.002282696 -0.373785526 -0.008261975 0.927475572
1439803622.757700 -0.350664347 -0.028457299 0.437305599 0.002276814 -0.373767674 -0.008308163 0.927482367
1439803622.882704 -0.350655973 -0.028438559 0.437295318 0.002309490 -0.373772353 -0.008370770 0.927479804
1439803622.945204 -0.350649238 -0.028444270 0.437298030 0.002318367 -0.373784423 -0.008341325 0.927475214
1439803623.007703 -0.350664735 -0.028455436 0.437353224 0.002306367 -0.373811036 -0.008303495 0.927464902
1439803623.070207 -0.350601375 -0.028442504 0.437362581 0.002277422 -0.373831183 -0.008275858 0.927457094
1439803623.132708 -0.350556463 -0.028454419 0.437280208 0.002294523 -0.373792410 -0.008327221 0.927472174
1439803623.257707 -0.350665957 -0.028434427 0.437291831 0.002324932 -0.373792291 -0.008356912 0.927471876
1439803623.320209 -0.350630969 -0.028449815 0.437286526 0.002324050 -0.373802066 -0.008353530 0.927468002
1439803623.382710 -0.350663781 -0.028442305 0.437315106 0.002329571 -0.373800009 -0.008347865 0.927468836
1439803623.445211 -0.350632697 -0.028464027 0.437335670 0.002316034 -0.373812795 -0.008382889 0.927463412
1439803623.507713 -0.350607544 -0.028458450 0.437314987 0.002309265 -0.373854369 -0.008343968 0.927447021
1439803623.570214 -0.350598544 -0.028488640 0.437325627 0.002279508 -0.373879552 -0.008303264 0.927437305
1439803623.695215 -0.350614905 -0.028425127 0.437353551 0.002299904 -0.373880267 -0.008344662 0.927436590
1439803623.757716 -0.350695968 -0.028444707 0.437332362 0.002299541 -0.373842984 -0.008367198 0.927451432
1439803623.820218 -0.350676090 -0.028419809 0.437342495 0.002340173 -0.373853981 -0.008369899 0.927446842
1439803623.882719 -0.350660324 -0.028430652 0.437284023 0.002335243 -0.373863876 -0.008385389 0.927442789
1439803623.945220 -0.350692481 -0.028468227 0.437310696 0.002310905 -0.373837680 -0.008406440 0.927453220
1439803624.070221 -0.350687087 -0.028447051 0.437354833 0.002330187 -0.373852193 -0.008369726 0.927447617
1439803624.132723 -0.350730956 -0.028436007 0.437361717 0.002324659 -0.373835355 -0.008367657 0.927454472
1439803624.195223 -0.350723445 -0.028473716 0.437313169 0.002312591 -0.373829454 -0.008325300 0.927457213
1439803624.257725 -0.350701243 -0.028410144 0.437316030 0.002353186 -0.373851031 -0.008330205 0.927448392
1439803624.320228 -0.350640416 -0.028436605 0.437289804 0.002318087 -0.373849779 -0.008300873 0.927449226
1439803624.445228 -0.350687653 -0.028423067 0.437311590 0.002342210 -0.373840064 -0.008355816 0.927452564
1439803624.507729 -0.350676835 -0.028415024 0.437267691 0.002331726 -0.373838931 -0.008351211 0.927453101
1439803624.570230 -0.350653768 -0.028410953 0.437268049 0.002340669 -0.373824805 -0.008330722 0.927459002
1439803624.632731 -0.350693733 -0.028407905 0.437276721 0.002354335 -0.373815984 -0.008361747 0.927462220
1439803624.695233 -0.350750834 -0.028369939 0.437271535 0.002379261 -0.373807549 -0.008365288 0.927465498
1439803624.757733 -0.350736111 -0.028361360 0.437265426 0.002371010 -0.373803675 -0.008372655 0.927467048
1439803624.882735 -0.350757211 -0.028370667 0.437302083 0.002371407 -0.373835504 -0.008354506 0.927454412
1439803624.945250 -0.350781679 -0.028366841 0.437307090 0.002354248 -0.373845875 -0.008304853 0.927450657
1439803625.007738 -0.350724250 -0.028298039 0.437394172 0.002378551 -0.373888642 -0.008349038 0.927433014
1439803625.070239 -0.350700229 -0.028354563 0.437312812 0.002403315 -0.373883456 -0.008411037 0.927434444
1439803625.132740 -0.350733668 -0.028368246 0.437295973 0.002383687 -0.373921871 -0.008335779 0.927419722
1439803625.257742 -0.350976408 -0.028352069 0.437390089 0.002512559 -0.374011070 -0.008511953 0.927381754
1439803625.320243 -0.350992441 -0.028307859 0.437472492 0.002478501 -0.374081284 -0.008458239 0.927354038
1439803625.382745 -0.351025373 -0.028315259 0.437499762 0.002491495 -0.374125808 -0.008519180 0.927335501
1439803625.445248 -0.351132333 -0.028333949 0.437523127 0.002499938 -0.374196678 -0.008538994 0.927306712
1439803625.507747 -0.351154059 -0.028410316 0.437597096 0.002510566 -0.374325931 -0.008573462 0.927254200
1439803625.570252 -0.351236343 -0.028358744 0.437577933 0.002545157 -0.374445140 -0.008563049 0.927206039
1439803625.695249 -0.351487666 -0.028379526 0.437791079 0.002579705 -0.374542445 -0.008648313 0.927165866
1439803625.757752 -0.351635993 -0.028378079 0.437789828 0.002624806 -0.374563992 -0.008660286 0.927156925
1439803625.820252 -0.351661623 -0.028420286 0.437880158 0.002655133 -0.374687254 -0.008745098 0.927106202
1439803625.882753 -0.351920366 -0.028361626 0.437928498 0.002669318 -0.374769807 -0.008725860 0.927073002
1439803625.945254 -0.352015346 -0.028341081 0.438074350 0.002712282 -0.374890894 -0.008763111 0.927023590
1439803626.007759 -0.352159858 -0.028320212 0.438111961 0.002747091 -0.374951959 -0.008837992 0.926998019
1439803626.132757 -0.352315724 -0.028331034 0.438347876 0.002705360 -0.375183344 -0.008732868 0.926905572
1439803626.195258 -0.352613211 -0.028317405 0.438404083 0.002808013 -0.375216782 -0.008897675 0.926890135
1439803626.257759 -0.352701426 -0.028345894 0.438486487 0.002846181 -0.375354350 -0.008846391 0.926834822
1439803626.320260 -0.352780282 -0.028370567 0.438546538 0.002841600 -0.375436842 -0.008894699 0.926800966
1439803626.382762 -0.352909625 -0.028496535 0.438656032 0.002846689 -0.375513732 -0.008928256 0.926769435
1439803626.445263 -0.353172809 -0.028468046 0.438740641 0.002855818 -0.375628859 -0.008932633 0.926722765
1439803626.570264 -0.353662908 -0.028538767 0.439165562 0.002843777 -0.375990003 -0.008864609 0.926576972
1439803626.632765 -0.353938460 -0.028554427 0.439246655 0.002870584 -0.376151413 -0.008782488 0.926512122
1439803626.695267 -0.354417592 -0.028516794 0.439674467 0.002963080 -0.376289219 -0.008844929 0.926455259
1439803626.757768 -0.354791909 -0.028528797 0.439944863 0.002984893 -0.376593351 -0.008760871 0.926332414
1439803626.882769 -0.355743229 -0.028507624 0.440658152 0.003025430 -0.377254516 -0.008763121 0.926063240
1439803626.945271 -0.356127799 -0.028556634 0.440947056 0.003052492 -0.377677202 -0.008682469 0.925891578
1439803627.007772 -0.356779784 -0.028608188 0.441460907 0.003072967 -0.378051370 -0.008634758 0.925739229
1439803627.070274 -0.357389390 -0.028695658 0.441932678 0.003087160 -0.378479213 -0.008616538 0.925564528
1439803627.132774 -0.358269513 -0.028656924 0.442595422 0.003162989 -0.378859669 -0.008750132 0.925407350
1439803627.257776 -0.359567404 -0.028799193 0.443650961 0.003233630 -0.379833341 -0.008733243 0.925008059
1439803627.320277 -0.360631913 -0.028875586 0.444448560 0.003303831 -0.380276978 -0.008730577 0.924825549
1439803627.382779 -0.361747295 -0.029006934 0.444957495 0.003326715 -0.380704582 -0.008793210 0.924648941
1439803627.445279 -0.362343341 -0.029096466 0.445791364 0.003349655 -0.381296933 -0.008753014 0.924405098
1439803627.507782 -0.363059700 -0.029226061 0.446440279 0.003335669 -0.381888747 -0.008715766 0.924161196
1439803627.570283 -0.363741040 -0.029510308 0.447042406 0.003398353 -0.382462531 -0.008851762 0.923922420
1439803627.695282 -0.364715755 -0.030345410 0.448295653 0.003239120 -0.383627892 -0.008872426 0.923439443
1439803627.757784 -0.365577400 -0.030406194 0.449326813 0.003220814 -0.384255826 -0.008848136 0.923178613
1439803627.820286 -0.370412290 -0.029000737 0.451191902 0.003576644 -0.384461939 -0.008616779 0.923093677
1439803627.882784 -0.375408173 -0.027556388 0.452797264 0.003934093 -0.384618163 -0.008424002 0.923028946
1439803627.945284 -0.377832294 -0.027259300 0.454182029 0.004041727 -0.384995759 -0.008469943 0.922870636
1439803628.007785 -0.377832294 -0.028112205 0.455797970 0.003894182 -0.385667592 -0.008572748 0.922589779
1439803628.132785 -0.380167723 -0.028176628 0.458149582 0.003885102 -0.386555284 -0.008591362 0.922218025
1439803628.195285 -0.381267130 -0.028397348 0.459250778 0.003816899 -0.386879295 -0.008612285 0.922082245
1439803628.257787 -0.382316858 -0.028825339 0.460438281 0.003740308 -0.387187213 -0.008643096 0.921953022
1439803628.320286 -0.383360147 -0.029122680 0.461388409 0.003619959 -0.387412816 -0.008534249 0.921859741
1439803628.382787 -0.383459657 -0.030037563 0.462538630 0.003456963 -0.387598962 -0.008724406 0.921780348
1439803628.445288 -0.383602768 -0.030649137 0.463914037 0.003340009 -0.387868792 -0.008783554 0.921666682
1439803628.570288 -0.388542205 -0.030506786 0.467370480 0.003388677 -0.388027459 -0.008628127 0.921601176
1439803628.632789 -0.389690727 -0.030725982 0.468737453 0.003349974 -0.388209313 -0.008736981 0.921523750
1439803628.695289 -0.391347051 -0.030986138 0.470455974 0.003343841 -0.388285190 -0.008817279 0.921491027
1439803628.757790 -0.392990977 -0.031137638 0.472279608 0.003257053 -0.388347834 -0.008750973 0.921465576
1439803628.820290 -0.394816369 -0.031176023 0.473815769 0.003276266 -0.388296664 -0.008870071 0.921485901
1439803628.882791 -0.396472424 -0.031271454 0.475563884 0.003220228 -0.388409287 -0.009094436 0.921436489
1439803628.945292 -0.398677111 -0.031239036 0.477421761 0.003137606 -0.388472199 -0.009010405 0.921411037
1439803629.007792 -0.402670354 -0.030525420 0.479843318 0.003329895 -0.388263136 -0.009101404 0.921497583
1439803629.070293 -0.406873167 -0.029612515 0.482339561 0.003465362 -0.388022780 -0.008949446 0.921599805
1439803629.132793 -0.408610374 -0.029899579 0.484283805 0.003319603 -0.387980491 -0.008900564 0.921618640
1439803629.195293 -0.409120858 -0.030751258 0.485963047 0.003100606 -0.388082176 -0.008886914 0.921576738
1439803629.257794 -0.410962254 -0.030886848 0.487668991 0.003045309 -0.387904227 -0.008828151 0.921652377
1439803629.320296 -0.412606895 -0.031810593 0.490346283 0.002910426 -0.387812436 -0.008879114 0.921690941
1439803629.382797 -0.417328238 -0.031378213 0.492781460 0.003154967 -0.387190551 -0.008820526 0.921952128
1439803629.445298 -0.417200297 -0.032265704 0.494756430 0.002904950 -0.387063920 -0.008834725 0.922006011
1439803629.507797 -0.419096202 -0.032591589 0.496896267 0.002938531 -0.386731863 -0.008867303 0.922144890
1439803629.570298 -0.421291441 -0.032902751 0.499645889 0.003020533 -0.386339247 -0.009009619 0.922307789
1439803629.632800 -0.423522711 -0.032806225 0.502130330 0.003159174 -0.385812104 -0.009042775 0.922527671
1439803629.695302 -0.426112533 -0.033461079 0.505265415 0.003214844 -0.385163277 -0.009074830 0.922798216
1439803629.757803 -0.429048717 -0.033443663 0.508086026 0.003458299 -0.384298414 -0.009103654 0.923157573
1439803629.820302 -0.432500809 -0.033394359 0.511183083 0.003630515 -0.383301049 -0.009102554 0.923571467
1439803629.882804 -0.434865832 -0.033902351 0.514454544 0.003601569 -0.382466048 -0.009244184 0.923916280
1439803629.945305 -0.437698334 -0.034264877 0.517711043 0.003560682 -0.381539911 -0.009251435 0.924299240
1439803630.007807 -0.441291720 -0.034417778 0.521981180 0.003637850 -0.380579442 -0.009154345 0.924695790
1439803630.070307 -0.443855643 -0.034737881 0.525708675 0.003709961 -0.379611999 -0.009052694 0.925094068
1439803630.132810 -0.447331011 -0.036493100 0.530319691 0.003607041 -0.378683925 -0.009118161 0.925474107
1439803630.195312 -0.452205092 -0.035811387 0.534689248 0.003824852 -0.377687514 -0.008548927 0.925885737
1439803630.257812 -0.456455171 -0.035979338 0.538798988 0.003870367 -0.376729578 -0.008174713 0.926279128
1439803630.320314 -0.463175654 -0.035088904 0.544464946 0.004061920 -0.375629365 -0.007299391 0.926732361
1439803630.382816 -0.467562526 -0.034641281 0.548540175 0.004087795 -0.374681741 -0.006777801 0.927119672
1439803630.445314 -0.472815812 -0.036022790 0.553388953 0.003937296 -0.373801053 -0.006531716 0.927477539
1439803630.507815 -0.475177765 -0.035946742 0.558623612 0.003925037 -0.373601437 -0.006114127 0.927560866
1439803630.570318 -0.479937285 -0.037129425 0.562952876 0.003490764 -0.373051941 -0.005650439 0.927786708
1439803630.632816 -0.484570682 -0.037644725 0.568102360 0.003052814 -0.372643203 -0.005300663 0.927954555
1439803630.695317 -0.489338458 -0.038237430 0.573836565 0.002795420 -0.372137159 -0.005639526 0.928156376
1439803630.757818 -0.491396368 -0.038634717 0.578194559 0.002442864 -0.372129202 -0.005769553 0.928159773
1439803630.820320 -0.498920709 -0.038658258 0.582842469 0.002507474 -0.371662915 -0.005693883 0.928346872
1439803630.882820 -0.507260561 -0.037784170 0.587332010 0.002650531 -0.371150374 -0.005163820 0.928554595
1439803630.945322 -0.508210897 -0.039228916 0.592956603 0.002458869 -0.371674836 -0.005122344 0.928345621
1439803631.007823 -0.513517261 -0.039562263 0.599503636 0.002373655 -0.371508777 -0.004672715 0.928414643
1439803631.070325 -0.515360415 -0.041998930 0.602949440 0.001659404 -0.371420950 -0.004595248 0.928451717
1439803631.132825 -0.522524655 -0.041124746 0.609967470 0.001801867 -0.371092319 -0.003883398 0.928586066
1439803631.195327 -0.527687073 -0.041432112 0.615045369 0.001893028 -0.370954156 -0.003704189 0.928641856
1439803631.257827 -0.532247126 -0.041897118 0.619791448 0.002163191 -0.370889485 -0.004176633 0.928665102
1439803631.320328 -0.537183404 -0.042299304 0.624886513 0.002556317 -0.370844781 -0.004382842 0.928681016
1439803631.382830 -0.541891754 -0.042861756 0.629386425 0.002878458 -0.370675385 -0.004282934 0.928748131
1439803631.445332 -0.546045423 -0.043552782 0.634527802 0.003042700 -0.370538890 -0.003909797 0.928803742
1439803631.507833 -0.550293505 -0.043988649 0.639043093 0.003225197 -0.370258629 -0.003852892 0.928915083
1439803631.570334 -0.554385126 -0.044544168 0.644396126 0.003317313 -0.370199859 -0.003814608 0.928938389
1439803631.632837 -0.558711886 -0.045335542 0.649213672 0.003474335 -0.370188326 -0.003644680 0.928943098
1439803631.695335 -0.564721942 -0.045019027 0.654897928 0.004070610 -0.370076656 -0.003559215 0.928985476
1439803631.757837 -0.568428397 -0.045417722 0.657468915 0.004548942 -0.369768918 -0.003466278 0.929106116
1439803631.820337 -0.572651505 -0.045750510 0.661995888 0.005126915 -0.369598687 -0.003471877 0.929170847
1439803631.882842 -0.576993644 -0.046377398 0.666942239 0.005459022 -0.369461328 -0.003227210 0.929224432
1439803631.945342 -0.582313716 -0.046305526 0.671716332 0.005810222 -0.369200736 -0.002972197 0.929326773
1439803632.007841 -0.584599376 -0.047778815 0.675994158 0.005855454 -0.369221956 -0.002893675 0.929318309
1439803632.070342 -0.591147602 -0.047030989 0.681165397 0.006460160 -0.368845969 -0.002546343 0.929464579
1439803632.132844 -0.595063627 -0.047615424 0.685668409 0.006598424 -0.368697375 -0.002501143 0.929522693
1439803632.195345 -0.599617660 -0.048049886 0.689326108 0.006682801 -0.368487030 -0.002937056 0.929604232
1439803632.257846 -0.604665577 -0.048184924 0.694225013 0.007046103 -0.368265450 -0.003280427 0.929688215
1439803632.320347 -0.608510077 -0.048492681 0.699673116 0.007626663 -0.368378639 -0.003265363 0.929638803
1439803632.382852 -0.612342656 -0.049960576 0.704824626 0.008216855 -0.368373603 -0.003349114 0.929635465
1439803632.445351 -0.616644323 -0.049897715 0.708411992 0.008876065 -0.367849082 -0.003879419 0.929835021
1439803632.507853 -0.621271431 -0.050135043 0.713118434 0.009043363 -0.367501318 -0.004119659 0.929969907
1439803632.570353 -0.626947701 -0.051087841 0.719135880 0.009079201 -0.367152482 -0.004670217 0.930104733
1439803632.632855 -0.629962087 -0.051847160 0.725449383 0.008984682 -0.367425531 -0.004906171 0.929996610
1439803632.695357 -0.636640251 -0.052114043 0.728107154 0.009022105 -0.366603076 -0.005246390 0.930318892
1439803632.757857 -0.639459968 -0.052361965 0.733071744 0.009250385 -0.366477579 -0.005689951 0.930363476
1439803632.820357 -0.642334938 -0.052595343 0.737968981 0.009332841 -0.366302669 -0.005751298 0.930431128
1439803632.882857 -0.647884607 -0.052696623 0.742406011 0.009301809 -0.365707487 -0.006074913 0.930663526
1439803632.945358 -0.651955485 -0.053369734 0.748019099 0.009011836 -0.365803778 -0.005797642 0.930630267
1439803633.007861 -0.655678749 -0.054032810 0.752818882 0.008772628 -0.365742147 -0.005233692 0.930660188
1439803633.070359 -0.660563409 -0.054364279 0.758307815 0.008620093 -0.365394205 -0.004592694 0.930801630
1439803633.132860 -0.663646102 -0.055894725 0.764350772 0.008006036 -0.365221798 -0.004173462 0.930876791
1439803633.195362 -0.669862568 -0.055215683 0.768393397 0.007659991 -0.364444256 -0.003600391 0.931186736
1439803633.257863 -0.674726129 -0.055081144 0.774348021 0.007467179 -0.364255250 -0.003409265 0.931262970
1439803633.320365 -0.678964853 -0.055723056 0.778440118 0.007401734 -0.363962203 -0.004450860 0.931373656
1439803633.382866 -0.683756709 -0.055997189 0.783128500 0.007483811 -0.363702357 -0.005459595 0.931469142
1439803633.445370 -0.689157248 -0.055971310 0.787878454 0.007489601 -0.363451421 -0.006425560 0.931560874
1439803633.507869 -0.693470240 -0.056495056 0.792339861 0.007395488 -0.363445401 -0.007492052 0.931555986
1439803633.570368 -0.698424637 -0.056604397 0.796541035 0.007230376 -0.363329470 -0.008443165 0.931594372
1439803633.632868 -0.702464521 -0.057204068 0.801329732 0.006742741 -0.363411486 -0.008814782 0.931562603
1439803633.695370 -0.707679987 -0.056552809 0.806016684 0.006522553 -0.363370270 -0.008830489 0.931580126
1439803633.757871 -0.711102188 -0.057511825 0.810176253 0.006127799 -0.363347262 -0.009210345 0.931588113
1439803633.820373 -0.714602232 -0.058813147 0.817004323 0.005762032 -0.363725066 -0.009545677 0.931439638
1439803633.882874 -0.719283760 -0.059462376 0.822054148 0.005378826 -0.363722652 -0.009774522 0.931440473
1439803633.945375 -0.724245727 -0.059277572 0.825711966 0.005119706 -0.363540679 -0.009941822 0.931511223
1439803634.007876 -0.726817608 -0.060936235 0.830785811 0.004695365 -0.363881320 -0.010231810 0.931377292
1439803634.070382 -0.731630802 -0.061884876 0.835884094 0.004644568 -0.363945931 -0.010098046 0.931353748
1439803634.132880 -0.734167159 -0.062576666 0.839960277 0.004473611 -0.364155233 -0.010133889 0.931272388
1439803634.195379 -0.740857840 -0.063006401 0.843563855 0.004351923 -0.363639742 -0.009924809 0.931476653
1439803634.257884 -0.743440866 -0.064088292 0.847397208 0.004074737 -0.363725066 -0.009859670 0.931445241
1439803634.320380 -0.747389853 -0.061040394 0.851462066 0.004789182 -0.363562137 -0.009341064 0.931510806
1439803634.382882 -0.753203094 -0.060442336 0.856163919 0.004971806 -0.363264501 -0.009329696 0.931626081
1439803634.445384 -0.756929815 -0.060204446 0.860334456 0.004665005 -0.363371998 -0.009295006 0.931586087
1439803634.507884 -0.761560023 -0.058852538 0.864394665 0.004826671 -0.363115042 -0.009585254 0.931682527
1439803634.570387 -0.763873637 -0.063936286 0.868113577 0.003730302 -0.363157272 -0.010282423 0.931663632
1439803634.632888 -0.767935455 -0.064254999 0.872453809 0.003908119 -0.362952232 -0.010654103 0.931738615
1439803634.695390 -0.771381140 -0.064526878 0.876486599 0.004116593 -0.362970322 -0.010851428 0.931728423
1439803634.757890 -0.775042295 -0.065139361 0.880779743 0.004423765 -0.363058329 -0.011374032 0.931686521
1439803634.820393 -0.779487133 -0.064780459 0.884611189 0.004782482 -0.362958223 -0.011571724 0.931721270
1439803634.882893 -0.783406675 -0.065570340 0.888635516 0.004768137 -0.362843275 -0.012057489 0.931760013
1439803634.945393 -0.787409425 -0.065692201 0.892717481 0.004818582 -0.362744212 -0.012465471 0.931792915
1439803635.007894 -0.791121542 -0.065545574 0.896238446 0.004903930 -0.362708598 -0.012930869 0.931800008
1439803635.070396 -0.794808447 -0.065945625 0.900353491 0.005101057 -0.362788379 -0.013379713 0.931761563
1439803635.132899 -0.798969090 -0.065811820 0.904563367 0.005177617 -0.362878948 -0.013737219 0.931720674
1439803635.195399 -0.802573442 -0.066538364 0.908485651 0.004641613 -0.363154382 -0.014000364 0.931612253
1439803635.257899 -0.807177603 -0.067367770 0.912160337 0.003986661 -0.363189518 -0.014366815 0.931595981
1439803635.320400 -0.810124516 -0.067066744 0.916216731 0.003551577 -0.363479078 -0.014271230 0.931486249
1439803635.382901 -0.813709736 -0.067107603 0.921100497 0.003151685 -0.363698244 -0.014011036 0.931406140
1439803635.445406 -0.818423867 -0.067529246 0.924762726 0.002758992 -0.363660336 -0.013948387 0.931423128
1439803635.507904 -0.821375966 -0.068170838 0.928908587 0.002443232 -0.364153266 -0.014083662 0.931229353
1439803635.570408 -0.825787544 -0.068426587 0.932430387 0.002312229 -0.364266664 -0.014357336 0.931181133
1439803635.632909 -0.829445362 -0.068506852 0.936558008 0.002310227 -0.364574850 -0.014671679 0.931055665
1439803635.695408 -0.834435105 -0.068912990 0.940365911 0.002245708 -0.364540845 -0.015294006 0.931059062
1439803635.757912 -0.838368833 -0.068467550 0.944595039 0.002298381 -0.364895880 -0.015939856 0.930909097
1439803635.820411 -0.842092276 -0.069001958 0.948663950 0.002103856 -0.365390480 -0.016661763 0.930702806
1439803635.882913 -0.846678019 -0.068703651 0.953279853 0.002048091 -0.365885496 -0.016997846 0.930502415
1439803635.945415 -0.850620747 -0.069156893 0.956985354 0.001580321 -0.366325825 -0.017088596 0.930328369
1439803636.007915 -0.854750335 -0.068807706 0.961575389 0.001418637 -0.366781563 -0.017423993 0.930142820
1439803636.070418 -0.859447360 -0.069818817 0.965457261 0.001053757 -0.366998076 -0.017837808 0.930050075
1439803636.132917 -0.863482356 -0.069950052 0.969921231 0.000853170 -0.367619038 -0.018098136 0.929799974
1439803636.195419 -0.868664503 -0.071488380 0.973437309 0.000174033 -0.368172586 -0.018428748 0.929574788
1439803636.257920 -0.871936023 -0.070507832 0.978126884 -0.000434321 -0.369294554 -0.018115869 0.929135740
1439803636.320421 -0.875127554 -0.071199849 0.981923521 -0.001532222 -0.370109111 -0.018069407 0.928811312
1439803636.382922 -0.879132748 -0.072455488 0.986457527 -0.002678755 -0.370580554 -0.018390995 0.928614378
1439803636.445427 -0.883065581 -0.071806014 0.990783632 -0.003385095 -0.371229291 -0.018176455 0.928357124
1439803636.507925 -0.887180328 -0.071598127 0.994370937 -0.004045760 -0.371890754 -0.018390199 0.928085506
1439803636.570426 -0.890350938 -0.073104143 0.998725951 -0.005033676 -0.373172939 -0.018907618 0.927555442
1439803636.632928 -0.895836711 -0.071338117 1.002155066 -0.005357474 -0.373883665 -0.019059444 0.927264273
1439803636.695429 -0.899252474 -0.071906231 1.005620480 -0.006116439 -0.374835283 -0.019235244 0.926871717
1439803636.757931 -0.904121220 -0.071475111 1.009635568 -0.006404018 -0.375333935 -0.019357629 0.926665366
1439803636.820433 -0.906837702 -0.071863025 1.013346434 -0.006722996 -0.376205862 -0.019542413 0.926305592
1439803636.882934 -0.910842478 -0.072721817 1.016468406 -0.007212240 -0.377030313 -0.019659564 0.925964177
1439803636.945435 -0.914374053 -0.072828934 1.019725680 -0.007647746 -0.378137320 -0.019720890 0.925507843
1439803637.007935 -0.918088257 -0.072417259 1.023773789 -0.007917325 -0.379175931 -0.019945361 0.925075710
1439803637.070436 -0.921893597 -0.072677270 1.027122378 -0.008374998 -0.379946649 -0.020181768 0.924750268
1439803637.132942 -0.925401986 -0.073054656 1.029733300 -0.008833192 -0.380532861 -0.020393215 0.924500287
1439803637.195466 -0.929498494 -0.072910160 1.033055425 -0.009169179 -0.381184757 -0.020695299 0.924221754
1439803637.257940 -0.932712674 -0.073570803 1.036154628 -0.009715870 -0.382094383 -0.021122137 0.923830807
1439803637.320442 -0.935088933 -0.074029937 1.039966822 -0.010279746 -0.383317769 -0.021264523 0.923314512
1439803637.382944 -0.939682722 -0.073666200 1.042460203 -0.010416441 -0.383765131 -0.021352170 0.923125088
1439803637.445448 -0.943252206 -0.073772423 1.045652270 -0.010614317 -0.384366006 -0.021501988 0.922869325
1439803637.507948 -0.945877552 -0.073731750 1.049143910 -0.010859079 -0.385253131 -0.021482993 0.922496974
1439803637.570446 -0.949283898 -0.074421123 1.052144885 -0.011241673 -0.385973871 -0.021835890 0.922182739
1439803637.632951 -0.953220785 -0.073647574 1.055075288 -0.011270558 -0.386665940 -0.021910967 0.921890616
1439803637.695449 -0.956493974 -0.074129991 1.058304787 -0.011491066 -0.387505621 -0.022454254 0.921522200
1439803637.757951 -0.960036814 -0.074050732 1.061137915 -0.011682457 -0.388252944 -0.022566035 0.921202481
1439803637.820457 -0.963570833 -0.074179441 1.064390540 -0.011851410 -0.389002681 -0.022945985 0.920874536
1439803637.882955 -0.967160165 -0.074372098 1.067003608 -0.012276423 -0.389616907 -0.022865595 0.920611262
1439803637.945458 -0.969905436 -0.074494578 1.070433736 -0.012780154 -0.390616983 -0.022700390 0.920184612
1439803638.007957 -0.973800182 -0.073920049 1.073198318 -0.013033764 -0.391209006 -0.022488983 0.919934750
1439803638.070457 -0.977152467 -0.074319325 1.076231718 -0.013462166 -0.391863137 -0.022663943 0.919645846
1439803638.132958 -0.980765522 -0.074612834 1.078721166 -0.013931031 -0.392505407 -0.022617070 0.919366002
1439803638.195463 -0.984297097 -0.074383333 1.081687331 -0.014226808 -0.393265903 -0.022776537 0.919032514
1439803638.257961 -0.987166047 -0.074529983 1.084951878 -0.014595608 -0.394281715 -0.022970662 0.918586552
1439803638.320464 -0.990741909 -0.074794255 1.087744355 -0.014867521 -0.395010799 -0.023324313 0.918259978
1439803638.382966 -0.993989050 -0.074509941 1.090846062 -0.015160808 -0.395881176 -0.023288488 0.917881250
1439803638.445467 -0.997213066 -0.075007960 1.093841910 -0.015695147 -0.396722645 -0.023416985 0.917505562
1439803638.507968 -1.001096249 -0.074800707 1.095636725 -0.016020723 -0.397373676 -0.023373928 0.917219222
1439803638.570469 -1.004501581 -0.074622519 1.098186374 -0.016144224 -0.398255348 -0.023304677 0.916836381
1439803638.632969 -1.007210612 -0.074820973 1.100736260 -0.016431293 -0.399269849 -0.023115395 0.916394711
1439803638.695470 -1.010247707 -0.074982196 1.103510976 -0.016622664 -0.400265366 -0.022934150 0.915961444
1439803638.757971 -1.013680100 -0.074927397 1.106301785 -0.016948184 -0.401252478 -0.022989843 0.915522039
1439803638.820474 -1.017610669 -0.074537091 1.108972073 -0.017424142 -0.402255654 -0.023057174 0.915071130
1439803638.882976 -1.020888329 -0.074308746 1.111890078 -0.017890844 -0.403594613 -0.023343300 0.914465070
1439803638.945477 -1.024988890 -0.074717224 1.114612818 -0.018396461 -0.404927105 -0.023417640 0.913863897
1439803639.007977 -1.028765559 -0.074391596 1.117497087 -0.018493442 -0.406792611 -0.023111459 0.913040876
1439803639.070479 -1.032740831 -0.074622728 1.120350361 -0.018616578 -0.408933431 -0.022816073 0.912088990
1439803639.132981 -1.037302613 -0.074744493 1.123509645 -0.018740371 -0.411037564 -0.022594426 0.911145687
1439803639.195485 -1.041532993 -0.074682854 1.126258969 -0.018987101 -0.413182855 -0.022362588 0.910175443
1439803639.257988 -1.045655847 -0.074880339 1.129258752 -0.019447191 -0.415752321 -0.022202194 0.908998847
1439803639.320483 -1.050262332 -0.074944139 1.132422209 -0.019830249 -0.418526828 -0.022044465 0.907720268
1439803639.382986 -1.054788828 -0.074804567 1.135322571 -0.019891048 -0.421618015 -0.022313710 0.906280696
1439803639.445486 -1.060148954 -0.074676007 1.137811780 -0.019934749 -0.424851358 -0.022551855 0.904762566
1439803639.507987 -1.065261245 -0.074599408 1.140473723 -0.019980468 -0.428529233 -0.022676433 0.903022289
1439803639.570488 -1.070726514 -0.074653454 1.143182278 -0.020000486 -0.432473898 -0.023023287 0.901130557
1439803639.632992 -1.076120973 -0.074625038 1.145859241 -0.019984350 -0.436864913 -0.023216477 0.899005353
1439803639.695491 -1.082002163 -0.074706405 1.148440719 -0.019967936 -0.441509396 -0.023288636 0.896732032
1439803639.757992 -1.087970138 -0.074681953 1.151100159 -0.020003967 -0.446621776 -0.023356698 0.894194186
1439803639.820493 -1.094379902 -0.074666798 1.153606176 -0.020060804 -0.451962769 -0.023525327 0.891500831
1439803639.882993 -1.100274444 -0.074633911 1.155946970 -0.020329723 -0.457745999 -0.023469955 0.888540626
1439803639.945493 -1.106933713 -0.074824616 1.158675790 -0.020621540 -0.463827372 -0.023622736 0.885370493
1439803640.007994 -1.114133716 -0.074666820 1.161068082 -0.020745436 -0.470123470 -0.023901442 0.882033050
1439803640.070495 -1.121280313 -0.074523091 1.163727522 -0.021028966 -0.477033138 -0.023906359 0.878308415
1439803640.195496 -1.137521982 -0.074713729 1.167610645 -0.021093711 -0.491041213 -0.025253715 0.870514691
1439803640.257998 -1.146897554 -0.073647872 1.171316385 -0.020958515 -0.499493212 -0.025491606 0.865689039
1439803640.320498 -1.154898643 -0.074388951 1.172160506 -0.023101103 -0.507545292 -0.024505040 0.860966682
1439803640.382997 -1.163400173 -0.074330680 1.174099922 -0.023537394 -0.516165972 -0.024198176 0.855823040
1439803640.507998 -1.181899905 -0.074446678 1.175926447 -0.019118330 -0.533417404 -0.026541973 0.845219433
1439803640.570498 -1.184645414 -0.076524287 1.177108049 -0.017006036 -0.544750690 -0.029206248 0.837916791
1439803640.632998 -1.201115131 -0.075186975 1.176039457 -0.012302365 -0.553470671 -0.032157544 0.832156658
1439803640.695501 -1.204672098 -0.074531294 1.175914764 -0.008098364 -0.565300643 -0.032225456 0.824215412
1439803640.758001 -1.211870074 -0.074938715 1.176348925 -0.004330068 -0.576048970 -0.031127365 0.816810846
1439803640.820500 -1.232345700 -0.076316491 1.175453544 -0.001372881 -0.585021138 -0.030340549 0.810449183
1439803640.945502 -1.254418373 -0.077239692 1.175413609 0.000867004 -0.606851637 -0.025758460 0.794397175
1439803641.008002 -1.261903763 -0.077406496 1.175217748 0.001663493 -0.618433595 -0.023972441 0.785469592
1439803641.070503 -1.269900680 -0.077671960 1.174769640 0.002386621 -0.629635930 -0.022756508 0.776553333
1439803641.133004 -1.290458798 -0.077783912 1.172922015 0.003952873 -0.639626265 -0.022637684 0.768342435
1439803641.195504 -1.301422834 -0.078220941 1.171490908 0.004984816 -0.650205314 -0.022650914 0.759404421
1439803641.258006 -1.316276670 -0.077873930 1.169457912 0.006357959 -0.660428762 -0.021429887 0.750555873
1439803641.320507 -1.328962088 -0.077931345 1.167447329 0.007914286 -0.671064615 -0.020627853 0.741069674
1439803641.383007 -1.342665672 -0.078192607 1.165047526 0.009210382 -0.681246221 -0.019911015 0.731725574
1439803641.445507 -1.356339931 -0.078223422 1.162311792 0.009987715 -0.691274822 -0.018268438 0.722291887
1439803641.508007 -1.370178938 -0.078226104 1.160890698 0.010312895 -0.701719522 -0.015601510 0.712207794
1439803641.570507 -1.384246469 -0.078307822 1.156213284 0.010888710 -0.710476100 -0.015368694 0.703469217
1439803641.633008 -1.398739576 -0.078248709 1.152292848 0.012037304 -0.719230235 -0.016715327 0.694466412
1439803641.695511 -1.413556218 -0.078652620 1.147326946 0.013194086 -0.727609336 -0.019464184 0.685588598
1439803641.758010 -1.428466439 -0.078739844 1.141831160 0.014436912 -0.735880554 -0.022698376 0.676576793
1439803641.820510 -1.443703890 -0.078543812 1.136454105 0.015503730 -0.744268715 -0.025544595 0.667211473
1439803641.883013 -1.458335757 -0.078849874 1.130194426 0.016842104 -0.752549291 -0.028306887 0.657711625
1439803641.945513 -1.473546982 -0.078788444 1.123118043 0.020834617 -0.760558009 -0.031034032 0.648193121
1439803642.008016 -1.487621546 -0.079088800 1.116793990 0.022884320 -0.768938839 -0.031745289 0.638123453
1439803642.070516 -1.502698064 -0.079263993 1.109438419 0.023447139 -0.777090788 -0.032652643 0.628103495
1439803642.133017 -1.517487526 -0.079450816 1.102343559 0.023182789 -0.785645127 -0.034258556 0.617293000
1439803642.195519 -1.532788038 -0.079676211 1.095044613 0.022257905 -0.794158995 -0.035423800 0.606268227
1439803642.258020 -1.548207283 -0.079765484 1.087108374 0.020538738 -0.802265882 -0.035421528 0.595561028
1439803642.320521 -1.563895464 -0.079882115 1.078467369 0.018647734 -0.810026646 -0.035107605 0.585044146
1439803642.383022 -1.578644991 -0.080250293 1.069943905 0.017654981 -0.817812204 -0.035429433 0.574122131
1439803642.445521 -1.593868256 -0.080146067 1.060360432 0.018213490 -0.825415373 -0.036389947 0.563057244
1439803642.508024 -1.608801126 -0.080027647 1.050113916 0.018609131 -0.832770705 -0.037155304 0.552056313
1439803642.570524 -1.624101043 -0.079701900 1.039263964 0.018504295 -0.839754701 -0.037265353 0.541369498
1439803642.633025 -1.639301181 -0.079675913 1.028611898 0.018028170 -0.846603811 -0.037431531 0.530599594
1439803642.695529 -1.654536486 -0.079051629 1.017598987 0.017412776 -0.853339612 -0.037144803 0.519738853
1439803642.758031 -1.669474840 -0.079164699 1.005729318 0.016726758 -0.859858751 -0.037283089 0.508894026
1439803642.820529 -1.684944868 -0.078906111 0.993403554 -0.015517021 0.866056919 0.037050635 -0.498329073
1439803642.883032 -1.699732184 -0.078945838 0.980824351 -0.015498597 0.871898830 0.038340133 -0.487936705
1439803642.945533 -1.714906693 -0.078567535 0.967463970 -0.015701165 0.877516329 0.039756186 -0.477637976
1439803643.008035 -1.729658365 -0.078138992 0.954156041 -0.016415564 0.882988393 0.041469485 -0.467271119
1439803643.070537 -1.745157003 -0.077520400 0.938310564 -0.018047852 0.887931406 0.043993227 -0.457511336
1439803643.133038 -1.760161400 -0.076753199 0.923376083 -0.019091483 0.892630994 0.045731883 -0.448055923
1439803643.195537 -1.775312901 -0.076148115 0.907982707 -0.019003818 0.896965921 0.046339124 -0.439253569
1439803643.258038 -1.790695906 -0.075609773 0.892682731 -0.018931553 0.900959551 0.046567537 -0.430981457
1439803643.320537 -1.806071162 -0.074791461 0.876658976 -0.019455578 0.904607952 0.047608640 -0.423130363
1439803643.383039 -1.821687341 -0.074061707 0.860337794 -0.019220212 0.908046484 0.048666488 -0.415588379
1439803643.445539 -1.837229013 -0.073612764 0.843915164 -0.018608283 0.911212027 0.049631361 -0.408513248
1439803643.508039 -1.852882981 -0.073002994 0.827092767 -0.018021565 0.913982272 0.049653720 -0.402301013
1439803643.570541 -1.868889213 -0.072693601 0.810376763 -0.018449819 0.916304767 0.049642306 -0.396964490
1439803643.633041 -1.884755850 -0.072275609 0.792891264 -0.019420439 0.918181896 0.049743045 -0.392543644
1439803643.695543 -1.900467992 -0.071741194 0.775299013 -0.020639269 0.919669926 0.049562261 -0.389004856
1439803643.758047 -1.917261362 -0.071075693 0.757368386 -0.021169698 0.921072900 0.049062941 -0.385706306
1439803643.820547 -1.933769464 -0.070368193 0.739871264 -0.021185134 0.922408104 0.048992153 -0.382510424
1439803643.883048 -1.950738907 -0.069629960 0.721467376 -0.021226857 0.923565984 0.048930828 -0.379711777
1439803643.945550 -1.967711091 -0.068882011 0.702863514 -0.021548387 0.924445271 0.048762660 -0.377569616
1439803644.008052 -1.985162973 -0.068069309 0.683805287 -0.020512816 0.925279617 0.048294626 -0.375638783
1439803644.070553 -2.003072500 -0.067110680 0.664738953 -0.019716851 0.926065326 0.048707999 -0.373686761
1439803644.133066 -2.020637274 -0.066275895 0.645529568 -0.020116355 0.926766694 0.050360933 -0.371702313
1439803644.195554 -2.038254738 -0.065478563 0.625503063 -0.019863494 0.927427649 0.051187091 -0.369950324
1439803644.258068 -2.056305647 -0.065218590 0.605503023 -0.019021319 0.928067803 0.051119458 -0.368395329
1439803644.320556 -2.073967218 -0.064273201 0.586107373 -0.019278569 0.928621709 0.051251575 -0.366965055
1439803644.383057 -2.091994524 -0.063507684 0.565951467 -0.020458834 0.928859413 0.052018303 -0.366190791
1439803644.445558 -2.110545874 -0.062556572 0.545152307 -0.020846540 0.928857803 0.052354716 -0.366125107
1439803644.508060 -2.129220963 -0.061685622 0.524942994 -0.021441042 0.928746939 0.052569717 -0.366341144
1439803644.570561 -2.148416042 -0.060636885 0.504370809 -0.021444749 0.928561211 0.052374884 -0.366839260
1439803644.633062 -2.167338848 -0.059951216 0.483900845 -0.021419048 0.928403854 0.051773239 -0.367324203
1439803644.695563 -2.186118841 -0.059210911 0.463574111 -0.020101123 0.928260446 0.051514264 -0.367797256
1439803644.758065 -2.206478119 -0.058459245 0.442641854 -0.018828155 0.928116858 0.052074354 -0.368147761
1439803644.820566 -2.226354599 -0.057598755 0.421423852 -0.019025868 0.927904189 0.052691344 -0.368585706
1439803644.883067 -2.245950460 -0.056701250 0.400495708 -0.019274797 0.927656829 0.052548602 -0.369215280
1439803644.945568 -2.265721321 -0.055998452 0.378684580 -0.020355763 0.927356243 0.052820578 -0.369872957
1439803645.008069 -2.286078691 -0.054664560 0.356783032 -0.022141425 0.927110434 0.054265339 -0.370177418
1439803645.070572 -2.306346178 -0.053349473 0.335330546 -0.022032283 0.926921427 0.055251788 -0.370511055
1439803645.133072 -2.326442242 -0.052723005 0.313782990 -0.022158030 0.926771998 0.055646688 -0.370818168
1439803645.195573 -2.346803427 -0.051826142 0.291463852 -0.022601465 0.926644027 0.054996561 -0.371207952
1439803645.258074 -2.367341518 -0.051111639 0.270335793 -0.022521643 0.926543593 0.053755634 -0.371645033
1439803645.320576 -2.388216496 -0.050560698 0.249042511 -0.021251736 0.926520705 0.052300859 -0.371984363
1439803645.383077 -2.409442902 -0.050082788 0.226700068 -0.020924486 0.926450610 0.051373933 -0.372306496
1439803645.445578 -2.430187941 -0.049159586 0.205469370 -0.022276273 0.926250458 0.050759539 -0.372809976
1439803645.508080 -2.451386213 -0.047969572 0.183174372 -0.022652581 0.926101327 0.049658328 -0.373305857
1439803645.570581 -2.472181797 -0.047449671 0.161288142 -0.023436310 0.925862432 0.049933065 -0.373813003
1439803645.633082 -2.493464470 -0.046299174 0.138396382 -0.024287065 0.925617278 0.050998773 -0.374221653
1439803645.695584 -2.515255451 -0.045601517 0.115785241 -0.023813458 0.925493538 0.051908903 -0.374433041
1439803645.758088 -2.537264109 -0.044582218 0.092726946 -0.022710787 0.925383270 0.052926369 -0.374631643
1439803645.820587 -2.559026718 -0.043898240 0.070028305 -0.022159247 0.925326943 0.054246221 -0.374614865
1439803645.883087 -2.580873489 -0.043105826 0.047843456 -0.021513190 0.925327420 0.054938816 -0.374550492
1439803645.945589 -2.602499485 -0.042232946 0.024956107 -0.020873690 0.925360322 0.054875456 -0.374514699
1439803646.008092 -2.624727488 -0.041416705 0.002391338 -0.020279583 0.925556779 0.054391250 -0.374132246
1439803646.070591 -2.646466732 -0.040516093 -0.020561695 -0.021161387 0.925646067 0.054195311 -0.373890907
1439803646.133093 -2.668260574 -0.039569676 -0.043383002 -0.021810671 0.925673187 0.053792153 -0.373844713
1439803646.195595 -2.690406322 -0.038658857 -0.067722559 -0.022804283 0.925636768 0.053301077 -0.373945862
1439803646.258095 -2.712334156 -0.037828490 -0.090922952 -0.023827085 0.925668240 0.053109016 -0.373831511
1439803646.320599 -2.734285116 -0.036990955 -0.113267541 -0.024042377 0.925725400 0.053086191 -0.373679399
1439803646.383098 -2.757226944 -0.035683557 -0.137810826 -0.024122994 0.925755203 0.053679671 -0.373515576
1439803646.445602 -2.779805899 -0.034328640 -0.162404537 -0.024743440 0.925722361 0.054958992 -0.373370320
1439803646.508101 -2.802307129 -0.033497453 -0.186353445 -0.025249233 0.925718009 0.055921193 -0.373204231
1439803646.570602 -2.824607611 -0.032742932 -0.209150553 -0.025200637 0.925802767 0.056380499 -0.372928113
1439803646.633109 -2.847827435 -0.031673729 -0.233762503 -0.025224883 0.925860763 0.056691267 -0.372735292
1439803646.695605 -2.871017933 -0.030751988 -0.258332133 -0.024005821 0.926033437 0.055804793 -0.372520685
1439803646.758106 -2.891832590 -0.029894128 -0.279840350 -0.023561347 0.926284015 0.054831803 -0.372070163
1439803646.820607 -2.915073633 -0.028529778 -0.304301023 -0.024078088 0.926357985 0.053896684 -0.371989548
1439803646.883108 -2.937087774 -0.027467966 -0.328926086 -0.024424134 0.926313758 0.053401124 -0.372148603
1439803646.945611 -2.959760189 -0.027176276 -0.351994514 -0.024658436 0.926382482 0.053691201 -0.371920288
1439803647.008111 -2.981247425 -0.025963798 -0.375800371 -0.026049362 0.926439643 0.054419313 -0.371577144
1439803647.070612 -3.003863811 -0.024759084 -0.400330186 -0.026880808 0.926566124 0.054931890 -0.371126771
1439803647.133117 -3.026220560 -0.024339736 -0.424079180 -0.026123310 0.926750243 0.054971393 -0.370715141
1439803647.195615 -3.049062490 -0.022935390 -0.448396683 -0.025859570 0.926919401 0.055112433 -0.370289594
1439803647.258117 -3.071365118 -0.022688508 -0.472036362 -0.024495810 0.927145243 0.054823652 -0.369859546
1439803647.320618 -3.093439102 -0.021858990 -0.495831728 -0.024341613 0.927227199 0.055080619 -0.369625926
1439803647.383119 -3.116192341 -0.020820066 -0.520391226 -0.024126152 0.927239299 0.055228002 -0.369587660
1439803647.445625 -3.138684511 -0.019783467 -0.545357347 -0.025040697 0.927202940 0.055462178 -0.369583160
1439803647.508122 -3.160708189 -0.019041076 -0.568693042 -0.026156286 0.927344263 0.055273119 -0.369179398
1439803647.570623 -3.183368206 -0.018211111 -0.593334079 -0.025912868 0.927487195 0.054521784 -0.368949026
1439803647.633124 -3.205992460 -0.017364457 -0.617743492 -0.025900919 0.927627742 0.053820275 -0.368699521
1439803647.695625 -3.228323698 -0.016468599 -0.641982436 -0.025959892 0.927655697 0.053744029 -0.368636101
1439803647.758127 -3.251325846 -0.015604019 -0.666359901 -0.025814328 0.927682877 0.053736389 -0.368579030
1439803647.820628 -3.274092436 -0.014557630 -0.690863490 -0.025207086 0.927627861 0.054211169 -0.368690044
1439803647.883129 -3.296938419 -0.013121292 -0.715664506 -0.024006443 0.927584410 0.054445490 -0.368844956
1439803647.945630 -3.319932938 -0.012365326 -0.739531279 -0.022598976 0.927690804 0.054283574 -0.368690103
1439803648.008132 -3.342226505 -0.011873782 -0.763749599 -0.022206126 0.927815974 0.054203503 -0.368410587
1439803648.070634 -3.365160227 -0.011197820 -0.788842916 -0.022962768 0.927872121 0.054388296 -0.368195474
1439803648.133134 -3.387959480 -0.010310322 -0.813338399 -0.023657138 0.927904963 0.053996984 -0.368126422
1439803648.195641 -3.410240889 -0.009451732 -0.837816596 -0.023711320 0.927971065 0.053649314 -0.368007064
1439803648.258138 -3.433108568 -0.008300424 -0.861874819 -0.023266928 0.928210378 0.052636597 -0.367577940
1439803648.320640 -3.455626011 -0.007432014 -0.886196852 -0.023194375 0.928362250 0.051971197 -0.367293477
1439803648.383139 -3.478397608 -0.006465837 -0.910532236 -0.021986164 0.928455651 0.051056612 -0.367260069
1439803648.445642 -3.501073837 -0.005475730 -0.934624672 -0.021254422 0.928412318 0.050260577 -0.367522299
1439803648.508142 -3.523363590 -0.005143583 -0.958709121 -0.021930613 0.928295374 0.050353672 -0.367765248
1439803648.570645 -3.546817780 -0.004568711 -0.983409405 -0.022357205 0.928158820 0.050382275 -0.368080139
1439803648.633144 -3.568808556 -0.004029006 -1.007826209 -0.022055797 0.928070307 0.050383415 -0.368321329
1439803648.695646 -3.591061354 -0.003194034 -1.032591701 -0.022417609 0.927844346 0.051379453 -0.368730843
1439803648.758147 -3.614651680 -0.001929432 -1.056081533 -0.021320121 0.927773893 0.052287888 -0.368845522
1439803648.820650 -3.637653351 -0.000978351 -1.081660986 -0.019451285 0.927528799 0.053602625 -0.369376123
1439803648.883150 -3.660113335 0.000509560 -1.106344819 -0.018990783 0.927267134 0.055951141 -0.369708598
1439803648.945651 -3.683837175 0.000924081 -1.130231380 -0.017941955 0.927153230 0.057385452 -0.369826794
1439803649.008152 -3.706570387 0.001942307 -1.154422522 -0.017873604 0.927030027 0.057665423 -0.370095462
1439803649.070654 -3.729957104 0.003075659 -1.179202795 -0.019565877 0.926931739 0.057612877 -0.370264113
1439803649.133156 -3.751825809 0.003705233 -1.203454256 -0.021040034 0.926851690 0.056679603 -0.370527536
1439803649.195657 -3.774601460 0.004951358 -1.227939010 -0.021425307 0.926922739 0.054640111 -0.370634139
1439803649.258157 -3.797417641 0.005656898 -1.252995610 -0.022421816 0.926901817 0.053059436 -0.370857090
1439803649.320659 -3.820525885 0.006391197 -1.276888728 -0.023296431 0.926908135 0.052414041 -0.370879203
1439803649.445661 -3.866193771 0.008448809 -1.325541735 -0.024563985 0.926581085 0.052946214 -0.371538460
1439803649.508164 -3.888970852 0.010159373 -1.349946141 -0.025133124 0.926380396 0.053596009 -0.371907443
1439803649.570662 -3.911654234 0.010782331 -1.374876380 -0.024906125 0.926225007 0.054003030 -0.372250646
1439803649.633164 -3.935167789 0.010565847 -1.398405433 -0.024111835 0.926329494 0.054018684 -0.372040629
1439803649.695667 -3.958309650 0.011191428 -1.422370791 -0.023530280 0.926369905 0.053433761 -0.372061759
1439803649.758168 -3.981023788 0.012133896 -1.447147608 -0.022889774 0.926229835 0.053024217 -0.372508794
1439803649.883168 -4.027904987 0.014537036 -1.495129704 -0.021403318 0.926059306 0.052947901 -0.373031557
1439803649.945672 -4.051177025 0.015874267 -1.520365953 -0.021073043 0.925887585 0.053741764 -0.373362958
1439803650.008173 -4.074482441 0.016834080 -1.544718146 -0.020067021 0.925737500 0.055155389 -0.373584360
1439803650.070673 -4.097218513 0.018091857 -1.568617344 -0.019532297 0.925599456 0.056408249 -0.373767644
1439803650.133174 -4.120978355 0.019259006 -1.592912793 -0.018805617 0.925498903 0.056977939 -0.373967469
1439803650.258178 -4.166730881 0.021008432 -1.640873313 -0.017548038 0.925419331 0.056416653 -0.374310434
1439803650.320676 -4.189410210 0.021717131 -1.665005922 -0.017249217 0.925366998 0.055923328 -0.374527723
1439803650.383177 -4.212649345 0.022891909 -1.688486695 -0.017924881 0.925422788 0.054934554 -0.374504447
1439803650.445678 -4.235417843 0.023973763 -1.712871909 -0.018363854 0.925343633 0.054099433 -0.374800205
1439803650.508180 -4.258228779 0.024762481 -1.736834049 -0.018537976 0.925288200 0.053266127 -0.375047743
1439803650.570681 -4.281084538 0.025774419 -1.759994626 -0.018065615 0.925301731 0.051844463 -0.375236601
1439803650.695683 -4.327068806 0.027223587 -1.807066560 -0.015958315 0.925288022 0.048937224 -0.375755966
1439803650.758188 -4.350152969 0.027887851 -1.830626965 -0.015109407 0.925104916 0.048945758 -0.376240492
1439803650.820685 -4.372762680 0.028938115 -1.853573561 -0.015264120 0.924807727 0.049999312 -0.376825869
1439803650.883186 -4.394980431 0.029854536 -1.876701951 -0.015520480 0.924521863 0.051169716 -0.377359301
1439803650.945688 -4.417778969 0.030962825 -1.900974393 -0.015059652 0.924284995 0.052099824 -0.377830714
1439803651.070689 -4.463161945 0.032794535 -1.946345687 -0.011480557 0.924192309 0.053215757 -0.378027558
1439803651.133190 -4.485938549 0.033547819 -1.969162464 -0.009874199 0.924031019 0.052804127 -0.378524572
1439803651.195692 -4.508241653 0.034369826 -1.991738677 -0.008969284 0.923796773 0.051993176 -0.379230529
1439803651.258195 -4.530544281 0.034879446 -2.014046907 -0.008847687 0.923636317 0.051118404 -0.379742861
1439803651.383194 -4.574694157 0.037032008 -2.059099674 -0.010928348 0.923261762 0.051098138 -0.380601227
1439803651.445695 -4.596471310 0.038267046 -2.081952810 -0.011807267 0.923070550 0.051450469 -0.380991042
1439803651.508197 -4.618038177 0.039239079 -2.103869438 -0.012809721 0.922983646 0.052142598 -0.381075084
1439803651.570698 -4.640344620 0.040491909 -2.126637220 -0.013654951 0.922855794 0.053197294 -0.381209701
1439803651.695700 -4.684546947 0.042106628 -2.170419693 -0.010183272 0.922752619 0.051827472 -0.381756157
1439803651.758201 -4.706848145 0.042801678 -2.192425251 -0.009423021 0.922563672 0.050716538 -0.382380962
1439803651.820703 -4.728600502 0.043385774 -2.213749409 -0.009111673 0.922367454 0.050062589 -0.382947713
1439803651.883203 -4.750385284 0.044122368 -2.235182762 -0.009134677 0.922197342 0.049912967 -0.383376122
1439803651.945705 -4.772110939 0.045224130 -2.257647514 -0.010927209 0.921855986 0.050466072 -0.384077251
1439803652.008209 -4.793420315 0.046316057 -2.279431820 -0.012362035 0.921571314 0.050684899 -0.384687454
1439803652.133206 -4.836565018 0.048112184 -2.322658300 -0.012568750 0.921261907 0.051271189 -0.385343671
1439803652.195710 -4.858578682 0.049135536 -2.343994617 -0.012138833 0.921272814 0.051774383 -0.385264158
1439803652.258216 -4.880399227 0.049918860 -2.364963531 -0.010624562 0.921231151 0.051221244 -0.385482311
1439803652.320718 -4.901960373 0.050467283 -2.385934830 -0.009828639 0.921049476 0.050381958 -0.386047810
1439803652.383212 -4.922817230 0.051197350 -2.406671286 -0.010635469 0.920786917 0.050087087 -0.386690706
1439803652.508214 -4.966120243 0.052713960 -2.449613333 -0.011826362 0.920453668 0.048739269 -0.387620568
1439803652.570715 -4.987136364 0.053272814 -2.470575571 -0.012502624 0.920322359 0.048669081 -0.387919784
1439803652.633215 -5.008777618 0.054074109 -2.491623878 -0.012994439 0.920163393 0.048648819 -0.388283104
1439803652.695715 -5.030348778 0.055120528 -2.512678146 -0.012389664 0.920043409 0.048262890 -0.388635129
1439803652.758216 -5.052007675 0.055854708 -2.533002377 -0.011420085 0.920060337 0.047878731 -0.388672292
1439803652.820717 -5.073595047 0.056451142 -2.553875446 -0.010709730 0.919879258 0.047676127 -0.389145792
1439803652.945717 -5.116465569 0.057745576 -2.594769478 -0.009723346 0.919502735 0.048269488 -0.389987469
1439803653.008218 -5.138154030 0.058380663 -2.615652561 -0.009055112 0.919416010 0.048324246 -0.390201151
1439803653.070718 -5.159174442 0.059164971 -2.637420177 -0.009818978 0.919201732 0.048991300 -0.390604228
1439803653.133218 -5.180562496 0.059780002 -2.658193588 -0.010225101 0.919070303 0.049392708 -0.390852451
1439803653.195719 -5.201594353 0.060758650 -2.678485394 -0.010212582 0.918966711 0.049665194 -0.391061813
1439803653.258219 -5.223083019 0.061706007 -2.700000525 -0.010815217 0.918868661 0.049971983 -0.391236842
1439803653.383220 -5.265710831 0.063736111 -2.741893291 -0.010545428 0.918766737 0.049809579 -0.391504079
1439803653.445721 -5.287802219 0.064213693 -2.762377501 -0.009632220 0.918739855 0.049373601 -0.391645849
1439803653.508221 -5.309663773 0.065157443 -2.783487797 -0.009753716 0.918581128 0.050009783 -0.391934395
1439803653.570721 -5.331611633 0.066313654 -2.804009676 -0.009716053 0.918575943 0.050786894 -0.391847551
1439803653.695723 -5.373981953 0.068122655 -2.845671177 -0.010059379 0.918273568 0.051277611 -0.392483234
1439803653.758223 -5.396407127 0.069108903 -2.867183924 -0.010855848 0.918113232 0.050777026 -0.392901987
1439803653.820723 -5.417929173 0.069883734 -2.887902737 -0.012230170 0.918013752 0.050534111 -0.393125236
1439803653.883225 -5.439965248 0.071227610 -2.908251524 -0.012292881 0.918016136 0.050312005 -0.393146187
1439803653.945725 -5.461215973 0.070648402 -2.927428722 -0.012384097 0.917978823 0.050707240 -0.393179685
1439803654.008227 -5.481253147 0.070041329 -2.943736076 -0.007923502 0.917860687 0.048645344 -0.393830687
