1439803817.261148 -0.000560897 -0.002535599 0.042321127 0.000800096 0.000024500 -0.000534554 0.999999523
1439803817.323648 -0.000958474 -0.004573384 0.085309267 0.001204480 0.000003759 -0.000223258 0.999999225
1439803817.386147 -0.001298150 -0.006961646 0.128040642 0.000473722 -0.000170345 -0.000291517 0.999999821
1439803817.448650 -0.001847554 -0.009098267 0.171173558 -0.000402445 -0.000268559 -0.000559309 0.999999702
1439803817.511151 -0.001982399 -0.011163865 0.214223310 -0.000686825 -0.000454160 0.000382226 0.999999583
1439803817.573654 -0.002193893 -0.013537984 0.257420599 -0.000588816 -0.000678123 0.001519020 0.999998450
1439803817.636165 -0.002408118 -0.016034916 0.300444603 -0.000906858 -0.000869205 0.001674306 0.999997795
1439803817.698654 -0.002646390 -0.018495973 0.343966693 -0.001634508 -0.001222024 0.001521848 0.999996781
1439803817.761159 -0.003233350 -0.020606639 0.387873113 -0.002394497 -0.001486117 0.001962194 0.999994099
1439803817.823657 -0.003495853 -0.022811051 0.431629777 -0.002282441 -0.001849664 0.002424874 0.999992728
1439803817.886158 -0.004049622 -0.025050191 0.474788755 -0.002096003 -0.002211046 0.002369845 0.999992549
1439803817.948659 -0.004563046 -0.026973089 0.519287050 -0.001671694 -0.002477339 0.003433644 0.999989629
1439803818.011161 -0.004719413 -0.029438892 0.562870324 -0.001253341 -0.002860382 0.004555255 0.999984741
1439803818.073662 -0.005045777 -0.032033175 0.606054544 -0.000978414 -0.003211909 0.004967695 0.999981999
1439803818.136163 -0.005724614 -0.034298774 0.649904430 -0.000225435 -0.003348300 0.005301229 0.999980330
1439803818.198665 -0.006037669 -0.036691301 0.693753958 0.000522175 -0.003646643 0.005304814 0.999979138
1439803818.261166 -0.006800165 -0.039061401 0.737924933 0.001041162 -0.003869401 0.004705938 0.999980927
1439803818.323667 -0.007655600 -0.041565273 0.782524586 0.001007625 -0.004026108 0.004857023 0.999979615
1439803818.386169 -0.008335061 -0.043975793 0.826992512 0.000989672 -0.004457950 0.005218792 0.999975979
1439803818.448670 -0.009088041 -0.046336502 0.871120870 0.001007826 -0.004997504 0.005670556 0.999970913
1439803818.511175 -0.009641582 -0.049123254 0.915351212 0.001103894 -0.005289543 0.005586330 0.999969780
1439803818.573673 -0.010596753 -0.051380839 0.960628092 0.001396961 -0.005357862 0.006080650 0.999966204
1439803818.636176 -0.011219377 -0.054223318 1.005416870 0.001176452 -0.005588718 0.006397628 0.999963224
1439803818.698678 -0.012183095 -0.057047103 1.050631523 0.001246476 -0.005835083 0.006914214 0.999958277
1439803818.761178 -0.012859585 -0.059480868 1.094792724 0.001932402 -0.006149238 0.006732208 0.999956548
1439803818.823678 -0.013786213 -0.062346064 1.139452457 0.002244243 -0.006361163 0.006281114 0.999957502
1439803818.886179 -0.014901375 -0.064561315 1.185366273 0.002415066 -0.006393320 0.006269300 0.999956965
1439803818.948681 -0.015250009 -0.067560233 1.229089856 0.002179833 -0.006729217 0.007104316 0.999949753
1439803819.011186 -0.016117500 -0.069162011 1.275397658 0.002614649 -0.006867870 0.007677039 0.999943554
1439803819.073684 -0.017956078 -0.073393852 1.321274877 0.002296151 -0.006639657 0.007633690 0.999946177
1439803819.136189 -0.017314048 -0.074928761 1.366499305 0.002418790 -0.007066217 0.007930932 0.999940634
1439803819.198687 -0.018588761 -0.077814028 1.411144137 0.002037934 -0.007012523 0.008158595 0.999940038
1439803819.261188 -0.018921137 -0.079848915 1.457549214 0.001733550 -0.007173387 0.008930662 0.999932885
1439803819.323690 -0.019927993 -0.082530491 1.506701469 0.001692072 -0.007119721 0.009211512 0.999930799
1439803819.386205 -0.020987924 -0.084789671 1.551820517 0.001355846 -0.007239871 0.008996516 0.999932408
1439803819.448693 -0.017749321 -0.088676237 1.593107343 0.000419518 -0.008302014 0.008857769 0.999926209
1439803819.511194 -0.021753205 -0.092166536 1.641779542 -0.000800095 -0.007606114 0.008316884 0.999936163
