1439803779.447961 -0.000416125 -0.002719733 0.048352357 0.000274054 -0.000448272 -0.000344635 0.999999762
1439803779.510463 -0.000835333 -0.005449056 0.096481115 0.000393232 -0.000890226 -0.000163628 0.999999523
1439803779.572964 -0.001183850 -0.008108475 0.144452348 0.000570470 -0.001656029 0.000307608 0.999998391
1439803779.635466 -0.002024367 -0.010712955 0.192947894 0.000690809 -0.002540488 0.000646874 0.999996305
1439803779.697962 -0.002822028 -0.013651312 0.240927786 0.001025531 -0.003709459 0.000993112 0.999992073
1439803779.760466 -0.003786226 -0.016556906 0.288814336 0.001560082 -0.004958139 0.001203039 0.999985754
1439803779.822964 -0.004981165 -0.019260248 0.336858004 0.002160216 -0.006427202 0.001435461 0.999975979
1439803779.885465 -0.006238330 -0.022244923 0.384873331 0.002064855 -0.007875293 0.001086889 0.999966264
1439803779.947970 -0.007927363 -0.024877448 0.433140993 0.002014585 -0.009225392 0.001086927 0.999954820
1439803780.010467 -0.009412648 -0.027972767 0.480923951 0.001482608 -0.010677071 0.001090692 0.999941289
1439803780.072969 -0.011293329 -0.030534357 0.529087245 0.001124370 -0.012084074 0.001213014 0.999925613
1439803780.135470 -0.013287887 -0.032863714 0.577823758 0.001011843 -0.013505073 0.002125946 0.999906063
1439803780.197971 -0.015117880 -0.036211755 0.624858499 0.000344387 -0.015154243 0.002279440 0.999882519
1439803780.260473 -0.017159479 -0.039083567 0.672060907 -0.000208815 -0.016718639 0.002650269 0.999856710
1439803780.322976 -0.019091973 -0.042063769 0.719367743 -0.000421339 -0.018352449 0.002845552 0.999827445
1439803780.385475 -0.021098346 -0.044917695 0.766602933 0.000100283 -0.020061674 0.003540725 0.999792516
1439803780.447976 -0.023808451 -0.047684483 0.814330280 0.000810580 -0.021605927 0.003958196 0.999758422
1439803780.510476 -0.026499813 -0.050530568 0.860965967 0.001511565 -0.023131797 0.004285232 0.999722064
1439803780.572981 -0.029459652 -0.052822847 0.907962143 0.002056623 -0.024625000 0.004949780 0.999682367
1439803780.635478 -0.032396402 -0.055534314 0.955314875 0.001971192 -0.026141724 0.004736268 0.999645054
1439803780.697980 -0.035663947 -0.057983428 1.002386212 0.002046355 -0.027581161 0.004843775 0.999605715
1439803780.760482 -0.039492432 -0.061212052 1.049911022 0.002330296 -0.028927177 0.004983260 0.999566376
1439803780.822983 -0.042026669 -0.064402990 1.091091990 0.003033161 -0.031029612 0.005885378 0.999496520
