1439803708.821693 -0.000340619 -0.002030238 0.036556099 0.000473349 -0.000214482 -0.000333199 0.999999821
1439803708.884194 -0.000943101 -0.004268054 0.072980382 0.000681228 -0.000182992 -0.001291777 0.999998927
1439803708.946695 -0.001337567 -0.006343600 0.109369949 0.000704006 -0.000347060 -0.001691729 0.999998271
1439803709.009197 -0.001815823 -0.008414942 0.145549044 0.000735037 -0.000468070 -0.002527817 0.999996424
1439803709.071699 -0.002159733 -0.010614242 0.181788072 0.001045761 -0.000441628 -0.002792607 0.999995470
1439803709.134199 -0.002393275 -0.012749441 0.217656076 0.001038851 -0.000340816 -0.002444776 0.999996424
1439803709.196701 -0.002554806 -0.014924312 0.253993988 0.000900092 -0.000189381 -0.002597903 0.999996185
1439803709.259204 -0.002764217 -0.016950622 0.289737672 0.001056202 -0.000020025 -0.002936882 0.999995112
1439803709.321705 -0.002954573 -0.019623481 0.325574487 0.001285638 0.000145361 -0.002998758 0.999994695
1439803709.384205 -0.003482907 -0.021224663 0.362100124 0.001974293 0.000536803 -0.003843630 0.999990523
1439803709.446706 -0.003706302 -0.023519866 0.398579210 0.002139470 0.000648371 -0.004761799 0.999986172
1439803709.509208 -0.003772904 -0.025576234 0.434551179 0.002410370 0.000835598 -0.004804120 0.999985218
1439803709.571709 -0.004045569 -0.027518008 0.471326321 0.002477080 0.001083735 -0.005331945 0.999982119
1439803709.634210 -0.004097537 -0.029807083 0.507176101 0.002291659 0.001304768 -0.005575571 0.999980986
1439803709.696711 -0.003945107 -0.032054547 0.543582976 0.002168061 0.001469407 -0.005565833 0.999981105
1439803709.759213 -0.004371411 -0.034229405 0.579415381 0.002218744 0.002082826 -0.006113487 0.999976695
1439803709.821717 -0.004516040 -0.036401667 0.616209984 0.001883959 0.002571147 -0.006549879 0.999973476
1439803709.884218 -0.004455999 -0.038346875 0.652049720 0.001440180 0.002970712 -0.006882647 0.999970853
1439803709.946717 -0.004415690 -0.040387392 0.688213229 0.001159537 0.003373261 -0.007753977 0.999963582
1439803710.009219 -0.004462423 -0.042547733 0.724815965 0.001141323 0.003898729 -0.008689945 0.999953985
1439803710.071720 -0.004477798 -0.044698481 0.761385500 0.002093775 0.004368064 -0.009099861 0.999946833
1439803710.134225 -0.004496907 -0.047118913 0.797316611 0.002773907 0.005035943 -0.009532145 0.999938011
1439803710.196725 -0.004125671 -0.049442612 0.833484709 0.003225545 0.005630287 -0.009080519 0.999937713
1439803710.259226 -0.003832681 -0.051469672 0.869649351 0.003187078 0.006212067 -0.008812694 0.999936759
1439803710.321728 -0.003302374 -0.053635366 0.905822635 0.002927453 0.006773857 -0.009119364 0.999931216
1439803710.384230 -0.002950291 -0.055620220 0.942128599 0.002804849 0.007423912 -0.009285936 0.999925435
1439803710.446729 -0.002315851 -0.057682425 0.978056729 0.002077467 0.008054841 -0.009384776 0.999921381
1439803710.509229 -0.001863608 -0.060237486 1.014324546 0.000853641 0.008730238 -0.008891284 0.999921978
1439803710.571733 -0.001644507 -0.062095560 1.049921513 0.000471630 0.009460353 -0.009182772 0.999912977
1439803710.634235 -0.000739949 -0.064874008 1.085243106 0.000593354 0.009975680 -0.009003145 0.999909520
1439803710.696735 -0.000527998 -0.067148685 1.121339321 0.001387997 0.010572838 -0.009680223 0.999896288
1439803710.759236 0.002149755 -0.069239810 1.151531577 0.001761103 0.010821378 -0.009114194 0.999898374
1439803710.821739 0.000726111 -0.071668081 1.195089102 0.001810634 0.011662310 -0.010160235 0.999878764
1439803710.884240 0.002176696 -0.073211998 1.227783203 0.001870347 0.012014702 -0.010980011 0.999865770
1439803710.946737 0.001751116 -0.075060174 1.263030529 0.001860491 0.012439587 -0.011641333 0.999853134
