1439804071.515906 -0.000122968 -0.003460536 0.059644170 -0.000287309 0.000138632 0.000143800 0.999999940
1439804071.578407 -0.000559599 -0.006764036 0.119222425 -0.000467262 0.000351124 0.000220540 0.999999762
1439804071.640909 -0.001164103 -0.010041073 0.178566903 -0.000655109 0.000512474 -0.000072604 0.999999642
1439804071.703408 -0.001409544 -0.013709189 0.237075448 -0.000943644 0.000500247 -0.000151702 0.999999404
1439804071.765909 -0.001583076 -0.016876388 0.296127677 -0.000827026 0.000438248 0.000252135 0.999999523
1439804071.828414 -0.002104411 -0.020164302 0.354895532 -0.000824500 0.000443744 0.000259138 0.999999523
1439804071.890913 -0.002125750 -0.023515794 0.413363904 -0.000765012 0.000300730 0.000439504 0.999999583
1439804071.953412 -0.002480709 -0.026808640 0.472007126 -0.000645716 0.000514036 -0.000002689 0.999999642
1439804072.015914 -0.002615859 -0.030097499 0.530375302 -0.000546000 0.000719037 -0.000787358 0.999999285
1439804072.078417 -0.002947608 -0.033177264 0.588548720 -0.000275750 0.001120349 -0.001197435 0.999998629
1439804072.140915 -0.003192945 -0.036819555 0.645944059 -0.000008635 0.001791126 -0.001384194 0.999997437
1439804072.203422 -0.003512767 -0.039872799 0.704144657 0.000435737 0.002072835 -0.001671128 0.999996364
1439804072.265917 -0.003423362 -0.043476738 0.761847734 0.000526089 0.002205801 -0.002041983 0.999995351
1439804072.328420 -0.003363963 -0.046487145 0.819795191 0.000831382 0.002304547 -0.002775866 0.999993145
1439804072.390923 -0.003297549 -0.049980626 0.877472699 0.000578275 0.002436943 -0.002965112 0.999992490
1439804072.453422 -0.003587272 -0.053164672 0.934857309 0.000123224 0.002505666 -0.003423794 0.999991000
1439804072.515923 -0.003417301 -0.056604590 0.992100894 -0.000103167 0.002558607 -0.004010921 0.999988675
1439804072.578426 -0.003594455 -0.059654389 1.048420787 -0.000227491 0.002654490 -0.003912503 0.999988794
1439804072.640927 -0.004064333 -0.063024268 1.104496002 -0.000799402 0.002964128 -0.004922220 0.999983191
1439804072.703428 -0.004714440 -0.065281317 1.163387179 -0.001515440 0.003135163 -0.005519472 0.999978721
1439804072.765929 -0.003862165 -0.068985328 1.219757199 -0.002607907 0.003208964 -0.005742867 0.999974966
1439804072.828429 -0.004123380 -0.071899213 1.277503848 -0.003408856 0.003428663 -0.006273945 0.999968648
1439804072.890931 -0.004198045 -0.074700333 1.333533764 -0.004159517 0.003545625 -0.006287031 0.999965310
1439804072.953432 -0.003856863 -0.077977642 1.390267253 -0.004356313 0.003831709 -0.006228265 0.999963760
1439804073.015931 -0.003103179 -0.080756664 1.447510839 -0.003802681 0.004193662 -0.005333690 0.999969721
1439804073.078435 -0.003011325 -0.083130419 1.502765179 -0.003184431 0.004635185 -0.005471479 0.999969184
1439804073.140935 -0.002366387 -0.085565738 1.559071422 -0.002496638 0.004885079 -0.005957386 0.999967217
1439804073.203437 -0.001853960 -0.088162646 1.614977837 -0.002065710 0.005228111 -0.005565145 0.999968708
1439804073.265940 -0.001304444 -0.090862535 1.669623613 -0.001429773 0.005563787 -0.005462726 0.999968588
1439804073.328437 -0.000712834 -0.093976177 1.725420475 -0.001345845 0.005626658 -0.005600131 0.999967575
1439804073.390940 -0.000410588 -0.096726254 1.780740738 -0.001006489 0.005903892 -0.005810033 0.999965191
1439804073.453443 0.000672743 -0.099203452 1.837052703 -0.000442593 0.005779160 -0.005727167 0.999966800
1439804073.515942 0.000407193 -0.102992550 1.890320539 -0.000744817 0.006257000 -0.005616213 0.999964356
1439804073.578444 0.000587698 -0.105944395 1.945043802 -0.000865364 0.006369501 -0.006215067 0.999960005
1439804073.640946 0.000370378 -0.108778417 1.999150872 -0.000687456 0.006555242 -0.006842118 0.999954879
1439804073.703446 0.000902541 -0.112056687 2.053619146 -0.000438071 0.006736582 -0.007100841 0.999952018
1439804073.765948 0.001432501 -0.114793256 2.108474970 -0.000084944 0.006739048 -0.006996318 0.999952793
1439804073.828450 0.001950139 -0.118475392 2.162770748 0.000344801 0.006905527 -0.007547609 0.999947608
1439804073.890949 0.002180271 -0.121265084 2.216315746 0.001110899 0.007073562 -0.006926214 0.999950349
1439804073.953451 0.003354486 -0.125226393 2.270392179 0.000884187 0.006970941 -0.006446512 0.999954522
1439804074.015954 0.003730549 -0.128612548 2.325236082 0.000467635 0.007141021 -0.006829883 0.999951065
1439804074.078456 0.003281485 -0.131581619 2.379316807 -0.000528957 0.007378737 -0.007515877 0.999944389
1439804074.140956 0.004694734 -0.133558005 2.433082104 -0.001883693 0.007341973 -0.009656047 0.999924660
1439804074.203456 0.002658240 -0.135909900 2.487172604 -0.003541615 0.007752115 -0.009322399 0.999920249
1439804074.265958 0.003125459 -0.139191851 2.541140556 -0.005084227 0.007341831 -0.009190454 0.999917924
1439804074.328459 0.004251804 -0.141765863 2.594149590 -0.005057598 0.007111344 -0.008541495 0.999925435
1439804074.390961 0.004312582 -0.144076973 2.646686316 -0.003997548 0.007316930 -0.007881023 0.999934196
1439804074.453462 0.005084153 -0.147502720 2.698550701 -0.002532133 0.007456055 -0.007484132 0.999940991
1439804074.515962 0.005478863 -0.149983168 2.750856876 -0.001020493 0.007422963 -0.008653714 0.999934494
1439804074.578463 0.005010318 -0.152748957 2.804006100 0.000205480 0.007718186 -0.009539849 0.999924660
1439804074.640969 0.005565625 -0.156436533 2.857101917 0.000139310 0.007554589 -0.009104088 0.999930024
1439804074.703465 0.005387541 -0.158657774 2.907907486 -0.000292284 0.007644705 -0.009034078 0.999929905
1439804074.765966 0.006780379 -0.160360426 2.961823225 -0.001666446 0.007161852 -0.007461115 0.999945104
1439804074.828468 0.007019557 -0.162467152 3.013932943 -0.003009494 0.007335828 -0.007050876 0.999943674
1439804074.890969 0.007601403 -0.165889576 3.066195965 -0.004227167 0.007201474 -0.007403802 0.999937713
1439804074.953470 0.007872220 -0.168145567 3.118292570 -0.004308659 0.007176254 -0.008036576 0.999932647
1439804075.015973 0.008155052 -0.171290398 3.170373678 -0.004093141 0.007164577 -0.009134905 0.999924242
1439804075.078473 0.008952819 -0.173782244 3.221430302 -0.003343883 0.007169050 -0.009256943 0.999925852
1439804075.140974 0.009968225 -0.176158786 3.272027254 -0.001927829 0.007032334 -0.009631330 0.999927044
1439804075.203479 0.010701701 -0.178582370 3.323137283 -0.001261887 0.007062413 -0.010304283 0.999921143
1439804075.265980 0.010906745 -0.180634066 3.375972986 -0.000684471 0.007210741 -0.011078187 0.999912441
1439804075.328477 0.009157859 -0.184566051 3.426647663 -0.001260015 0.007418117 -0.011323178 0.999907553
1439804075.390981 0.010004815 -0.186008513 3.476991415 -0.001467826 0.006973327 -0.010544477 0.999918997
1439804075.453479 0.009628247 -0.191728890 3.528719902 -0.002154136 0.007412320 -0.011456166 0.999904573
1439804075.515984 0.010788638 -0.195027038 3.580195189 -0.001946612 0.007341748 -0.011085055 0.999909699
1439804075.578484 0.010099780 -0.198137388 3.630647659 -0.001818493 0.007684143 -0.010604975 0.999912560
1439804075.640987 0.010875668 -0.201109976 3.681421995 -0.001495568 0.007754032 -0.010451470 0.999914169
1439804075.703485 0.010376986 -0.202774435 3.733031273 -0.000773003 0.008033503 -0.010111266 0.999916315
1439804075.765986 0.012023717 -0.205875754 3.780828953 -0.000191447 0.007841775 -0.008715159 0.999931276
1439804075.828487 0.013516884 -0.208726391 3.833642960 0.000444175 0.007770209 -0.007907175 0.999938428
1439804075.890987 0.013961285 -0.211966991 3.883465767 0.000894496 0.007780451 -0.007632360 0.999940217
1439804075.953488 0.014752179 -0.214999601 3.933451891 0.000975340 0.007711733 -0.007585024 0.999940991
1439804076.015990 0.016452201 -0.216420934 3.983958006 0.001066429 0.007600773 -0.006851663 0.999947071
1439804076.078490 0.016490348 -0.219727978 4.033570290 0.000173578 0.007738383 -0.005849545 0.999952912
1439804076.140993 0.015916865 -0.223871827 4.084583282 -0.000776213 0.007896420 -0.005536161 0.999953151
1439804076.203496 0.017527074 -0.226265609 4.132882118 -0.001476395 0.007747805 -0.005512457 0.999953687
1439804076.265997 0.018491492 -0.229112789 4.182039261 -0.001776111 0.007749932 -0.005533064 0.999953091
1439804076.328496 0.020144455 -0.231495976 4.231317520 -0.001583127 0.007667775 -0.004908775 0.999957263
1439804076.390998 0.019962389 -0.234026879 4.279951096 -0.002056377 0.007989370 -0.004528213 0.999955714
1439804076.453498 0.018930577 -0.235896289 4.330271721 -0.003261558 0.008287303 -0.005749184 0.999943793
1439804076.516000 0.020645950 -0.238093242 4.379296780 -0.005000144 0.007896839 -0.006103699 0.999937713
1439804076.578502 0.021191850 -0.240124673 4.428419113 -0.006701204 0.008192492 -0.007129781 0.999918580
1439804076.641002 0.020939983 -0.241732866 4.477513790 -0.007485718 0.008475130 -0.007464799 0.999908209
1439804076.703506 0.021867841 -0.244847536 4.525935650 -0.007473284 0.008390980 -0.007435698 0.999909222
1439804076.766007 0.021454379 -0.248069823 4.573151112 -0.006529440 0.008539736 -0.007461131 0.999914408
1439804076.828506 0.023099661 -0.249514014 4.620684147 -0.004351606 0.008538350 -0.007610963 0.999925077
1439804076.891006 0.023994979 -0.252389222 4.668084145 -0.002392146 0.008675957 -0.007398563 0.999932110
1439804076.953507 0.024533045 -0.255316556 4.716550827 -0.001091855 0.008751655 -0.007271613 0.999934673
1439804077.016010 0.024580002 -0.257011026 4.768739700 -0.000212228 0.009129939 -0.007658138 0.999928951
1439804077.078511 0.026107676 -0.259570539 4.816061974 -0.000256610 0.008991234 -0.007094606 0.999934375
1439804077.141011 0.026471831 -0.262344211 4.862898827 -0.001160351 0.009164107 -0.005983297 0.999939442
1439804077.203512 0.025645457 -0.264446586 4.910867691 -0.002101904 0.009701965 -0.005659442 0.999934733
1439804077.266014 0.027150862 -0.267826259 4.961144447 -0.002895173 0.009701393 -0.005499673 0.999933660
1439804077.328515 0.028897241 -0.268345475 5.007022381 -0.003181275 0.009504630 -0.005671722 0.999933660
1439804077.391016 0.028628230 -0.270995855 5.058320045 -0.003997965 0.010072709 -0.007391647 0.999913931
1439804077.453517 0.029314727 -0.273588061 5.106078625 -0.004632234 0.010083164 -0.008238720 0.999904513
1439804077.516019 0.029460505 -0.275282502 5.153775215 -0.004640520 0.010049375 -0.008734199 0.999900579
1439804077.578520 0.030030772 -0.277824104 5.201017857 -0.004344111 0.010052717 -0.008992712 0.999899566
1439804077.641021 0.031048596 -0.280189812 5.248105526 -0.004234359 0.010005069 -0.008266816 0.999906778
1439804077.703524 0.031849541 -0.282714784 5.294916153 -0.004457534 0.010239782 -0.008395936 0.999902368
1439804077.766023 0.031692065 -0.284560889 5.342869282 -0.004671588 0.010788173 -0.008687683 0.999893129
1439804077.828524 0.032274358 -0.286394238 5.388581753 -0.004758929 0.010963461 -0.008771192 0.999890089
1439804077.891025 0.033585757 -0.288376272 5.435370922 -0.004509413 0.011042186 -0.008657042 0.999891400
1439804077.953526 0.034005992 -0.290544331 5.481049061 -0.004252140 0.011426094 -0.009449665 0.999881029
1439804078.016028 0.034190468 -0.293325037 5.527839184 -0.003716148 0.011771803 -0.009810953 0.999875665
1439804078.078529 0.034312189 -0.295220166 5.573566437 -0.002231282 0.012231573 -0.010721033 0.999865234
1439804078.141031 0.035941266 -0.298100203 5.619668007 -0.001017844 0.012151956 -0.010802855 0.999867260
1439804078.203532 0.036914006 -0.300661564 5.665603638 0.000000708 0.012420521 -0.010999383 0.999862373
1439804078.266033 0.037846908 -0.303314239 5.711155415 0.000435350 0.012527753 -0.010916603 0.999861836
1439804078.328535 0.039549172 -0.305199802 5.756896973 0.000704235 0.012554696 -0.011173186 0.999858499
1439804078.391036 0.039948553 -0.307809740 5.803325176 -0.000077310 0.012943584 -0.010305227 0.999863088
1439804078.453538 0.041310668 -0.310475826 5.848749638 -0.001306267 0.013302454 -0.009199382 0.999868333
1439804078.516037 0.042683460 -0.312319726 5.894270420 -0.003031469 0.013621982 -0.007427323 0.999875009
1439804078.578538 0.044074029 -0.314429194 5.940314770 -0.004518588 0.013709930 -0.007224284 0.999869704
1439804078.641039 0.044684097 -0.316639334 5.985808372 -0.005544218 0.014162431 -0.008452681 0.999848604
1439804078.703543 0.045950517 -0.318610251 6.030616760 -0.005911051 0.014394659 -0.008758884 0.999840558
