1439803789.260637 0.000465573 -0.002846000 0.049775105 0.001002569 0.003198716 0.000089842 0.999994338
1439803789.323136 0.001178658 -0.005620485 0.099539436 0.001437675 0.006381701 0.000427807 0.999978483
1439803789.385640 0.002393718 -0.008497912 0.149107262 0.001769205 0.009350495 0.000859947 0.999954343
1439803789.448139 0.004019828 -0.011727099 0.198805720 0.001195336 0.012366956 0.001332339 0.999921918
1439803789.510641 0.005856312 -0.014595212 0.248639882 0.001067281 0.015641063 0.001665161 0.999875724
1439803789.573142 0.008180450 -0.017350186 0.298504740 0.000901515 0.018885912 0.002506516 0.999818087
1439803789.635643 0.010682510 -0.020176213 0.347418100 0.000300019 0.022175392 0.002559314 0.999750793
1439803789.698144 0.013508303 -0.023076393 0.396714419 -0.000550021 0.025536347 0.002539267 0.999670506
1439803789.760646 0.016645927 -0.025977764 0.446276516 -0.001109492 0.028840329 0.002645906 0.999579906
1439803789.823146 0.019948173 -0.028548414 0.494992793 -0.001344612 0.032060400 0.002920327 0.999480724
1439803789.885648 0.023914441 -0.031443641 0.543968260 -0.001264771 0.035316959 0.003543147 0.999369085
1439803789.948149 0.027941752 -0.033955775 0.592775702 -0.000640100 0.038681708 0.003762478 0.999244273
1439803790.010650 0.032471888 -0.036731035 0.641047239 -0.000286313 0.042078551 0.004182601 0.999105513
1439803790.073154 0.037034459 -0.039316557 0.689454257 -0.000429520 0.045644626 0.004454685 0.998947740
1439803790.135653 0.042328667 -0.041792765 0.737776935 -0.000351150 0.049170207 0.004579992 0.998779893
1439803790.198154 0.047713567 -0.044585440 0.786517382 -0.000145628 0.052930281 0.005169361 0.998584807
1439803790.260660 0.053269196 -0.047473740 0.835442781 0.000009596 0.056763656 0.005829703 0.998370647
1439803790.323158 0.059962198 -0.050355356 0.882758200 0.000216732 0.060405750 0.006058213 0.998155475
1439803790.385659 0.066262446 -0.052785620 0.931330502 0.000617367 0.064451486 0.005751461 0.997904062
1439803790.448160 0.073724419 -0.055893075 0.978934646 0.000908094 0.068374932 0.006057199 0.997640908
1439803790.510661 0.081034996 -0.058326617 1.026471376 0.001015925 0.072510056 0.007119664 0.997341752
1439803790.573163 0.088848628 -0.060983114 1.074517965 0.000231688 0.076733604 0.006792933 0.997028470
1439803790.635664 0.096743129 -0.063528799 1.122740030 -0.000541117 0.081180990 0.006145639 0.996680260
1439803790.698170 0.105864495 -0.065749712 1.171164513 -0.000830696 0.085538857 0.006165682 0.996315420
1439803790.760667 0.115059048 -0.067961752 1.219500065 -0.000911014 0.089902952 0.005990713 0.995932102
1439803790.823168 0.124344029 -0.071217529 1.267262220 -0.001838758 0.094380453 0.004899739 0.995522439
1439803790.885669 0.134327888 -0.072622724 1.314672589 -0.001576917 0.098839425 0.004006715 0.995094061
1439803790.948174 0.144018844 -0.075158693 1.362470865 -0.001960032 0.103708155 0.002990666 0.994601369
1439803791.010673 0.155160114 -0.077919140 1.408479214 -0.002418246 0.108130231 0.002705067 0.994130135
1439803791.073171 0.166306168 -0.079474144 1.455387831 -0.002611525 0.112684704 0.002616431 0.993623912
1439803791.135672 0.178113744 -0.081547320 1.502401352 -0.002513709 0.117223717 0.003345987 0.993096709
1439803791.198173 0.190173522 -0.084352434 1.548315167 -0.002696380 0.121834852 0.003247588 0.992541373
1439803791.260673 0.202857703 -0.086854875 1.595930457 -0.002669032 0.126561582 0.003321329 0.991949558
1439803791.323177 0.215819910 -0.089495055 1.640301704 -0.002744047 0.130684152 0.003781852 0.991412997
1439803791.385674 0.238382950 -0.091064394 1.687248945 -0.003409370 0.133902118 0.001980489 0.990986705
1439803791.448175 0.240957260 -0.094295479 1.734430671 -0.003126002 0.139552236 0.003413438 0.990203857
1439803791.510675 0.257503301 -0.096459776 1.779812574 -0.002883979 0.143079206 0.003705908 0.989700079
1439803791.573179 0.270821393 -0.098407060 1.824655533 -0.002733903 0.146628350 0.004389090 0.989178121
1439803791.635681 0.280316412 -0.100810908 1.869181037 -0.001881905 0.150787994 0.005786875 0.988547385
1439803791.698179 0.297321379 -0.101531193 1.919737220 -0.001909513 0.154172629 0.005917287 0.988024354
1439803791.760681 0.302057743 -0.102142468 1.960201740 -0.001148306 0.157775760 0.007994876 0.987441897
