1439803777.322918 -0.000346474 -0.002867152 0.051151965 -0.000185597 -0.000410625 0.000434224 0.999999821
1439803777.385419 -0.000836857 -0.005684014 0.104661621 0.000168559 -0.000549628 0.000784311 0.999999523
1439803777.447920 -0.001173041 -0.008822247 0.152397364 0.000215445 -0.001120857 0.000792741 0.999998987
1439803777.510421 -0.001850073 -0.011725964 0.202935040 0.000981548 -0.001326825 0.000287901 0.999998569
1439803777.572925 -0.002566233 -0.014672721 0.253545851 0.002016816 -0.001563111 -0.000713725 0.999996483
1439803777.635425 -0.003750268 -0.018120823 0.303714156 0.002438611 -0.001720377 -0.002876268 0.999991417
1439803777.697926 -0.004181840 -0.020577192 0.354074419 0.003010829 -0.002367357 -0.003072335 0.999987960
1439803777.760429 -0.004703676 -0.023649815 0.404576123 0.002792449 -0.002814935 -0.003293963 0.999986708
1439803777.822929 -0.005829108 -0.026780317 0.455142647 0.002036094 -0.003006468 -0.003901403 0.999985814
1439803777.885433 -0.006388837 -0.029748250 0.505763352 0.001873836 -0.003247112 -0.004305819 0.999983728
1439803777.947931 -0.007457259 -0.033135675 0.555223644 0.001867478 -0.003401454 -0.004807151 0.999980927
1439803778.010434 -0.008204681 -0.036577385 0.605411768 0.001845633 -0.003463299 -0.005528327 0.999976993
1439803778.072934 -0.009038787 -0.039555036 0.655075848 0.001942581 -0.003762722 -0.005574424 0.999975502
1439803778.135435 -0.009968428 -0.042452712 0.705225706 0.001610722 -0.003816250 -0.005533921 0.999976099
1439803778.197937 -0.010554917 -0.045340102 0.755521178 0.000881129 -0.003773265 -0.004933065 0.999980330
1439803778.260441 -0.010779540 -0.048417594 0.804755986 0.000408437 -0.004081040 -0.004603390 0.999980986
1439803778.322940 -0.011740453 -0.051475801 0.854658961 0.000122158 -0.003953024 -0.004343138 0.999982774
1439803778.385441 -0.012091249 -0.054045931 0.903266788 0.000304910 -0.004298056 -0.004253878 0.999981642
1439803778.447943 -0.012635121 -0.057005432 0.954200387 0.000568202 -0.004356272 -0.004377137 0.999980748
1439803778.510446 -0.013338918 -0.060229044 1.005355358 0.000670623 -0.004375889 -0.004373773 0.999980628
1439803778.572947 -0.015510711 -0.062264435 1.056842685 0.001366535 -0.004072600 -0.003997477 0.999982774
1439803778.635447 -0.013983225 -0.065828562 1.103099942 0.001765590 -0.004762172 -0.003840318 0.999979734
1439803778.697953 -0.016204583 -0.068857372 1.154923201 0.002272863 -0.004481588 -0.004397034 0.999977708
1439803778.760453 -0.016945604 -0.071709067 1.204963326 0.002597907 -0.004465591 -0.004710921 0.999975562
1439803778.822950 -0.017874826 -0.075158909 1.254680514 0.002093885 -0.004444721 -0.004368414 0.999978423
1439803778.885458 -0.018462077 -0.078100346 1.303759336 0.001245958 -0.004909079 -0.003071437 0.999982417
1439803778.947955 -0.019238394 -0.081031039 1.353437066 -0.000328392 -0.005056472 -0.002770784 0.999983311
1439803779.010457 -0.020976087 -0.083450012 1.403706551 -0.000854579 -0.004844771 -0.003573790 0.999981523
1439803779.072956 -0.021189712 -0.086230122 1.451330423 -0.001689311 -0.005131664 -0.003330857 0.999979854
1439803779.135458 -0.022266494 -0.088734493 1.500952840 -0.001980201 -0.005239593 -0.002201375 0.999981880
1439803779.197961 -0.022989364 -0.091357335 1.549810052 -0.001669174 -0.005538392 -0.001912047 0.999981463
1439803779.260459 -0.023218777 -0.093765520 1.598316908 -0.001161370 -0.006014311 -0.001408680 0.999980271
1439803779.322960 -0.023427397 -0.097939096 1.646225095 -0.001604857 -0.006550651 -0.001021261 0.999976754
1439803779.385461 -0.025457922 -0.099558502 1.693974376 -0.000861893 -0.006822284 -0.000839182 0.999975979
1439803779.447961 -0.026588626 -0.102255844 1.742223382 -0.000638956 -0.007321488 -0.001166479 0.999972343
1439803779.510463 -0.028833793 -0.104179941 1.793389082 -0.000319823 -0.007346722 -0.001091384 0.999972343
1439803779.572964 -0.028764348 -0.107744776 1.841783881 -0.000445605 -0.008392987 -0.000818946 0.999964356
1439803779.635466 -0.030564051 -0.111028947 1.890742779 -0.000637985 -0.009041826 -0.000951870 0.999958456
1439803779.697962 -0.032001995 -0.113212995 1.942144990 0.000135399 -0.010215534 -0.000534906 0.999947667
1439803779.760466 -0.033282556 -0.116243862 1.990080595 0.000629281 -0.011726368 -0.000400987 0.999930978
1439803779.822964 -0.035890967 -0.119312443 2.039313316 0.000890060 -0.012759833 -0.000844225 0.999917805
1439803779.885465 -0.038309123 -0.119472086 2.089014769 0.001647285 -0.014203011 -0.000268300 0.999897718
1439803779.947970 -0.041194290 -0.121761911 2.138289452 0.001530323 -0.015391544 -0.000581258 0.999880195
1439803780.010467 -0.043174326 -0.126176476 2.184358597 0.000562014 -0.016914269 -0.000682239 0.999856532
1439803780.072969 -0.045033868 -0.128734395 2.236200571 0.000328431 -0.018570786 -0.000210345 0.999827445
1439803780.135470 -0.047487635 -0.131253168 2.285347700 0.000034694 -0.020067016 0.000624539 0.999798417
1439803780.197971 -0.050502535 -0.133946449 2.333680868 -0.000303463 -0.021516189 0.001183984 0.999767721
1439803780.260473 -0.052975751 -0.136936665 2.382872105 -0.000860161 -0.023105320 0.001496415 0.999731541
1439803780.322976 -0.055219442 -0.140580073 2.431726217 -0.001330283 -0.025030084 0.001462807 0.999684751
1439803780.385475 -0.058174029 -0.143010974 2.481485128 -0.000691869 -0.026692366 0.002280913 0.999640882
1439803780.447976 -0.061669514 -0.145798340 2.530004263 -0.000056105 -0.028130185 0.002668638 0.999600708
1439803780.510476 -0.065260522 -0.147906214 2.577334166 0.001027858 -0.029322097 0.002686457 0.999565899
1439803780.572981 -0.068388544 -0.152088106 2.625962496 0.001006786 -0.031311333 0.003304921 0.999503732
1439803780.635478 -0.072157286 -0.154543787 2.674116135 0.000838398 -0.032779608 0.003271629 0.999456882
1439803780.697980 -0.076071166 -0.157741785 2.722364664 0.000704912 -0.034338985 0.003406983 0.999404192
1439803780.760482 -0.080847934 -0.161995664 2.771030188 0.000774622 -0.035712261 0.003771760 0.999354661
1439803780.822983 -0.084889546 -0.164732188 2.817245007 0.001543312 -0.037416112 0.004146744 0.999289989
1439803780.885484 -0.087936729 -0.167498186 2.865829468 0.002537243 -0.039052326 0.003274235 0.999228597
1439803780.947986 -0.090909690 -0.170718014 2.913073778 0.003150359 -0.040979236 0.002902275 0.999150813
1439803781.010485 -0.096234724 -0.174256071 2.960203886 0.003325810 -0.042319883 0.002236589 0.999096096
1439803781.072986 -0.101680338 -0.176705599 3.007942915 0.003703737 -0.043813005 0.001806155 0.999031246
1439803781.135489 -0.105961740 -0.180346489 3.054083586 0.003372930 -0.045777664 0.001626182 0.998944640
1439803781.197989 -0.111281186 -0.183216751 3.103354454 0.003355826 -0.047315810 0.001498534 0.998873234
1439803781.260490 -0.117498577 -0.185274705 3.152425289 0.003322708 -0.048643954 0.001981814 0.998808682
1439803781.322992 -0.122909918 -0.188829690 3.200088739 0.003329212 -0.050381076 0.002191503 0.998722136
1439803781.385497 -0.128007248 -0.191843301 3.247268438 0.003168173 -0.051989947 0.001606707 0.998641312
1439803781.447994 -0.133611932 -0.195367813 3.291796923 0.003184980 -0.053561583 0.001535112 0.998558283
1439803781.510496 -0.138754472 -0.198381543 3.338515282 0.003814480 -0.055461172 0.001961677 0.998451591
1439803781.573000 -0.145687848 -0.200587884 3.386614084 0.004509235 -0.056559987 0.001280204 0.998388231
1439803781.635498 -0.150343344 -0.205319881 3.435197353 0.005311349 -0.058231559 0.000653986 0.998288751
1439803781.698002 -0.152990937 -0.210737795 3.482735634 0.005886714 -0.060583282 0.001466740 0.998144746
1439803781.760504 -0.159074873 -0.214690268 3.530877829 0.004770302 -0.062215853 0.001188421 0.998050630
1439803781.823003 -0.162945986 -0.210781351 3.595484257 0.004679989 -0.063595675 0.001295774 0.997963905
1439803781.885504 -0.163996905 -0.219754189 3.628095865 0.002715952 -0.067002043 0.005974238 0.997731268
1439803781.948007 -0.175638258 -0.224887386 3.647970438 0.000172479 -0.068148829 0.006292745 0.997655332
1439803782.010507 -0.189017594 -0.222410023 3.704861879 0.000373909 -0.067932181 0.005819402 0.997672856
1439803782.073011 -0.195989639 -0.224810705 3.749164343 0.000790833 -0.069126345 0.006694498 0.997585118
1439803782.135510 -0.201765507 -0.226297215 3.796048880 0.001597690 -0.070786133 0.007726476 0.997460306
1439803782.198014 -0.208287746 -0.229152322 3.841021299 0.002320689 -0.072350740 0.008499152 0.997340322
1439803782.260513 -0.215698034 -0.232859343 3.886723995 0.002752337 -0.073712021 0.008925214 0.997235835
1439803782.323016 -0.222186178 -0.238369197 3.924603701 0.002429410 -0.074952304 0.009126370 0.997142375
1439803782.385517 -0.228228450 -0.236436352 3.982557297 0.003631823 -0.076627627 0.010153099 0.997001469
1439803782.448019 -0.233745784 -0.241619051 4.020653248 0.003359806 -0.078389473 0.011062359 0.996855795
1439803782.510520 -0.242979914 -0.247396007 4.062482357 0.002745337 -0.079057738 0.009810662 0.996818006
1439803782.573021 -0.251888990 -0.250667483 4.107068062 0.002656741 -0.080033556 0.009183178 0.996746361
1439803782.635521 -0.259664774 -0.254375488 4.146365166 0.002689334 -0.081478909 0.009282390 0.996628225
1439803782.698023 -0.272081017 -0.261065990 4.179513931 0.002253699 -0.081939586 0.008609975 0.996597588
1439803782.760524 -0.271877795 -0.260085851 4.220411301 0.003181216 -0.084190629 0.008217690 0.996410728
1439803782.823025 -0.284622103 -0.267344385 4.268478394 0.003016982 -0.084609993 0.007836590 0.996378779
1439803782.885526 -0.290483713 -0.267337114 4.307388783 0.003231159 -0.085264541 0.006806275 0.996329844
1439803782.948032 -0.299478680 -0.270507634 4.355061054 0.002698811 -0.085890152 0.006186067 0.996281743
1439803783.010529 -0.305528611 -0.268386155 4.411244392 0.003483967 -0.086883344 0.007049573 0.996187449
1439803783.073030 -0.321283847 -0.273684263 4.456764221 0.002823072 -0.086153112 0.005211879 0.996264279
1439803783.135532 -0.325661123 -0.275128961 4.500952721 0.002997938 -0.087654278 0.005486563 0.996131361
1439803783.198033 -0.344384372 -0.278457642 4.548160553 0.002897438 -0.086853676 0.005315961 0.996202707
1439803783.260535 -0.345825493 -0.285077721 4.584258556 0.002297484 -0.088324092 0.004013082 0.996081054
1439803783.323039 -0.352051437 -0.283770621 4.622985363 0.003169465 -0.089705475 0.004483968 0.995953202
1439803783.385538 -0.356255889 -0.287810057 4.665560246 0.002965230 -0.090447403 0.003069503 0.995892107
1439803783.448040 -0.365392983 -0.291996837 4.712815762 0.003216033 -0.090952441 0.003265196 0.995844722
1439803783.510540 -0.369226038 -0.298307151 4.749252319 0.002892056 -0.092639923 0.003966733 0.995687544
1439803783.573045 -0.376866341 -0.296759188 4.794816971 0.003595606 -0.093350939 0.003696742 0.995619893
1439803783.635543 -0.386804461 -0.295617253 4.828938007 0.003555265 -0.093491472 0.002028739 0.995611668
1439803783.698044 -0.411218941 -0.311247230 4.868334770 0.002484647 -0.092524253 0.004401745 0.995697618
1439803783.760547 -0.406957090 -0.303703040 4.920215607 0.003954418 -0.094011381 0.001051404 0.995562732
1439803783.823049 -0.421907425 -0.308188975 4.968930244 0.003845791 -0.093111418 0.000178437 0.995648265
1439803783.885551 -0.386570871 -0.306313515 5.011642933 0.004747238 -0.100114703 -0.001222826 0.994963825
1439803783.948051 -0.393215775 -0.310696244 5.049912930 0.004264102 -0.100724183 -0.001433973 0.994904220
1439803784.010551 -0.444062889 -0.307254881 5.081493378 0.004425177 -0.095278397 -0.000835444 0.995440483
1439803784.073053 -0.459762037 -0.328511059 5.119707584 0.001156248 -0.094633967 -0.000326273 0.995511413
1439803784.135553 -0.463517964 -0.312940627 5.162839890 0.003706740 -0.095762737 -0.001129084 0.995396614
1439803784.198055 -0.474435389 -0.313936383 5.205975056 0.004202171 -0.095666647 -0.000654193 0.995404363
1439803784.260560 -0.480750442 -0.316792995 5.248238087 0.003843754 -0.096091755 -0.001272670 0.995364249
1439803784.323057 -0.488442242 -0.324122965 5.291126728 0.002728483 -0.096138820 -0.001627552 0.995362878
1439803784.385561 -0.496519208 -0.330825329 5.331953049 0.002341560 -0.096350290 -0.000931113 0.995344281
1439803784.448071 -0.505476594 -0.332023829 5.371601105 0.002318338 -0.096023329 -0.001288905 0.995375514
1439803784.510562 -0.508379161 -0.331694782 5.409873486 0.002434444 -0.097093754 -0.000583604 0.995272100
1439803784.573064 -0.514432251 -0.330952227 5.449513912 0.002567729 -0.097431205 -0.000487793 0.995238841
1439803784.635564 -0.516735315 -0.332137048 5.489371300 0.002726744 -0.098683879 0.000632628 0.995114923
1439803784.698066 -0.526375771 -0.334514320 5.531159401 0.002906753 -0.098574728 0.001522303 0.995124221
1439803784.760568 -0.531887352 -0.341237694 5.569593430 0.002720966 -0.099157952 0.002154795 0.995065629
1439803784.823068 -0.538160086 -0.341985643 5.609055996 0.003920080 -0.099736266 0.002559227 0.995002866
1439803784.885571 -0.548546910 -0.333589852 5.649280548 0.006781224 -0.099327102 0.002077725 0.995029569
1439803784.948071 -0.557680845 -0.339518189 5.692201138 0.006883156 -0.099177115 0.002604834 0.995042562
1439803785.010573 -0.558982015 -0.344462812 5.733851910 0.006746671 -0.100376420 0.003041760 0.994922042
1439803785.073074 -0.570838511 -0.345825285 5.768755913 0.006674639 -0.099746533 0.002840921 0.994986415
1439803785.135576 -0.585049391 -0.357174307 5.808946609 0.004899055 -0.098723508 0.002936283 0.995098472
1439803785.198077 -0.592459857 -0.359528244 5.848332882 0.004934129 -0.098745838 0.002148228 0.995098114
1439803785.260578 -0.597333312 -0.360415488 5.884116173 0.004840584 -0.099597231 0.000488636 0.995015919
1439803785.323079 -0.609155953 -0.364420682 5.923189640 0.003781205 -0.098728910 -0.002349823 0.995104432
1439803785.385581 -0.611706972 -0.365093619 5.965238094 0.003722286 -0.099476218 -0.003457180 0.995026946
1439803785.448082 -0.619344234 -0.367123395 6.004445076 0.004890366 -0.099157497 -0.001309790 0.995058894
1439803785.510583 -0.624865353 -0.366768122 6.043772697 0.007145028 -0.099590234 0.000761931 0.995002568
1439803785.573085 -0.632125676 -0.369198054 6.085412979 0.008954433 -0.099031158 0.001455533 0.995042980
1439803785.635589 -0.649641514 -0.373876691 6.118802547 0.009514816 -0.095758602 -0.000244396 0.995359063
1439803785.698088 -0.658649802 -0.374480605 6.158055782 0.010547839 -0.094633266 -0.000601861 0.995456159
1439803785.760590 -0.664645374 -0.376672566 6.195583344 0.009429161 -0.094231568 -0.001147857 0.995505035
1439803785.823093 -0.672931075 -0.381769478 6.238292217 0.007376700 -0.093045101 -0.001141515 0.995633900
1439803785.885592 -0.678515673 -0.385286689 6.276149273 0.005961937 -0.092567094 -0.000244917 0.995688558
1439803785.948093 -0.687615573 -0.387444317 6.317245007 0.005437138 -0.090954326 -0.000537634 0.995840073
1439803786.010595 -0.695342124 -0.390305370 6.357638359 0.005525168 -0.089374252 -0.001351378 0.995981872
1439803786.073099 -0.702106714 -0.394345790 6.397483826 0.005297990 -0.088057578 -0.002107877 0.996099055
1439803786.135600 -0.709435105 -0.395842284 6.435642242 0.006110576 -0.087069310 -0.002226233 0.996181011
1439803786.198100 -0.713537693 -0.399649531 6.474181652 0.005885856 -0.086461462 -0.003265895 0.996232450
1439803786.323101 -0.728676438 -0.403806806 6.553606510 0.004760147 -0.083628699 -0.004878094 0.996473670
1439803786.385603 -0.734620750 -0.406150639 6.593127251 0.003757053 -0.082740687 -0.004381138 0.996554375
1439803786.448102 -0.741948307 -0.409359515 6.634956837 0.002929248 -0.081303552 -0.004483090 0.996675014
1439803786.510602 -0.747720420 -0.411227137 6.673312664 0.002805338 -0.080236368 -0.004601365 0.996761262
1439803786.573104 -0.754117131 -0.413498282 6.713666916 0.002549796 -0.078957148 -0.004241108 0.996865749
1439803786.698103 -0.765572071 -0.419086397 6.793185711 0.003623688 -0.076457471 -0.002634436 0.997062802
1439803786.760604 -0.772702694 -0.421279401 6.832099438 0.004612547 -0.074923083 -0.002385609 0.997175753
1439803786.823107 -0.778930306 -0.423853278 6.872655392 0.005865036 -0.073388539 -0.002113387 0.997283936
1439803786.885605 -0.784211755 -0.426905364 6.912138939 0.007226754 -0.071889080 -0.001095784 0.997385859
1439803786.948105 -0.789353013 -0.429281533 6.952996254 0.008596882 -0.070353985 -0.000390350 0.997484982
1439803787.073107 -0.801499128 -0.435066938 7.034284115 0.009415305 -0.066233575 0.000395435 0.997759640
1439803787.135607 -0.806957245 -0.438630879 7.075524330 0.009013345 -0.064383909 0.000583154 0.997884333
1439803787.198108 -0.811934054 -0.440919489 7.115025043 0.008581678 -0.063139454 0.001089188 0.997967243
1439803787.260608 -0.816893697 -0.444042891 7.156414509 0.007702862 -0.062073033 0.002819649 0.998037934
1439803787.323109 -0.821261168 -0.446686298 7.197298050 0.007023876 -0.061527587 0.004318638 0.998071313
1439803787.448109 -0.831648409 -0.452118337 7.280266762 0.005009929 -0.059596553 0.004324224 0.998200595
1439803787.510612 -0.836811185 -0.454760879 7.322205067 0.004041802 -0.058763891 0.003529371 0.998257458
1439803787.573112 -0.841989517 -0.457078099 7.363852501 0.003661158 -0.057946425 0.003940472 0.998305202
1439803787.635613 -0.846320808 -0.460196674 7.404895782 0.003383136 -0.057362869 0.004325107 0.998338282
1439803787.698114 -0.851725876 -0.462547898 7.447967052 0.003937962 -0.056607470 0.004709197 0.998377621
1439803787.760615 -0.856324852 -0.465059906 7.489452362 0.004220809 -0.055820636 0.004847202 0.998420119
1439803787.823117 -0.860752106 -0.467597872 7.530968189 0.004072869 -0.054936349 0.004571864 0.998471081
1439803787.885617 -0.865650535 -0.469981968 7.573873520 0.003290829 -0.054035388 0.004126476 0.998525083
1439803787.948117 -0.869793594 -0.472796589 7.615974426 0.002319155 -0.053400397 0.002608938 0.998567104
1439803788.010619 -0.875233352 -0.475133598 7.658646107 0.001813647 -0.052104961 0.000239501 0.998639941
1439803788.073119 -0.880954206 -0.477031410 7.701499462 0.001325132 -0.050795436 -0.001760609 0.998706639
1439803788.135619 -0.884768665 -0.479235888 7.743560314 0.001427418 -0.049335450 -0.001902697 0.998779416
1439803788.198120 -0.889522970 -0.482118309 7.786400795 0.001728088 -0.047226503 -0.001572797 0.998881459
1439803788.260621 -0.893607616 -0.484694839 7.829205513 0.001848064 -0.044877108 -0.001878765 0.998989046
1439803788.323121 -0.897646010 -0.486834288 7.874453545 0.001955108 -0.042717777 -0.002448677 0.999082267
1439803788.385622 -0.900545478 -0.489865899 7.916650295 0.002094413 -0.040647592 -0.003395872 0.999165595
1439803788.448122 -0.903717637 -0.492540032 7.959285259 0.002038391 -0.038544793 -0.002925789 0.999250531
1439803788.510622 -0.908000708 -0.494700015 8.003269196 0.002266234 -0.036299001 -0.003200512 0.999333262
1439803788.573123 -0.910841346 -0.497053623 8.045742989 0.003349325 -0.034102075 -0.002664225 0.999409199
1439803788.635625 -0.913164139 -0.500175893 8.088439941 0.004293449 -0.031919904 -0.001634722 0.999479890
