1439804071.515906 -0.000187496 -0.003498596 0.060545053 -0.000283027 0.000145875 0.000149884 0.999999940
1439804071.578407 -0.000663278 -0.006838336 0.121202290 -0.000459208 0.000382742 0.000239445 0.999999762
1439804071.640909 -0.001098675 -0.010186484 0.181412786 -0.000658315 0.000464099 -0.000052982 0.999999642
1439804071.703408 -0.001455931 -0.013905236 0.240818575 -0.000958991 0.000489799 -0.000127250 0.999999404
1439804071.765909 -0.001580946 -0.017114094 0.301002353 -0.000832711 0.000426802 0.000243171 0.999999523
1439804071.828414 -0.002031625 -0.020515636 0.360734940 -0.000835254 0.000421962 0.000326055 0.999999523
1439804071.890913 -0.001990099 -0.023840284 0.420107037 -0.000742322 0.000301935 0.000382653 0.999999583
1439804071.953412 -0.002320211 -0.027242417 0.479693174 -0.000644614 0.000475819 0.000034159 0.999999642
1439804072.015914 -0.002323684 -0.030684620 0.538782418 -0.000589645 0.000659575 -0.000791817 0.999999285
1439804072.078417 -0.002874535 -0.033882435 0.597683311 -0.000343398 0.001120979 -0.001173100 0.999998629
1439804072.140915 -0.003174720 -0.037577678 0.656002223 -0.000066104 0.001756954 -0.001344868 0.999997556
1439804072.203422 -0.003587262 -0.040547833 0.715440214 0.000432462 0.002121244 -0.001638966 0.999996305
1439804072.265917 -0.003322280 -0.044304043 0.774189591 0.000455826 0.002196985 -0.001979304 0.999995530
1439804072.328420 -0.003517483 -0.047321483 0.832666337 0.000816179 0.002357262 -0.002697801 0.999993265
1439804072.390923 -0.003510253 -0.050928514 0.890658617 0.000533290 0.002529608 -0.002884222 0.999992490
1439804072.453422 -0.003800774 -0.054027770 0.949710071 0.000129719 0.002635971 -0.003378292 0.999990821
1439804072.515923 -0.003480999 -0.057469938 1.007702351 -0.000086930 0.002638074 -0.003907014 0.999988854
1439804072.578426 -0.004016348 -0.060592860 1.065762520 -0.000189177 0.002780494 -0.003832663 0.999988794
1439804072.640927 -0.004504699 -0.064043552 1.122840166 -0.000767938 0.003125172 -0.004853677 0.999983013
1439804072.703428 -0.005123180 -0.066251278 1.182718992 -0.001411409 0.003291350 -0.005444439 0.999978781
1439804072.765929 -0.004093943 -0.069918223 1.239954710 -0.002534251 0.003320245 -0.005568513 0.999975741
1439804072.828429 -0.004278878 -0.073093273 1.298763394 -0.003452950 0.003448426 -0.006243538 0.999968588
1439804072.890931 -0.004467264 -0.075752303 1.355977774 -0.004093594 0.003640876 -0.006229115 0.999965549
1439804072.953432 -0.004139990 -0.079130486 1.413518310 -0.004311194 0.003922299 -0.006158284 0.999964058
1439804073.015931 -0.004360014 -0.081988126 1.470822811 -0.003767378 0.004532722 -0.005501334 0.999967515
1439804073.078435 -0.003272551 -0.084429890 1.528437018 -0.003129181 0.004696174 -0.005390253 0.999969542
1439804073.140935 -0.002589272 -0.086774737 1.585721374 -0.002391232 0.004986589 -0.005928169 0.999967098
1439804073.203437 -0.002141282 -0.089586869 1.642806292 -0.002020171 0.005280223 -0.005494526 0.999968886
1439804073.265940 -0.001540147 -0.092297554 1.698397279 -0.001360626 0.005606268 -0.005435378 0.999968588
1439804073.328437 -0.001004627 -0.095431112 1.755238175 -0.001256055 0.005736088 -0.005580225 0.999967158
1439804073.390940 -0.000862589 -0.098564580 1.811856985 -0.001030836 0.006055371 -0.005739048 0.999964654
1439804073.453443 0.000206420 -0.101022109 1.869204760 -0.000446560 0.005940181 -0.005679543 0.999966085
1439804073.515942 0.000048457 -0.104775712 1.923975706 -0.000709742 0.006392992 -0.005555160 0.999963880
1439804073.578444 0.000372726 -0.107271634 1.979874253 -0.000663126 0.006474616 -0.006191927 0.999959648
1439804073.640946 0.000140276 -0.110678494 2.034639597 -0.000673040 0.006616672 -0.006720790 0.999955297
1439804073.703446 0.000890054 -0.113740221 2.090416431 -0.000348287 0.006661986 -0.006857945 0.999954224
1439804073.765948 0.001331251 -0.116659343 2.145344257 -0.000002893 0.006833849 -0.007010430 0.999952078
1439804073.828450 0.001407504 -0.120734744 2.202581644 0.000344060 0.007053619 -0.007550403 0.999946535
1439804073.890949 0.001549490 -0.123332977 2.256893635 0.001119865 0.007201129 -0.006797663 0.999950349
1439804073.953451 0.003126429 -0.127410784 2.311494589 0.000894595 0.007023887 -0.006402689 0.999954462
1439804074.015954 0.003981924 -0.130211726 2.367569208 0.000657023 0.007067495 -0.006695951 0.999952376
1439804074.078456 0.003442511 -0.134025306 2.421515226 -0.000553913 0.007371349 -0.007528596 0.999944329
1439804074.140956 0.001983721 -0.134605855 2.480958939 -0.001511726 0.007937952 -0.009211425 0.999924898
1439804074.203456 0.002918739 -0.137551293 2.534437180 -0.003374434 0.007810343 -0.009179774 0.999921679
1439804074.265958 0.003522489 -0.140152812 2.588600159 -0.004765630 0.007449999 -0.009067125 0.999919772
1439804074.328459 0.004100643 -0.142718926 2.642404795 -0.004665690 0.007221972 -0.008317174 0.999928415
1439804074.390961 0.003501177 -0.146745935 2.699560404 -0.004013018 0.007512045 -0.007650690 0.999934494
1439804074.453462 0.004219022 -0.150398910 2.752028227 -0.002570998 0.007634387 -0.007185193 0.999941766
1439804074.515962 0.004324388 -0.152772352 2.805133104 -0.001025841 0.007749432 -0.008625674 0.999932230
1439804074.578463 0.004203815 -0.155605420 2.857833385 -0.000051097 0.007983278 -0.009187186 0.999925911
1439804074.640969 0.003848556 -0.158270389 2.912781477 0.000282681 0.008068811 -0.008884494 0.999927938
1439804074.703465 0.005169287 -0.160966590 2.968604565 -0.000135587 0.007897479 -0.008985315 0.999928415
1439804074.765966 0.006378781 -0.163880840 3.022077322 -0.001861974 0.007405286 -0.007127111 0.999945462
1439804074.828468 0.006098859 -0.166147038 3.076127529 -0.003115088 0.007686645 -0.007004037 0.999941051
1439804074.890969 0.005775873 -0.169693217 3.130352259 -0.004303606 0.007910965 -0.007877248 0.999928415
1439804074.953470 0.006920155 -0.171745405 3.183284760 -0.004446456 0.007679988 -0.008142673 0.999927461
1439804075.015973 0.007175390 -0.174538836 3.236081123 -0.004127434 0.007692137 -0.009209195 0.999919474
1439804075.078473 0.007250287 -0.177116662 3.289025307 -0.003388793 0.007683164 -0.009044754 0.999923825
1439804075.140974 0.007427357 -0.180324346 3.342531681 -0.001950719 0.007663766 -0.009640224 0.999922276
1439804075.203479 0.008557793 -0.183102041 3.394949675 -0.001423650 0.007657566 -0.010281241 0.999916792
1439804075.265980 0.008874770 -0.185903803 3.447277308 -0.001245772 0.007913022 -0.011044912 0.999906898
1439804075.328477 0.009155959 -0.188215151 3.500393152 -0.001408513 0.007881813 -0.011508578 0.999901712
1439804075.390981 0.009466626 -0.191228449 3.551887751 -0.001728786 0.007685035 -0.011223452 0.999906003
1439804075.453479 0.009932071 -0.194596767 3.604256868 -0.002017136 0.007631025 -0.011370049 0.999904215
1439804075.515984 0.011188250 -0.196447402 3.657187223 -0.001576857 0.007578183 -0.010848162 0.999911189
1439804075.578484 0.011457428 -0.199219033 3.708000898 -0.001365881 0.007823395 -0.010362862 0.999914765
1439804075.640987 0.012204520 -0.201906040 3.760416269 -0.000909978 0.007866008 -0.010114113 0.999917507
1439804075.703485 0.013484862 -0.204422385 3.811268091 -0.000495234 0.007803722 -0.009427181 0.999924958
1439804075.765986 0.014677107 -0.207377359 3.861641169 0.000204026 0.007855928 -0.008417417 0.999933720
1439804075.828487 0.015098892 -0.210137293 3.912101746 0.000758847 0.007966621 -0.007476229 0.999939978
1439804075.890987 0.017940409 -0.212013215 3.963834047 0.001512371 0.007451536 -0.007117866 0.999945760
1439804075.953488 0.015121974 -0.217636585 4.018576145 0.001334079 0.008057679 -0.007436855 0.999938965
1439804076.015990 0.015530754 -0.220572650 4.071292400 0.001183544 0.008112989 -0.006821189 0.999943137
1439804076.078490 0.015886225 -0.223672092 4.121101379 0.000421903 0.008315395 -0.006109522 0.999946654
1439804076.140993 0.016658504 -0.226614997 4.171930790 -0.000502108 0.008185867 -0.005599623 0.999950707
1439804076.203496 0.017997891 -0.229365334 4.222060680 -0.001129762 0.007987342 -0.005558223 0.999952018
1439804076.265997 0.017164860 -0.231659055 4.272839069 -0.001398325 0.008611537 -0.005952979 0.999944210
1439804076.328496 0.018099852 -0.234260574 4.323307514 -0.001199449 0.008667393 -0.005188222 0.999948263
1439804076.390998 0.018590763 -0.236190230 4.373673916 -0.001563278 0.008938882 -0.005224372 0.999945164
1439804076.453498 0.019241501 -0.238379166 4.423542976 -0.002903980 0.008662063 -0.005617888 0.999942482
1439804076.516000 0.019929193 -0.240075350 4.476397991 -0.004418931 0.008605251 -0.006411942 0.999932647
1439804076.578502 0.019943640 -0.243520051 4.524241924 -0.006367714 0.008894108 -0.007207729 0.999914169
1439804076.641002 0.020855151 -0.245676309 4.574244499 -0.007209949 0.008885098 -0.007574796 0.999905825
1439804076.703506 0.021248311 -0.248616427 4.623679638 -0.007182191 0.008889247 -0.007551030 0.999906182
1439804076.766007 0.021611176 -0.251515150 4.672790051 -0.006196600 0.008870603 -0.007311281 0.999914706
1439804076.828506 0.021927029 -0.255035639 4.722594738 -0.004358290 0.009154480 -0.007309682 0.999921858
1439804076.891006 0.021829672 -0.257172614 4.771184921 -0.002360624 0.009503936 -0.007544457 0.999923587
1439804076.953507 0.022994585 -0.258236676 4.823401451 -0.000625921 0.009808339 -0.007836404 0.999921024
1439804077.016010 0.022868983 -0.260758430 4.872701168 0.000052366 0.010035848 -0.007765274 0.999919474
1439804077.078511 0.024508029 -0.263466835 4.921567917 -0.000000990 0.009945105 -0.006780943 0.999927580
1439804077.141011 0.025410764 -0.266298801 4.972366810 -0.000723005 0.010123513 -0.005884237 0.999931216
1439804077.203512 0.025293663 -0.268472135 5.019711018 -0.001863818 0.010558784 -0.005858310 0.999925375
1439804077.266014 0.027291067 -0.270686567 5.071803093 -0.002364552 0.010445769 -0.005714496 0.999926329
1439804077.328515 0.027112201 -0.272638023 5.121160507 -0.002884529 0.010843321 -0.006311735 0.999917090
1439804077.391016 0.028264537 -0.274560094 5.170811653 -0.003522616 0.010831374 -0.007477233 0.999907196
1439804077.453517 0.028251454 -0.276869714 5.219944000 -0.003923242 0.010826006 -0.008178823 0.999900281
1439804077.516019 0.029709235 -0.278373003 5.268384457 -0.003890476 0.010653414 -0.008771392 0.999897182
1439804077.578520 0.030193485 -0.282593369 5.316979885 -0.004198656 0.010751047 -0.009087286 0.999892116
1439804077.641021 0.030453518 -0.284429938 5.365411282 -0.003891852 0.010914272 -0.008449359 0.999897182
1439804077.703524 0.031647511 -0.286585063 5.415103912 -0.003903789 0.010964200 -0.008183027 0.999898791
1439804077.766023 0.034114078 -0.290554017 5.461804390 -0.004783141 0.011075592 -0.008884311 0.999887764
1439804077.828524 0.034585290 -0.293581426 5.509968758 -0.005070521 0.011470160 -0.009245355 0.999878645
1439804077.891025 0.034972303 -0.293674976 5.558143616 -0.004254707 0.011848165 -0.009062633 0.999879718
1439804077.953526 0.034616761 -0.296149194 5.605647087 -0.004167940 0.012065643 -0.009323504 0.999875069
1439804078.016028 0.035178408 -0.297935188 5.653447628 -0.003324331 0.012371093 -0.009772366 0.999870181
1439804078.078529 0.035771087 -0.300656646 5.700613022 -0.002175696 0.012646272 -0.010420505 0.999863386
1439804078.141031 0.036659747 -0.303783655 5.747714520 -0.000889514 0.012944316 -0.010681584 0.999858737
1439804078.203532 0.037920959 -0.305455595 5.795478344 0.000347671 0.013055515 -0.010734929 0.999857068
1439804078.266033 0.038811348 -0.307752043 5.842266560 0.000985194 0.013182619 -0.010866608 0.999853551
1439804078.328535 0.039692849 -0.309889793 5.889658451 0.001157194 0.013522340 -0.011093891 0.999846339
1439804078.391036 0.041017458 -0.312838227 5.936873913 0.000354654 0.013645555 -0.010187514 0.999854922
1439804078.453538 0.042315379 -0.315485686 5.983957291 -0.000809366 0.014042208 -0.009117098 0.999859512
1439804078.516037 0.043622300 -0.317398995 6.030951023 -0.002523190 0.014498748 -0.007535084 0.999863327
1439804078.578538 0.045339048 -0.319909841 6.077636719 -0.004169343 0.014453460 -0.007061793 0.999861896
1439804078.641039 0.046203747 -0.322230667 6.126102924 -0.005115767 0.014914765 -0.008449879 0.999839962
1439804078.703543 0.047606379 -0.324572682 6.172668457 -0.005471101 0.015139701 -0.008601707 0.999833465
