#frame chA chB nCorr nA nB MNR GNR DICE
6 0 1 0 121 331 0 0 0
7 0 1 0 130 351 0 0 0
8 0 1 0 113 333 0 0 0
9 0 1 0 122 305 0 0 0
10 0 1 6 145 345 0.0413793 0.0268261 0.0244898
11 0 1 9 172 358 0.0523256 0.0362691 0.0339623
12 0 1 9 146 317 0.0616438 0.0418347 0.0388769
13 0 1 9 173 347 0.0520231 0.0367329 0.0346154
14 0 1 15 158 301 0.0949367 0.0687827 0.0653595
15 0 1 21 188 363 0.111702 0.0803872 0.076225
16 0 1 22 170 329 0.129412 0.0930251 0.0881764
17 0 1 23 150 314 0.153333 0.105978 0.0991379
18 0 1 32 182 343 0.175824 0.128076 0.121905
19 0 1 30 180 304 0.166667 0.128247 0.123967
20 0 1 28 155 284 0.180645 0.133454 0.127563
21 0 1 26 209 356 0.124402 0.0953181 0.0920354
22 0 1 21 171 311 0.122807 0.0910628 0.0871369
23 0 1 31 168 283 0.184524 0.142172 0.137472
24 0 1 26 187 403 0.139037 0.0947109 0.0881356
25 0 1 12 166 311 0.0722892 0.0528137 0.0503145
26 0 1 18 145 278 0.124138 0.0896533 0.0851064
27 0 1 14 163 363 0.0858896 0.0575547 0.0532319
28 0 1 8 143 263 0.0559441 0.0412519 0.0394089
29 0 1 7 145 256 0.0482759 0.0363324 0.0349127
30 0 1 3 150 239 0.02 0.0158444 0.0154242
31 0 1 7 122 209 0.057377 0.0438374 0.0422961
32 0 1 6 117 152 0.0512821 0.0449921 0.0446097
33 0 1 4 122 174 0.0327869 0.027454 0.027027
34 0 1 3 103 127 0.0291262 0.0262302 0.026087
35 0 1 6 112 152 0.0535714 0.0459854 0.0454545
36 0 1 2 88 127 0.0227273 0.0189185 0.0186047
37 0 1 6 103 143 0.0582524 0.0494384 0.0487805
38 0 1 2 84 116 0.0238095 0.020261 0.02
39 0 1 4 121 132 0.0330578 0.0316505 0.0316206
40 0 1 9 83 112 0.108434 0.0933457 0.0923077
41 0 1 5 110 129 0.0454545 0.0419738 0.041841
42 0 1 5 99 98 0.0510204 0.0507621 0.0507614
43 0 1 1 118 136 0.00847458 0.00789386 0.00787402
44 0 1 0 92 95 0 0 0
45 0 1 0 91 129 0 0 0
46 0 1 0 105 177 0 0 0
47 0 1 0 82 130 0 0 0
48 0 1 1 116 173 0.00862069 0.00705908 0.00692042
49 0 1 3 106 117 0.0283019 0.0269386 0.0269058
50 0 1 3 124 173 0.0241935 0.0204827 0.020202
51 0 1 3 103 134 0.0291262 0.0255358 0.0253165
52 0 1 2 125 255 0.016 0.0112022 0.0105263
53 0 1 3 107 196 0.0280374 0.0207158 0.019802
54 0 1 4 86 176 0.0465116 0.0325128 0.0305344
55 0 1 4 103 234 0.038835 0.0257652 0.0237389
56 0 1 4 72 156 0.0555556 0.0377426 0.0350877
57 0 1 2 93 271 0.0215054 0.0125981 0.010989
58 0 1 0 72 182 0 0 0
59 0 1 4 66 150 0.0606061 0.0402015 0.037037
60 0 1 4 96 223 0.0416667 0.0273383 0.0250784
61 0 1 5 81 170 0.0617284 0.0426092 0.0398406
62 0 1 6 66 139 0.0909091 0.0626429 0.0585366
63 0 1 3 94 207 0.0319149 0.0215066 0.0199336
64 0 1 1 67 153 0.0149254 0.00987681 0.00909091
65 0 1 4 106 247 0.0377358 0.0247206 0.0226629
66 0 1 2 87 218 0.0229885 0.0145225 0.0131148
67 0 1 4 83 158 0.0481928 0.0349295 0.033195
68 0 1 2 121 267 0.0165289 0.0111271 0.0103093
69 0 1 3 109 202 0.0275229 0.0202177 0.0192926
70 0 1 4 88 166 0.0454545 0.0330952 0.0314961
71 0 1 3 122 248 0.0245902 0.0172471 0.0162162
72 0 1 2 100 204 0.02 0.0140028 0.0131579
73 0 1 2 73 171 0.0273973 0.0179007 0.0163934
74 0 1 2 114 294 0.0175439 0.0109246 0.00980392
75 0 1 3 93 234 0.0322581 0.0203363 0.0183486
76 0 1 2 77 183 0.025974 0.0168484 0.0153846
77 0 1 3 92 275 0.0326087 0.0188608 0.0163488
78 0 1 5 84 224 0.0595238 0.0364507 0.0324675
79 0 1 2 75 201 0.0266667 0.0162893 0.0144928
80 0 1 4 90 303 0.0444444 0.0242224 0.0203562
81 0 1 2 83 232 0.0240964 0.0144128 0.0126984
82 0 1 3 83 199 0.0361446 0.0233429 0.0212766
83 0 1 2 96 283 0.0208333 0.0121339 0.0105541
84 0 1 2 84 226 0.0238095 0.0145156 0.0129032
85 0 1 4 112 290 0.0357143 0.0221948 0.0199005
86 0 1 1 110 248 0.00909091 0.00605449 0.00558659
87 0 1 5 102 219 0.0490196 0.033454 0.0311526
88 0 1 5 138 279 0.0362319 0.0254817 0.0239808
89 0 1 4 132 234 0.030303 0.0227596 0.0218579
90 0 1 3 111 217 0.027027 0.0193299 0.0182927
91 0 1 3 136 285 0.0220588 0.015238 0.0142518
92 0 1 4 119 231 0.0336134 0.0241257 0.0228571
93 0 1 4 161 300 0.0248447 0.0182006 0.0173536
94 0 1 1 134 243 0.00746269 0.00554172 0.00530504
95 0 1 1 108 206 0.00925926 0.00670432 0.00636943
96 0 1 1 126 285 0.00793651 0.00527706 0.00486618
97 0 1 2 118 227 0.0169492 0.0122201 0.0115942
98 0 1 1 157 276 0.00636943 0.00480392 0.00461894
99 0 1 2 133 207 0.0150376 0.0120537 0.0117647
100 0 1 3 144 256 0.0208333 0.015625 0.015
101 0 1 1 107 174 0.00934579 0.00732881 0.00711744
102 0 1 2 102 194 0.0196078 0.0142177 0.0135135
103 0 1 2 77 149 0.025974 0.018672 0.0176991
104 0 1 1 93 173 0.0107527 0.0078838 0.0075188
105 0 1 1 75 142 0.0133333 0.00969003 0.00921659
106 0 1 1 83 213 0.0120482 0.00752092 0.00675676
107 0 1 1 81 182 0.0123457 0.0082361 0.00760456
108 0 1 2 70 154 0.0285714 0.0192629 0.0178571
109 0 1 3 104 267 0.0288462 0.0180032 0.0161725
110 0 1 2 99 244 0.020202 0.0128682 0.0116618
111 0 1 3 87 232 0.0344828 0.0211163 0.0188088
112 0 1 6 85 201 0.0705882 0.0459033 0.041958
113 0 1 6 79 170 0.0759494 0.0517742 0.0481928
114 0 1 6 95 266 0.0631579 0.0377441 0.033241
115 0 1 12 96 226 0.125 0.0814688 0.0745342
116 0 1 8 80 200 0.1 0.0632456 0.0571429
117 0 1 8 76 184 0.105263 0.067651 0.0615385
118 0 1 5 105 271 0.047619 0.0296409 0.0265957
119 0 1 6 109 259 0.0550459 0.0357099 0.0326087
120 0 1 5 89 221 0.0561798 0.0356516 0.0322581
121 0 1 10 83 193 0.120482 0.07901 0.0724638
122 0 1 7 125 289 0.056 0.0368294 0.0338164
123 0 1 9 120 260 0.075 0.0509525 0.0473684
124 0 1 7 119 235 0.0588235 0.0418592 0.039548
125 0 1 7 99 205 0.0707071 0.0491364 0.0460526
126 0 1 15 153 317 0.0980392 0.0681108 0.0638298
127 0 1 14 131 232 0.10687 0.0803061 0.077135
128 0 1 11 128 194 0.0859375 0.069805 0.068323
129 0 1 10 170 274 0.0588235 0.0463341 0.045045
130 0 1 13 148 200 0.0878378 0.075561 0.0747126
131 0 1 10 140 158 0.0714286 0.0672369 0.0671141
132 0 1 14 161 225 0.0869565 0.073557 0.0725389
133 0 1 8 129 166 0.0620155 0.054669 0.0542373
134 0 1 10 181 241 0.0552486 0.0478798 0.0473934
135 0 1 10 144 173 0.0694444 0.0633572 0.0630915
136 0 1 8 166 236 0.0481928 0.0404185 0.039801
137 0 1 4 140 145 0.0285714 0.0280745 0.0280702
138 0 1 8 145 194 0.0551724 0.0476985 0.0471976
139 0 1 8 103 146 0.0776699 0.0652371 0.064257
140 0 1 9 122 169 0.0737705 0.0626786 0.0618557
141 0 1 10 108 140 0.0925926 0.081325 0.0806452
142 0 1 5 125 152 0.04 0.0362738 0.0361011
143 0 1 4 141 175 0.0283688 0.0254643 0.0253165
144 0 1 1 108 117 0.00925926 0.00889601 0.00888889
145 0 1 0 120 136 0 0 0
146 0 1 1 130 149 0.00769231 0.00718514 0.00716846
147 0 1 0 94 121 0 0 0
148 0 1 0 119 156 0 0 0
149 0 1 0 89 132 0 0 0
150 0 1 2 118 175 0.0169492 0.0139178 0.0136519
151 0 1 2 112 150 0.0178571 0.0154303 0.0152672
152 0 1 3 90 136 0.0333333 0.0271163 0.0265487
153 0 1 3 101 209 0.029703 0.0206484 0.0193548
154 0 1 5 97 159 0.0515464 0.0402611 0.0390625
155 0 1 5 74 129 0.0675676 0.0511752 0.0492611
156 0 1 6 106 208 0.0566038 0.0404079 0.0382166
157 0 1 5 102 160 0.0490196 0.039139 0.0381679
158 0 1 2 92 136 0.0217391 0.01788 0.0175439
159 0 1 5 116 215 0.0431034 0.0316608 0.0302115
160 0 1 1 105 174 0.00952381 0.00739828 0.00716846
161 0 1 1 94 143 0.0106383 0.00862518 0.00843882
162 0 1 0 109 257 0 0 0
163 0 1 1 94 172 0.0106383 0.00786451 0.0075188
164 0 1 1 86 156 0.0116279 0.00863353 0.00826446
165 0 1 1 104 245 0.00961538 0.0062647 0.00573066
166 0 1 0 84 173 0 0 0
167 0 1 0 121 275 0 0 0
168 0 1 0 94 215 0 0 0
169 0 1 0 74 158 0 0 0
170 0 1 0 109 262 0 0 0
171 0 1 0 90 197 0 0 0
172 0 1 2 74 148 0.027027 0.019111 0.018018
173 0 1 2 86 219 0.0232558 0.0145733 0.0131148
174 0 1 0 73 155 0 0 0
175 0 1 1 97 195 0.0103093 0.00727104 0.00684932
176 0 1 1 84 152 0.0119048 0.0088499 0.00847458
177 0 1 0 98 197 0 0 0
178 0 1 1 84 133 0.0119048 0.00946094 0.00921659
179 0 1 0 111 174 0 0 0
180 0 1 0 88 132 0 0 0
181 0 1 1 109 159 0.00917431 0.00759606 0.00746269
182 0 1 1 85 90 0.0117647 0.0114332 0.0114286
183 0 1 1 107 104 0.00961538 0.00947963 0.00947867
184 0 1 0 76 75 0 0 0
185 0 1 5 102 101 0.049505 0.0492617 0.0492611
186 0 1 4 87 76 0.0526316 0.0491919 0.0490798
187 0 1 4 116 94 0.0425532 0.038306 0.0380952
188 0 1 5 93 78 0.0641026 0.0587058 0.0584795
189 0 1 4 112 89 0.0449438 0.0400642 0.039801
190 0 1 5 102 83 0.060241 0.0543414 0.0540541
191 0 1 3 77 80 0.038961 0.0382235 0.0382166
192 0 1 6 110 125 0.0545455 0.0511682 0.0510638
193 0 1 5 84 90 0.0595238 0.0575055 0.0574713
194 0 1 4 76 85 0.0526316 0.0497673 0.0496894
195 0 1 6 85 121 0.0705882 0.0591629 0.0582524
196 0 1 7 82 104 0.0853659 0.0758009 0.0752688
197 0 1 9 65 88 0.138462 0.118999 0.117647
198 0 1 9 99 140 0.0909091 0.0764471 0.0753138
199 0 1 7 80 102 0.0875 0.0774913 0.0769231
200 0 1 8 69 92 0.115942 0.100409 0.0993789
201 0 1 8 89 150 0.0898876 0.0692388 0.0669456
202 0 1 9 78 124 0.115385 0.0915133 0.0891089
203 0 1 9 64 113 0.140625 0.105831 0.101695
204 0 1 4 50 83 0.08 0.062092 0.0601504
205 0 1 5 66 136 0.0757576 0.052775 0.049505
206 0 1 8 65 119 0.123077 0.090962 0.0869565
207 0 1 4 61 112 0.0655738 0.0483934 0.0462428
208 0 1 6 50 87 0.12 0.0909718 0.0875912
209 0 1 7 76 175 0.0921053 0.0606977 0.0557769
210 0 1 3 70 135 0.0428571 0.0308607 0.0292683
211 0 1 4 56 109 0.0714286 0.051198 0.0484848
212 0 1 4 47 75 0.0851064 0.0673722 0.0655738
213 0 1 2 59 135 0.0338983 0.0224098 0.0206186
214 0 1 3 59 120 0.0508475 0.0356537 0.0335196
215 0 1 1 51 97 0.0196078 0.0142177 0.0135135
216 0 1 2 41 80 0.0487805 0.0349215 0.0330578
217 0 1 0 72 135 0 0 0
218 0 1 0 59 113 0 0 0
219 0 1 2 58 86 0.0344828 0.0283183 0.0277778
220 0 1 2 54 71 0.037037 0.0323001 0.032
221 0 1 2 71 118 0.028169 0.0218504 0.021164
222 0 1 1 52 87 0.0192308 0.0148675 0.0143885
223 0 1 1 46 69 0.0217391 0.0177499 0.0173913
224 0 1 0 59 113 0 0 0
225 0 1 0 52 93 0 0 0
226 0 1 1 42 69 0.0238095 0.0185759 0.018018
227 0 1 1 63 118 0.015873 0.0115981 0.0110497
228 0 1 1 53 96 0.0188679 0.0140193 0.0134228
229 0 1 2 49 87 0.0408163 0.0306318 0.0294118
230 0 1 1 44 64 0.0227273 0.0188445 0.0185185
231 0 1 4 61 138 0.0655738 0.0435969 0.040201
232 0 1 2 52 109 0.0384615 0.0265653 0.0248447
233 0 1 2 47 93 0.0425532 0.030251 0.0285714
234 0 1 1 39 78 0.025641 0.0181309 0.017094
235 0 1 3 55 115 0.0545455 0.0377217 0.0352941
236 0 1 5 52 108 0.0961538 0.0667201 0.0625
237 0 1 4 54 96 0.0740741 0.0555556 0.0533333
238 0 1 5 48 81 0.104167 0.0801875 0.0775194
239 0 1 6 55 127 0.109091 0.0717907 0.0659341
240 0 1 5 56 90 0.0892857 0.0704295 0.0684932
241 0 1 5 83 115 0.060241 0.0511778 0.050505
242 0 1 7 79 94 0.0886076 0.0812308 0.0809249
243 0 1 7 76 88 0.0921053 0.0855953 0.0853659
244 0 1 6 62 83 0.0967742 0.0836404 0.0827586
245 0 1 12 85 117 0.141176 0.120331 0.118812
246 0 1 7 72 99 0.0972222 0.0829114 0.0818713
247 0 1 3 51 75 0.0588235 0.0485071 0.047619
248 0 1 3 84 162 0.0357143 0.0257172 0.0243902
249 0 1 1 70 147 0.0142857 0.00985808 0.00921659
250 0 1 2 68 139 0.0294118 0.0205716 0.0193237
251 0 1 1 61 120 0.0163934 0.0116881 0.0110497
252 0 1 2 57 103 0.0350877 0.026102 0.025
253 0 1 4 44 92 0.0909091 0.0628695 0.0588235
254 0 1 3 65 160 0.0461538 0.0294174 0.0266667
255 0 1 3 57 119 0.0526316 0.0364259 0.0340909
256 0 1 3 50 95 0.06 0.0435286 0.0413793
257 0 1 2 86 209 0.0232558 0.0149179 0.0135593
258 0 1 5 81 180 0.0617284 0.0414087 0.0383142
259 0 1 1 65 148 0.0153846 0.0101956 0.00938967
260 0 1 4 55 126 0.0727273 0.04805 0.0441989
261 0 1 6 48 92 0.125 0.0902894 0.0857143
262 0 1 7 72 161 0.0972222 0.0650158 0.0600858
263 0 1 4 59 121 0.0677966 0.0473414 0.0444444
264 0 1 2 63 114 0.031746 0.0235997 0.0225989
265 0 1 4 60 105 0.0666667 0.0503953 0.0484848
266 0 1 3 41 95 0.0731707 0.0480693 0.0441176
267 0 1 3 81 160 0.037037 0.0263523 0.0248963
268 0 1 3 77 127 0.038961 0.0303371 0.0294118
269 0 1 3 68 106 0.0441176 0.0353357 0.0344828
270 0 1 2 64 92 0.03125 0.0260643 0.025641
271 0 1 3 105 184 0.0285714 0.0215833 0.0207612
272 0 1 4 93 149 0.0430108 0.0339802 0.0330578
273 0 1 3 84 131 0.0357143 0.0285987 0.027907
274 0 1 3 70 114 0.0428571 0.033583 0.0326087
275 0 1 3 57 97 0.0526316 0.0403458 0.038961
276 0 1 7 96 168 0.0729167 0.0551198 0.0530303
277 0 1 5 100 156 0.05 0.040032 0.0390625
278 0 1 3 88 147 0.0340909 0.0263767 0.0255319
279 0 1 5 87 126 0.0574713 0.0477557 0.0469484
280 0 1 6 74 117 0.0810811 0.0644826 0.0628272
281 0 1 10 69 94 0.144928 0.124169 0.122699
282 0 1 10 103 176 0.0970874 0.074272 0.0716846
283 0 1 4 100 148 0.04 0.0328798 0.0322581
284 0 1 7 95 130 0.0736842 0.062989 0.0622222
285 0 1 7 89 114 0.0786517 0.0694945 0.0689655
286 0 1 7 78 90 0.0897436 0.0835467 0.0833333
287 0 1 5 124 231 0.0403226 0.0295429 0.028169
288 0 1 6 104 173 0.0576923 0.0447313 0.0433213
289 0 1 5 98 163 0.0510204 0.0395606 0.0383142
290 0 1 2 89 140 0.0224719 0.0179172 0.0174672
291 0 1 6 82 118 0.0731707 0.0609963 0.06
292 0 1 8 68 104 0.117647 0.0951303 0.0930233
293 0 1 8 124 270 0.0645161 0.0437217 0.0406091
294 0 1 10 114 232 0.0877193 0.0614899 0.0578035
295 0 1 6 107 220 0.0560748 0.0391064 0.0366972
296 0 1 6 104 206 0.0576923 0.0409922 0.0387097
297 0 1 9 109 192 0.0825688 0.0622126 0.0598007
298 0 1 15 101 158 0.148515 0.118741 0.11583
299 0 1 10 90 162 0.111111 0.0828173 0.0793651
300 0 1 10 84 130 0.119048 0.0956949 0.0934579
301 0 1 11 114 337 0.0964912 0.056121 0.0487805
302 0 1 13 114 282 0.114035 0.0725047 0.0656566
303 0 1 12 107 268 0.11215 0.0708634 0.064
304 0 1 8 108 247 0.0740741 0.0489812 0.0450704
305 0 1 10 95 227 0.105263 0.0680966 0.0621118
306 0 1 12 90 202 0.133333 0.0889988 0.0821918
307 0 1 13 85 188 0.152941 0.102838 0.0952381
308 0 1 12 89 178 0.134831 0.0953402 0.0898876
309 0 1 12 88 167 0.136364 0.0989878 0.0941176
310 0 1 13 82 162 0.158537 0.112792 0.106557
311 0 1 9 73 147 0.123288 0.0868805 0.0818182
312 0 1 7 103 364 0.0679612 0.0361517 0.0299786
313 0 1 3 95 311 0.0315789 0.0174534 0.0147783
314 0 1 7 88 286 0.0795455 0.0441239 0.0374332
315 0 1 7 81 259 0.0864198 0.0483288 0.0411765
316 0 1 7 66 228 0.106061 0.0570635 0.047619
317 0 1 6 58 201 0.103448 0.0555698 0.046332
318 0 1 7 57 167 0.122807 0.0717468 0.0625
319 0 1 7 88 364 0.0795455 0.0391116 0.0309735
320 0 1 5 66 294 0.0757576 0.0358942 0.0277778
321 0 1 1 62 245 0.016129 0.00811374 0.00651466
322 0 1 3 61 218 0.0491803 0.0260153 0.0215054
323 0 1 10 50 209 0.2 0.0978232 0.0772201
324 0 1 9 43 172 0.209302 0.104651 0.0837209
325 0 1 12 81 381 0.148148 0.0683087 0.0519481
326 0 1 13 69 328 0.188406 0.0864136 0.0654912
327 0 1 14 68 303 0.205882 0.0975332 0.0754717
328 0 1 13 54 280 0.240741 0.105723 0.0778443
329 0 1 15 58 228 0.258621 0.13044 0.104895
330 0 1 16 54 189 0.296296 0.158377 0.131687
331 0 1 18 51 172 0.352941 0.192187 0.161435
332 0 1 6 40 134 0.15 0.0819538 0.0689655
333 0 1 4 64 242 0.0625 0.0321412 0.0261438
334 0 1 1 45 173 0.0222222 0.0113337 0.00917431
335 0 1 0 43 143 0 0 0
336 0 1 0 31 112 0 0 0
337 0 1 3 57 162 0.0526316 0.0312195 0.0273973
338 0 1 1 54 114 0.0185185 0.0127453 0.0119048
339 0 1 0 40 82 0 0 0
340 0 1 0 75 202 0 0 0
341 0 1 0 52 140 0 0 0
342 0 1 0 36 115 0 0 0
343 0 1 0 27 93 0 0 0
344 0 1 1 71 186 0.0140845 0.00870191 0.0077821
345 0 1 1 66 150 0.0151515 0.0100504 0.00925926
346 0 1 0 66 129 0 0 0
347 0 1 1 57 109 0.0175439 0.0126867 0.0120482
348 0 1 1 58 102 0.0172414 0.0130013 0.0125
349 0 1 1 42 88 0.0238095 0.0164488 0.0153846
350 0 1 1 95 185 0.0105263 0.00754314 0.00714286
351 0 1 2 86 146 0.0232558 0.0178486 0.0172414
352 0 1 2 80 124 0.025 0.0200805 0.0196078
353 0 1 1 62 116 0.016129 0.0117917 0.011236
354 0 1 1 56 104 0.0178571 0.0131036 0.0125
355 0 1 1 55 86 0.0181818 0.0145402 0.0141844
356 0 1 1 103 176 0.00970874 0.0074272 0.00716846
357 0 1 1 103 136 0.00970874 0.00844913 0.0083682
358 0 1 0 91 125 0 0 0
359 0 1 1 81 98 0.0123457 0.0112239 0.0111732
360 0 1 4 133 197 0.0300752 0.0247116 0.0242424
361 0 1 3 108 149 0.0277778 0.0236492 0.0233463
362 0 1 3 102 129 0.0294118 0.0261533 0.025974
363 0 1 0 92 111 0 0 0
364 0 1 6 125 190 0.048 0.0389331 0.0380952
365 0 1 3 99 158 0.030303 0.023987 0.0233463
366 0 1 2 88 121 0.0227273 0.0193819 0.0191388
367 0 1 2 122 197 0.0163934 0.0129008 0.0125392
368 0 1 3 93 154 0.0322581 0.025068 0.0242915
369 0 1 2 87 120 0.0229885 0.019574 0.0193237
370 0 1 2 111 213 0.018018 0.013007 0.0123457
371 0 1 4 101 179 0.039604 0.029749 0.0285714
372 0 1 3 90 149 0.0333333 0.0259064 0.0251046
373 0 1 5 81 133 0.0617284 0.0481728 0.046729
374 0 1 8 102 219 0.0784314 0.0535264 0.0498442
375 0 1 7 94 182 0.0744681 0.0535178 0.0507246
376 0 1 5 81 164 0.0617284 0.0433816 0.0408163
377 0 1 2 68 139 0.0294118 0.0205716 0.0193237
378 0 1 2 83 207 0.0240964 0.0152583 0.0137931
379 0 1 2 66 162 0.030303 0.019342 0.0175439
380 0 1 2 67 146 0.0298507 0.0202216 0.0187793
381 0 1 2 107 209 0.0186916 0.0133741 0.0126582
382 0 1 1 90 182 0.0111111 0.00781345 0.00735294
383 0 1 1 79 148 0.0126582 0.00924817 0.00881057
384 0 1 2 126 283 0.015873 0.0105914 0.00977995
385 0 1 0 110 229 0 0 0
386 0 1 0 90 171 0 0 0
387 0 1 1 72 134 0.0138889 0.0101808 0.00970874
388 0 1 0 106 215 0 0 0
389 0 1 0 93 175 0 0 0
390 0 1 1 82 153 0.0121951 0.00892786 0.00851064
391 0 1 0 68 107 0 0 0
392 0 1 0 91 202 0 0 0
393 0 1 0 77 150 0 0 0
394 0 1 2 69 115 0.0289855 0.0224521 0.0217391
395 0 1 1 92 194 0.0108696 0.00748523 0.00699301
396 0 1 0 77 133 0 0 0
397 0 1 0 64 95 0 0 0
398 0 1 0 93 160 0 0 0
399 0 1 0 71 117 0 0 0
400 0 1 0 58 85 0 0 0
401 0 1 0 76 174 0 0 0
402 0 1 0 55 108 0 0 0
403 0 1 1 52 94 0.0192308 0.0143032 0.0136986
404 0 1 0 84 160 0 0 0
405 0 1 2 80 138 0.025 0.0190347 0.0183486
406 0 1 4 63 119 0.0634921 0.0461973 0.043956
407 0 1 2 56 91 0.0357143 0.0280166 0.0272109
408 0 1 4 76 156 0.0526316 0.0367359 0.0344828
409 0 1 1 71 117 0.0140845 0.0109718 0.0106383
410 0 1 0 58 104 0 0 0
411 0 1 0 88 171 0 0 0
412 0 1 1 84 116 0.0119048 0.0101305 0.01
413 0 1 0 70 92 0 0 0
414 0 1 2 99 187 0.020202 0.0146991 0.013986
415 0 1 0 86 146 0 0 0
416 0 1 0 66 109 0 0 0
417 0 1 3 91 172 0.032967 0.0239793 0.0228137
418 0 1 6 73 127 0.0821918 0.0623143 0.06
419 0 1 6 97 193 0.0618557 0.0438517 0.0413793
420 0 1 3 76 135 0.0394737 0.0296174 0.028436
421 0 1 2 57 117 0.0350877 0.0244906 0.0229885
422 0 1 1 74 175 0.0135135 0.0087875 0.00803213
423 0 1 7 56 125 0.125 0.083666 0.0773481
424 0 1 7 76 188 0.0921053 0.0585615 0.0530303
425 0 1 3 63 138 0.047619 0.0321745 0.0298507
426 0 1 5 47 125 0.106383 0.0652328 0.0581395
427 0 1 4 65 198 0.0615385 0.0352591 0.0304183
428 0 1 7 47 160 0.148936 0.0807215 0.0676328
429 0 1 4 49 133 0.0816327 0.0495491 0.043956
430 0 1 4 74 228 0.0540541 0.0307948 0.0264901
431 0 1 3 66 193 0.0454545 0.026581 0.023166
432 0 1 4 65 163 0.0615385 0.0388606 0.0350877
433 0 1 2 56 132 0.0357143 0.0232621 0.0212766
434 0 1 2 72 242 0.0277778 0.0151515 0.0127389
435 0 1 3 64 205 0.046875 0.0261911 0.0223048
436 0 1 2 62 171 0.0322581 0.0194239 0.0171674
437 0 1 3 52 144 0.0576923 0.0346688 0.0306122
438 0 1 1 83 254 0.0120482 0.00688722 0.00593472
439 0 1 3 81 215 0.037037 0.0227331 0.0202703
440 0 1 2 68 183 0.0294118 0.0179287 0.0159363
441 0 1 2 63 154 0.031746 0.0203048 0.0184332
442 0 1 4 88 243 0.0454545 0.0273537 0.0241692
443 0 1 2 79 204 0.0253165 0.0157544 0.0141343
444 0 1 1 82 196 0.0121951 0.00788797 0.00719424
445 0 1 2 77 170 0.025974 0.0174808 0.0161943
446 0 1 3 73 154 0.0410959 0.0282943 0.0264317
447 0 1 2 107 267 0.0186916 0.0118327 0.0106952
448 0 1 3 96 221 0.03125 0.0205963 0.0189274
449 0 1 3 82 201 0.0365854 0.0233677 0.0212014
450 0 1 5 84 179 0.0595238 0.0407759 0.0380228
451 0 1 5 79 148 0.0632911 0.0462408 0.0440529
452 0 1 4 106 282 0.0377358 0.0231357 0.0206186
453 0 1 8 101 231 0.0792079 0.0523749 0.0481928
454 0 1 4 82 203 0.0487805 0.0310031 0.0280702
455 0 1 5 86 182 0.0581395 0.0399655 0.0373134
456 0 1 7 71 144 0.0985916 0.0692289 0.0651163
457 0 1 5 99 239 0.050505 0.0325052 0.0295858
458 0 1 4 97 215 0.0412371 0.0276984 0.025641
459 0 1 2 88 171 0.0227273 0.0163039 0.015444
460 0 1 2 69 158 0.0289855 0.0191548 0.0176211
461 0 1 7 110 274 0.0636364 0.0403205 0.0364583
462 0 1 6 108 223 0.0555556 0.0386622 0.0362538
463 0 1 6 103 205 0.0582524 0.041291 0.038961
464 0 1 4 80 178 0.05 0.0335201 0.0310078
465 0 1 7 74 156 0.0945946 0.0651508 0.0608696
466 0 1 8 114 223 0.0701754 0.0501747 0.0474777
467 0 1 2 96 173 0.0208333 0.0155193 0.0148699
468 0 1 4 82 142 0.0487805 0.0370688 0.0357143
469 0 1 5 90 221 0.0555556 0.035453 0.0321543
470 0 1 3 69 175 0.0434783 0.0273009 0.0245902
471 0 1 4 58 132 0.0689655 0.045715 0.0421053
472 0 1 0 79 189 0 0 0
473 0 1 2 72 134 0.0277778 0.0203616 0.0194175
474 0 1 2 84 162 0.0238095 0.0171448 0.0162602
475 0 1 1 83 119 0.0120482 0.0100621 0.00990099
476 0 1 4 95 148 0.0421053 0.033734 0.0329218
477 0 1 5 91 109 0.0549451 0.0502037 0.05
478 0 1 7 90 140 0.0777778 0.062361 0.0608696
479 0 1 7 67 103 0.104478 0.084264 0.0823529
480 0 1 6 78 124 0.0769231 0.0610089 0.0594059
481 0 1 5 57 90 0.0877193 0.069809 0.0680272
482 0 1 5 71 123 0.0704225 0.0535042 0.0515464
483 0 1 6 61 89 0.0983607 0.0814313 0.08
484 0 1 5 83 151 0.060241 0.0446624 0.042735
485 0 1 2 58 109 0.0344828 0.0251537 0.0239521
486 0 1 3 77 149 0.038961 0.028008 0.0265487
487 0 1 4 60 111 0.0666667 0.0490143 0.0467836
488 0 1 7 78 154 0.0897436 0.063869 0.0603448
489 0 1 5 71 129 0.0704225 0.0522451 0.05
490 0 1 6 56 112 0.107143 0.0757614 0.0714286
491 0 1 8 87 202 0.091954 0.0603469 0.0553633
492 0 1 2 84 161 0.0238095 0.017198 0.0163265
493 0 1 2 67 141 0.0298507 0.020577 0.0192308
494 0 1 1 42 117 0.0238095 0.0142653 0.0125786
495 0 1 1 77 194 0.012987 0.00818189 0.00738007
496 0 1 1 65 151 0.0153846 0.0100938 0.00925926
497 0 1 0 55 126 0 0 0
498 0 1 0 51 112 0 0 0
499 0 1 4 73 204 0.0547945 0.0327781 0.0288809
500 0 1 4 64 184 0.0625 0.0368605 0.0322581
501 0 1 1 62 145 0.016129 0.0105468 0.00966184
502 0 1 1 54 117 0.0185185 0.0125809 0.0116959
503 0 1 2 86 229 0.0232558 0.0142516 0.0126984
504 0 1 6 66 186 0.0909091 0.054153 0.047619
505 0 1 7 64 161 0.109375 0.0689597 0.0622222
506 0 1 2 53 148 0.0377358 0.0225819 0.0199005
507 0 1 5 50 138 0.1 0.0601929 0.0531915
508 0 1 8 72 189 0.111111 0.0685793 0.0613027
509 0 1 12 62 173 0.193548 0.115868 0.102128
510 0 1 15 59 159 0.254237 0.15487 0.137615
511 0 1 4 50 136 0.08 0.0485071 0.0430108
512 0 1 9 79 224 0.113924 0.0676558 0.0594059
513 0 1 8 71 193 0.112676 0.0683411 0.0606061
514 0 1 6 58 176 0.103448 0.0593856 0.0512821
515 0 1 6 52 153 0.115385 0.0672673 0.0585366
516 0 1 4 44 142 0.0909091 0.0506045 0.0430108
517 0 1 4 67 221 0.0597015 0.032872 0.0277778
518 0 1 6 57 194 0.105263 0.0570575 0.0478088
519 0 1 5 54 168 0.0925926 0.0524951 0.045045
520 0 1 6 45 151 0.133333 0.0727874 0.0612245
521 0 1 4 70 198 0.0571429 0.0339765 0.0298507
522 0 1 4 57 166 0.0701754 0.0411215 0.0358744
523 0 1 6 48 152 0.125 0.0702439 0.06
524 0 1 2 66 197 0.030303 0.0175398 0.0152091
525 0 1 3 49 152 0.0612245 0.0347617 0.0298507
526 0 1 2 73 245 0.0273973 0.014955 0.0125786
527 0 1 2 60 194 0.0333333 0.0185376 0.015748
528 0 1 5 45 163 0.111111 0.0583808 0.0480769
529 0 1 5 62 243 0.0806452 0.0407353 0.0327869
530 0 1 8 57 185 0.140351 0.0779052 0.0661157
531 0 1 5 45 169 0.111111 0.0573351 0.046729
532 0 1 3 72 250 0.0416667 0.0223607 0.0186335
533 0 1 7 55 201 0.127273 0.0665761 0.0546875
534 0 1 5 46 176 0.108696 0.0555693 0.045045
535 0 1 4 75 262 0.0533333 0.0285351 0.0237389
536 0 1 8 69 217 0.115942 0.0653786 0.0559441
537 0 1 6 60 193 0.1 0.0557567 0.0474308
538 0 1 7 53 160 0.132075 0.0760151 0.0657277
539 0 1 2 81 268 0.0246914 0.0135744 0.0114613
540 0 1 4 72 220 0.0555556 0.0317821 0.0273973
541 0 1 8 70 201 0.114286 0.0674439 0.0590406
542 0 1 2 60 187 0.0333333 0.0188814 0.0161943
543 0 1 4 47 158 0.0851064 0.0464176 0.0390244
544 0 1 7 62 216 0.112903 0.0604888 0.0503597
545 0 1 4 60 195 0.0666667 0.03698 0.0313726
546 0 1 4 52 155 0.0769231 0.0445546 0.0386473
547 0 1 1 77 209 0.012987 0.00788282 0.00699301
548 0 1 0 53 160 0 0 0
549 0 1 1 74 207 0.0135135 0.00807977 0.00711744
550 0 1 1 68 137 0.0147059 0.0103606 0.0097561
551 0 1 1 98 201 0.0102041 0.00712507 0.00668896
552 0 1 2 75 169 0.0266667 0.0177646 0.0163934
553 0 1 2 59 142 0.0338983 0.0218504 0.0199005
554 0 1 1 78 228 0.0128205 0.00749869 0.00653595
555 0 1 1 68 191 0.0147059 0.00877463 0.00772201
556 0 1 1 60 188 0.0166667 0.00941554 0.00806452
557 0 1 1 54 151 0.0185185 0.0110743 0.0097561
558 0 1 3 69 242 0.0434783 0.0232161 0.0192926
559 0 1 3 60 199 0.05 0.0274549 0.023166
560 0 1 2 49 195 0.0408163 0.0204604 0.0163934
561 0 1 0 36 168 0 0 0
562 0 1 1 55 238 0.0181818 0.00874038 0.00682594
563 0 1 2 52 188 0.0384615 0.0202278 0.0166667
564 0 1 1 47 162 0.0212766 0.0114602 0.00956938
565 0 1 3 78 269 0.0384615 0.0207108 0.0172911
566 0 1 2 67 226 0.0298507 0.0162532 0.0136519
567 0 1 1 47 179 0.0212766 0.0109025 0.00884956
568 0 1 1 87 253 0.0114943 0.00674031 0.00588235
569 0 1 0 61 175 0 0 0
570 0 1 1 79 221 0.0126582 0.00756816 0.00666667
571 0 1 0 62 161 0 0 0
572 0 1 0 89 199 0 0 0
573 0 1 0 64 152 0 0 0
574 0 1 0 82 168 0 0 0
575 0 1 0 55 110 0 0 0
576 0 1 0 71 130 0 0 0
577 0 1 0 54 86 0 0 0
578 0 1 0 55 106 0 0 0
579 0 1 0 46 67 0 0 0
580 0 1 1 70 95 0.0142857 0.0122628 0.0121212
581 0 1 2 57 88 0.0350877 0.0282391 0.0275862
582 0 1 0 50 69 0 0 0
583 0 1 1 64 97 0.015625 0.0126918 0.0124224
584 0 1 1 54 77 0.0185185 0.0155081 0.0152672
585 0 1 0 81 140 0 0 0
586 0 1 0 52 91 0 0 0
587 0 1 0 64 127 0 0 0
588 0 1 0 37 73 0 0 0
589 0 1 1 48 66 0.0208333 0.0177667 0.0175439
590 0 1 1 53 64 0.0188679 0.0171701 0.017094
591 0 1 2 60 94 0.0333333 0.0266312 0.025974
592 0 1 1 53 64 0.0188679 0.0171701 0.017094
593 0 1 0 60 125 0 0 0
594 0 1 1 49 96 0.0204082 0.0145803 0.0137931
595 0 1 1 49 67 0.0204082 0.0174528 0.0172414
596 0 1 1 63 152 0.015873 0.010219 0.00930233
597 0 1 1 46 101 0.0217391 0.014671 0.0136054
598 0 1 1 37 94 0.027027 0.0169565 0.0152672
599 0 1 1 61 162 0.0163934 0.0100595 0.00896861
600 0 1 2 46 136 0.0434783 0.0252861 0.021978
601 0 1 3 35 117 0.0857143 0.0468807 0.0394737
602 0 1 3 57 165 0.0526316 0.0309344 0.027027
603 0 1 0 46 126 0 0 0
604 0 1 1 72 199 0.0138889 0.00835424 0.00738007
605 0 1 1 63 157 0.015873 0.0100549 0.00909091
606 0 1 1 54 120 0.0185185 0.0124226 0.0114943
607 0 1 0 70 188 0 0 0
608 0 1 1 53 152 0.0188679 0.0111414 0.0097561
609 0 1 0 31 122 0 0 0
610 0 1 0 38 186 0 0 0
611 0 1 0 33 139 0 0 0
612 0 1 0 60 202 0 0 0
613 0 1 0 48 154 0 0 0
614 0 1 0 37 129 0 0 0
615 0 1 0 42 152 0 0 0
616 0 1 0 32 120 0 0 0
617 0 1 2 53 167 0.0377358 0.0212586 0.0181818
618 0 1 1 48 132 0.0208333 0.012563 0.0111111
619 0 1 2 41 102 0.0487805 0.030927 0.027972
620 0 1 0 50 177 0 0 0
621 0 1 6 48 160 0.125 0.0684653 0.0576923
622 0 1 5 44 149 0.113636 0.0617519 0.0518135
623 0 1 4 40 125 0.1 0.0565685 0.0484848
624 0 1 5 36 107 0.138889 0.0805614 0.0699301
625 0 1 2 63 200 0.031746 0.0178174 0.0152091
626 0 1 5 62 176 0.0806452 0.047865 0.0420168
627 0 1 4 62 172 0.0645161 0.0387347 0.034188
628 0 1 4 61 152 0.0655738 0.0415407 0.0375587
629 0 1 5 55 131 0.0909091 0.0589051 0.0537634
630 0 1 6 45 120 0.133333 0.0816497 0.0727273
631 0 1 2 61 168 0.0327869 0.0197565 0.0174672
632 0 1 2 48 150 0.0416667 0.0235702 0.020202
633 0 1 3 44 135 0.0681818 0.0389249 0.0335196
634 0 1 2 86 233 0.0232558 0.0141287 0.0125392
635 0 1 0 72 177 0 0 0
636 0 1 2 57 152 0.0350877 0.0214868 0.0191388
637 0 1 1 37 118 0.027027 0.0151342 0.0129032
638 0 1 0 49 128 0 0 0
639 0 1 0 36 67 0 0 0
640 0 1 0 60 107 0 0 0
641 0 1 0 57 81 0 0 0
642 0 1 0 59 83 0 0 0
643 0 1 0 61 73 0 0 0
644 0 1 3 64 99 0.046875 0.0376889 0.0368098
645 0 1 5 73 110 0.0684932 0.0557972 0.0546448
646 0 1 8 138 248 0.057971 0.0432439 0.0414508
647 0 1 7 131 229 0.0534351 0.0404152 0.0388889
648 0 1 6 124 233 0.0483871 0.035299 0.0336134
649 0 1 6 127 214 0.0472441 0.0363951 0.0351906
650 0 1 15 126 217 0.119048 0.0907144 0.0874636
651 0 1 22 127 211 0.173228 0.134394 0.130178
652 0 1 21 113 200 0.185841 0.13969 0.134185
653 0 1 21 115 205 0.182609 0.136771 0.13125
654 0 1 24 110 187 0.218182 0.167338 0.161616
655 0 1 18 117 187 0.153846 0.121691 0.118421
656 0 1 13 91 177 0.142857 0.102432 0.0970149
657 0 1 8 76 147 0.105263 0.0756876 0.0717489
658 0 1 10 78 146 0.128205 0.0937079 0.0892857
659 0 1 17 94 163 0.180851 0.137338 0.132296
660 0 1 21 111 171 0.189189 0.152426 0.148936
661 0 1 28 114 178 0.245614 0.19656 0.191781
662 0 1 26 107 179 0.242991 0.187869 0.181818
663 0 1 26 112 184 0.232143 0.181115 0.175676
664 0 1 28 110 175 0.254545 0.20181 0.196491
665 0 1 28 112 172 0.25 0.201737 0.197183
666 0 1 24 105 156 0.228571 0.187523 0.183908
667 0 1 26 100 159 0.26 0.206193 0.200772
668 0 1 28 102 152 0.27451 0.224872 0.220472
669 0 1 24 99 171 0.242424 0.184457 0.177778
670 0 1 22 97 164 0.226804 0.174427 0.168582
671 0 1 25 95 170 0.263158 0.196722 0.188679
672 0 1 24 104 161 0.230769 0.185473 0.181132
673 0 1 24 99 172 0.242424 0.18392 0.177122
674 0 1 20 88 163 0.227273 0.166992 0.159363
675 0 1 10 82 149 0.121951 0.090469 0.0865801
676 0 1 8 67 127 0.119403 0.0867263 0.0824742
677 0 1 19 162 343 0.117284 0.0806026 0.0752475
678 0 1 16 163 346 0.0981595 0.0673734 0.0628684
679 0 1 22 176 361 0.125 0.0872796 0.0819367
680 0 1 26 175 363 0.148571 0.103158 0.0966543
681 0 1 35 177 368 0.19774 0.137138 0.12844
682 0 1 42 180 365 0.233333 0.163858 0.154128
683 0 1 37 181 361 0.20442 0.144747 0.136531
684 0 1 41 185 360 0.221622 0.158872 0.150459
685 0 1 34 177 360 0.19209 0.134692 0.126629
686 0 1 36 179 354 0.201117 0.143013 0.135084
687 0 1 39 180 356 0.216667 0.154065 0.145522
688 0 1 44 180 359 0.244444 0.173089 0.163265
689 0 1 45 173 363 0.260116 0.179571 0.16791
690 0 1 45 175 356 0.257143 0.180289 0.169492
691 0 1 48 172 351 0.27907 0.195355 0.183556
692 0 1 48 165 363 0.290909 0.196131 0.181818
693 0 1 38 158 352 0.240506 0.161133 0.14902
694 0 1 39 163 361 0.239264 0.160775 0.148855
695 0 1 39 153 344 0.254902 0.169996 0.156942
696 0 1 35 153 339 0.228758 0.153682 0.142276
697 0 1 39 161 344 0.242236 0.165719 0.154455
698 0 1 43 167 350 0.257485 0.177859 0.166344
699 0 1 43 172 352 0.25 0.174756 0.164122
700 0 1 45 161 344 0.279503 0.191214 0.178218
701 0 1 46 169 341 0.272189 0.191618 0.180392
702 0 1 49 162 332 0.302469 0.211285 0.198381
703 0 1 51 157 338 0.324841 0.221392 0.206061
704 0 1 50 159 322 0.314465 0.220975 0.2079
705 0 1 49 156 329 0.314103 0.21629 0.202062
706 0 1 46 155 328 0.296774 0.204012 0.190476
707 0 1 53 158 321 0.335443 0.235339 0.221294
708 0 1 46 155 318 0.296774 0.207195 0.194503
709 0 1 43 151 322 0.284768 0.195008 0.181818
710 0 1 53 153 327 0.346405 0.23695 0.220833
711 0 1 47 159 330 0.295597 0.205183 0.192229
712 0 1 57 158 347 0.360759 0.243434 0.225743
713 0 1 57 164 342 0.347561 0.24068 0.225296
714 0 1 51 167 344 0.305389 0.212781 0.199609
715 0 1 57 166 349 0.343374 0.236814 0.221359
716 0 1 51 164 341 0.310976 0.215661 0.20198
717 0 1 46 172 349 0.267442 0.18775 0.176583
718 0 1 49 164 344 0.298781 0.206298 0.192913
719 0 1 43 162 342 0.265432 0.182683 0.170635
720 0 1 49 154 334 0.318182 0.216054 0.20082
721 0 1 29 142 328 0.204225 0.134375 0.123404
722 0 1 32 141 322 0.22695 0.15018 0.138229
723 0 1 36 134 317 0.268657 0.174671 0.159645
724 0 1 39 139 316 0.280576 0.186086 0.171429
725 0 1 35 139 307 0.251799 0.16943 0.156951
726 0 1 39 140 298 0.278571 0.190938 0.178082
727 0 1 32 145 301 0.22069 0.153173 0.143498
728 0 1 46 142 291 0.323944 0.226291 0.212471
729 0 1 38 133 287 0.285714 0.194499 0.180952
730 0 1 34 127 277 0.267717 0.181275 0.168317
731 0 1 33 118 266 0.279661 0.186265 0.171875
732 0 1 29 126 258 0.230159 0.160843 0.151042
733 0 1 38 126 247 0.301587 0.215402 0.203753
734 0 1 29 126 248 0.230159 0.164054 0.15508
735 0 1 28 130 242 0.215385 0.157862 0.150538
736 0 1 37 126 232 0.293651 0.216408 0.206704
737 0 1 33 114 218 0.289474 0.209331 0.198795
738 0 1 21 88 202 0.238636 0.157508 0.144828
739 0 1 23 96 184 0.239583 0.173055 0.164286
740 0 1 25 120 323 0.208333 0.126984 0.112867
741 0 1 21 120 299 0.175 0.110865 0.100239
742 0 1 21 107 294 0.196262 0.118401 0.104738
743 0 1 14 99 270 0.141414 0.0856305 0.0758808
744 0 1 28 105 260 0.266667 0.169464 0.153425
745 0 1 20 90 244 0.222222 0.134963 0.11976
746 0 1 23 89 230 0.258427 0.160757 0.144201
747 0 1 25 87 215 0.287356 0.182794 0.165563
748 0 1 23 86 187 0.267442 0.181367 0.168498
749 0 1 23 139 306 0.165468 0.111522 0.103371
750 0 1 19 132 269 0.143939 0.10083 0.0947631
751 0 1 16 124 238 0.129032 0.0931367 0.0883978
752 0 1 18 104 203 0.173077 0.123882 0.117264
753 0 1 17 86 179 0.197674 0.137017 0.128302
754 0 1 12 126 312 0.0952381 0.0605228 0.0547945
755 0 1 13 104 229 0.125 0.0842382 0.0780781
756 0 1 5 80 160 0.0625 0.0441942 0.0416667
757 0 1 3 92 185 0.0326087 0.0229954 0.0216607
758 0 1 2 72 117 0.0277778 0.0217907 0.021164
759 0 1 2 96 131 0.0208333 0.0178344 0.0176211
760 0 1 4 70 75 0.0571429 0.0552052 0.0551724
761 0 1 3 92 124 0.0326087 0.0280877 0.0277778
762 0 1 3 75 92 0.04 0.0361158 0.0359281
763 0 1 2 56 71 0.0357143 0.0317181 0.0314961
764 0 1 3 73 137 0.0410959 0.0299985 0.0285714
765 0 1 1 59 88 0.0169492 0.0138782 0.0136054
766 0 1 0 77 143 0 0 0
767 0 1 0 43 89 0 0 0
768 0 1 0 83 131 0 0 0
769 0 1 0 62 91 0 0 0
770 0 1 0 69 133 0 0 0
771 0 1 0 44 85 0 0 0
772 0 1 0 61 123 0 0 0
773 0 1 2 45 79 0.0444444 0.0335436 0.0322581
774 0 1 1 62 143 0.016129 0.0106203 0.0097561
775 0 1 0 40 92 0 0 0
776 0 1 0 54 161 0 0 0
777 0 1 0 42 131 0 0 0
778 0 1 0 29 97 0 0 0
779 0 1 0 58 128 0 0 0
780 0 1 0 43 75 0 0 0
781 0 1 0 61 96 0 0 0
782 0 1 0 45 69 0 0 0
783 0 1 0 71 121 0 0 0
784 0 1 0 60 73 0 0 0
785 0 1 0 73 143 0 0 0
786 0 1 0 61 112 0 0 0
787 0 1 0 44 80 0 0 0
788 0 1 1 57 135 0.0175439 0.0113998 0.0104167
789 0 1 0 41 82 0 0 0
790 0 1 0 61 139 0 0 0
791 0 1 0 36 104 0 0 0
792 0 1 0 51 153 0 0 0
793 0 1 0 42 87 0 0 0
794 0 1 0 63 136 0 0 0
795 0 1 0 48 102 0 0 0
796 0 1 0 35 75 0 0 0
797 0 1 0 57 122 0 0 0
798 0 1 0 50 71 0 0 0
799 0 1 0 76 121 0 0 0
800 0 1 0 63 74 0 0 0
801 0 1 0 76 165 0 0 0
802 0 1 0 61 96 0 0 0
803 0 1 0 65 133 0 0 0
804 0 1 0 36 88 0 0 0
805 0 1 0 52 113 0 0 0
806 0 1 2 38 74 0.0526316 0.0377157 0.0357143
807 0 1 2 52 105 0.0384615 0.0270666 0.0254777
808 0 1 1 39 75 0.025641 0.01849 0.0175439
809 0 1 0 67 158 0 0 0
810 0 1 1 59 125 0.0169492 0.0116445 0.0108696
811 0 1 1 43 97 0.0232558 0.0154839 0.0142857
812 0 1 0 38 66 0 0 0
813 0 1 0 56 118 0 0 0
814 0 1 0 44 84 0 0 0
815 0 1 0 88 149 0 0 0
816 0 1 0 55 86 0 0 0
817 0 1 0 83 134 0 0 0
818 0 1 0 67 70 0 0 0
819 0 1 0 77 118 0 0 0
820 0 1 0 67 65 0 0 0
821 0 1 0 68 105 0 0 0
822 0 1 0 46 76 0 0 0
823 0 1 0 53 115 0 0 0
824 0 1 0 37 85 0 0 0
825 0 1 1 53 141 0.0188679 0.0115678 0.0103093
826 0 1 1 48 99 0.0208333 0.0145065 0.0136054
827 0 1 0 40 101 0 0 0
828 0 1 0 25 77 0 0 0
829 0 1 0 40 134 0 0 0
830 0 1 0 32 89 0 0 0
831 0 1 0 29 81 0 0 0
832 0 1 0 35 131 0 0 0
833 0 1 1 33 90 0.030303 0.0183494 0.0162602
834 0 1 0 63 195 0 0 0
835 0 1 0 51 138 0 0 0
836 0 1 1 39 108 0.025641 0.0154083 0.0136054
837 0 1 1 46 147 0.0217391 0.0121608 0.0103627
838 0 1 0 36 105 0 0 0
839 0 1 0 43 149 0 0 0
840 0 1 1 45 110 0.0222222 0.0142134 0.0129032
841 0 1 2 66 159 0.030303 0.0195236 0.0177778
842 0 1 1 44 91 0.0227273 0.0158035 0.0148148
843 0 1 1 56 153 0.0178571 0.0108034 0.00956938
844 0 1 0 54 114 0 0 0
845 0 1 0 45 95 0 0 0
846 0 1 0 69 174 0 0 0
847 0 1 0 62 114 0 0 0
848 0 1 0 56 100 0 0 0
849 0 1 1 67 156 0.0149254 0.00978138 0.00896861
850 0 1 4 53 122 0.0754717 0.0497442 0.0457143
851 0 1 1 75 201 0.0133333 0.00814463 0.00724638
852 0 1 0 62 147 0 0 0
853 0 1 0 46 120 0 0 0
854 0 1 1 75 183 0.0133333 0.00853579 0.00775194
855 0 1 0 60 151 0 0 0
856 0 1 2 46 120 0.0434783 0.0269191 0.0240964
857 0 1 3 72 199 0.0416667 0.0250627 0.0221402
858 0 1 1 65 153 0.0153846 0.0100276 0.00917431
859 0 1 3 59 142 0.0508475 0.0327756 0.0298507
860 0 1 3 46 116 0.0652174 0.0410689 0.037037
861 0 1 2 70 169 0.0285714 0.0183881 0.0167364
862 0 1 0 65 143 0 0 0
863 0 1 0 48 125 0 0 0
864 0 1 1 76 171 0.0131579 0.00877193 0.00809717
865 0 1 1 69 146 0.0144928 0.0099632 0.00930233
866 0 1 3 61 113 0.0491803 0.0361341 0.0344828
867 0 1 1 85 160 0.0117647 0.00857493 0.00816326
868 0 1 2 76 125 0.0263158 0.0205196 0.0199005
869 0 1 1 55 96 0.0181818 0.013762 0.013245
870 0 1 0 75 138 0 0 0
871 0 1 1 62 93 0.016129 0.0131693 0.0129032
872 0 1 1 87 151 0.0114943 0.00872473 0.00840336
873 0 1 0 77 114 0 0 0
874 0 1 1 64 91 0.015625 0.0131036 0.0129032
875 0 1 0 101 140 0 0 0
876 0 1 0 87 110 0 0 0
877 0 1 0 67 96 0 0 0
878 0 1 0 98 158 0 0 0
879 0 1 0 81 124 0 0 0
880 0 1 0 73 110 0 0 0
881 0 1 0 111 182 0 0 0
882 0 1 0 96 167 0 0 0
883 0 1 0 94 146 0 0 0
884 0 1 0 86 135 0 0 0
885 0 1 1 80 116 0.0125 0.0103807 0.0102041
886 0 1 4 71 102 0.056338 0.0470036 0.0462428
887 0 1 3 113 159 0.0265487 0.0223812 0.0220588
888 0 1 0 93 138 0 0 0
889 0 1 0 102 127 0 0 0
890 0 1 1 81 111 0.0123457 0.0105462 0.0104167
891 0 1 0 116 193 0 0 0
892 0 1 1 103 145 0.00970874 0.00818271 0.00806452
893 0 1 1 89 114 0.011236 0.00992779 0.00985222
894 0 1 1 123 161 0.00813008 0.00710615 0.00704225
895 0 1 0 98 113 0 0 0
896 0 1 0 138 180 0 0 0
897 0 1 0 123 124 0 0 0
898 0 1 0 106 102 0 0 0
899 0 1 0 128 139 0 0 0
900 0 1 0 105 100 0 0 0
901 0 1 0 127 121 0 0 0
902 0 1 0 115 81 0 0 0
903 0 1 0 141 104 0 0 0
904 0 1 1 125 80 0.0125 0.01 0.0097561
905 0 1 2 139 76 0.0263158 0.0194588 0.0186047
906 0 1 3 123 58 0.0517241 0.0355185 0.0331492
907 0 1 5 148 77 0.0649351 0.0468375 0.0444444
908 0 1 3 137 60 0.05 0.0330891 0.0304569
909 0 1 2 172 102 0.0196078 0.0150996 0.0145985
910 0 1 1 150 73 0.0136986 0.00955637 0.00896861
911 0 1 2 141 90 0.0222222 0.0177541 0.017316
912 0 1 0 140 93 0 0 0
913 0 1 0 129 86 0 0 0
914 0 1 0 128 89 0 0 0
915 0 1 0 134 96 0 0 0
916 0 1 1 138 97 0.0103093 0.0086432 0.00851064
917 0 1 1 130 115 0.00869565 0.00817861 0.00816326
918 0 1 1 134 141 0.00746269 0.00727508 0.00727273
919 0 1 2 115 112 0.0178571 0.0176227 0.0176211
920 0 1 4 130 156 0.0307692 0.0280883 0.027972
921 0 1 6 110 128 0.0545455 0.050565 0.0504202
922 0 1 5 128 225 0.0390625 0.0294628 0.0283286
923 0 1 3 96 160 0.03125 0.0242061 0.0234375
924 0 1 2 111 258 0.018018 0.0118184 0.0108401
925 0 1 1 89 184 0.011236 0.00781441 0.00732601
926 0 1 2 97 246 0.0206186 0.0129472 0.0116618
927 0 1 1 90 199 0.0111111 0.00747226 0.00692042
928 0 1 3 102 236 0.0294118 0.0193359 0.0177515
929 0 1 3 88 197 0.0340909 0.0227849 0.0210526
930 0 1 3 108 264 0.0277778 0.0177667 0.016129
931 0 1 9 91 221 0.0989011 0.0634637 0.0576923
932 0 1 7 80 181 0.0875 0.058172 0.0536398
933 0 1 9 88 213 0.102273 0.0657372 0.0598007
934 0 1 8 84 156 0.0952381 0.0698857 0.0666667
935 0 1 1 108 200 0.00925926 0.00680414 0.00649351
936 0 1 2 98 163 0.0204082 0.0158243 0.0153257
937 0 1 1 118 233 0.00847458 0.00603089 0.00569801
938 0 1 2 117 203 0.017094 0.0129774 0.0125
939 0 1 2 89 164 0.0224719 0.0165544 0.0158103
940 0 1 2 118 248 0.0169492 0.0116913 0.010929
941 0 1 1 96 186 0.0104167 0.00748355 0.0070922
942 0 1 0 86 153 0 0 0
943 0 1 2 128 216 0.015625 0.0120281 0.0116279
944 0 1 4 117 183 0.034188 0.0273364 0.0266667
945 0 1 0 105 161 0 0 0
946 0 1 2 77 139 0.025974 0.019332 0.0185185
947 0 1 2 100 213 0.02 0.0137038 0.0127796
948 0 1 1 90 161 0.0111111 0.00830741 0.00796813
949 0 1 2 75 140 0.0266667 0.019518 0.0186047
950 0 1 2 102 204 0.0196078 0.0138648 0.0130719
951 0 1 0 93 156 0 0 0
952 0 1 0 78 138 0 0 0
953 0 1 2 105 203 0.0190476 0.013699 0.012987
954 0 1 0 87 167 0 0 0
955 0 1 3 77 131 0.038961 0.0298703 0.0288462
956 0 1 2 118 192 0.0169492 0.0132873 0.0129032
957 0 1 1 88 154 0.0113636 0.0085901 0.00826446
958 0 1 2 116 207 0.0172414 0.0129067 0.0123839
959 0 1 1 103 171 0.00970874 0.007535 0.00729927
960 0 1 3 73 141 0.0410959 0.0295699 0.0280374
961 0 1 2 91 207 0.021978 0.0145722 0.0134228
962 0 1 1 94 160 0.0106383 0.0081541 0.00787402
963 0 1 3 70 145 0.0428571 0.0297775 0.027907
964 0 1 1 87 183 0.0114943 0.00792528 0.00740741
965 0 1 0 67 174 0 0 0
966 0 1 0 92 239 0 0 0
967 0 1 1 84 194 0.0119048 0.00783357 0.00719424
968 0 1 1 67 165 0.0149254 0.00951088 0.00862069
969 0 1 4 98 222 0.0408163 0.0271188 0.025
970 0 1 5 89 184 0.0561798 0.039072 0.03663
971 0 1 1 83 140 0.0120482 0.00927677 0.00896861
972 0 1 3 102 238 0.0294118 0.0192545 0.0176471
973 0 1 0 93 201 0 0 0
974 0 1 2 75 160 0.0266667 0.0182574 0.0170213
975 0 1 4 109 224 0.0366972 0.025599 0.024024
976 0 1 2 97 171 0.0206186 0.0155291 0.0149254
977 0 1 2 121 250 0.0165289 0.0114992 0.0107817
978 0 1 2 98 201 0.0204082 0.0142501 0.0133779
979 0 1 1 82 156 0.0121951 0.0088416 0.00840336
980 0 1 1 109 223 0.00917431 0.00641408 0.0060241
981 0 1 1 90 177 0.0111111 0.00792305 0.00749064
982 0 1 1 113 255 0.00884956 0.00589102 0.00543478
983 0 1 1 106 220 0.00943396 0.00654841 0.00613497
984 0 1 2 91 157 0.021978 0.0167324 0.016129
985 0 1 3 128 250 0.0234375 0.0167705 0.015873
986 0 1 2 123 205 0.0162602 0.0125951 0.0121951
987 0 1 2 109 182 0.0183486 0.0141998 0.0137457
988 0 1 3 87 154 0.0344828 0.025918 0.0248963
989 0 1 5 124 213 0.0403226 0.0307659 0.0296736
990 0 1 4 101 174 0.039604 0.0301734 0.0290909
991 0 1 5 130 232 0.0384615 0.0287908 0.0276243
992 0 1 4 110 177 0.0363636 0.0286667 0.0278746
993 0 1 6 126 242 0.047619 0.0343604 0.0326087
994 0 1 2 111 185 0.018018 0.0139567 0.0135135
995 0 1 6 131 220 0.0458015 0.0353431 0.034188
996 0 1 6 123 192 0.0487805 0.0390434 0.0380952
997 0 1 7 162 267 0.0432099 0.0336577 0.032634
998 0 1 11 142 235 0.0774648 0.0602164 0.0583554
999 0 1 15 127 208 0.11811 0.0922907 0.0895522
1000 0 1 18 149 257 0.120805 0.0919841 0.0886699
1001 0 1 15 134 226 0.11194 0.0861955 0.0833333
1002 0 1 8 170 302 0.0470588 0.0353071 0.0338983
1003 0 1 14 160 268 0.0875 0.0676084 0.0654206
1004 0 1 7 139 236 0.0503597 0.0386487 0.0373333
1005 0 1 12 159 298 0.0754717 0.0551283 0.0525164
1006 0 1 13 168 295 0.077381 0.0583953 0.0561555
1007 0 1 13 156 261 0.0833333 0.0644259 0.0623501
1008 0 1 12 142 225 0.084507 0.0671345 0.0653951
1009 0 1 11 179 281 0.0614525 0.0490471 0.0478261
1010 0 1 14 173 267 0.0809249 0.0651402 0.0636364
1011 0 1 16 144 248 0.111111 0.0846668 0.0816327
1012 0 1 12 198 309 0.0606061 0.0485143 0.0473373
1013 0 1 20 171 280 0.116959 0.0914014 0.0886918
1014 0 1 17 170 266 0.1 0.0799436 0.0779817
1015 0 1 16 144 226 0.111111 0.088692 0.0864865
1016 0 1 23 165 290 0.139394 0.105145 0.101099
1017 0 1 24 156 271 0.153846 0.116725 0.112412
1018 0 1 21 155 239 0.135484 0.109107 0.106599
1019 0 1 6 160 306 0.0375 0.0271163 0.0257511
1020 0 1 17 160 285 0.10625 0.0796098 0.0764045
1021 0 1 12 141 251 0.0851064 0.0637874 0.0612245
1022 0 1 14 170 319 0.0823529 0.0601185 0.0572597
1023 0 1 13 155 281 0.083871 0.0622909 0.059633
1024 0 1 14 145 264 0.0965517 0.0715553 0.0684597
1025 0 1 8 184 327 0.0434783 0.0326142 0.0313112
1026 0 1 14 175 316 0.08 0.0595341 0.0570265
1027 0 1 13 160 277 0.08125 0.0617509 0.0594966
1028 0 1 14 148 263 0.0945946 0.0709609 0.0681265
1029 0 1 21 174 349 0.12069 0.0852181 0.0803059
1030 0 1 17 163 304 0.104294 0.0763692 0.0728051
1031 0 1 22 156 301 0.141026 0.101526 0.0962801
1032 0 1 22 142 284 0.15493 0.109552 0.103286
1033 0 1 22 141 258 0.156028 0.115346 0.110276
1034 0 1 16 174 347 0.091954 0.0651149 0.0614203
1035 0 1 17 160 311 0.10625 0.0762094 0.0721868
1036 0 1 23 142 274 0.161972 0.116603 0.110577
1037 0 1 18 166 326 0.108434 0.0773766 0.0731707
1038 0 1 19 168 311 0.113095 0.0831225 0.0793319
1039 0 1 26 136 276 0.191176 0.134199 0.126214
1040 0 1 16 171 323 0.0935673 0.0680802 0.0647773
1041 0 1 21 177 292 0.118644 0.0923722 0.0895522
1042 0 1 23 173 284 0.132948 0.103764 0.100656
1043 0 1 26 168 264 0.154762 0.123457 0.12037
1044 0 1 24 202 322 0.118812 0.0941039 0.0916031
1045 0 1 32 205 306 0.156098 0.127765 0.125245
1046 0 1 26 193 287 0.134715 0.110472 0.108333
1047 0 1 21 167 255 0.125749 0.101763 0.0995261
1048 0 1 19 197 345 0.0964467 0.0728804 0.0701107
1049 0 1 22 195 311 0.112821 0.0893357 0.0869565
1050 0 1 18 175 299 0.102857 0.0786897 0.0759494
1051 0 1 16 166 249 0.0963855 0.0786985 0.0771084
1052 0 1 23 189 308 0.121693 0.0953282 0.0925553
1053 0 1 19 164 282 0.115854 0.0883501 0.0852018
1054 0 1 19 169 258 0.112426 0.0909914 0.088993
1055 0 1 21 214 305 0.0981308 0.0821982 0.0809249
1056 0 1 13 200 260 0.065 0.0570088 0.0565217
1057 0 1 14 201 258 0.0696517 0.0614781 0.0610022
1058 0 1 13 187 238 0.0695187 0.0616218 0.0611765
1059 0 1 16 169 208 0.0946746 0.0853385 0.0848806
1060 0 1 11 182 269 0.0604396 0.0497142 0.0487805
1061 0 1 14 185 235 0.0756757 0.0671442 0.0666667
1062 0 1 14 160 203 0.0875 0.0776819 0.077135
1063 0 1 10 172 248 0.0581395 0.0484183 0.047619
1064 0 1 8 141 222 0.0567376 0.0452172 0.0440771
1065 0 1 2 146 145 0.0137931 0.0137458 0.0137457
1066 0 1 3 92 143 0.0326087 0.0261553 0.0255319
1067 0 1 4 108 146 0.037037 0.0318546 0.0314961
1068 0 1 4 180 344 0.0222222 0.0160748 0.0152672
1069 0 1 4 167 286 0.0239521 0.0183029 0.01766
1070 0 1 4 188 315 0.0212766 0.0164371 0.0159046
1071 0 1 7 168 274 0.0416667 0.0326263 0.0316742
1072 0 1 10 167 257 0.0598802 0.0482698 0.0471698
1073 0 1 12 157 246 0.0764331 0.061061 0.0595534
1074 0 1 13 150 225 0.0866667 0.070763 0.0693333
1075 0 1 14 169 330 0.0828402 0.0592827 0.0561122
1076 0 1 15 155 292 0.0967742 0.0705073 0.0671141
1077 0 1 11 125 261 0.088 0.0609 0.0569948
1078 0 1 16 170 395 0.0941176 0.0617443 0.0566372
1079 0 1 13 156 316 0.0833333 0.0585514 0.0550847
1080 0 1 19 162 330 0.117284 0.0821749 0.0772358
1081 0 1 17 195 389 0.0871795 0.0617244 0.0582192
1082 0 1 21 172 330 0.122093 0.0881451 0.0836653
1083 0 1 18 174 328 0.103448 0.0753461 0.0717131
1084 0 1 23 152 299 0.151316 0.107887 0.101996
1085 0 1 19 187 350 0.101604 0.0742675 0.0707635
1086 0 1 21 165 318 0.127273 0.0916777 0.0869565
1087 0 1 21 157 308 0.133758 0.095498 0.0903226
1088 0 1 19 192 399 0.0989583 0.0686462 0.0642978
1089 0 1 17 183 357 0.0928962 0.0665104 0.062963
1090 0 1 23 181 383 0.127072 0.0873553 0.0815603
1091 0 1 20 172 361 0.116279 0.0802624 0.0750469
1092 0 1 27 174 378 0.155172 0.105279 0.0978261
1093 0 1 18 178 362 0.101124 0.0709101 0.0666667
1094 0 1 21 170 367 0.123529 0.084074 0.0782123
1095 0 1 23 168 366 0.136905 0.092754 0.0861423
1096 0 1 31 176 362 0.176136 0.122815 0.115242
1097 0 1 23 180 358 0.127778 0.0906046 0.0855019
1098 0 1 32 180 362 0.177778 0.12536 0.118081
1099 0 1 27 179 346 0.150838 0.108492 0.102857
1100 0 1 28 180 353 0.155556 0.11108 0.105066

# ---------- Global Summary ----------
# CorrFrames: 1095
avg_CorrEdges: 7.35342
avg_match_A: 94.9425
avg_match_B: 185.451
global_RI_MNR: 0.0774514
global_RI_GNR: 0.0554172
global_RI_DICE: 0.0524507

# ---------- Per-Channel Summary ----------
chA: 0 chB: 1 | avgC: 7.35342 avgA: 94.9425 avgB: 185.451 MNR: 0.0644865 GNR: 0.0454054 DICE: 0.0426071
