1439803778.072934 -0.001376949 -0.002700923 0.055110335 0.000156343 0.000168644 0.000061726 0.999999940
1439803778.135435 0.000573976 -0.005197070 0.098529451 -0.000354908 -0.000731304 -0.000052899 0.999999642
1439803778.197937 -0.000079875 -0.008692047 0.153693497 -0.001174004 -0.000596934 0.000341131 0.999999046
1439803778.260441 -0.000387939 -0.011538692 0.205383569 -0.001535134 -0.000581714 0.000885549 0.999998271
1439803778.322940 -0.000935051 -0.014174827 0.256199628 -0.001793005 -0.000678282 0.001433795 0.999997139
1439803778.385441 -0.001066747 -0.017365234 0.307914466 -0.001902982 -0.000698179 0.001236188 0.999997139
1439803778.447943 -0.001430432 -0.020396726 0.358647794 -0.001692446 -0.000744648 0.000959971 0.999997795
1439803778.510446 -0.001171429 -0.023507576 0.409764409 -0.001568969 -0.001270503 0.000894745 0.999997556
1439803778.572947 -0.002317124 -0.025822338 0.461965024 -0.000950275 -0.000911094 0.001165176 0.999998450
1439803778.635447 -0.002215050 -0.029071152 0.511678874 -0.000514532 -0.001207317 0.001272075 0.999998331
1439803778.697953 -0.002281956 -0.031951752 0.563018024 -0.000120841 -0.001389892 0.000675097 0.999998808
1439803778.760453 -0.002433194 -0.034388002 0.612198651 0.000174111 -0.001784479 0.000176253 0.999998391
1439803778.822950 -0.004202131 -0.036919873 0.665386736 0.000060269 -0.001140214 0.000546769 0.999999166
1439803778.885458 -0.004527675 -0.039545059 0.715716243 -0.000753447 -0.001529432 0.002125448 0.999996305
1439803778.947955 -0.004793843 -0.042303529 0.767685354 -0.002148746 -0.001796920 0.002454649 0.999993026
1439803779.010457 -0.005551443 -0.044907860 0.819232762 -0.002949509 -0.001830783 0.001529279 0.999992788
1439803779.072956 -0.005395283 -0.047322422 0.870015562 -0.003457008 -0.002132291 0.002316220 0.999989092
1439803779.135458 -0.006727261 -0.049715597 0.922643304 -0.003968699 -0.001921315 0.002638672 0.999986768
1439803779.197961 -0.007317794 -0.051995877 0.973333001 -0.003462950 -0.002212620 0.003244789 0.999986291
1439803779.260459 -0.007746461 -0.054338161 1.023297310 -0.003054699 -0.002580689 0.003813453 0.999984741
1439803779.322960 -0.007766178 -0.057339046 1.073373318 -0.003056192 -0.003066296 0.004298156 0.999981403
1439803779.385461 -0.008397940 -0.060456414 1.124664307 -0.002741047 -0.003231885 0.004407658 0.999981284
1439803779.447961 -0.009398511 -0.062744908 1.175674438 -0.002292134 -0.003596293 0.004031045 0.999982774
1439803779.510463 -0.010460275 -0.065433696 1.227630734 -0.002239812 -0.003967266 0.004191264 0.999980867
1439803779.572964 -0.010556336 -0.068507791 1.279864907 -0.002063414 -0.004854580 0.004653336 0.999975264
1439803779.635466 -0.011057662 -0.071751073 1.329659581 -0.002288819 -0.005974571 0.005235349 0.999965847
1439803779.697962 -0.012155116 -0.074273303 1.380336523 -0.001810190 -0.007097089 0.005578117 0.999957621
1439803779.760466 -0.013512763 -0.077190273 1.430740476 -0.001255762 -0.008492455 0.005666225 0.999947131
1439803779.822964 -0.014871206 -0.080329686 1.481993318 -0.000836852 -0.009910015 0.005816428 0.999933600
1439803779.885465 -0.016451286 -0.083246589 1.533004761 -0.000844322 -0.011348569 0.005561922 0.999919772
1439803779.947970 -0.017729798 -0.085951403 1.584434390 -0.000920253 -0.012891637 0.005672303 0.999900401
1439803780.010467 -0.020302825 -0.088853404 1.634691715 -0.001495028 -0.014223253 0.005711565 0.999881387
1439803780.072969 -0.022339944 -0.091568768 1.685673237 -0.002067688 -0.015667940 0.005636522 0.999859214
1439803780.135470 -0.023565114 -0.095102258 1.736108661 -0.002672874 -0.017461635 0.006327754 0.999823928
1439803780.197971 -0.026771449 -0.096616782 1.786657810 -0.002733958 -0.018830109 0.006948337 0.999794781
1439803780.260473 -0.028810319 -0.099721365 1.837157845 -0.003360800 -0.020598259 0.007320241 0.999755383
1439803780.322976 -0.031329148 -0.102650255 1.888070107 -0.003450422 -0.022132643 0.007501360 0.999720931
1439803780.385475 -0.034227282 -0.104988694 1.937786102 -0.002975649 -0.023793578 0.008085534 0.999679744
1439803780.447976 -0.036716215 -0.108136714 1.988192439 -0.002399905 -0.025514390 0.008308243 0.999637067
1439803780.510476 -0.039694592 -0.111265033 2.038985968 -0.001658688 -0.026976902 0.008774797 0.999596179
1439803780.572981 -0.043297924 -0.114297859 2.091178179 -0.001322246 -0.028502407 0.009134864 0.999551117
1439803780.635478 -0.046516418 -0.116223231 2.137048244 -0.001403882 -0.030131107 0.009143064 0.999503136
1439803780.697980 -0.050153390 -0.119080752 2.187937737 -0.001415002 -0.031612206 0.009421833 0.999454796
1439803780.760482 -0.053204238 -0.122425348 2.237121582 -0.001208961 -0.033177834 0.009377823 0.999404728
1439803780.822983 -0.057124577 -0.124790139 2.285824060 -0.000316531 -0.034859087 0.010014828 0.999342024
1439803780.885484 -0.060929067 -0.128200337 2.335006714 0.000586411 -0.036394257 0.009396384 0.999293149
1439803780.947986 -0.064459167 -0.131839499 2.384082794 0.001113400 -0.038020421 0.008667064 0.999238789
1439803781.010485 -0.069652550 -0.133768141 2.432385683 0.001774834 -0.039476447 0.008278303 0.999184608
1439803781.072986 -0.074463412 -0.137000456 2.481189489 0.001647219 -0.041016061 0.007705326 0.999127448
1439803781.135489 -0.078646421 -0.140072271 2.530065775 0.001474271 -0.042889450 0.007736130 0.999048769
1439803781.197989 -0.082450926 -0.143761978 2.576278687 0.001102736 -0.044777121 0.007542001 0.998967946
1439803781.260490 -0.088312000 -0.146412358 2.626536846 0.000980724 -0.046369113 0.007871347 0.998892844
1439803781.322992 -0.093242571 -0.149555072 2.674833298 0.001010555 -0.047841135 0.007959747 0.998822749
1439803781.385497 -0.098419920 -0.152776152 2.722572803 0.000849014 -0.049448010 0.007632395 0.998747170
1439803781.447994 -0.103428647 -0.155662835 2.770970583 0.001165087 -0.051201951 0.007875413 0.998656571
1439803781.510496 -0.108355701 -0.158908263 2.818331480 0.001857552 -0.053050071 0.008170024 0.998556733
1439803781.573000 -0.114039809 -0.161008269 2.864482403 0.002373582 -0.054698177 0.008392465 0.998464823
1439803781.635498 -0.120241970 -0.164663613 2.911076307 0.003291364 -0.056289263 0.008126029 0.998376012
1439803781.698002 -0.125225797 -0.168351963 2.956670523 0.003613073 -0.058014456 0.007783100 0.998278856
1439803781.760504 -0.131305620 -0.171368226 3.003669977 0.002566366 -0.059696432 0.007538153 0.998184800
1439803781.823003 -0.136547729 -0.174414843 3.048842192 0.001392214 -0.061428238 0.008821154 0.998071551
1439803781.885504 -0.141557425 -0.178212821 3.098494053 -0.000162898 -0.063171916 0.010369550 0.997948766
1439803781.948007 -0.150741905 -0.178775311 3.146980047 -0.001181557 -0.064324982 0.011269852 0.997864664
1439803782.010507 -0.156798363 -0.181617066 3.193192005 -0.001785102 -0.065810122 0.012218994 0.997755766
1439803782.073011 -0.163805246 -0.183783546 3.240004778 -0.001329048 -0.067160569 0.013398342 0.997651339
1439803782.135510 -0.170272857 -0.187063873 3.285632849 -0.000785328 -0.068573512 0.014078788 0.997546375
1439803782.198014 -0.176681012 -0.189843372 3.331685781 -0.000034972 -0.070154645 0.014726013 0.997427404
1439803782.260513 -0.183749199 -0.193199500 3.378082275 0.000324579 -0.071476296 0.015290811 0.997325003
1439803782.323016 -0.189962983 -0.195313543 3.423671484 0.000657307 -0.072900973 0.015826384 0.997213364
1439803782.385517 -0.195826262 -0.198517948 3.473175287 0.000823134 -0.074640639 0.016489206 0.997073829
1439803782.448019 -0.204244554 -0.201311961 3.517750978 0.000833712 -0.075626455 0.016317979 0.997002363
1439803782.510520 -0.210773200 -0.204373196 3.562537432 0.001013355 -0.077198207 0.016923072 0.996871650
1439803782.573021 -0.218230516 -0.207042038 3.608392239 0.001082126 -0.078569353 0.016748358 0.996767342
1439803782.635521 -0.225216597 -0.210660860 3.653193951 0.001308235 -0.080095530 0.017100176 0.996639609
1439803782.698023 -0.233418405 -0.215035468 3.697716951 0.001533001 -0.081076682 0.016147314 0.996575892
1439803782.760524 -0.240070999 -0.218675122 3.744368792 0.002025067 -0.082365863 0.015644815 0.996477306
1439803782.823025 -0.249658734 -0.218847230 3.793296576 0.002541271 -0.083095141 0.014755324 0.996429145
1439803782.885526 -0.258033276 -0.222229540 3.838291883 0.002577753 -0.083769538 0.014603617 0.996374786
1439803782.948032 -0.265981138 -0.225854501 3.881468534 0.001973741 -0.084508523 0.014400061 0.996316731
1439803783.010529 -0.273258358 -0.228000134 3.927283764 0.001335161 -0.085289307 0.013661928 0.996261716
1439803783.073030 -0.280906647 -0.230310708 3.970736504 0.000875095 -0.086107560 0.012567943 0.996206164
1439803783.135532 -0.289291739 -0.234094635 4.014948368 0.000752244 -0.086904861 0.012611971 0.996136487
1439803783.198033 -0.296434015 -0.236318037 4.058552265 0.000666116 -0.087735377 0.012148788 0.996069491
1439803783.260535 -0.306241721 -0.238391384 4.105740070 0.001158708 -0.088300854 0.011898440 0.996022105
1439803783.323039 -0.312545300 -0.241219908 4.147257328 0.001373935 -0.089438528 0.011544304 0.995924532
1439803783.385538 -0.323429853 -0.244645461 4.197821617 0.001528549 -0.089577049 0.010916532 0.995918870
1439803783.448040 -0.332636714 -0.247273788 4.242228985 0.001670766 -0.090065524 0.010436094 0.995879769
1439803783.510540 -0.341316700 -0.250147998 4.285749435 0.001866555 -0.090751685 0.010163124 0.995819926
1439803783.573045 -0.350947201 -0.252420545 4.330089092 0.001870329 -0.091027662 0.009584713 0.995800495
1439803783.635543 -0.359243602 -0.255947858 4.372502327 0.001752348 -0.091853894 0.009565766 0.995725036
1439803783.698044 -0.368132204 -0.258407027 4.418812275 0.002023342 -0.092480019 0.008866925 0.995673001
1439803783.760547 -0.375787824 -0.261069626 4.462451458 0.002167429 -0.093102992 0.008114696 0.995621085
1439803783.823049 -0.385494858 -0.264784575 4.503505230 0.001839779 -0.093396246 0.007191420 0.995601356
1439803783.885551 -0.395148546 -0.264107257 4.549505234 0.002513110 -0.093739532 0.007057265 0.995568573
1439803783.948051 -0.403673023 -0.266275913 4.591357708 0.002565486 -0.094316982 0.007259488 0.995512486
1439803784.010551 -0.411258042 -0.273274720 4.635989189 0.001722283 -0.094734855 0.006845564 0.995477498
1439803784.073053 -0.422433138 -0.277233481 4.683014393 0.001182839 -0.094594434 0.006392825 0.995494664
1439803784.135553 -0.430871248 -0.279244959 4.726932049 0.001126984 -0.094905987 0.005905316 0.995468080
1439803784.198055 -0.439903021 -0.282636791 4.771022797 0.000954095 -0.095211834 0.005994438 0.995438516
1439803784.260560 -0.447323978 -0.285675794 4.810199738 0.000590281 -0.095742241 0.006093245 0.995387316
1439803784.323057 -0.456196904 -0.287422538 4.853532791 0.000373428 -0.095855005 0.005866607 0.995377958
1439803784.385561 -0.464570969 -0.290172040 4.896786213 0.000573823 -0.096057899 0.006150614 0.995356560
1439803784.448071 -0.475209802 -0.294759154 4.940709114 0.000006563 -0.095388465 0.005431935 0.995425284
1439803784.510562 -0.482729137 -0.296358228 4.982699871 -0.000176175 -0.095599405 0.006626800 0.995397806
1439803784.573064 -0.491724879 -0.298556149 5.027384281 -0.000395116 -0.095749766 0.007603566 0.995376289
1439803784.635564 -0.499250680 -0.301948220 5.069709778 -0.000915824 -0.095853239 0.007785259 0.995364606
1439803784.698066 -0.509166598 -0.304262817 5.113195896 -0.000689055 -0.095589012 0.008520613 0.995384157
1439803784.760568 -0.515879273 -0.307053626 5.153926373 -0.000302248 -0.096118711 0.009206025 0.995327234
1439803784.823068 -0.524954021 -0.309723765 5.196977615 0.000538173 -0.096007489 0.009517552 0.995334983
1439803784.885571 -0.530304015 -0.313980043 5.232543468 0.001137368 -0.096846126 0.009977276 0.995248735
1439803784.948071 -0.540090203 -0.316476554 5.279570103 0.001707476 -0.096548848 0.010013829 0.995276392
1439803785.010573 -0.546707511 -0.320149779 5.318674088 0.001707801 -0.097083822 0.010879178 0.995215297
1439803785.073074 -0.557716310 -0.320887834 5.360058308 0.002023849 -0.096724719 0.011213196 0.995245934
1439803785.135576 -0.566554427 -0.322544992 5.403236866 0.002284632 -0.096612461 0.010844749 0.995260358
1439803785.198077 -0.575931549 -0.324957907 5.445634842 0.002377002 -0.096352406 0.010316561 0.995290995
1439803785.260578 -0.583926558 -0.327938437 5.487226963 0.002154486 -0.096414149 0.008937132 0.995298862
1439803785.323079 -0.592326999 -0.330063105 5.527485847 0.001187608 -0.096337587 0.005521262 0.995332718
1439803785.385581 -0.601572156 -0.332558870 5.569356918 0.000829811 -0.095964365 0.004766606 0.995373011
1439803785.448082 -0.610224128 -0.334538639 5.609810829 0.002027369 -0.095428072 0.007011520 0.995409548
1439803785.510583 -0.617318511 -0.338498801 5.648947239 0.003130008 -0.095498644 0.009038654 0.995383620
1439803785.573085 -0.625636935 -0.340433717 5.692467690 0.005013747 -0.094764769 0.010064190 0.995436192
1439803785.635589 -0.632760644 -0.343984604 5.733211517 0.006440798 -0.093859524 0.008927962 0.995524585
1439803785.698088 -0.640217185 -0.347517997 5.775560379 0.006939209 -0.093134411 0.008818502 0.995590329
1439803785.760590 -0.647335351 -0.349073619 5.818583965 0.006219150 -0.092407815 0.008470882 0.995665789
1439803785.823093 -0.656040013 -0.352269202 5.860021591 0.004402816 -0.091423519 0.008558401 0.995765567
1439803785.885592 -0.663740516 -0.355439484 5.902146816 0.002900157 -0.090304837 0.008971671 0.995869517
1439803785.948093 -0.670979917 -0.357878417 5.943625450 0.002360869 -0.089270905 0.008858738 0.995965183
1439803786.010595 -0.677249193 -0.361336589 5.984881878 0.002219416 -0.088085495 0.008008461 0.996078253
1439803786.073099 -0.684450805 -0.364272237 6.026798725 0.002450530 -0.086854912 0.007649797 0.996188581
1439803786.135600 -0.691233039 -0.367108852 6.067355156 0.002884553 -0.085746020 0.007206011 0.996286809
1439803786.198100 -0.697924018 -0.369646937 6.110206127 0.002965383 -0.084506281 0.006030065 0.996400297
1439803786.323101 -0.713236094 -0.373304307 6.192256927 0.001763704 -0.081876703 0.004773685 0.996629477
1439803786.385603 -0.719944000 -0.375680983 6.234111309 0.000793763 -0.080725089 0.005477567 0.996721029
1439803786.448102 -0.728219271 -0.378332049 6.277245522 -0.000029727 -0.079195395 0.005019591 0.996846497
1439803786.510602 -0.733990908 -0.380558491 6.316982269 -0.000311252 -0.078079686 0.004781242 0.996935606
1439803786.573104 -0.740026772 -0.383323491 6.359630585 -0.000772803 -0.076877140 0.004940727 0.997028053
1439803786.698103 -0.752082467 -0.386734962 6.440487385 0.000717283 -0.074364670 0.006528695 0.997209489
1439803786.760604 -0.759153783 -0.390312791 6.482055187 0.001467598 -0.072904319 0.006856907 0.997314274
1439803786.823107 -0.765339851 -0.392119706 6.524108887 0.002857678 -0.071410812 0.007361737 0.997415721
1439803786.885605 -0.771905899 -0.394138038 6.566545963 0.004355696 -0.069541454 0.007903889 0.997538209
1439803786.948105 -0.777975261 -0.397334874 6.608135700 0.005553824 -0.067776099 0.008630901 0.997647762
1439803787.073107 -0.787484527 -0.402976900 6.691907406 0.006213618 -0.064395510 0.009661232 0.997858346
1439803787.135607 -0.793017149 -0.405115455 6.734992504 0.006071781 -0.062585540 0.009528670 0.997975647
1439803787.198108 -0.799588859 -0.407713503 6.779071808 0.005621836 -0.060941204 0.010445102 0.998070896
1439803787.260608 -0.805119514 -0.410916805 6.818624496 0.004548630 -0.059904926 0.011896815 0.998122811
1439803787.323109 -0.810408354 -0.412701517 6.862566471 0.003906113 -0.059053719 0.013611414 0.998154342
1439803787.448109 -0.819014728 -0.418356031 6.947970390 0.001977092 -0.057661604 0.014301485 0.998231769
1439803787.510612 -0.824565411 -0.421159387 6.991824150 0.000888962 -0.056669321 0.013612217 0.998299778
1439803787.573112 -0.829630435 -0.423203230 7.035409927 0.000608362 -0.055871762 0.013719280 0.998343468
1439803787.635613 -0.833688974 -0.425890386 7.077831745 0.000339032 -0.055395551 0.013945889 0.998367012
1439803787.698114 -0.838320434 -0.427982122 7.122706413 0.000968802 -0.054775469 0.014562551 0.998392045
1439803787.760615 -0.842800140 -0.432026207 7.168323517 0.000938819 -0.053922839 0.014596545 0.998437941
1439803787.823117 -0.848592043 -0.432792783 7.210987568 0.001141638 -0.052966006 0.014448343 0.998491168
1439803787.885617 -0.853222549 -0.435324818 7.255828857 0.000378697 -0.052105781 0.013956456 0.998543978
1439803787.948117 -0.858769059 -0.437482327 7.301077843 -0.000512858 -0.051132180 0.012572054 0.998612642
1439803788.010619 -0.863516331 -0.440066725 7.345070839 -0.001178120 -0.050186925 0.010251485 0.998686552
1439803788.073119 -0.868180752 -0.442871094 7.390769005 -0.001817676 -0.048786215 0.008208741 0.998773873
1439803788.135619 -0.872723103 -0.445633858 7.434774399 -0.001933046 -0.047293313 0.008007823 0.998847067
1439803788.198120 -0.876603007 -0.448934525 7.478755951 -0.001811583 -0.045343753 0.008492441 0.998933733
1439803788.260621 -0.881000996 -0.450373024 7.524350643 -0.001626820 -0.043244224 0.008219959 0.999029398
1439803788.323121 -0.885031819 -0.451936066 7.569891930 -0.001418358 -0.040876463 0.007259759 0.999136865
1439803788.385622 -0.888207316 -0.454874516 7.614479542 -0.001252859 -0.038819239 0.006624103 0.999223471
1439803788.448122 -0.891415238 -0.457342267 7.660584927 -0.001263794 -0.036793754 0.006898223 0.999298275
1439803788.510622 -0.894519806 -0.459120631 7.706005096 -0.000890126 -0.035002589 0.006873300 0.999363184
1439803788.573123 -0.897526920 -0.461710960 7.750258446 -0.000407700 -0.032803349 0.007083850 0.999436617
1439803788.635625 -0.900192022 -0.464256912 7.795879841 0.000870239 -0.030515999 0.008247823 0.999499857
1439803788.698125 -0.901540101 -0.466069788 7.840018749 0.002198425 -0.028479211 0.008916665 0.999552190
1439803788.760625 -0.904108703 -0.468639761 7.885562420 0.003289338 -0.025916604 0.007207382 0.999632716
1439803788.823127 -0.906948566 -0.471016169 7.930711269 0.003675118 -0.023332397 0.005505594 0.999705851
1439803788.885629 -0.909266472 -0.475276470 7.976755142 0.001765632 -0.020356631 0.004862623 0.999779403
1439803788.948130 -0.910102367 -0.477872312 8.020104408 -0.000132653 -0.017736547 0.003784189 0.999835551
1439803789.010630 -0.910902262 -0.479659259 8.068531036 -0.001772625 -0.015474624 0.004121167 0.999870181
1439803789.073132 -0.911386251 -0.482165009 8.113523483 -0.002707711 -0.012704151 0.004973000 0.999903262
1439803789.135633 -0.912900507 -0.484467328 8.157872200 -0.002170082 -0.009465272 0.006794282 0.999929786
1439803789.198135 -0.911451638 -0.487786293 8.203922272 -0.000971725 -0.006892432 0.006890346 0.999952018
1439803789.260637 -0.911639035 -0.489649028 8.249440193 0.000377458 -0.003752799 0.007398340 0.999965489
1439803789.323136 -0.911252081 -0.491666079 8.293677330 0.000996610 -0.000452535 0.007550433 0.999970853
1439803789.385640 -0.912779212 -0.494881034 8.338468552 0.000933118 0.002763003 0.007681256 0.999966204
1439803789.448139 -0.911884606 -0.497701794 8.383129120 0.000407409 0.005800554 0.008009784 0.999951005
1439803789.510641 -0.911115646 -0.499938428 8.428400993 0.000260453 0.009074907 0.008636453 0.999921501
1439803789.573142 -0.909874141 -0.502549589 8.471861839 0.000034690 0.012421565 0.009295430 0.999879658
1439803789.635643 -0.908116221 -0.505366087 8.518346786 -0.000654368 0.015650574 0.009374339 0.999833345
1439803789.698144 -0.905855536 -0.508380830 8.564249039 -0.001728799 0.018896015 0.009179562 0.999777794
1439803789.760646 -0.903748751 -0.510893226 8.609016418 -0.002199056 0.022148965 0.009364619 0.999708414
1439803789.823146 -0.900480688 -0.513042808 8.652104378 -0.002536664 0.025297845 0.009493985 0.999631643
1439803789.885648 -0.897693336 -0.515916407 8.696084976 -0.002616131 0.028476400 0.010033286 0.999540687
1439803789.948149 -0.894770265 -0.516985297 8.741180420 -0.001485698 0.031761073 0.011038549 0.999433398
1439803790.010650 -0.891745329 -0.518803537 8.787986755 -0.001249331 0.035462227 0.010954097 0.999310195
1439803790.073154 -0.888001800 -0.520950198 8.831824303 -0.001281434 0.038946532 0.011468906 0.999174654
1439803790.135653 -0.884206653 -0.523462892 8.875571251 -0.001606615 0.042583559 0.011014875 0.999030888
1439803790.198154 -0.879531920 -0.525326490 8.920185089 -0.001043281 0.046166677 0.012235058 0.998858273
1439803790.260660 -0.874076486 -0.528496563 8.959095955 -0.001093113 0.049421377 0.013118153 0.998691261
1439803790.323158 -0.870656788 -0.529929459 9.006508827 -0.000559807 0.053729016 0.013176131 0.998468459
1439803790.385659 -0.865291357 -0.531944036 9.050250053 -0.000279761 0.057748504 0.012920662 0.998247504
1439803790.448160 -0.859458804 -0.534784853 9.093502045 -0.000085351 0.061752658 0.012993302 0.998006880
1439803790.510661 -0.852846146 -0.537168086 9.136386871 -0.000126726 0.065757811 0.014079831 0.997736216
1439803790.573163 -0.847853184 -0.537618101 9.182745934 -0.000650562 0.070430942 0.013650876 0.997422993
1439803790.635664 -0.841939926 -0.540618956 9.222237587 -0.001512152 0.074505955 0.013147191 0.997132719
1439803790.698170 -0.833253860 -0.541998446 9.266713142 -0.001911368 0.078822322 0.012816562 0.996804476
1439803790.760667 -0.826096773 -0.544336617 9.309626579 -0.002224964 0.083220705 0.012414708 0.996451318
1439803790.823168 -0.817767978 -0.544328809 9.353499413 -0.002462927 0.087584063 0.011648818 0.996085942
1439803790.885669 -0.810456991 -0.546550333 9.400157928 -0.002560322 0.092467569 0.010504882 0.995656967
1439803790.948174 -0.801931977 -0.547670603 9.442539215 -0.002638983 0.097103968 0.009893777 0.995221555
1439803791.010673 -0.788835883 -0.551911116 9.485280991 -0.003523466 0.101188838 0.009267222 0.994817853
1439803791.073171 -0.778895497 -0.547050476 9.530779839 -0.003509882 0.106037535 0.007406760 0.994328320
1439803791.135672 -0.770774126 -0.552968740 9.569576263 -0.003755838 0.110379785 0.009152425 0.993840277
1439803791.198173 -0.760531425 -0.554163337 9.612414360 -0.003693523 0.115018487 0.009009390 0.993315637
1439803791.260673 -0.747972488 -0.555711091 9.656725883 -0.003572365 0.119585417 0.009055405 0.992776215
1439803791.323177 -0.735198021 -0.558792114 9.699738503 -0.003807303 0.123858877 0.009594414 0.992246151
1439803791.385674 -0.725772858 -0.560788214 9.740182877 -0.003846590 0.128092319 0.009599786 0.991708338
1439803791.448175 -0.715748549 -0.564575613 9.782156944 -0.004211338 0.132386208 0.009939315 0.991139412
1439803791.510675 -0.702491045 -0.564688027 9.826415062 -0.003707383 0.136343062 0.010149295 0.990602732
1439803791.573179 -0.688258648 -0.565324008 9.866582870 -0.003756403 0.139699370 0.010011741 0.990136206
1439803791.635681 -0.675351381 -0.567719281 9.908269882 -0.003956987 0.143212333 0.009985930 0.989633679
1439803791.698179 -0.661516666 -0.569361925 9.950189590 -0.004234649 0.146341577 0.010358434 0.989170790
1439803791.760681 -0.647567511 -0.570554972 9.992529869 -0.004301402 0.149355069 0.010833243 0.988714933
1439803791.823182 -0.635605335 -0.574372470 10.033569336 -0.004809293 0.152291298 0.011878438 0.988252580
1439803791.885683 -0.624315739 -0.575682163 10.075800896 -0.004804803 0.155210584 0.013004608 0.987784088
1439803791.948184 -0.609200239 -0.577142715 10.115571976 -0.004539406 0.157106668 0.013996713 0.987471998
1439803792.010685 -0.595089436 -0.579383492 10.156559944 -0.004121028 0.159206137 0.014974588 0.987123191
1439803792.073186 -0.581180573 -0.580991983 10.198972702 -0.003848589 0.161522537 0.016215438 0.986728311
1439803792.135687 -0.566443443 -0.583103836 10.240244865 -0.004458429 0.163502917 0.017599331 0.986375809
1439803792.198188 -0.552390575 -0.584480882 10.280488968 -0.005319799 0.165450692 0.019062892 0.986019433
1439803792.260690 -0.537694216 -0.585543334 10.321405411 -0.006635022 0.167572126 0.019282296 0.985648870
1439803792.323190 -0.522567272 -0.587021172 10.363214493 -0.007983943 0.169697210 0.019685609 0.985267282
1439803792.385692 -0.508013010 -0.588812470 10.403066635 -0.008580407 0.171627954 0.019823734 0.984924972
1439803792.448195 -0.493175030 -0.590045333 10.445180893 -0.008139981 0.173761457 0.019515848 0.984560728
1439803792.510694 -0.477935791 -0.592187166 10.486611366 -0.006741649 0.175921217 0.019271800 0.984192491
1439803792.573210 -0.461686611 -0.593630195 10.528057098 -0.005412387 0.177906573 0.019286554 0.983843505
1439803792.635696 -0.445688009 -0.595157385 10.568863869 -0.004675975 0.179823130 0.018874269 0.983506739
1439803792.698206 -0.430403471 -0.596546829 10.608563423 -0.004567618 0.181675732 0.018629903 0.983171403
1439803792.760701 -0.414499760 -0.598436415 10.648493767 -0.004804697 0.183340773 0.018737100 0.982859075
1439803792.823200 -0.399200678 -0.600549936 10.689559937 -0.004775448 0.184969723 0.018790996 0.982552946
1439803792.885704 -0.382679462 -0.601951957 10.730237961 -0.004806188 0.186061114 0.019544525 0.982331991
1439803792.948202 -0.366045475 -0.603880644 10.770524979 -0.004895057 0.187054053 0.020187216 0.982129991
1439803793.010705 -0.348854542 -0.605883300 10.812220573 -0.005077658 0.188332722 0.020319153 0.981881917
1439803793.073206 -0.333758354 -0.606676638 10.852208138 -0.005289978 0.189472705 0.020370379 0.981660426
1439803793.135708 -0.317627192 -0.608223796 10.891958237 -0.006356125 0.190512106 0.020159053 0.981457233
1439803793.198209 -0.301148176 -0.609550178 10.933408737 -0.006598340 0.191430420 0.020026151 0.981279671
1439803793.260711 -0.284751177 -0.611247301 10.974233627 -0.007180051 0.192274332 0.020302398 0.981104910
1439803793.323210 -0.268251181 -0.613357782 11.013920784 -0.007607582 0.192953065 0.020945495 0.980954885
1439803793.385712 -0.251240969 -0.613787293 11.055941582 -0.007765763 0.194010660 0.020825658 0.980747581
1439803793.448213 -0.233520031 -0.616027892 11.095156670 -0.007920831 0.194598779 0.021280270 0.980620086
1439803793.510715 -0.216807365 -0.617196262 11.135365486 -0.007512204 0.195510834 0.021512285 0.980436802
1439803793.573216 -0.199725866 -0.618507504 11.176192284 -0.007454527 0.196428120 0.021278631 0.980258942
1439803793.635716 -0.182849407 -0.619704425 11.216294289 -0.007557294 0.197267577 0.021162128 0.980092108
1439803793.698216 -0.166072607 -0.621245146 11.256693840 -0.007628346 0.198163301 0.021497196 0.979903519
1439803793.760721 -0.149365425 -0.622639656 11.296244621 -0.007782210 0.198904380 0.022206187 0.979736388
1439803793.823218 -0.132371426 -0.624184966 11.336223602 -0.008380038 0.199609950 0.021851681 0.979595900
1439803793.885718 -0.115360260 -0.624985099 11.377056122 -0.008396639 0.200380012 0.021676853 0.979442418
1439803793.948220 -0.097271442 -0.626434445 11.417060852 -0.008180470 0.200664267 0.021386921 0.979392409
1439803794.010721 -0.080946922 -0.628608823 11.457513809 -0.007895799 0.201409072 0.020833135 0.979253829
1439803794.073225 -0.063884258 -0.629563093 11.498015404 -0.007299561 0.202084869 0.019895751 0.979138672
1439803794.135724 -0.046844006 -0.631127834 11.537880898 -0.006505370 0.202634394 0.019461976 0.979039431
1439803794.198225 -0.029035091 -0.633109510 11.577975273 -0.006437662 0.203141019 0.018672725 0.978950262
1439803794.260726 -0.012539387 -0.634157658 11.618627548 -0.006130653 0.203917667 0.018175000 0.978800118
1439803794.323229 0.005976677 -0.635998666 11.659349442 -0.006061480 0.204232350 0.018269479 0.978733182
1439803794.385728 0.023123741 -0.637290478 11.699206352 -0.005966219 0.204622760 0.017851850 0.978659928
1439803794.448230 0.040624619 -0.639374852 11.739599228 -0.006639673 0.205040455 0.017024141 0.978582919
1439803794.510735 0.057699203 -0.640775084 11.780016899 -0.007481060 0.205636442 0.016713981 0.978457093
1439803794.573233 0.075965405 -0.642359674 11.821716309 -0.007960626 0.206184819 0.016488094 0.978341758
1439803794.635733 0.093454838 -0.644045353 11.861400604 -0.007604728 0.206436709 0.016407810 0.978292823
1439803794.698233 0.111372948 -0.645840347 11.901525497 -0.006960719 0.206726536 0.015718054 0.978247762
1439803794.760737 0.128637791 -0.647009492 11.941753387 -0.006459449 0.207148448 0.015186779 0.978170276
1439803794.823239 0.146009922 -0.648594022 11.981496811 -0.006207211 0.207302019 0.014989653 0.978142440
1439803794.885740 0.163555145 -0.649662733 12.022090912 -0.006570934 0.207685664 0.014651679 0.978063822
1439803794.948241 0.181120396 -0.651598394 12.061099052 -0.007889129 0.207735851 0.015040128 0.978037536
1439803795.010742 0.197884560 -0.652301610 12.101502419 -0.008881230 0.208337709 0.015563133 0.977892816
1439803795.073243 0.215848923 -0.653557658 12.141524315 -0.009868815 0.208555803 0.015151219 0.977843285
1439803795.135743 0.233248234 -0.655081987 12.180396080 -0.009998885 0.208836272 0.014917516 0.977785707
1439803795.198244 0.250447273 -0.656339347 12.220201492 -0.009219542 0.209330574 0.014793615 0.977689564
1439803795.260749 0.267587662 -0.658223510 12.258997917 -0.007927047 0.209490702 0.015093029 0.977662027
1439803795.323248 0.284664154 -0.659779191 12.298000336 -0.006158303 0.209721059 0.015115300 0.977625012
1439803795.385749 0.302766323 -0.661715746 12.338099480 -0.004286216 0.210208058 0.015722577 0.977520823
1439803795.448251 0.321571827 -0.662503183 12.378140450 -0.003360938 0.210559785 0.017015597 0.977427065
1439803795.510751 0.338548660 -0.663539469 12.418192863 -0.004529129 0.211416855 0.016938724 0.977238715
1439803795.573253 0.356659412 -0.664684415 12.457788467 -0.006440938 0.211924449 0.016383624 0.977127433
1439803795.635754 0.374190331 -0.666309893 12.496627808 -0.008424620 0.212480471 0.016617769 0.976987660
1439803795.698270 0.391916752 -0.668130398 12.535042763 -0.009856287 0.212890908 0.017285755 0.976873338
1439803795.760757 0.409715652 -0.670001566 12.574404716 -0.010369028 0.213414922 0.017872408 0.976743102
1439803795.823258 0.427839279 -0.671423674 12.613391876 -0.009592242 0.213932559 0.017883150 0.976637602
1439803795.885762 0.445632935 -0.672665119 12.651781082 -0.008146855 0.214367107 0.017790521 0.976557136
1439803795.948262 0.462535381 -0.673148513 12.691219330 -0.006949118 0.215060264 0.017139433 0.976425648
1439803796.010762 0.480150700 -0.675267935 12.729418755 -0.006669371 0.215307280 0.016735399 0.976380169
1439803796.073265 0.498517036 -0.676203787 12.768819809 -0.006181541 0.215659440 0.016420281 0.976311028
1439803796.135763 0.515460491 -0.677558482 12.806930542 -0.006140329 0.215976566 0.016119359 0.976246178
1439803796.198267 0.533013821 -0.678748667 12.845451355 -0.006243875 0.216244444 0.016229032 0.976184368
1439803796.260765 0.550983906 -0.680288732 12.884490967 -0.006346970 0.216658011 0.016529849 0.976086974
1439803796.323265 0.568548203 -0.681688666 12.922875404 -0.006251520 0.217078343 0.017142024 0.975983620
1439803796.385766 0.585464478 -0.683026314 12.960735321 -0.006038625 0.217466533 0.017448658 0.975893080
1439803796.448268 0.602968216 -0.684317350 12.998767853 -0.006119746 0.217998594 0.017593192 0.975771308
1439803796.510769 0.621652126 -0.685378134 13.037742615 -0.006127353 0.218264624 0.018024575 0.975703895
1439803796.573270 0.639786720 -0.687007368 13.075897217 -0.006031913 0.218423486 0.018419733 0.975661576
1439803796.635772 0.656760693 -0.688618064 13.113565445 -0.005859648 0.218860090 0.017934676 0.975573838
1439803796.698275 0.675010681 -0.690255463 13.151481628 -0.005805344 0.219079211 0.017856218 0.975526392
1439803796.760774 0.692727566 -0.691764593 13.189144135 -0.006137402 0.219277635 0.018418267 0.975469351
1439803796.823281 0.710838318 -0.692906678 13.227157593 -0.006301347 0.219487756 0.019414192 0.975401700
1439803796.885779 0.729006290 -0.694581628 13.264629364 -0.006667659 0.219586387 0.019850979 0.975368261
1439803796.948280 0.746978283 -0.695938349 13.302621841 -0.007057922 0.219903395 0.020125769 0.975288510
1439803797.010781 0.764657021 -0.697439551 13.339816093 -0.007324317 0.220184252 0.020619357 0.975212872
1439803797.073281 0.782671928 -0.698448062 13.378085136 -0.007334620 0.220454335 0.020469764 0.975154877
1439803797.135783 0.800322056 -0.700087726 13.415407181 -0.007413418 0.220447242 0.020674052 0.975151598
1439803797.198285 0.817844868 -0.701193810 13.452898979 -0.007601229 0.220364451 0.020752419 0.975167155
1439803797.260790 0.836199284 -0.702748358 13.490715027 -0.008007915 0.219987422 0.020517677 0.975253999
1439803797.323290 0.853678703 -0.704035997 13.528155327 -0.008182067 0.219923794 0.020340722 0.975270629
1439803797.385789 0.870766640 -0.705450892 13.565509796 -0.008311219 0.220018476 0.020418458 0.975246549
1439803797.448293 0.888936043 -0.706658840 13.602665901 -0.008047130 0.219660819 0.021152195 0.975313783
1439803797.510790 0.906240463 -0.707855701 13.640341759 -0.007798450 0.219691962 0.021488300 0.975301385
1439803797.573291 0.923961163 -0.708726287 13.677417755 -0.007923925 0.219661966 0.021701552 0.975302458
1439803797.635794 0.941738129 -0.709996700 13.716451645 -0.008418998 0.220014378 0.021095732 0.975232184
1439803797.698292 0.958480835 -0.711245537 13.753031731 -0.008833986 0.219835743 0.020200144 0.975287735
1439803797.760792 0.975835323 -0.712649226 13.789753914 -0.008988395 0.219534770 0.019514564 0.975368083
1439803797.823298 0.993034363 -0.715059638 13.827182770 -0.009787399 0.219476148 0.019201953 0.975379765
1439803797.885794 1.010426044 -0.715541601 13.866490364 -0.009517268 0.219464421 0.019763866 0.975373864
1439803797.948294 1.028035641 -0.717182755 13.903328896 -0.009643126 0.219062746 0.019631477 0.975465596
1439803798.010795 1.045721531 -0.717916369 13.940303802 -0.009659328 0.218845546 0.019092150 0.975524902
1439803798.073295 1.062260628 -0.718610466 13.978154182 -0.009818026 0.219257742 0.018247997 0.975446880
1439803798.135797 1.079346180 -0.719704747 14.015106201 -0.009797052 0.219252512 0.017668353 0.975458920
1439803798.198299 1.096323967 -0.721022010 14.052970886 -0.009349581 0.219282508 0.016866695 0.975470781
1439803798.260798 1.113232613 -0.722269177 14.089752197 -0.009369197 0.219204769 0.015786741 0.975506127
1439803798.323302 1.130409718 -0.723193944 14.127991676 -0.009923062 0.219311044 0.014583936 0.975495517
1439803798.385803 1.147482395 -0.724731445 14.165885925 -0.011416651 0.219105989 0.012880419 0.975549221
1439803798.448304 1.164284706 -0.725977540 14.203164101 -0.012299745 0.218940303 0.011327524 0.975594938
1439803798.510803 1.181927681 -0.727215052 14.241035461 -0.012624564 0.218726456 0.011714105 0.975634217
1439803798.573308 1.198416710 -0.728400648 14.277338028 -0.011497705 0.218644932 0.012720142 0.975653827
1439803798.635806 1.215412617 -0.730133057 14.313912392 -0.009464251 0.218554556 0.012335117 0.975700855
1439803798.698308 1.231847763 -0.731555521 14.350271225 -0.006879935 0.218692064 0.011050263 0.975707054
1439803798.760812 1.248394966 -0.733167470 14.386843681 -0.004817757 0.218986899 0.010229100 0.975662291
1439803798.823312 1.265133858 -0.734975815 14.423279762 -0.003521856 0.219009295 0.009878686 0.975666404
1439803798.885812 1.282076836 -0.736542523 14.459729195 -0.003220854 0.218519136 0.010419821 0.975771725
1439803798.948313 1.299156189 -0.738202095 14.496167183 -0.003880008 0.218183950 0.011117439 0.975836575
1439803799.010817 1.315841675 -0.739589155 14.533011436 -0.004884616 0.218234420 0.011771806 0.975813150
1439803799.073318 1.333221912 -0.741733074 14.569093704 -0.006133288 0.217896074 0.012656609 0.975870669
1439803799.135818 1.350347519 -0.743395090 14.605532646 -0.006997939 0.217739120 0.013226653 0.975892305
1439803799.198321 1.366638184 -0.744880319 14.641700745 -0.007306988 0.217799380 0.013583352 0.975871682
1439803799.260823 1.383785248 -0.746024847 14.678869247 -0.007202373 0.217718348 0.015067888 0.975868702
1439803799.323322 1.400714397 -0.747506142 14.714397430 -0.007327740 0.217549711 0.015816683 0.975893617
1439803799.385824 1.417173862 -0.748777747 14.750507355 -0.007370316 0.217660964 0.015670005 0.975870788
1439803799.448325 1.433406353 -0.750286996 14.786328316 -0.006884251 0.217648923 0.016035659 0.975871086
1439803799.510826 1.450278282 -0.751709342 14.821373940 -0.006717850 0.217445254 0.015814245 0.975921273
1439803799.573329 1.466850281 -0.753086090 14.856725693 -0.006325889 0.217172399 0.015972054 0.975982070
1439803799.635829 1.483132839 -0.754449606 14.892562866 -0.006271552 0.217205226 0.015442384 0.975983620
1439803799.698330 1.500156403 -0.756035686 14.928800583 -0.006271874 0.217004925 0.015824424 0.976022065
1439803799.760832 1.516367912 -0.757366180 14.963201523 -0.006960476 0.216836557 0.016666146 0.976040840
1439803799.823334 1.531705379 -0.759448647 14.998983383 -0.007632919 0.216941521 0.017516565 0.975997567
1439803799.885834 1.548359871 -0.759889007 15.034023285 -0.007878595 0.217092067 0.017006706 0.975971162
1439803799.948336 1.564721584 -0.760826468 15.070467949 -0.007738654 0.217341229 0.016993722 0.975917041
1439803800.010841 1.580296516 -0.762306094 15.104084015 -0.007367246 0.217313781 0.016869713 0.975928187
1439803800.073339 1.596369743 -0.762689292 15.140007973 -0.006267603 0.217459843 0.016035544 0.975917399
1439803800.135840 1.612818241 -0.765350819 15.175202370 -0.005546112 0.217489541 0.015707536 0.975920498
1439803800.198342 1.629091740 -0.766818047 15.210102081 -0.004972489 0.217521772 0.015346283 0.975922167
1439803800.260843 1.644898415 -0.768116832 15.244768143 -0.005010891 0.217620999 0.014795905 0.975908339
1439803800.323345 1.661008358 -0.769402087 15.280243874 -0.005218625 0.217801064 0.014272134 0.975874841
1439803800.385845 1.677525520 -0.770589590 15.314395905 -0.005713465 0.217708066 0.014196432 0.975893974
1439803800.448361 1.693115234 -0.773312092 15.351627350 -0.006874583 0.218309611 0.014446151 0.975748420
1439803800.510849 1.708734989 -0.774359941 15.386289597 -0.007156279 0.218458086 0.015148584 0.975702465
1439803800.573350 1.725871563 -0.774888396 15.418755531 -0.007181656 0.218180284 0.015268939 0.975762606
1439803800.635851 1.742607594 -0.776128411 15.453576088 -0.007106438 0.218355849 0.015772093 0.975715876
1439803800.698354 1.757955074 -0.778326988 15.487981796 -0.006934690 0.218725204 0.017269609 0.975609004
1439803800.760853 1.774507999 -0.777992964 15.523064613 -0.006937920 0.219106004 0.017306266 0.975522876
1439803800.823353 1.789608955 -0.779521346 15.558403015 -0.006863668 0.219594002 0.018723492 0.975387514
1439803800.885855 1.804839611 -0.782520473 15.591279984 -0.007290402 0.219634831 0.020373989 0.975342155
1439803800.948356 1.822586536 -0.782701969 15.627303123 -0.007235311 0.219937027 0.020982388 0.975261569
1439803801.010854 1.840226650 -0.784024477 15.662531853 -0.007702706 0.219984993 0.021596149 0.975233734
1439803801.073358 1.856984615 -0.784769893 15.697654724 -0.007809485 0.220161512 0.021642053 0.975192010
1439803801.135856 1.873259068 -0.786294341 15.731937408 -0.007733113 0.220203191 0.022271825 0.975169063
1439803801.198356 1.888352394 -0.786975861 15.766654968 -0.007442875 0.220716164 0.022722811 0.975044966
1439803801.260870 1.905710697 -0.787954688 15.800289154 -0.007595837 0.220437497 0.022645380 0.975108624
1439803801.323358 1.921271801 -0.789651394 15.834330559 -0.007494554 0.220706418 0.022712104 0.975046992
1439803801.385857 1.938196659 -0.791610837 15.870259285 -0.007047674 0.221050575 0.023019811 0.974965155
1439803801.448361 1.955000401 -0.793159008 15.904330254 -0.006322586 0.221034989 0.023870528 0.974953175
1439803801.510860 1.971027374 -0.793873072 15.939224243 -0.005548598 0.221192807 0.024338720 0.974910557
1439803801.573362 1.987893105 -0.794968724 15.972901344 -0.005273668 0.220640793 0.024979338 0.975020945
1439803801.635863 2.005047321 -0.796474099 16.007169724 -0.005376274 0.220234156 0.025495449 0.975098968
1439803801.698366 2.020013332 -0.797596633 16.042922974 -0.005334261 0.220358953 0.026147837 0.975053728
1439803801.760866 2.037075043 -0.799675226 16.078302383 -0.006015389 0.219779432 0.026467418 0.975171924
1439803801.823367 2.052691460 -0.800797641 16.112167358 -0.006517950 0.219259053 0.026417408 0.975287199
1439803801.885867 2.069770813 -0.800466120 16.148111343 -0.006886282 0.218923077 0.025151622 0.975393593
1439803801.948368 2.085795403 -0.802137136 16.182502747 -0.006877838 0.218312785 0.025750490 0.975514829
1439803802.010869 2.101026535 -0.802886367 16.216560364 -0.006593343 0.217856675 0.025438156 0.975626945
1439803802.073369 2.116853237 -0.805425644 16.250000000 -0.006790898 0.217172742 0.025171716 0.975784957
1439803802.135870 2.132289410 -0.806618571 16.284439087 -0.006788548 0.216715053 0.024781287 0.975896716
1439803802.198376 2.147622108 -0.807892680 16.318609238 -0.007047511 0.216082409 0.024449382 0.976043522
1439803802.260875 2.162783146 -0.808861732 16.351720810 -0.007171663 0.215418339 0.023787972 0.976205707
1439803802.323375 2.176986694 -0.810009360 16.385540009 -0.007591649 0.215006649 0.023094004 0.976310015
1439803802.385874 2.192163944 -0.809977293 16.420751572 -0.007939271 0.214457378 0.022064680 0.976451814
1439803802.448374 2.209966660 -0.812258065 16.455196381 -0.008584136 0.213309288 0.022030041 0.976698577
1439803802.510876 2.225136280 -0.813597202 16.487985611 -0.008855622 0.212285772 0.021109991 0.976939440
1439803802.573377 2.239141941 -0.814977765 16.522209167 -0.009565131 0.211938858 0.019589251 0.977039754
1439803802.635878 2.254266739 -0.818740487 16.556648254 -0.010667983 0.211239323 0.019224185 0.977187097
1439803802.698380 2.269502640 -0.816603124 16.591726303 -0.011293601 0.211003587 0.016556967 0.977279782
1439803802.760883 2.284638882 -0.817399085 16.626258850 -0.011823979 0.210326642 0.014941083 0.977445483
1439803802.823382 2.299221992 -0.818798184 16.660181046 -0.012466311 0.209638432 0.012817558 0.977615476
1439803802.885888 2.313470364 -0.819228649 16.693500519 -0.011421342 0.209139556 0.011729214 0.977748752
1439803802.948388 2.327653408 -0.820996523 16.727640152 -0.008968476 0.209326237 0.012430435 0.977725744
1439803803.010888 2.341199875 -0.821943045 16.759170532 -0.006291589 0.208917096 0.012422990 0.977834225
1439803803.073389 2.360444546 -0.825057805 16.795080185 -0.004863577 0.208384499 0.011954038 0.977961838
1439803803.135895 2.374056339 -0.824784517 16.826438904 -0.004237066 0.208142325 0.010386143 0.978034198
1439803803.198391 2.387781143 -0.826729298 16.859479904 -0.004519207 0.208425924 0.010328108 0.977973163
1439803803.260893 2.402718544 -0.826810956 16.893344879 -0.005761059 0.208310112 0.009822101 0.977996528
1439803803.323396 2.418222904 -0.829441428 16.927701950 -0.007975263 0.207986265 0.010600789 0.978041768
1439803803.385895 2.433036804 -0.830588460 16.960094452 -0.009123603 0.207881153 0.011589279 0.978042901
1439803803.448397 2.448405266 -0.831969142 16.993675232 -0.008633652 0.208028018 0.012967775 0.977998793
1439803803.510898 2.461846828 -0.833683550 17.025184631 -0.006920994 0.208175674 0.014466929 0.977959931
1439803803.573399 2.476376057 -0.835274160 17.057687759 -0.005109927 0.208419159 0.014733464 0.977915287
1439803803.635902 2.490574837 -0.836566567 17.090448380 -0.003825241 0.208827332 0.014182295 0.977842212
1439803803.698407 2.504612446 -0.838068128 17.121913910 -0.003178823 0.209112361 0.014352439 0.977781117
1439803803.760904 2.518883228 -0.839028716 17.154708862 -0.002923711 0.209145978 0.014577745 0.977771401
1439803803.823405 2.533514023 -0.841004193 17.187309265 -0.003022228 0.209229678 0.015282186 0.977742434
1439803803.885907 2.547837734 -0.844013035 17.215297699 -0.004143908 0.208908767 0.015817763 0.977798402
1439803803.948408 2.562871933 -0.844176769 17.250888824 -0.004432638 0.209005162 0.016695062 0.977761984
1439803804.010909 2.576763630 -0.845550776 17.280328751 -0.004536532 0.208787814 0.017421432 0.977795243
1439803804.073412 2.588464737 -0.846041858 17.310018539 -0.003871103 0.209121376 0.017912973 0.977717936
1439803804.135912 2.604398251 -0.849098563 17.341611862 -0.003378268 0.208911702 0.018256161 0.977758229
1439803804.198415 2.619219780 -0.850490212 17.373756409 -0.002960050 0.209019631 0.018885717 0.977724612
1439803804.260915 2.634410381 -0.851653934 17.406446457 -0.002725865 0.209126443 0.019183945 0.977696598
1439803804.323416 2.647382259 -0.852599978 17.434505463 -0.002868113 0.208806187 0.019463148 0.977759123
1439803804.385920 2.660946369 -0.853321791 17.466911316 -0.003299487 0.209193915 0.019302938 0.977678061
1439803804.448420 2.673678875 -0.854066789 17.498229980 -0.003823275 0.209310412 0.019683540 0.977643609
1439803804.510920 2.687889576 -0.855409324 17.530632019 -0.004187238 0.209222168 0.020135460 0.977651834
1439803804.573426 2.701821804 -0.857370734 17.560699463 -0.004370352 0.208771750 0.020718347 0.977735102
1439803804.635928 2.715074062 -0.856967330 17.591144562 -0.004362304 0.208517328 0.020331973 0.977797568
1439803804.698425 2.730127811 -0.858340502 17.624862671 -0.004078316 0.208330795 0.020541511 0.977834165
1439803804.760927 2.742151737 -0.861888587 17.653123856 -0.004331980 0.207928121 0.020727005 0.977914870
1439803804.823429 2.754872799 -0.863094330 17.683876038 -0.004251756 0.207876652 0.020783719 0.977924943
1439803804.885931 2.769104004 -0.864236832 17.715070724 -0.004572473 0.207492679 0.021376522 0.977992296
1439803804.948431 2.782751083 -0.865665674 17.744556427 -0.005721141 0.206934154 0.022041477 0.978089809
1439803805.010934 2.794096947 -0.866518855 17.775411606 -0.006997951 0.207049236 0.021794200 0.978062689
1439803805.073434 2.809080601 -0.867524266 17.805681229 -0.007629654 0.206629813 0.021924829 0.978143752
1439803805.135938 2.823490620 -0.868556976 17.835836411 -0.008251566 0.206019446 0.021870129 0.978268683
1439803805.198438 2.832456112 -0.870413482 17.863382339 -0.009097856 0.206043169 0.021571001 0.978262842
1439803805.260938 2.843997955 -0.870759308 17.892797470 -0.009083324 0.206003532 0.020950027 0.978284776
1439803805.323439 2.857080460 -0.872467399 17.921524048 -0.008619824 0.205485895 0.021606646 0.978383541
1439803805.385942 2.867160320 -0.874233842 17.948013306 -0.008238518 0.205329344 0.021903150 0.978413165
1439803805.448441 2.880717754 -0.874645293 17.978130341 -0.007809412 0.205241114 0.020967264 0.978455663
1439803805.510943 2.893165112 -0.876803398 18.005382538 -0.007796349 0.204826221 0.020957004 0.978542924
1439803805.573444 2.903605938 -0.876834154 18.032112122 -0.007279639 0.204769507 0.020783927 0.978562415
1439803805.635948 2.916222095 -0.877513587 18.058719635 -0.007121019 0.204104558 0.020891989 0.978700221
1439803805.698447 2.927635670 -0.878499746 18.086479187 -0.007364545 0.203886658 0.020574385 0.978750587
1439803805.760954 2.938900471 -0.879582286 18.114299774 -0.007899534 0.203812584 0.019744942 0.978778899
1439803805.823450 2.950311661 -0.879921675 18.141052246 -0.008350922 0.203435704 0.019241069 0.978863597
1439803805.885952 2.960239410 -0.882740617 18.164575577 -0.009429765 0.203019142 0.018905813 0.978946805
1439803805.948458 2.973721027 -0.883143067 18.191501617 -0.009086662 0.201991364 0.019371739 0.979153574
1439803806.010954 2.984534740 -0.884284377 18.216524124 -0.009030712 0.201366156 0.019766511 0.979274929
1439803806.073456 2.994908333 -0.885297656 18.241954803 -0.008828175 0.200910464 0.019559029 0.979374528
1439803806.135957 3.005211830 -0.886362493 18.267557144 -0.008936715 0.200664252 0.019126682 0.979432583
1439803806.198461 3.015809059 -0.887972116 18.293306351 -0.009130096 0.200328454 0.018943951 0.979503095
1439803806.260964 3.025780201 -0.888960004 18.317796707 -0.009108338 0.199944332 0.018155396 0.979596674
1439803806.323463 3.033694267 -0.890897870 18.341295242 -0.009126723 0.199431270 0.018400561 0.979696512
1439803806.385963 3.042538881 -0.891451955 18.365486145 -0.009178659 0.198676512 0.017933702 0.979858041
1439803806.448464 3.056630135 -0.890781403 18.391807556 -0.008686568 0.197117239 0.017472813 0.980185747
1439803806.510966 3.065069914 -0.892252803 18.416049957 -0.009510056 0.196272895 0.016762067 0.980359912
1439803806.573470 3.075169325 -0.892246962 18.439979553 -0.010075515 0.195131317 0.015738735 0.980599046
1439803806.635967 3.084017515 -0.893275976 18.463357925 -0.010700223 0.194227323 0.014745408 0.980787337
1439803806.698467 3.093047380 -0.894474387 18.486419678 -0.010696073 0.193177551 0.014687280 0.980995536
1439803806.760968 3.102193832 -0.895548940 18.509765625 -0.010411859 0.192332566 0.014413306 0.981168687
1439803806.823469 3.111065626 -0.896785617 18.532979965 -0.009930675 0.191756874 0.014687216 0.981282294
1439803806.885969 3.119744062 -0.897568107 18.555137634 -0.009883202 0.191098347 0.014711762 0.981410861
1439803806.948477 3.128986359 -0.897616744 18.577096939 -0.009938922 0.190306321 0.014509657 0.981567204
1439803807.010970 3.137534857 -0.898637652 18.598390579 -0.010072508 0.189605519 0.014209858 0.981705844
1439803807.073470 3.145654202 -0.899077415 18.620918274 -0.009821688 0.189375341 0.013464498 0.981763303
1439803807.135972 3.153689861 -0.900026560 18.642114639 -0.009963330 0.189099938 0.012508858 0.981827617
1439803807.198473 3.161695957 -0.900412560 18.664173126 -0.010126956 0.189168409 0.011694078 0.981822789
1439803807.260975 3.169968128 -0.901508331 18.685012817 -0.010885302 0.189062148 0.011089763 0.981842160
1439803807.323479 3.177830696 -0.901946902 18.705238342 -0.011543212 0.188987955 0.010747450 0.981852710
1439803807.385976 3.185916662 -0.903430879 18.725027084 -0.012598656 0.188768238 0.010886893 0.981880486
1439803807.448476 3.193950415 -0.904182732 18.744844437 -0.013070867 0.188850865 0.010835910 0.981858969
1439803807.510977 3.201821566 -0.904711902 18.764553070 -0.013257403 0.189055517 0.010756095 0.981817961
1439803807.635978 3.216302395 -0.906148851 18.801734924 -0.014312761 0.189373478 0.009036604 0.981759191
1439803807.698477 3.223795176 -0.906250119 18.822336197 -0.014841637 0.189830408 0.007336102 0.981677294
1439803807.760979 3.230354309 -0.907488823 18.840209961 -0.015011086 0.189942867 0.006840650 0.981656551
1439803807.823481 3.238193035 -0.907826722 18.858928680 -0.014043022 0.189777523 0.007707104 0.981696427
1439803807.885983 3.245705366 -0.908597648 18.876411438 -0.013050561 0.189784631 0.009080552 0.981697023
1439803807.948489 3.253021717 -0.909833014 18.893260956 -0.012416077 0.189646244 0.009880107 0.981724262
1439803808.010990 3.259881735 -0.910261869 18.910303116 -0.011440000 0.189659417 0.010222744 0.981730044
1439803808.073493 3.266505957 -0.911227584 18.927505493 -0.011217713 0.189527005 0.009575929 0.981764734
1439803808.135988 3.272438049 -0.911435425 18.944509506 -0.010480900 0.189534768 0.009350946 0.981773555
1439803808.198492 3.278691292 -0.911959410 18.960287094 -0.009711189 0.189448267 0.008491756 0.981805980
1439803808.260989 3.284668446 -0.912694573 18.976730347 -0.008806741 0.189755991 0.007450923 0.981763482
1439803808.323489 3.290944338 -0.913383126 18.993000031 -0.007918473 0.190140352 0.006752715 0.981701732
1439803808.385991 3.296901226 -0.914126158 19.008489609 -0.007297060 0.190385461 0.006199041 0.981662750
1439803808.448491 3.302770615 -0.914598405 19.023363113 -0.006675282 0.190374956 0.006709225 0.981665850
1439803808.510990 3.308835268 -0.915464401 19.038070679 -0.006599333 0.190208778 0.007645224 0.981691718
1439803808.573493 3.314930916 -0.916134417 19.053138733 -0.006661355 0.189992547 0.008326571 0.981727660
1439803808.635993 3.321088552 -0.916366100 19.068105698 -0.006555166 0.189940006 0.008998134 0.981732607
1439803808.698492 3.327007771 -0.917433500 19.082477570 -0.006798830 0.189981237 0.009854820 0.981714725
1439803808.760994 3.332421064 -0.917772770 19.096536636 -0.006806500 0.190236509 0.009856015 0.981665194
1439803808.823494 3.338086605 -0.918510437 19.110576630 -0.006833132 0.190407708 0.009288698 0.981637359
1439803808.885994 3.343596935 -0.919138074 19.124450684 -0.006963676 0.190388709 0.008977463 0.981643021
1439803808.948497 3.348887205 -0.919523656 19.138360977 -0.007230147 0.190319955 0.008785986 0.981656194
1439803809.010997 3.354330063 -0.919978380 19.151906967 -0.007365047 0.190222472 0.009168143 0.981670558
1439803809.073498 3.359653950 -0.920936167 19.164957047 -0.007480256 0.190223515 0.009894459 0.981662452
1439803809.136005 3.365219593 -0.921250820 19.179101944 -0.007093192 0.190341249 0.010527935 0.981635928
1439803809.198500 3.370667458 -0.921977520 19.192081451 -0.006649555 0.190080121 0.010925259 0.981685281
1439803809.261000 3.375932455 -0.922495663 19.205251694 -0.006287965 0.189966336 0.011377243 0.981704533
1439803809.323501 3.381088257 -0.922954798 19.218568802 -0.006270261 0.189861268 0.011444766 0.981724203
1439803809.386004 3.386222601 -0.923526168 19.231433868 -0.006357190 0.189800978 0.011288155 0.981737077
1439803809.448503 3.391249657 -0.924253881 19.244503021 -0.006146041 0.189826667 0.011281884 0.981733561
1439803809.511005 3.396293163 -0.924886584 19.257511139 -0.005691344 0.189861357 0.011118726 0.981731474
1439803809.573506 3.401153088 -0.925427556 19.270336151 -0.005247110 0.189805627 0.011101457 0.981744885
1439803809.636006 3.406223774 -0.925400138 19.283813477 -0.004461236 0.189809561 0.011461521 0.981743872
1439803809.698507 3.411731720 -0.926487327 19.296131134 -0.004561372 0.189428598 0.011548428 0.981815994
1439803809.761009 3.416723728 -0.927087665 19.310285568 -0.004584667 0.189623907 0.011696118 0.981776416
1439803809.823512 3.422052622 -0.927946806 19.322767258 -0.004246614 0.189465016 0.011976181 0.981805205
1439803809.886012 3.427397728 -0.928445816 19.336116791 -0.003509702 0.189345047 0.012477991 0.981825054
1439803809.948513 3.432731628 -0.929252505 19.349517822 -0.003374480 0.189394787 0.012307215 0.981818080
1439803810.011014 3.437890291 -0.929906428 19.362745285 -0.003151095 0.189323425 0.012348465 0.981832087
1439803810.073520 3.443464756 -0.930331886 19.376544952 -0.003013069 0.189195484 0.012149647 0.981859624
1439803810.136017 3.448994875 -0.930961311 19.389982224 -0.003062511 0.188964635 0.012019546 0.981905520
1439803810.198518 3.454704285 -0.931577682 19.403806686 -0.003353354 0.188809618 0.012096406 0.981933475
1439803810.261023 3.460044622 -0.932402134 19.417730331 -0.003322202 0.188746601 0.012495470 0.981940687
1439803810.323525 3.464981556 -0.932771206 19.432769775 -0.003044229 0.189046994 0.012632610 0.981882036
1439803810.386025 3.470649242 -0.933373928 19.446704865 -0.002897466 0.188902557 0.012913068 0.981906652
1439803810.448527 3.476559401 -0.934040010 19.460126877 -0.002864812 0.188530594 0.013467432 0.981970787
1439803810.511025 3.482038260 -0.934633255 19.475059509 -0.002725556 0.188601419 0.013935325 0.981951058
1439803810.573527 3.487098694 -0.935597658 19.489656448 -0.002711045 0.188679308 0.014055609 0.981934428
1439803810.636029 3.492978096 -0.936103404 19.503875732 -0.002733012 0.188522175 0.013911587 0.981966555
1439803810.698532 3.498086691 -0.936311066 19.519718170 -0.002301702 0.188953862 0.014806021 0.981871665
1439803810.761035 3.505450726 -0.936761975 19.533479691 -0.002604920 0.188368574 0.014864950 0.981982470
1439803810.823532 3.511312008 -0.937602043 19.548099518 -0.002910346 0.188193664 0.014832108 0.982015610
1439803810.886035 3.517156839 -0.938300073 19.563205719 -0.003034751 0.188096792 0.015205859 0.982028127
1439803810.948536 3.523681879 -0.939259887 19.578125000 -0.002658681 0.187829792 0.015977086 0.982068062
1439803811.011035 3.529167175 -0.939905047 19.593484879 -0.002144174 0.187947586 0.015927020 0.982047558
1439803811.073535 3.535187483 -0.940197110 19.609094620 -0.001549962 0.187820792 0.016159447 0.982069135
1439803811.136037 3.541223049 -0.940865636 19.624120712 -0.001731793 0.187462181 0.016107257 0.982138216
1439803811.198537 3.547076225 -0.942228973 19.639680862 -0.001872514 0.187225848 0.016408980 0.982178032
1439803811.261037 3.553075075 -0.942753255 19.655498505 -0.001734956 0.186870083 0.016743122 0.982240379
1439803811.323538 3.559433222 -0.943422735 19.671691895 -0.001566945 0.186596379 0.017072715 0.982287049
1439803811.386038 3.565848112 -0.944275975 19.687646866 -0.001446836 0.186199367 0.017597241 0.982353330
1439803811.448538 3.572219372 -0.945539236 19.703615189 -0.001302309 0.185677812 0.018586114 0.982434034
1439803811.511040 3.578206539 -0.945948303 19.720008850 -0.000763538 0.185328335 0.019547002 0.982481897
1439803811.573542 3.584876060 -0.947275341 19.736951828 -0.000836520 0.184887126 0.019919610 0.982557476
1439803811.636043 3.591664791 -0.948032618 19.753759384 -0.000903499 0.184329107 0.019633001 0.982668042
1439803811.698548 3.597845793 -0.948624492 19.770816803 -0.001155420 0.183814719 0.019552631 0.982765734
1439803811.761051 3.604013920 -0.949314773 19.788034439 -0.001840733 0.183242053 0.019063322 0.982881248
1439803811.823550 3.609972715 -0.950194240 19.805273056 -0.002698295 0.182868212 0.018254856 0.982964218
1439803811.886048 3.616536140 -0.950864196 19.822259903 -0.003308350 0.182096228 0.017676983 0.983116210
1439803811.948552 3.623277187 -0.951968670 19.839923859 -0.003685336 0.181586295 0.017778136 0.983207405
1439803812.011053 3.630346537 -0.952893615 19.857776642 -0.003539901 0.180888996 0.018408393 0.983324826
1439803812.073553 3.636006832 -0.953779101 19.874742508 -0.003784184 0.180459842 0.018795041 0.983395517
1439803812.136058 3.642722845 -0.954594672 19.892585754 -0.003954995 0.179910928 0.019255856 0.983486474
1439803812.198557 3.649501324 -0.955443680 19.910171509 -0.004072556 0.179269880 0.020139229 0.983585358
1439803812.261058 3.655995846 -0.956398368 19.928146362 -0.004239560 0.178917482 0.020328440 0.983644962
1439803812.323558 3.663047791 -0.957444310 19.945756912 -0.004330543 0.178683862 0.020175114 0.983690143
1439803812.386060 3.669152498 -0.957843602 19.963949203 -0.004269995 0.179070726 0.019421758 0.983635187
1439803812.448562 3.675537348 -0.958463430 19.982122421 -0.003696523 0.179153532 0.019343773 0.983623981
1439803812.511063 3.682685375 -0.958996892 20.000970840 -0.003093623 0.179166123 0.019187713 0.983626842
1439803812.573565 3.689524651 -0.959925413 20.019262314 -0.002653148 0.179326415 0.018720714 0.983607888
1439803812.636064 3.696367264 -0.960891247 20.038040161 -0.002378218 0.179678559 0.018390711 0.983550608
1439803812.698564 3.703775167 -0.961567581 20.057016373 -0.002296226 0.179962516 0.018176349 0.983502805
1439803812.761066 3.710987091 -0.962879241 20.075241089 -0.002681675 0.180067956 0.017923694 0.983487189
1439803812.823567 3.718508482 -0.963520646 20.094482422 -0.002500595 0.180378288 0.018433493 0.983421385
1439803812.886070 3.725663662 -0.964409471 20.113780975 -0.002494849 0.180992171 0.018324491 0.983310640
1439803812.948570 3.732795000 -0.964973032 20.132364273 -0.002180171 0.181431741 0.018665563 0.983223975
1439803813.011086 3.740437031 -0.965949059 20.151752472 -0.002083835 0.181782126 0.019136745 0.983150363
1439803813.073573 3.748259068 -0.966724455 20.171710968 -0.002048024 0.182054192 0.018985255 0.983103037
1439803813.136076 3.756233931 -0.968023241 20.191530228 -0.001872563 0.182114959 0.019256920 0.983086884
1439803813.198575 3.763951778 -0.968588054 20.211135864 -0.001790362 0.182103798 0.018892061 0.983096182
1439803813.261076 3.771729231 -0.969363749 20.231393814 -0.002020492 0.182117045 0.018421894 0.983102202
1439803813.323577 3.779341698 -0.970380068 20.252813339 -0.002443481 0.182326391 0.017972538 0.983070731
1439803813.386077 3.787668467 -0.971684515 20.273269653 -0.002688883 0.182240084 0.017942468 0.983086646
1439803813.448578 3.794450998 -0.971937954 20.294784546 -0.002455426 0.182416528 0.018436821 0.983045399
1439803813.511078 3.802277565 -0.973167062 20.315116882 -0.002530836 0.182101682 0.018453274 0.983103275
1439803813.573579 3.810292244 -0.974243641 20.336463928 -0.002380125 0.182053536 0.018672040 0.983108401
1439803813.636080 3.818762541 -0.974906266 20.357915878 -0.001866510 0.181698963 0.019232329 0.983164370
1439803813.698580 3.826923847 -0.975809395 20.379606247 -0.002022292 0.181620970 0.018949069 0.983183920
1439803813.761083 3.835236311 -0.976922452 20.402328491 -0.001833373 0.181656167 0.019436581 0.983168304
1439803813.823587 3.843809605 -0.977881312 20.422384262 -0.001826258 0.181037515 0.019608773 0.983278990
1439803813.886086 3.851508856 -0.978690863 20.444608688 -0.002023499 0.181151107 0.019189630 0.983265936
1439803813.948587 3.859907150 -0.979382157 20.466964722 -0.001970494 0.181050435 0.018939052 0.983289480
1439803814.011087 3.868502855 -0.980236411 20.489112854 -0.002066154 0.181208655 0.018850304 0.983261824
1439803814.073588 3.877007484 -0.981364012 20.513309479 -0.002322843 0.181560770 0.018856244 0.983196199
1439803814.136092 3.885344267 -0.982920587 20.535615921 -0.002705884 0.181724831 0.019298794 0.983156323
1439803814.198591 3.895262718 -0.984065890 20.558597565 -0.002867794 0.181518048 0.020304512 0.983173788
1439803814.261105 3.903835535 -0.983999670 20.581930161 -0.003034991 0.181609839 0.020535732 0.983151555
1439803814.323597 3.913120747 -0.984667063 20.606189728 -0.003222907 0.181640506 0.020892063 0.983137786
1439803814.386098 3.922472954 -0.985927582 20.630455017 -0.003861054 0.181833133 0.020740394 0.983103096
1439803814.448601 3.928926706 -0.987385511 20.653011322 -0.004923153 0.182410136 0.020126913 0.983004153
1439803814.511100 3.937711477 -0.987888694 20.677701950 -0.005589287 0.182643533 0.019667616 0.982966602
1439803814.573602 3.947214603 -0.987802744 20.702234268 -0.006059047 0.182557210 0.019369161 0.982985735
1439803814.636101 3.957953215 -0.988946676 20.728637695 -0.006157211 0.182471976 0.020032417 0.982987642
1439803814.698602 3.967632294 -0.991154134 20.750352859 -0.006516762 0.182017356 0.020783253 0.983054042
1439803814.761105 3.976632833 -0.991535783 20.776372910 -0.006379423 0.182423174 0.020832412 0.982978642
1439803814.823605 3.986013651 -0.992386818 20.800617218 -0.006512238 0.182432786 0.020584639 0.982981265
1439803814.886107 3.995247126 -0.992706537 20.828023911 -0.005965829 0.183025345 0.020534409 0.982875645
1439803814.948611 4.007075310 -0.993719935 20.853086472 -0.005618663 0.182704121 0.020196326 0.982944429
1439803815.011112 4.015251160 -0.994977176 20.879003525 -0.005135239 0.183110043 0.019589949 0.982883811
1439803815.073609 4.025357246 -0.996605337 20.904577255 -0.005122779 0.183166698 0.018854473 0.982887685
1439803815.136109 4.034111023 -0.997144818 20.931060791 -0.005085499 0.183477670 0.018548653 0.982835710
1439803815.198613 4.044549942 -0.997991145 20.956657410 -0.005337519 0.183349028 0.018602857 0.982857347
1439803815.261112 4.056766987 -0.997329831 20.984956741 -0.004882161 0.183271244 0.018483179 0.982876480
1439803815.323610 4.065444946 -0.999142408 21.010210037 -0.005089550 0.183393776 0.018472055 0.982852757
1439803815.386112 4.075101852 -1.001063824 21.037425995 -0.004896791 0.183566064 0.018629072 0.982818663
1439803815.448612 4.085344315 -1.002227664 21.064077377 -0.005045860 0.183608875 0.018207198 0.982817769
1439803815.511115 4.095561028 -1.003331423 21.091083527 -0.005258914 0.183767959 0.017686268 0.982796490
1439803815.573616 4.105716705 -1.004611254 21.118055344 -0.005408300 0.183909014 0.017282987 0.982776463
1439803815.636117 4.115784168 -1.005997896 21.144853592 -0.005206808 0.183789536 0.017515954 0.982795775
1439803815.698617 4.126055717 -1.006951332 21.172603607 -0.005167112 0.183681563 0.016850075 0.982827783
1439803815.761119 4.136068344 -1.007637382 21.200939178 -0.005140696 0.183890462 0.016277423 0.982798517
1439803815.823619 4.146174908 -1.008584976 21.227256775 -0.005401107 0.183786213 0.015902765 0.982822776
1439803815.886120 4.156661510 -1.010000110 21.253807068 -0.005612426 0.183484539 0.015820256 0.982879281
1439803815.948622 4.167013168 -1.010926366 21.280317307 -0.005614940 0.183048368 0.015699791 0.982962489
1439803816.011125 4.177591801 -1.012085438 21.308073044 -0.005914966 0.182951227 0.015201883 0.982986689
1439803816.073625 4.187590599 -1.013362765 21.334732056 -0.006216937 0.182909101 0.014665313 0.983000815
1439803816.136126 4.198061466 -1.014450669 21.362091064 -0.006444002 0.182864919 0.014485374 0.983010232
1439803816.198627 4.207932949 -1.015157104 21.387996674 -0.006433352 0.182573661 0.014851076 0.983058989
1439803816.261129 4.218325615 -1.016347170 21.414945602 -0.006713456 0.182365000 0.014768900 0.983097076
1439803816.323630 4.227972984 -1.017272472 21.441883087 -0.006665474 0.182298079 0.014461767 0.983114362
1439803816.386131 4.238718510 -1.018490314 21.469457626 -0.006457908 0.182200521 0.013682376 0.983144999
1439803816.448633 4.248735905 -1.019527435 21.496349335 -0.006528969 0.182163313 0.012895050 0.983162045
1439803816.511134 4.258485794 -1.020249128 21.524179459 -0.006510705 0.182238266 0.012496516 0.983153403
1439803816.573636 4.268813610 -1.021465182 21.551992416 -0.006452306 0.182027623 0.012459593 0.983193278
1439803816.636137 4.279165268 -1.022597313 21.579030991 -0.006295046 0.181798100 0.011865162 0.983244121
1439803816.698638 4.289726734 -1.023424625 21.605272293 -0.006274331 0.181572825 0.011043425 0.983295441
1439803816.761143 4.299736977 -1.024486303 21.632886887 -0.006349137 0.181741267 0.010430622 0.983270526
1439803816.823639 4.310061455 -1.025358438 21.660087585 -0.006505140 0.181663930 0.009705042 0.983291268
1439803816.886140 4.321127892 -1.026975751 21.686576843 -0.007099746 0.181336239 0.009180469 0.983352661
1439803816.948644 4.331563950 -1.028541207 21.714702606 -0.006955870 0.181352347 0.009153689 0.983350992
1439803817.011141 4.341505051 -1.028302908 21.743307114 -0.006488419 0.181674331 0.007761637 0.983306706
1439803817.073642 4.351919651 -1.029312611 21.771209717 -0.006241766 0.181717187 0.007404030 0.983303130
1439803817.136146 4.362740517 -1.030763507 21.798168182 -0.005871731 0.181480572 0.007786704 0.983346164
1439803817.198646 4.373973846 -1.031306982 21.826635361 -0.005040419 0.181365117 0.007470529 0.983374536
1439803817.261148 4.384276390 -1.032887101 21.854509354 -0.004385293 0.181407467 0.006842001 0.983374417
1439803817.323648 4.394153595 -1.034282565 21.883119583 -0.004203446 0.181597486 0.006926608 0.983339548
1439803817.386147 4.404356956 -1.035256386 21.911333084 -0.004803622 0.181512311 0.007085519 0.983351409
1439803817.448650 4.415481091 -1.036148190 21.940639496 -0.005461971 0.181379214 0.007079200 0.983372569
1439803817.511151 4.426105499 -1.037415504 21.967958450 -0.005626436 0.180986613 0.008222571 0.983435094
1439803817.573654 4.436895370 -1.038712144 21.997341156 -0.005448177 0.180990919 0.009100337 0.983427584
1439803817.636165 4.447387695 -1.039670229 22.026035309 -0.005507243 0.180907875 0.009462977 0.983439088
1439803817.698654 4.458344460 -1.041273832 22.054346085 -0.006271198 0.180497840 0.009449856 0.983509958
1439803817.761159 4.469180584 -1.042281508 22.083347321 -0.006994049 0.180194303 0.009912382 0.983556211
1439803817.823657 4.479844093 -1.043160200 22.112131119 -0.006695849 0.179941133 0.010420642 0.983599424
1439803817.886158 4.490582466 -1.044595122 22.141771317 -0.006566559 0.179565445 0.010276271 0.983670413
1439803817.948659 4.501441956 -1.045368910 22.170881271 -0.005956839 0.179289833 0.011251939 0.983713925
1439803818.011161 4.511855602 -1.046853304 22.199337006 -0.005416744 0.178983226 0.012219716 0.983761311
1439803818.073662 4.522593498 -1.048898458 22.228422165 -0.005176755 0.178684801 0.012590826 0.983812213
1439803818.136163 4.533849716 -1.049543858 22.258161545 -0.004303097 0.178532392 0.012539816 0.983844697
1439803818.198665 4.544329643 -1.050724268 22.287538528 -0.003497285 0.178454682 0.012476077 0.983862817
1439803818.261166 4.555049896 -1.051814198 22.316942215 -0.002892366 0.178308666 0.011907198 0.983898282
1439803818.323667 4.566205025 -1.053458214 22.346628189 -0.003081542 0.177909568 0.011970052 0.983969212
1439803818.386169 4.576866150 -1.054778337 22.376562119 -0.003065270 0.177619100 0.012287973 0.984017849
1439803818.448670 4.587894440 -1.056367517 22.406499863 -0.003101809 0.177072942 0.012653193 0.984111488
1439803818.511175 4.598486900 -1.058045745 22.435525894 -0.003070890 0.176857561 0.012596621 0.984151065
1439803818.573673 4.609558582 -1.059526324 22.465156555 -0.002839601 0.176661074 0.013123826 0.984180152
1439803818.636176 4.620391846 -1.060831904 22.495758057 -0.002799980 0.176579848 0.013360885 0.984191656
1439803818.698678 4.631093025 -1.062903047 22.525577545 -0.002850055 0.176398620 0.013872478 0.984216928
1439803818.761178 4.641884804 -1.063746214 22.555391312 -0.002041833 0.176132023 0.013528710 0.984271467
1439803818.823678 4.652647018 -1.065396190 22.585460663 -0.001788056 0.176013976 0.012972196 0.984300554
1439803818.886179 4.663732052 -1.066640615 22.615627289 -0.001715857 0.175899684 0.013020474 0.984320521
1439803818.948681 4.673983574 -1.068169713 22.646266937 -0.001812520 0.176036656 0.013696028 0.984286666
1439803819.011186 4.685574055 -1.069202185 22.676424026 -0.001544655 0.175586402 0.013870975 0.984365106
1439803819.073684 4.696606636 -1.070629358 22.706344604 -0.001223577 0.175474986 0.014191289 0.984380841
1439803819.136189 4.707904816 -1.072273970 22.736648560 -0.001467959 0.175430581 0.014465190 0.984384418
1439803819.198687 4.718285561 -1.073733211 22.766519547 -0.001760025 0.175418660 0.014799145 0.984381139
1439803819.261188 4.730154991 -1.074643135 22.798263550 -0.001591932 0.175369367 0.015775347 0.984375000
1439803819.323690 4.740955830 -1.076304436 22.828441620 -0.001768078 0.175248697 0.016014641 0.984392345
1439803819.386205 4.752001762 -1.077702999 22.858657837 -0.002216013 0.175198242 0.015923778 0.984401882
1439803819.448693 4.763081551 -1.079128981 22.890256882 -0.003043165 0.175310746 0.015566797 0.984385371
1439803819.511194 4.774200916 -1.080115080 22.921216965 -0.003849896 0.175323665 0.015340227 0.984383821
1439803819.573695 4.785272598 -1.081542253 22.951370239 -0.004883427 0.175008044 0.015035730 0.984440088
1439803819.636197 4.796369553 -1.082504749 22.982543945 -0.005489375 0.174890175 0.014644014 0.984463751
1439803819.698697 4.806898117 -1.083851814 23.013074875 -0.006111218 0.174972862 0.014256819 0.984451056
1439803819.761199 4.816809654 -1.085500121 23.043643951 -0.006711049 0.175201148 0.013832129 0.984412611
1439803819.823703 4.828804970 -1.086965203 23.073976517 -0.006817306 0.174863547 0.014353262 0.984464467
1439803819.886204 4.839943409 -1.088218689 23.104387283 -0.006957268 0.174991220 0.014514511 0.984438419
1439803819.948703 4.850740433 -1.089336157 23.134576797 -0.006847600 0.175316736 0.014100509 0.984387279
1439803820.011205 4.861156464 -1.090693712 23.164833069 -0.006963194 0.175862223 0.013205233 0.984301567
1439803820.073706 4.872328758 -1.091559172 23.194047928 -0.006682818 0.176071703 0.012922004 0.984269857
1439803820.136209 4.883013725 -1.092966557 23.223945618 -0.006487590 0.176424965 0.012051776 0.984218955
1439803820.198708 4.893842697 -1.094346762 23.254167557 -0.006511735 0.176753998 0.011118768 0.984170735
1439803820.261210 4.904476166 -1.095567703 23.283653259 -0.006234015 0.177064344 0.011113001 0.984116793
1439803820.323712 4.915694714 -1.096401215 23.312370300 -0.005785649 0.177037954 0.010885524 0.984126806
1439803820.386213 4.926367760 -1.098015785 23.341751099 -0.005338440 0.177366808 0.010734581 0.984071791
1439803820.448715 4.937162399 -1.099137068 23.371145248 -0.004808556 0.177611396 0.010932119 0.984028220
1439803820.511214 4.948382854 -1.099965215 23.400205612 -0.005139772 0.177813724 0.010368648 0.983996093
1439803820.573714 4.958996773 -1.101913214 23.429653168 -0.005858839 0.178149909 0.009933773 0.983935773
1439803820.636216 4.969665527 -1.103354573 23.458593369 -0.006127013 0.178357452 0.009979093 0.983896077
1439803820.698716 4.980319023 -1.104374886 23.487627029 -0.006258177 0.178445041 0.010432065 0.983874679
1439803820.761217 4.990720749 -1.105982780 23.515970230 -0.006639129 0.178346232 0.011126769 0.983882487
1439803820.823720 5.001162529 -1.106860995 23.544176102 -0.006679585 0.177985489 0.011485770 0.983943403
1439803820.886218 5.011671066 -1.108821392 23.572227478 -0.006952368 0.177273080 0.012165945 0.984061956
1439803820.948722 5.021651745 -1.110032439 23.599914551 -0.007228132 0.176573217 0.012111713 0.984186471
1439803821.011219 5.031544685 -1.111246824 23.627466202 -0.007795549 0.175948337 0.011947262 0.984296024
1439803821.073719 5.041223526 -1.112349153 23.655181885 -0.007676778 0.175269827 0.011987573 0.984417558
1439803821.136219 5.051079750 -1.113859773 23.682218552 -0.007587468 0.174811631 0.011534642 0.984505117
1439803821.198722 5.060472488 -1.115197778 23.709102631 -0.007918748 0.174560130 0.010514323 0.984558523
1439803821.261221 5.069154263 -1.116236925 23.735324860 -0.007737503 0.173786268 0.010552381 0.984696448
1439803821.323722 5.078289032 -1.117240548 23.761793137 -0.007686981 0.173187792 0.010070204 0.984807312
1439803821.386223 5.087574005 -1.119110703 23.787694931 -0.007172338 0.172483280 0.009793609 0.984937608
1439803821.448722 5.096735001 -1.120531440 23.813270569 -0.006538725 0.171952397 0.009671705 0.985036075
1439803821.511223 5.105470657 -1.120959401 23.839548111 -0.005890584 0.171518028 0.009950092 0.985113144
1439803821.573725 5.114669800 -1.122448683 23.864629745 -0.006088672 0.171035424 0.009890033 0.985196412
1439803821.636228 5.123075962 -1.123157263 23.889778137 -0.005799666 0.170484126 0.010714824 0.985285103
1439803821.698727 5.131708145 -1.124404192 23.914264679 -0.006023165 0.169980615 0.010897557 0.985368729
1439803821.761229 5.140481472 -1.125464916 23.939617157 -0.006233416 0.169639170 0.010853048 0.985426784
1439803821.823729 5.148675442 -1.126769185 23.962539673 -0.006603807 0.168938518 0.011137515 0.985541523
1439803821.886232 5.157150269 -1.127997398 23.986526489 -0.006940090 0.168461159 0.011237574 0.985619783
1439803821.948732 5.165317535 -1.128764987 24.011684418 -0.006942153 0.168294296 0.011241409 0.985648274
1439803822.011234 5.173873901 -1.130310893 24.035228729 -0.007250771 0.167893365 0.011384206 0.985712767
1439803822.073737 5.181669235 -1.131555080 24.059110641 -0.007226491 0.168111235 0.011317407 0.985676587
1439803822.136237 5.189501762 -1.132257819 24.082159042 -0.006765902 0.168276846 0.011634504 0.985647857
1439803822.198740 5.197606564 -1.133022070 24.106042862 -0.006551264 0.168480113 0.011808174 0.985612571
1439803822.261239 5.205875874 -1.134423375 24.128711700 -0.006517120 0.168399185 0.012159538 0.985622346
1439803822.323743 5.213899136 -1.135190129 24.153074265 -0.005875817 0.168597430 0.012708671 0.985585511
1439803822.386243 5.222712040 -1.136511683 24.175424576 -0.005145445 0.168390006 0.013454501 0.985615194
1439803822.448743 5.231190681 -1.138123274 24.197982788 -0.004776278 0.168253407 0.014126117 0.985630989
1439803822.511247 5.238678932 -1.138994575 24.222146988 -0.004511872 0.168474615 0.014154089 0.985594034
1439803822.573748 5.246442795 -1.139819026 24.243724823 -0.004430649 0.168092906 0.014619469 0.985652804
1439803822.636248 5.254714966 -1.141178370 24.266246796 -0.004261118 0.167640880 0.014999310 0.985724807
1439803822.698750 5.262664795 -1.141932964 24.289693832 -0.003626658 0.167336285 0.015471769 0.985771775
1439803822.761255 5.270802498 -1.143162966 24.312330246 -0.003071276 0.166761264 0.015982959 0.985862970
1439803822.823756 5.278592110 -1.143875599 24.335603714 -0.002873286 0.166094005 0.016353207 0.985970140
1439803822.886255 5.285686493 -1.145038843 24.357231140 -0.003037546 0.165215716 0.016600627 0.986113071
1439803822.948759 5.293178082 -1.146332026 24.379133224 -0.002715724 0.164174825 0.017235925 0.986276925
1439803823.011256 5.300607681 -1.147641182 24.401454926 -0.002646642 0.163166970 0.017484350 0.986440003
1439803823.073757 5.307286263 -1.148626089 24.423313141 -0.002836280 0.162119329 0.017697683 0.986608326
1439803823.136259 5.314929485 -1.149843812 24.444952011 -0.003234672 0.160651579 0.017884795 0.986843824
1439803823.198761 5.321536064 -1.151183844 24.466396332 -0.003446850 0.159067094 0.018146599 0.987094939
1439803823.261277 5.328277111 -1.152107596 24.487957001 -0.003248139 0.157235026 0.018184351 0.987388432
1439803823.323763 5.334275723 -1.152451515 24.509424210 -0.002965228 0.155438304 0.018108917 0.987675130
1439803823.386264 5.340436459 -1.153364897 24.530424118 -0.002749112 0.153087258 0.018815521 0.988029659
1439803823.448768 5.346373558 -1.154221773 24.551389694 -0.003106063 0.150329873 0.019431775 0.988440037
1439803823.511267 5.352110863 -1.155134082 24.571365356 -0.003822413 0.147007912 0.019959986 0.988926470
1439803823.573768 5.357229710 -1.156364083 24.592111588 -0.003888732 0.143429160 0.020042913 0.989449978
1439803823.636270 5.362293243 -1.157669306 24.612194061 -0.003225642 0.139266789 0.020007145 0.990047514
1439803823.698772 5.366845608 -1.158476353 24.632701874 -0.002347282 0.134742334 0.019937335 0.990677297
1439803823.761272 5.370951653 -1.159426212 24.653347015 -0.001614599 0.129692614 0.020107111 0.991349041
1439803823.823774 5.374757767 -1.160603404 24.673484802 -0.001501296 0.123891860 0.020279530 0.992087364
1439803823.886275 5.378010273 -1.161617160 24.693588257 -0.001595018 0.117428415 0.020200284 0.992874563
1439803823.948776 5.381167412 -1.162779212 24.714014053 -0.001401260 0.110313147 0.020418340 0.993686140
1439803824.011280 5.383519173 -1.163934708 24.734291077 -0.000786501 0.102813512 0.020651454 0.994485915
1439803824.073779 5.385509968 -1.165121913 24.754039764 -0.000210308 0.094768971 0.020685876 0.995284319
1439803824.136281 5.387347698 -1.165993094 24.774929047 0.000449026 0.086080089 0.020294631 0.996081352
1439803824.198785 5.388389111 -1.167477489 24.794240952 0.001015683 0.077040866 0.020312343 0.996820509
1439803824.261285 5.388877392 -1.168560028 24.814514160 0.001838641 0.067651339 0.019764081 0.997511566
1439803824.323785 5.388941288 -1.169867754 24.834493637 0.002704149 0.057639766 0.019336179 0.998146534
1439803824.386289 5.388718128 -1.171365142 24.854028702 0.003630819 0.047110934 0.019542741 0.998691857
1439803824.448790 5.387936592 -1.172851324 24.873245239 0.004666303 0.036257997 0.019857368 0.999134243
1439803824.511289 5.386269093 -1.174388766 24.892517090 0.005772712 0.025240431 0.019518811 0.999474168
1439803824.573791 5.384669781 -1.175400972 24.911924362 0.006802910 0.013273573 0.019849729 0.999691725
1439803824.636292 5.381704807 -1.177068472 24.931659698 0.007450973 0.001318424 0.019326139 0.999784589
1439803824.698794 5.378542900 -1.178572655 24.950418472 0.008780394 -0.011237226 0.019599456 0.999706209
1439803824.761295 5.374898911 -1.179771900 24.968875885 0.009961090 -0.024560215 0.019427402 0.999459982
1439803824.823797 5.370157242 -1.181346178 24.987848282 0.010599129 -0.037946898 0.018730300 0.999047995
1439803824.886298 5.365625381 -1.183137417 25.006301880 0.010818858 -0.052028451 0.019503109 0.998396516
1439803824.948800 5.359928608 -1.184463024 25.024492264 0.010827687 -0.066389285 0.018438514 0.997564673
1439803825.011302 5.353448868 -1.186050534 25.042493820 0.010451428 -0.081381179 0.016762985 0.996487260
1439803825.073801 5.346344948 -1.187785625 25.060321808 0.010387981 -0.096861668 0.015989685 0.995115161
1439803825.136303 5.338544369 -1.189379454 25.078384399 0.011061079 -0.112657882 0.015848160 0.993445873
1439803825.198805 5.330399513 -1.191307545 25.095197678 0.011742574 -0.128993154 0.015897976 0.991448462
1439803825.261306 5.321668625 -1.193306684 25.111356735 0.012672994 -0.145719513 0.015814427 0.989118338
1439803825.323806 5.312001705 -1.194985747 25.129060745 0.013683566 -0.163165107 0.015779907 0.986377656
1439803825.386306 5.301584721 -1.196843624 25.144800186 0.014460307 -0.181313142 0.014967569 0.983205140
1439803825.448807 5.290141106 -1.198533535 25.160295486 0.015101855 -0.200154647 0.013510072 0.979554772
1439803825.511307 5.277421951 -1.199914813 25.175653458 0.015906924 -0.219287470 0.011353834 0.975464523
1439803825.573808 5.264646530 -1.201422453 25.190378189 0.016368084 -0.238665119 0.010399112 0.970908284
1439803825.636309 5.251112938 -1.203008890 25.204441071 0.016635461 -0.257979602 0.008662194 0.965968311
1439803825.698809 5.236559868 -1.204458952 25.218055725 0.016819946 -0.277029812 0.006216890 0.960693955
1439803825.761309 5.221698761 -1.205920219 25.231182098 0.017268298 -0.295906335 0.004195329 0.955051661
1439803825.823813 5.206806183 -1.207102895 25.244556427 0.018287327 -0.315171897 0.003157779 0.948853135
1439803825.886313 5.191076279 -1.209438324 25.256334305 0.018479493 -0.333494961 0.001093245 0.942570090
1439803825.948811 5.174555779 -1.211044312 25.268075943 0.018983588 -0.351828158 -0.000699887 0.935871840
1439803826.011317 5.157697678 -1.212651968 25.279436111 0.019239895 -0.369892448 -0.001816608 0.928873539
1439803826.073813 5.139921188 -1.214300632 25.290340424 0.019737454 -0.387068152 -0.004004113 0.921831131
1439803826.136312 5.121766090 -1.215898395 25.300264359 0.020568471 -0.403264374 -0.005961945 0.914832890
1439803826.198814 5.103424072 -1.216970444 25.311306000 0.021786502 -0.419211864 -0.006869084 0.907600999
1439803826.261320 5.084482193 -1.218789101 25.321334839 0.022009712 -0.434663445 -0.006869427 0.900297821
1439803826.323816 5.064789772 -1.218429804 25.333072662 0.023476766 -0.448840439 -0.009031603 0.893257856
