1439803777.385419 -0.000409711 -0.003015897 0.054542121 0.000042191 -0.000742006 0.000514400 0.999999583
1439803777.447920 -0.000619746 -0.004515980 0.081662767 0.000571500 -0.001109098 0.001023850 0.999998689
1439803777.510421 -0.001173480 -0.006108801 0.109775044 0.001317187 -0.001084575 0.000475798 0.999998450
1439803777.572925 -0.001433313 -0.007669025 0.136299402 0.002279579 -0.001574476 -0.000707397 0.999995887
1439803777.635425 -0.001854498 -0.009270099 0.163184121 0.003022435 -0.001882978 -0.002339893 0.999990940
1439803777.697926 -0.002341818 -0.010792783 0.190504313 0.003273466 -0.002289911 -0.002938983 0.999987721
1439803777.760429 -0.002669792 -0.012338324 0.217508540 0.003118501 -0.002826483 -0.003174329 0.999986112
1439803777.822929 -0.003161565 -0.014122358 0.244930401 0.002282294 -0.003116648 -0.003905610 0.999984920
1439803777.885433 -0.003498882 -0.015773844 0.271872580 0.002016156 -0.003248984 -0.004629512 0.999981940
1439803777.947931 -0.004117233 -0.017529758 0.298892319 0.002073572 -0.003429445 -0.005299309 0.999977946
1439803778.010434 -0.004740531 -0.019574054 0.325722992 0.001901286 -0.003345807 -0.006620232 0.999970675
1439803778.072934 -0.005316407 -0.021038029 0.353193015 0.002103859 -0.003522673 -0.006547880 0.999970138
1439803778.135435 -0.005740409 -0.022882422 0.380320787 0.001600975 -0.003555286 -0.006986212 0.999967992
1439803778.197937 -0.006104842 -0.024204012 0.407662421 0.000888105 -0.003628008 -0.006397525 0.999972522
1439803778.260441 -0.006589727 -0.025909586 0.434133977 0.000338130 -0.003393140 -0.006285713 0.999974430
1439803778.322940 -0.007153024 -0.027400305 0.461875588 0.000121363 -0.003488116 -0.005900060 0.999976456
1439803778.385441 -0.007569575 -0.028922955 0.488953143 0.000137831 -0.003512203 -0.006071446 0.999975383
1439803778.447943 -0.007841076 -0.030534804 0.515884161 0.000542964 -0.003700224 -0.005938362 0.999975383
1439803778.510446 -0.008159006 -0.032195769 0.542480350 0.000673129 -0.003868698 -0.005913116 0.999974787
1439803778.572947 -0.008658735 -0.033658680 0.569353402 0.001126759 -0.003908008 -0.005860352 0.999974549
1439803778.635447 -0.008964041 -0.035307430 0.596649170 0.001700510 -0.003991050 -0.005631483 0.999974728
1439803778.697953 -0.009359827 -0.036785223 0.623265684 0.002345141 -0.004069186 -0.006097526 0.999970376
1439803778.760453 -0.009967600 -0.038364828 0.650344610 0.002606171 -0.003974654 -0.006408328 0.999968171
1439803778.822950 -0.010552471 -0.039773565 0.676909506 0.002297717 -0.004020958 -0.006068988 0.999970853
1439803778.885458 -0.010825902 -0.041293863 0.703487873 0.001480014 -0.004264557 -0.005033023 0.999977112
1439803778.947955 -0.011164449 -0.042861208 0.730293334 -0.000023300 -0.004543092 -0.004436522 0.999979854
1439803779.010457 -0.011588143 -0.044526018 0.756892979 -0.001044879 -0.004707778 -0.005644573 0.999972463
1439803779.072956 -0.012250841 -0.045946132 0.783705652 -0.001532672 -0.004449962 -0.005165828 0.999975562
1439803779.135458 -0.012772817 -0.047158498 0.810880601 -0.001616801 -0.004648304 -0.003974938 0.999979973
1439803779.197961 -0.013081649 -0.048678450 0.837549031 -0.001379639 -0.004921407 -0.003641476 0.999980330
1439803779.260459 -0.013602892 -0.050272796 0.863987267 -0.001150571 -0.005195869 -0.003764777 0.999978721
1439803779.322960 -0.014108026 -0.051714007 0.891274750 -0.000905233 -0.005465954 -0.002621329 0.999981165
1439803779.385461 -0.014601834 -0.053210091 0.918187916 -0.000484442 -0.005942000 -0.002268968 0.999979675
1439803779.447961 -0.015035043 -0.054827992 0.944905162 -0.000283562 -0.006366261 -0.002422603 0.999976754
1439803779.510463 -0.014974000 -0.056201141 0.971798897 -0.000017484 -0.007173076 -0.002236250 0.999971747
1439803779.572964 -0.015029915 -0.057881575 0.997712731 0.000035024 -0.008145667 -0.001859874 0.999965072
1439803779.635466 -0.016189432 -0.059152272 1.024651647 0.000198485 -0.008795770 -0.001676403 0.999959886
1439803779.697962 -0.016849110 -0.060832582 1.051950574 0.000558603 -0.009898523 -0.001546049 0.999949634
1439803779.760466 -0.017786089 -0.062419165 1.078582764 0.001077880 -0.011270260 -0.001042851 0.999935329
1439803779.822964 -0.018861936 -0.063748024 1.105371594 0.001505937 -0.012594179 -0.000866394 0.999919176
1439803779.885465 -0.019872770 -0.064943537 1.131942153 0.001851920 -0.014066913 -0.001088182 0.999898732
1439803779.947970 -0.020927738 -0.066458896 1.158391833 0.001848096 -0.015549753 -0.001015138 0.999876857
1439803780.010467 -0.021972572 -0.068329208 1.185018539 0.001099556 -0.016946463 -0.001127333 0.999855161
1439803780.072969 -0.023328854 -0.069858909 1.211580873 0.000617088 -0.018419746 -0.001139772 0.999829531
1439803780.135470 -0.024527399 -0.071401440 1.237617254 0.000170259 -0.019982163 -0.000457729 0.999800205
1439803780.197971 -0.025595188 -0.073307425 1.263417959 -0.000495301 -0.021649729 0.000037653 0.999765515
1439803780.260473 -0.027086053 -0.074773625 1.289321423 -0.000947577 -0.023219252 -0.000051188 0.999729931
1439803780.322976 -0.028754268 -0.076481119 1.314988375 -0.001364997 -0.024567556 0.000343489 0.999697149
1439803780.385475 -0.030441623 -0.077846013 1.342677116 -0.000655898 -0.026356708 0.000893240 0.999652028
1439803780.447976 -0.031995792 -0.079346031 1.368104100 -0.000126563 -0.027954563 0.001523793 0.999608040
1439803780.510476 -0.033981677 -0.080937356 1.395153165 0.000759691 -0.029463667 0.001625838 0.999564230
1439803780.572981 -0.035713293 -0.082430214 1.420996904 0.001116085 -0.031033678 0.002342832 0.999514937
1439803780.635478 -0.037596401 -0.084040515 1.447053313 0.000866221 -0.032718644 0.002132624 0.999461949
1439803780.697980 -0.039694302 -0.085661396 1.473138452 0.000746122 -0.034320220 0.002058031 0.999408484
1439803780.760482 -0.041827209 -0.087033376 1.499207377 0.001138735 -0.035785221 0.002608060 0.999355435
1439803780.822983 -0.044133157 -0.088692546 1.524792433 0.001931104 -0.037290756 0.002780134 0.999298692
1439803780.885484 -0.046488166 -0.090421468 1.550886154 0.002930988 -0.038908940 0.002374821 0.999235630
1439803780.947986 -0.048733242 -0.091925181 1.576114655 0.003723379 -0.040430378 0.001882266 0.999173641
1439803781.010485 -0.051585905 -0.093338549 1.601851821 0.004282777 -0.041984450 0.001227086 0.999108315
1439803781.072986 -0.054206662 -0.095331527 1.627925396 0.004066217 -0.043654017 0.000907255 0.999038041
1439803781.135489 -0.056761995 -0.097102389 1.652934074 0.003780536 -0.045376379 0.000725312 0.998962581
1439803781.197989 -0.059513345 -0.098742157 1.678822994 0.003722513 -0.047146469 0.000963430 0.998880565
1439803781.260490 -0.062393948 -0.100399613 1.704257369 0.003367719 -0.048770145 0.001137245 0.998803675
1439803781.322992 -0.065515555 -0.101697758 1.729705453 0.003602843 -0.050359461 0.001234361 0.998723924
1439803781.385497 -0.067842223 -0.103635259 1.754082799 0.003233060 -0.051997278 0.001129278 0.998641372
1439803781.447994 -0.070628993 -0.105218217 1.778919935 0.003554642 -0.053766374 0.001320730 0.998546362
1439803781.510496 -0.073756352 -0.106745936 1.804255366 0.004287309 -0.055494599 0.001498695 0.998448610
1439803781.573000 -0.076483876 -0.108630694 1.828248501 0.004639298 -0.057301741 0.001457581 0.998345077
1439803781.635498 -0.080166057 -0.110456608 1.853814721 0.005682262 -0.058759388 0.001425902 0.998254955
1439803781.698002 -0.083548889 -0.112270139 1.878264785 0.006082200 -0.060228549 0.000873861 0.998165727
1439803781.760504 -0.087086231 -0.113722637 1.903439522 0.005068299 -0.061904330 0.000855019 0.998068869
1439803781.823003 -0.090290964 -0.115226924 1.928884387 0.004059793 -0.063638963 0.002260872 0.997962177
1439803781.885504 -0.093786776 -0.116743200 1.953656912 0.002575153 -0.065204881 0.003606315 0.997862041
1439803781.948007 -0.097296223 -0.118713699 1.978274941 0.001016106 -0.066658795 0.004264710 0.997766197
1439803782.010507 -0.100458473 -0.120276600 2.001650572 0.000370904 -0.068163209 0.005197722 0.997660577
1439803782.073011 -0.104108453 -0.121781118 2.026356220 0.000751944 -0.069534622 0.006239774 0.997559726
1439803782.135510 -0.108078793 -0.123317473 2.051145077 0.001333951 -0.070955329 0.007145722 0.997453034
1439803782.198014 -0.111448452 -0.125122398 2.074508667 0.001814482 -0.072582424 0.007419029 0.997333169
1439803782.260513 -0.115552992 -0.126769215 2.100060225 0.002479496 -0.073860742 0.009196142 0.997223079
1439803782.323016 -0.119471997 -0.128422067 2.124109983 0.002663333 -0.075174272 0.009238657 0.997124016
1439803782.385517 -0.123543262 -0.128942624 2.148009300 0.003093199 -0.076416366 0.009398371 0.997026920
1439803782.448019 -0.126999661 -0.130982220 2.172463417 0.003041695 -0.077947110 0.010120274 0.996901512
1439803782.510520 -0.131529033 -0.133023813 2.198071957 0.003208918 -0.079055101 0.010069232 0.996814191
1439803782.573021 -0.136719018 -0.134776890 2.221004248 0.003085001 -0.079930194 0.009907493 0.996746421
1439803782.635521 -0.139750093 -0.136455134 2.246212721 0.003430841 -0.081639379 0.009794348 0.996607900
1439803782.698023 -0.143957049 -0.138043553 2.270915031 0.004128309 -0.082848273 0.009634640 0.996507049
1439803782.760524 -0.147652462 -0.139839649 2.293866873 0.004384137 -0.084199950 0.009072028 0.996397913
1439803782.823025 -0.152047247 -0.141722038 2.317602396 0.004513946 -0.085035987 0.008191561 0.996333957
1439803782.885526 -0.155980527 -0.143099189 2.342833281 0.004689903 -0.085764468 0.007812887 0.996273756
1439803782.948032 -0.160085022 -0.144820154 2.366727591 0.004188483 -0.086472437 0.007214600 0.996219337
1439803783.010529 -0.164743930 -0.146402061 2.390681982 0.003403705 -0.086938255 0.006200514 0.996188581
1439803783.073030 -0.168941647 -0.147865593 2.415215254 0.003050151 -0.087684125 0.005223353 0.996129990
1439803783.135532 -0.172585309 -0.149471492 2.437620640 0.002869885 -0.088713065 0.004933150 0.996040881
1439803783.198033 -0.178078413 -0.151152104 2.461043596 0.002814407 -0.089308254 0.005397219 0.995985448
1439803783.260535 -0.181667775 -0.152701795 2.484127522 0.003076699 -0.090331197 0.004899299 0.995894969
1439803783.323039 -0.186316192 -0.154296070 2.507759333 0.003382762 -0.090954252 0.004357842 0.995839775
1439803783.385538 -0.190300494 -0.155804127 2.530561209 0.003522420 -0.091776580 0.004185635 0.995764613
1439803783.448040 -0.194951415 -0.157557696 2.553899765 0.003543818 -0.092365973 0.003619669 0.995712221
1439803783.510540 -0.199281961 -0.158962712 2.576650143 0.003869056 -0.093163468 0.003652651 0.995636582
1439803783.573045 -0.203600287 -0.160776004 2.599234104 0.003668872 -0.093793236 0.003179939 0.995579839
1439803783.635543 -0.207964033 -0.162325829 2.622127771 0.003663246 -0.094484895 0.002777814 0.995515645
1439803783.698044 -0.212998390 -0.163662925 2.645631313 0.003861874 -0.094886564 0.001975289 0.995478630
1439803783.760547 -0.217512727 -0.165196061 2.668129444 0.004017597 -0.095459968 0.001374831 0.995424211
1439803783.823049 -0.222239912 -0.166564554 2.690558910 0.003970550 -0.095828801 0.000988675 0.995389402
1439803783.885551 -0.227003038 -0.167907074 2.713431358 0.004098824 -0.096364290 0.000422660 0.995337605
1439803783.948051 -0.231273830 -0.169688344 2.735603809 0.003838913 -0.096770130 0.000098427 0.995299339
1439803784.010551 -0.237149298 -0.170688018 2.760097504 0.004043755 -0.096924491 0.000363648 0.995283425
1439803784.073053 -0.241381347 -0.173004016 2.781926632 0.003139641 -0.097374551 -0.000511169 0.995242715
1439803784.135553 -0.244844109 -0.174278826 2.803385258 0.003016026 -0.098146625 -0.000599339 0.995167196
1439803784.198055 -0.251446128 -0.174902499 2.827873230 0.003448717 -0.097950786 -0.000267578 0.995185256
1439803784.260560 -0.256167024 -0.177194104 2.849993944 0.002793604 -0.098028466 -0.001050351 0.995179117
1439803784.323057 -0.260249972 -0.178459540 2.871979713 0.002436809 -0.098419674 -0.001063001 0.995141447
1439803784.385561 -0.265064120 -0.179693878 2.894214869 0.002510386 -0.098354995 -0.001394114 0.995147228
1439803784.448071 -0.269894332 -0.181357130 2.916711569 0.002401880 -0.098257825 -0.001156026 0.995157421
1439803784.510562 -0.274426550 -0.182947546 2.938740969 0.001968600 -0.098144583 -0.000489576 0.995170116
1439803784.573064 -0.278729558 -0.183873311 2.961008310 0.001799662 -0.098487027 0.000796751 0.995136380
1439803784.635564 -0.282799363 -0.185400367 2.982820749 0.001401069 -0.098664276 0.000921951 0.995119393
1439803784.698066 -0.287935972 -0.186451167 3.005838156 0.001881610 -0.098737895 0.002559385 0.995108426
1439803784.760568 -0.292316854 -0.188116416 3.026826859 0.002093439 -0.098756179 0.002501181 0.995106280
1439803784.823068 -0.295207649 -0.190567911 3.046637297 0.002183451 -0.099305093 0.001995604 0.995052636
1439803784.885571 -0.301161647 -0.191164806 3.069508553 0.003804261 -0.099027798 0.002816032 0.995073438
1439803784.948071 -0.305219561 -0.192907035 3.090471983 0.003988277 -0.099288791 0.002580301 0.995047331
1439803785.010573 -0.309973300 -0.194276452 3.112109184 0.004039558 -0.099212922 0.002929644 0.995053709
1439803785.073074 -0.312474668 -0.193891227 3.134543419 0.005142778 -0.100267127 0.004438725 0.994937360
1439803785.135576 -0.318078995 -0.196452275 3.156055689 0.004503716 -0.099765845 0.003742906 0.994993746
1439803785.198077 -0.323276043 -0.197255209 3.177926540 0.004744739 -0.099430352 0.003281918 0.995027840
1439803785.260578 -0.326390833 -0.198734820 3.198786497 0.004472421 -0.100041687 0.001531396 0.994971991
1439803785.323079 -0.331150800 -0.199892074 3.220324039 0.003647866 -0.099824622 -0.001749289 0.994996846
1439803785.385581 -0.335514694 -0.201433688 3.240791082 0.003066895 -0.099690311 -0.002577675 0.995010436
1439803785.448082 -0.339897126 -0.202798277 3.262693882 0.004191490 -0.099449828 -0.000294261 0.995033681
1439803785.510583 -0.344431102 -0.204542190 3.284848928 0.005530701 -0.099095657 0.001798929 0.995060921
1439803785.573085 -0.348460585 -0.206076801 3.305966616 0.007032986 -0.098671027 0.002410020 0.995092332
1439803785.635589 -0.352945209 -0.207420275 3.327340126 0.008830596 -0.097696960 0.001628216 0.995175719
1439803785.698088 -0.358125716 -0.208783478 3.349396467 0.009222144 -0.096178234 0.000656246 0.995321155
1439803785.760590 -0.362445295 -0.210377544 3.371356726 0.008185136 -0.095466241 0.000800000 0.995398700
1439803785.823093 -0.366473854 -0.211909473 3.392427206 0.006530421 -0.094740726 0.000904075 0.995480120
1439803785.885592 -0.370803088 -0.213218182 3.414162159 0.005235849 -0.093629815 0.001365948 0.995592415
1439803785.948093 -0.374750942 -0.214759022 3.435958385 0.004539903 -0.092545450 0.001234701 0.995697320
1439803786.010595 -0.378741056 -0.216177717 3.457423449 0.004598293 -0.091355860 0.000735320 0.995807409
1439803786.073099 -0.382707179 -0.217641726 3.478990078 0.004856874 -0.090037890 0.000602303 0.995926321
1439803786.135600 -0.386583388 -0.219271302 3.500239611 0.005185500 -0.088854350 -0.000411154 0.996031046
1439803786.198100 -0.390916139 -0.220260233 3.522287369 0.005524062 -0.087507777 -0.001101434 0.996147871
1439803786.323101 -0.398714632 -0.222968876 3.565806150 0.004045334 -0.084922694 -0.002891477 0.996375144
1439803786.385603 -0.402185440 -0.224238977 3.587231636 0.003061088 -0.083824895 -0.002377748 0.996472955
1439803786.448102 -0.405236363 -0.225930557 3.608170033 0.002192485 -0.082800515 -0.002593644 0.996560395
1439803786.510602 -0.409537613 -0.227032632 3.630928040 0.002029453 -0.081450067 -0.002542255 0.996672094
1439803786.573104 -0.413331985 -0.228036508 3.653120518 0.001808925 -0.080220155 -0.002228610 0.996773064
1439803786.698103 -0.419685483 -0.231026158 3.696120262 0.002899064 -0.077574812 -0.000778641 0.996982038
1439803786.760604 -0.422799528 -0.232445121 3.717561960 0.003860338 -0.076393336 -0.000787911 0.997069955
1439803786.823107 -0.426545680 -0.233751327 3.740271330 0.005157290 -0.074772373 -0.000237121 0.997187257
1439803786.885605 -0.429665327 -0.235323668 3.761785269 0.006582925 -0.073155686 0.000693032 0.997298598
1439803786.948105 -0.432731122 -0.236843914 3.784085512 0.007729490 -0.071425825 0.001537776 0.997414768
1439803787.073107 -0.438963920 -0.240099370 3.828572750 0.008484473 -0.067625336 0.002254214 0.997672141
1439803787.135607 -0.441807210 -0.241570517 3.851186275 0.008295159 -0.065934733 0.002578921 0.997786164
1439803787.198108 -0.444613934 -0.243254304 3.873079062 0.007624620 -0.064572349 0.002866267 0.997879803
1439803787.260608 -0.447299808 -0.244859263 3.895594120 0.006749853 -0.063627377 0.004723477 0.997939706
1439803787.323109 -0.449989378 -0.246428519 3.918148994 0.005982383 -0.062852927 0.006020052 0.997986734
1439803787.448109 -0.455550611 -0.249273002 3.963439941 0.004014849 -0.061170880 0.006141156 0.998100340
1439803787.510612 -0.458499998 -0.250674903 3.986165524 0.003062005 -0.060297918 0.005632487 0.998159826
1439803787.573112 -0.461173385 -0.252146780 4.008996964 0.002464693 -0.059553724 0.005784124 0.998205304
1439803787.635613 -0.463895351 -0.253577173 4.031714439 0.002419902 -0.058945607 0.005936711 0.998240590
1439803787.698114 -0.466396332 -0.254913062 4.054748058 0.002733216 -0.058274616 0.006461329 0.998275936
1439803787.760615 -0.469057649 -0.256309271 4.077838421 0.003059378 -0.057371106 0.006681979 0.998325884
1439803787.823117 -0.471879572 -0.257582009 4.100913525 0.003008715 -0.056467999 0.006183502 0.998380721
1439803787.885617 -0.474470407 -0.258892477 4.124297142 0.002262877 -0.055649202 0.005744698 0.998431265
1439803787.948117 -0.477248877 -0.260137677 4.147464275 0.001289634 -0.054797571 0.004096338 0.998488247
1439803788.010619 -0.480160475 -0.261349946 4.171125889 0.000716211 -0.053648636 0.001648513 0.998558223
1439803788.073119 -0.482717395 -0.262803227 4.193988323 0.000118304 -0.052459870 0.000045632 0.998623013
1439803788.135619 -0.485198498 -0.264026552 4.217514992 0.000061922 -0.050869472 -0.000292985 0.998705268
1439803788.198120 -0.487679869 -0.265333235 4.240921497 0.000549259 -0.048846927 -0.000081822 0.998806119
1439803788.260621 -0.489734858 -0.266547710 4.265405178 0.000783977 -0.046983737 -0.000231510 0.998895347
1439803788.323121 -0.492034912 -0.267923027 4.288918972 0.000742242 -0.044564955 -0.000936214 0.999005795
1439803788.385622 -0.494097710 -0.269135386 4.312287331 0.001166370 -0.042362139 -0.002022577 0.999099612
1439803788.448122 -0.496020615 -0.270293862 4.336048603 0.001386337 -0.040355243 -0.001749392 0.999182880
1439803788.510622 -0.498160362 -0.272154421 4.360795498 0.001146755 -0.038386494 -0.001793169 0.999260724
1439803788.573123 -0.492236823 -0.278037369 4.384093285 -0.000181215 -0.039406128 -0.002007287 0.999221265
1439803788.635625 -0.482313693 -0.280660361 4.403958321 0.000244248 -0.041390564 -0.000971579 0.999142528
