1439803696.758985 -0.010608577 -0.002908813 0.055337142 0.001956185 -0.043021616 0.003782617 0.999065042
1439803696.821475 -0.015145881 -0.004082729 0.074332461 0.001545555 -0.055958025 0.003825706 0.998424590
1439803696.883976 -0.020719288 -0.005250979 0.095871359 0.001175501 -0.068707891 0.003624692 0.997629523
1439803696.946478 -0.026002819 -0.006032484 0.113170803 0.001463351 -0.080803722 0.002836522 0.996724904
1439803697.008978 -0.032290943 -0.007093088 0.132766545 0.002402853 -0.091900744 0.000686488 0.995765030
1439803697.071480 -0.039039265 -0.008195234 0.152502477 0.003522007 -0.102237776 -0.001451646 0.994752705
1439803697.133980 -0.045991741 -0.009359281 0.172384381 0.004145388 -0.112213328 -0.002940001 0.993671119
1439803697.196482 -0.053268891 -0.010448584 0.192716762 0.004654847 -0.122016624 -0.003746245 0.992510080
1439803697.258984 -0.060491852 -0.011776180 0.212754101 0.004534557 -0.131239220 -0.003685863 0.991333485
1439803697.321485 -0.068059742 -0.013218859 0.233594000 0.004002125 -0.139732048 -0.002844328 0.990177155
1439803697.383986 -0.075703673 -0.014478398 0.254860222 0.003437074 -0.147487074 -0.001202946 0.989057302
1439803697.446488 -0.083807148 -0.015824581 0.276179701 0.002828488 -0.154518321 -0.000380918 0.987985790
1439803697.508989 -0.092193440 -0.016939143 0.297579557 0.002378995 -0.160946131 -0.001110974 0.986959696
1439803697.571488 -0.101450883 -0.018124750 0.319337994 0.002227136 -0.166868299 -0.002258719 0.985974073
1439803697.633991 -0.110672526 -0.019331941 0.341096818 0.002391899 -0.172495946 -0.003497000 0.985001087
1439803697.696493 -0.120033592 -0.020675164 0.363201797 0.002695823 -0.177741125 -0.004820108 0.984061778
1439803697.758993 -0.129833728 -0.021958003 0.385418296 0.002915960 -0.182451621 -0.005045206 0.983197570
1439803697.821493 -0.139395446 -0.023610886 0.407740355 0.002987725 -0.186855078 -0.004128698 0.982374251
1439803697.883993 -0.149336219 -0.025283892 0.430523008 0.003420256 -0.190940425 -0.003360978 0.981589913
1439803697.946494 -0.159625247 -0.026538087 0.453865111 0.004180019 -0.194754407 -0.002534469 0.980839849
1439803698.008995 -0.170295268 -0.027890099 0.477236331 0.005054600 -0.198075697 -0.002637165 0.980170131
1439803698.071496 -0.180817321 -0.029447710 0.500418484 0.005840222 -0.200791448 -0.002804819 0.979612589
1439803698.134001 -0.191667423 -0.031040017 0.524068534 0.006409673 -0.202797860 -0.003478813 0.979193449
1439803698.196499 -0.203283638 -0.032522816 0.548478127 0.006920533 -0.204385608 -0.004624448 0.978855073
1439803698.259000 -0.215202332 -0.034206346 0.572442174 0.007417052 -0.205762729 -0.006984980 0.978548884
1439803698.321501 -0.225926921 -0.035883807 0.596991181 0.007738146 -0.207306758 -0.008283472 0.978210330
1439803698.384005 -0.237681359 -0.037699755 0.620861769 0.007755908 -0.208133578 -0.008971162 0.978028476
1439803698.446504 -0.249323234 -0.039386813 0.646017015 0.007603222 -0.208832964 -0.009914743 0.977871478
1439803698.509006 -0.260797769 -0.041001525 0.671348989 0.007018694 -0.209429622 -0.009411496 0.977753222
1439803698.571507 -0.272488713 -0.042440612 0.697159648 0.006060909 -0.210046262 -0.007926676 0.977640510
1439803698.634008 -0.284296781 -0.044038095 0.723378062 0.005287026 -0.210476741 -0.007839578 0.977553129
1439803698.696512 -0.296689540 -0.045810033 0.748884976 0.004578843 -0.210469395 -0.008892313 0.977549255
1439803698.759011 -0.308904529 -0.047523953 0.775140703 0.004319081 -0.210486069 -0.009901142 0.977537155
1439803698.821512 -0.321652889 -0.049005605 0.801335096 0.004637397 -0.210338593 -0.011189794 0.977553546
1439803698.884017 -0.333810657 -0.050650015 0.828105986 0.005172405 -0.210429862 -0.012307284 0.977517784
1439803698.946517 -0.346260250 -0.052474249 0.855036497 0.005689207 -0.210507289 -0.012671345 0.977493584
1439803699.009019 -0.358449578 -0.054005723 0.882303953 0.006097402 -0.210734650 -0.012070088 0.977449775
1439803699.071518 -0.370648831 -0.055386316 0.909742296 0.006865699 -0.210974455 -0.011097958 0.977404475
1439803699.134022 -0.383671969 -0.057816550 0.937059939 0.007042531 -0.210823566 -0.010913122 0.977437854
1439803699.196521 -0.396173477 -0.059491310 0.964922905 0.006862239 -0.210901290 -0.010836119 0.977423251
1439803699.259021 -0.408903390 -0.060968690 0.992699385 0.006750295 -0.210939825 -0.011723373 0.977405429
1439803699.321523 -0.422204345 -0.063184738 1.020496845 0.006727804 -0.210563824 -0.012880060 0.977472126
1439803699.384027 -0.435482979 -0.064968817 1.048931718 0.006427998 -0.210536614 -0.013809538 0.977467299
1439803699.446526 -0.448383600 -0.066672064 1.077550650 0.005770103 -0.210766062 -0.013744054 0.977422893
1439803699.509026 -0.461580455 -0.068479113 1.106022477 0.005673071 -0.210954338 -0.013358481 0.977388144
1439803699.571528 -0.474508435 -0.070383854 1.134544730 0.006085837 -0.210980058 -0.013037585 0.977384448
1439803699.634030 -0.487503827 -0.072428681 1.163353920 0.006555184 -0.211155996 -0.012880231 0.977345526
1439803699.696529 -0.500713587 -0.074224919 1.191950917 0.006864842 -0.211310431 -0.012762181 0.977311552
1439803699.759030 -0.514193058 -0.076137803 1.221080303 0.006915025 -0.211449191 -0.012874713 0.977279723
1439803699.821533 -0.527941525 -0.077949673 1.250537992 0.006662656 -0.211449489 -0.012548267 0.977285683
1439803699.884031 -0.541697860 -0.080040805 1.279577494 0.006036356 -0.211598322 -0.012069115 0.977263570
1439803699.946531 -0.555125535 -0.081869647 1.309105158 0.005852327 -0.211923912 -0.012236292 0.977192044
1439803700.009033 -0.569145203 -0.084293060 1.338760614 0.006041181 -0.212096274 -0.012080808 0.977155447
1439803700.071532 -0.582816958 -0.086231306 1.368274570 0.006446821 -0.212197691 -0.012871818 0.977120697
1439803700.134033 -0.596748352 -0.088418849 1.397714734 0.006348227 -0.212296754 -0.013078059 0.977097094
1439803700.196534 -0.610749304 -0.090350971 1.427669764 0.005820107 -0.212619752 -0.013501034 0.977024376
1439803700.259036 -0.624797523 -0.091857888 1.457297683 0.005298936 -0.212886706 -0.014712303 0.976951718
1439803700.321536 -0.638439775 -0.093674734 1.487209439 0.004307190 -0.213235438 -0.014970535 0.976876616
1439803700.384040 -0.652854264 -0.095744580 1.517279029 0.003434177 -0.213246703 -0.015109234 0.976875484
1439803700.446541 -0.667111874 -0.097976908 1.547217846 0.003240726 -0.213402033 -0.014940350 0.976844847
1439803700.509040 -0.680746198 -0.099932440 1.577057123 0.003675809 -0.213734731 -0.014554943 0.976776361
1439803700.571545 -0.694702148 -0.101904482 1.606865764 0.004512385 -0.214026600 -0.014724582 0.976706386
1439803700.634047 -0.708988786 -0.103956684 1.636626959 0.005178286 -0.214303523 -0.015319687 0.976633251
1439803700.696546 -0.722982168 -0.105920158 1.666301727 0.005463077 -0.214712605 -0.016172573 0.976528049
1439803700.759048 -0.737560868 -0.107295908 1.696939230 0.005498217 -0.215031877 -0.015797462 0.976463795
1439803700.821550 -0.751831293 -0.109257229 1.727033973 0.004775017 -0.215484798 -0.015553154 0.976371646
1439803700.884051 -0.766242027 -0.111131854 1.757109404 0.004169469 -0.215862140 -0.014905462 0.976301193
1439803700.946552 -0.780327499 -0.113093488 1.787139297 0.003720016 -0.216157585 -0.015479660 0.976228714
1439803701.009051 -0.794855118 -0.114971936 1.817509413 0.003786383 -0.216228396 -0.016411386 0.976197541
1439803701.071552 -0.809315443 -0.116874523 1.847347975 0.003875830 -0.216497481 -0.016769659 0.976131439
1439803701.134057 -0.824030757 -0.118321396 1.877413630 0.004709222 -0.216925889 -0.017920587 0.976012230
1439803701.196557 -0.839353025 -0.120700046 1.907519221 0.005369615 -0.216896296 -0.019172128 0.975991607
1439803701.259059 -0.853762388 -0.122323632 1.938396096 0.006069133 -0.217305928 -0.020229213 0.975875020
1439803701.321559 -0.868587554 -0.124075815 1.968645096 0.006548659 -0.217510775 -0.021713980 0.975794375
1439803701.384059 -0.883464217 -0.125946105 1.998865843 0.006764446 -0.217697263 -0.023332369 0.975713968
1439803701.446564 -0.898094237 -0.128107801 2.028696060 0.007086053 -0.217702463 -0.024297260 0.975686967
1439803701.509062 -0.912658930 -0.130155489 2.058844566 0.007453587 -0.217744857 -0.023538502 0.975693345
1439803701.571564 -0.926619649 -0.132310599 2.088902473 0.007722265 -0.218155950 -0.022547774 0.975622833
1439803701.634065 -0.941081822 -0.134574533 2.118962765 0.007854376 -0.218348101 -0.021469435 0.975603163
1439803701.696566 -0.955696523 -0.136623994 2.148995876 0.008227364 -0.218392402 -0.022755632 0.975561023
1439803701.759067 -0.970403314 -0.138519287 2.179080248 0.008604387 -0.218526378 -0.024781346 0.975478411
1439803701.821569 -0.985659599 -0.140675977 2.209002972 0.008851064 -0.218649715 -0.025963042 0.975417793
1439803701.884070 -1.000346184 -0.142607823 2.239165068 0.009204608 -0.219174683 -0.025717309 0.975303233
1439803701.946571 -1.015014410 -0.144891247 2.269135714 0.009139714 -0.219600454 -0.024587447 0.975237191
1439803702.009072 -1.029271364 -0.147156477 2.299171925 0.009180132 -0.219980955 -0.023691559 0.975173235
1439803702.071574 -1.043732762 -0.148843676 2.328867912 0.009543977 -0.219905332 -0.023200002 0.975198627
1439803702.134076 -1.057875872 -0.151232064 2.358417988 0.009502715 -0.219881684 -0.023177527 0.975204885
1439803702.196576 -1.072297335 -0.153580412 2.388346195 0.009225532 -0.219783306 -0.024092251 0.975207567
1439803702.259077 -1.087095618 -0.155781046 2.418290377 0.009079576 -0.219566137 -0.023412619 0.975274384
1439803702.321579 -1.101090193 -0.157958105 2.448127031 0.009419506 -0.219784737 -0.022898018 0.975234151
1439803702.384084 -1.115628600 -0.160012826 2.478313446 0.009736810 -0.219830304 -0.021753028 0.975246966
1439803702.446582 -1.129466772 -0.162161872 2.508229256 0.009954847 -0.220040098 -0.020525079 0.975224078
1439803702.509082 -1.144927740 -0.164230004 2.538612604 0.010035234 -0.219895929 -0.019875584 0.975269198
1439803702.571582 -1.158308744 -0.166533187 2.567807198 0.009456665 -0.219997823 -0.019059772 0.975268304
1439803702.634085 -1.172844768 -0.168770954 2.597527027 0.009190797 -0.219911471 -0.018922128 0.975292981
1439803702.696583 -1.186904907 -0.170741946 2.627290249 0.009235470 -0.220025554 -0.018918077 0.975266933
1439803702.759086 -1.201505542 -0.172984853 2.657210112 0.009109646 -0.219936907 -0.018051252 0.975304484
1439803702.821588 -1.215944648 -0.175335631 2.686322689 0.009017615 -0.219941244 -0.017319025 0.975317657
1439803702.884085 -1.230362773 -0.177776933 2.716265678 0.009425196 -0.219884589 -0.016746111 0.975336611
1439803702.946586 -1.244497061 -0.179921210 2.746068001 0.010247011 -0.220087394 -0.015833139 0.975297809
1439803703.009091 -1.258632064 -0.182105243 2.775404453 0.011192257 -0.220151797 -0.015781857 0.975273728
1439803703.071587 -1.273514986 -0.184393764 2.805434704 0.011216607 -0.220172748 -0.015262707 0.975277007
1439803703.134087 -1.287860155 -0.186643630 2.834832907 0.010908279 -0.220340401 -0.014369889 0.975256205
1439803703.196592 -1.302071571 -0.188982472 2.864597082 0.010858581 -0.220606074 -0.014002768 0.975202024
1439803703.259094 -1.316212893 -0.191387504 2.893730402 0.009931666 -0.220882341 -0.013243831 0.975160003
1439803703.321590 -1.330568314 -0.193642855 2.923896790 0.008995416 -0.221175551 -0.012436706 0.975113273
1439803703.384090 -1.345222950 -0.195977539 2.953717947 0.008670060 -0.221203804 -0.012206270 0.975112677
1439803703.446598 -1.358734608 -0.198257282 2.982628822 0.008871354 -0.221425071 -0.012149731 0.975061357
1439803703.509094 -1.373242021 -0.200464711 3.012198687 0.008819965 -0.221633092 -0.012076419 0.975015461
1439803703.571594 -1.387853026 -0.202522606 3.041686296 0.008274936 -0.221963495 -0.012124020 0.974944472
1439803703.634094 -1.402137876 -0.204746559 3.071357489 0.007845561 -0.222353518 -0.012318564 0.974856734
1439803703.696597 -1.416486144 -0.206851989 3.100749969 0.007405846 -0.222738430 -0.011739026 0.974779427
1439803703.759098 -1.431004047 -0.209108904 3.130351543 0.006825956 -0.223030254 -0.011496291 0.974719822
1439803703.821598 -1.445199966 -0.211099386 3.160026312 0.006489952 -0.223406821 -0.011410004 0.974636912
1439803703.884100 -1.459407210 -0.212990656 3.188712120 0.006684299 -0.223573029 -0.011485208 0.974596560
1439803703.946602 -1.474062562 -0.215565979 3.218322277 0.007344780 -0.223845869 -0.011584835 0.974528015
1439803704.009101 -1.489326596 -0.217445582 3.248181105 0.008146777 -0.223933071 -0.011662479 0.974500716
1439803704.071603 -1.502949238 -0.219528809 3.277081728 0.008330534 -0.224462450 -0.010933164 0.974385798
1439803704.134104 -1.518175721 -0.222076774 3.306933403 0.008153762 -0.224644527 -0.010610198 0.974348903
1439803704.196606 -1.532372355 -0.224639803 3.336245775 0.008242701 -0.225004062 -0.010334575 0.974268138
1439803704.259107 -1.547013879 -0.226442456 3.365697384 0.007969670 -0.225273862 -0.009993318 0.974211633
1439803704.321608 -1.561618567 -0.228556722 3.394862175 0.007250607 -0.225555018 -0.010737632 0.974144280
1439803704.384109 -1.576361418 -0.230871916 3.423941135 0.006542171 -0.225787148 -0.011368247 0.974088371
1439803704.446610 -1.591406465 -0.232882619 3.453295708 0.006414115 -0.225976914 -0.011257608 0.974046469
1439803704.509112 -1.605658412 -0.235090792 3.482432127 0.006211938 -0.226548389 -0.010993185 0.973918080
1439803704.571613 -1.620033979 -0.237264767 3.511532545 0.006249058 -0.226964250 -0.010200539 0.973829627
1439803704.634114 -1.634845495 -0.239573628 3.540542126 0.006752918 -0.227096200 -0.010676042 0.973790407
1439803704.696614 -1.649226069 -0.241554916 3.569368362 0.007356908 -0.227354661 -0.011407163 0.973717391
1439803704.759114 -1.663524389 -0.243331850 3.598119974 0.007519315 -0.227423906 -0.012412080 0.973687708
1439803704.821616 -1.678265333 -0.245381504 3.626983166 0.007847643 -0.227405325 -0.013119289 0.973680198
1439803704.884119 -1.692688465 -0.247477442 3.655283213 0.008381317 -0.227331787 -0.013724253 0.973684609
1439803704.946618 -1.707354665 -0.250111043 3.684632778 0.008951668 -0.227542326 -0.014102319 0.973624885
1439803705.009119 -1.721653819 -0.252219945 3.713155746 0.009561616 -0.227592707 -0.014559949 0.973600626
1439803705.071622 -1.735919237 -0.254198700 3.741425037 0.010344205 -0.227508232 -0.015211632 0.973602355
1439803705.134121 -1.751342893 -0.256603867 3.771142960 0.010718622 -0.227269858 -0.015181149 0.973654509
1439803705.196622 -1.765442848 -0.258880645 3.799425602 0.010600289 -0.227247566 -0.015534457 0.973655403
1439803705.259124 -1.779950142 -0.261053294 3.828001022 0.010341649 -0.227120221 -0.016997367 0.973663449
1439803705.321625 -1.794760227 -0.263223439 3.857065439 0.010388727 -0.227017224 -0.017367313 0.973680437
1439803705.384126 -1.809121370 -0.265538633 3.885472298 0.010443399 -0.226969495 -0.017515378 0.973688364
1439803705.446628 -1.823281765 -0.267940402 3.913747787 0.010215997 -0.226961717 -0.017860549 0.973686337
1439803705.509129 -1.836794853 -0.270324200 3.941514969 0.010082464 -0.227284700 -0.017715499 0.973614991
1439803705.571631 -1.853207231 -0.272579432 3.971598387 0.010796717 -0.226861507 -0.017373888 0.973712206
1439803705.634131 -1.867270350 -0.274834067 3.999442339 0.011184414 -0.226784796 -0.016850216 0.973734856
1439803705.696633 -1.881217480 -0.277221352 4.028012276 0.010972432 -0.226863757 -0.015365538 0.973743439
1439803705.759133 -1.895655513 -0.279064417 4.056870937 0.011298756 -0.226887837 -0.015221668 0.973736346
1439803705.821636 -1.909573793 -0.281261504 4.085137367 0.011326078 -0.226815835 -0.015742611 0.973744571
1439803705.884136 -1.923794508 -0.283643365 4.113194942 0.010879490 -0.226767957 -0.015907850 0.973758101
1439803705.946636 -1.937498093 -0.285751939 4.141003609 0.010247921 -0.226835459 -0.015976820 0.973748088
1439803706.009138 -1.951617241 -0.288061321 4.169418812 0.008762064 -0.226869330 -0.016162928 0.973751664
1439803706.071640 -1.966462612 -0.290244609 4.198625088 0.007565643 -0.226892963 -0.015524257 0.973766565
1439803706.134139 -1.980240583 -0.292461127 4.226727486 0.006856348 -0.226894960 -0.015206006 0.973776400
1439803706.196640 -1.994031906 -0.294802070 4.254702091 0.006812817 -0.226762831 -0.014773505 0.973814130
1439803706.259141 -2.008987665 -0.297022492 4.283329487 0.006926739 -0.226472929 -0.014196446 0.973889351
1439803706.321644 -2.022820473 -0.299285531 4.310878277 0.007331584 -0.226295918 -0.013990105 0.973930538
1439803706.384144 -2.036463022 -0.301369190 4.338756084 0.008081694 -0.226249322 -0.013547750 0.973941684
1439803706.446646 -2.050572395 -0.303567737 4.366641998 0.008547856 -0.226322263 -0.013301998 0.973924160
1439803706.509146 -2.064653158 -0.305790246 4.395377636 0.008529560 -0.226469293 -0.012929237 0.973895133
1439803706.571652 -2.078011751 -0.307964802 4.422899723 0.008304697 -0.226522401 -0.012831857 0.973886013
1439803706.634148 -2.091355801 -0.310204655 4.450729370 0.007965537 -0.226720110 -0.012795402 0.973843336
1439803706.696650 -2.106284857 -0.312341332 4.478661060 0.007743620 -0.226470217 -0.013480945 0.973894000
1439803706.759150 -2.119935513 -0.314400554 4.505937576 0.007542486 -0.226445645 -0.014476339 0.973887026
1439803706.821652 -2.133296967 -0.316499412 4.533429623 0.007462280 -0.226759791 -0.014455865 0.973814845
1439803706.884152 -2.147697210 -0.318689823 4.561489582 0.007692337 -0.226763815 -0.014863535 0.973805964
1439803706.946655 -2.161306143 -0.320833981 4.588824749 0.007967778 -0.227136180 -0.014776458 0.973718286
1439803707.009156 -2.175067663 -0.322912335 4.616482258 0.008619371 -0.227549568 -0.014105991 0.973626196
1439803707.071657 -2.189927816 -0.324964166 4.644560337 0.009635082 -0.227669895 -0.013515376 0.973596871
1439803707.134160 -2.202625036 -0.327169955 4.670740128 0.010093241 -0.228185132 -0.013824681 0.973467290
1439803707.196658 -2.216453552 -0.329305798 4.698543549 0.010184660 -0.228459030 -0.013970079 0.973399997
1439803707.259159 -2.231469631 -0.331598401 4.725902081 0.010287625 -0.228376344 -0.015182370 0.973400176
1439803707.321661 -2.245774508 -0.333581626 4.753172398 0.010441922 -0.228571177 -0.015762853 0.973343551
1439803707.384162 -2.259545565 -0.335893631 4.780446529 0.010210581 -0.229074448 -0.015761420 0.973227739
1439803707.446664 -2.273025751 -0.338060915 4.807839870 0.010006479 -0.229826570 -0.015480738 0.973057032
1439803707.509167 -2.287046194 -0.339984834 4.834623337 0.009974396 -0.230266467 -0.015530666 0.972952545
1439803707.571666 -2.300535440 -0.342001706 4.861433983 0.009989898 -0.230952665 -0.014980817 0.972798347
1439803707.634168 -2.313986540 -0.343959481 4.887935638 0.010460308 -0.231442273 -0.015094333 0.972675264
1439803707.696670 -2.327565670 -0.345884919 4.914269447 0.010912761 -0.231999844 -0.015514550 0.972530842
1439803707.759172 -2.342417955 -0.348056674 4.941390038 0.011208289 -0.232273892 -0.015520951 0.972461998
1439803707.821672 -2.355876446 -0.350100964 4.967541218 0.011648281 -0.232815921 -0.016433597 0.972312212
1439803707.884173 -2.369816542 -0.352221489 4.993605614 0.012007815 -0.233309165 -0.016422486 0.972189724
1439803707.946674 -2.383909702 -0.354549468 5.020242691 0.012087690 -0.233870864 -0.016318988 0.972055554
1439803708.009175 -2.397343636 -0.356818467 5.046363831 0.011832013 -0.234418154 -0.016462667 0.971924484
1439803708.071677 -2.411399126 -0.358855844 5.072533131 0.011699175 -0.234648407 -0.016654825 0.971867204
1439803708.134179 -2.424707413 -0.360994101 5.098283291 0.011313505 -0.235139892 -0.016448097 0.971756518
1439803708.196679 -2.438136339 -0.362972558 5.124070644 0.011197297 -0.235425815 -0.016400911 0.971689403
1439803708.259181 -2.452165365 -0.365017682 5.150195122 0.011073857 -0.235546425 -0.016625237 0.971657753
1439803708.321684 -2.465826988 -0.367172301 5.175817490 0.010891687 -0.235744029 -0.016914222 0.971606910
1439803708.384184 -2.479559183 -0.369244218 5.201347828 0.010674855 -0.236044839 -0.016704751 0.971539915
1439803708.446685 -2.492963076 -0.371146828 5.226790428 0.010619636 -0.236447260 -0.016948115 0.971438468
1439803708.509186 -2.506198406 -0.373411894 5.251959324 0.010780243 -0.236936733 -0.017262878 0.971311867
1439803708.571687 -2.520027161 -0.375294715 5.277913570 0.010704671 -0.237290204 -0.016650941 0.971237123
1439803708.634188 -2.533386469 -0.377369732 5.303080082 0.010627474 -0.237658784 -0.017197968 0.971138299
1439803708.696692 -2.546754599 -0.379059017 5.328263760 0.010788281 -0.237997189 -0.017327761 0.971051335
1439803708.759191 -2.560185194 -0.381455123 5.353038788 0.010907955 -0.238143235 -0.017582314 0.971009612
1439803708.821693 -2.573625803 -0.383516073 5.377797604 0.011358340 -0.238283798 -0.017969165 0.970962882
1439803708.884194 -2.586884260 -0.385537505 5.402529716 0.011771944 -0.238395646 -0.018622065 0.970918179
1439803708.946695 -2.600651979 -0.387616009 5.427534103 0.011840349 -0.238509461 -0.018950623 0.970883071
1439803709.009197 -2.613773346 -0.389563799 5.452118874 0.012069415 -0.238702968 -0.019784208 0.970816076
1439803709.071699 -2.627069950 -0.391497761 5.476627827 0.012378401 -0.238675386 -0.020010170 0.970814288
1439803709.134199 -2.640752554 -0.393691599 5.501781940 0.012392477 -0.238401920 -0.019970920 0.970882118
1439803709.196701 -2.653627634 -0.395570666 5.526296139 0.012346163 -0.238319784 -0.019871380 0.970904946
1439803709.259204 -2.667083502 -0.397548914 5.550857067 0.012521494 -0.238008603 -0.020352021 0.970969081
1439803709.321705 -2.680289745 -0.399583220 5.575968266 0.013098190 -0.237973675 -0.020177100 0.970973670
1439803709.384205 -2.693259716 -0.401451498 5.600428581 0.013744618 -0.237780347 -0.020999622 0.970994651
1439803709.446706 -2.706934690 -0.403636575 5.625125885 0.014119462 -0.237397715 -0.021915877 0.971062660
1439803709.509208 -2.720113277 -0.405521065 5.650281429 0.014405773 -0.237226009 -0.021788456 0.971103311
1439803709.571709 -2.733411789 -0.407745391 5.675252438 0.014380227 -0.237067312 -0.022286922 0.971131086
1439803709.634210 -2.746392250 -0.409459770 5.699589252 0.014427812 -0.236757964 -0.022500638 0.971200943
1439803709.696711 -2.759614229 -0.411584973 5.724815369 0.014381139 -0.236451522 -0.022593765 0.971274078
1439803709.759213 -2.772859812 -0.413552165 5.749875546 0.014541861 -0.236074284 -0.023201315 0.971349180
1439803709.821717 -2.786028862 -0.415588528 5.774825096 0.014270083 -0.235648796 -0.023426585 0.971451104
1439803709.884218 -2.799013138 -0.417510986 5.799652576 0.013857063 -0.235236138 -0.023889460 0.971545815
1439803709.946717 -2.812395811 -0.419518054 5.825050354 0.013669836 -0.234853834 -0.024626236 0.971622527
1439803710.009219 -2.825236082 -0.421538830 5.849390507 0.014068912 -0.234205157 -0.025997182 0.971737683
1439803710.071720 -2.838246822 -0.423633218 5.874191761 0.015089722 -0.233782470 -0.026264805 0.971816957
1439803710.134225 -2.851136208 -0.425868779 5.899096012 0.015884429 -0.233316422 -0.026018074 0.971922934
1439803710.196725 -2.863857269 -0.427973330 5.923992157 0.016193094 -0.232833147 -0.025457548 0.972048581
1439803710.259226 -2.876706362 -0.429904938 5.949254036 0.016048729 -0.232281491 -0.025338344 0.972186029
1439803710.321728 -2.888961077 -0.431922317 5.973650932 0.015921468 -0.231724307 -0.025371863 0.972320199
1439803710.384230 -2.901579142 -0.433866858 5.998692989 0.015862800 -0.231142581 -0.025642522 0.972452521
1439803710.446729 -2.914260626 -0.435794652 6.023135185 0.015203398 -0.230504557 -0.026096912 0.972602427
1439803710.509229 -2.927487135 -0.438103825 6.049500465 0.013921118 -0.229846403 -0.025836704 0.972784281
1439803710.571733 -2.940146923 -0.440358281 6.074281693 0.013446829 -0.229187012 -0.025952458 0.972943485
1439803710.634235 -2.952284575 -0.442471862 6.099071503 0.013689714 -0.228700802 -0.025832804 0.973057628
1439803710.696735 -2.965459824 -0.444468230 6.124764919 0.014693225 -0.228149772 -0.026085032 0.973165631
1439803710.759236 -2.977840185 -0.446203321 6.149373531 0.015205820 -0.227562338 -0.026289793 0.973289788
1439803710.821739 -2.990459204 -0.448436439 6.174540043 0.015404839 -0.227039889 -0.026952572 0.973390520
1439803710.884240 -3.003515482 -0.450380892 6.199939251 0.015750529 -0.226531520 -0.027629312 0.973484457
1439803710.946737 -3.015958071 -0.452177316 6.224833488 0.015776398 -0.226275712 -0.028022921 0.973532319
1439803711.009238 -3.028481483 -0.454288393 6.250082016 0.015567232 -0.226060659 -0.027824864 0.973591328
1439803711.071740 -3.041133165 -0.456306040 6.275025368 0.015244861 -0.225659922 -0.027947314 0.973685861
1439803711.134239 -3.053764582 -0.458539605 6.300675392 0.015330184 -0.225673363 -0.027418947 0.973696411
1439803711.196739 -3.066080093 -0.461010993 6.324823856 0.015640801 -0.225520298 -0.026753630 0.973745465
1439803711.259253 -3.078452587 -0.463026345 6.349751472 0.016344640 -0.225465462 -0.027586013 0.973723352
1439803711.321740 -3.090894461 -0.464782238 6.374280453 0.016583612 -0.225305751 -0.027939489 0.973746240
1439803711.384241 -3.103817940 -0.466795295 6.399278641 0.016508915 -0.225222334 -0.028066175 0.973763108
1439803711.446747 -3.115883589 -0.468937635 6.423761845 0.016310830 -0.225231677 -0.028155543 0.973761737
1439803711.509242 -3.128195763 -0.470977008 6.448505402 0.016366459 -0.225345865 -0.028065503 0.973737001
1439803711.571742 -3.140515327 -0.472970486 6.472929478 0.016097404 -0.225349486 -0.026578428 0.973782361
1439803711.634244 -3.152193069 -0.475258201 6.498269558 0.015666815 -0.225504160 -0.025741734 0.973776042
1439803711.696744 -3.164495707 -0.477291644 6.522825718 0.015578622 -0.225418538 -0.026560619 0.973775268
1439803711.759244 -3.178009033 -0.479537368 6.548511028 0.015720772 -0.225257009 -0.026725233 0.973805845
1439803711.821745 -3.189837456 -0.481709152 6.573005199 0.016309287 -0.225478694 -0.025274035 0.973783612
1439803711.884245 -3.202299595 -0.483842105 6.598143578 0.016423594 -0.225391775 -0.024427712 0.973823428
1439803711.946747 -3.214776278 -0.485731781 6.623970985 0.016389556 -0.225674912 -0.024320887 0.973761082
1439803712.009246 -3.227124929 -0.487871826 6.648587227 0.016220909 -0.225791991 -0.024561778 0.973730743
1439803712.071747 -3.239936113 -0.489949822 6.674851418 0.016103508 -0.225926727 -0.026223093 0.973658144
1439803712.134247 -3.251183987 -0.492284983 6.698062897 0.015199447 -0.225924432 -0.027363865 0.973641813
1439803712.196751 -3.252077579 -0.494032443 6.715321541 0.014492304 -0.227687150 -0.028053308 0.973222256
1439803712.509254 -3.245280027 -0.489581108 6.712736130 0.015307256 -0.228769466 -0.026827058 0.972990513
