1439804071.515906 -0.000115717 -0.002006387 0.035359353 -0.000262350 0.000197967 0.000229569 0.999999881
1439804071.578407 -0.000433059 -0.003976429 0.070664905 -0.000414817 0.000486982 0.000355178 0.999999702
1439804071.640909 -0.000594844 -0.006035591 0.106489681 -0.000644411 0.000547459 0.000084381 0.999999642
1439804071.703408 -0.000617857 -0.007956804 0.140850931 -0.000843868 0.000355844 -0.000044072 0.999999583
1439804071.765909 -0.000778356 -0.009733847 0.175843179 -0.000645976 0.000353173 0.000275127 0.999999702
1439804071.828414 -0.001034375 -0.011614766 0.211016044 -0.000605787 0.000331530 0.000402221 0.999999702
1439804071.890913 -0.001177295 -0.013588970 0.245603710 -0.000537884 0.000285431 0.000441172 0.999999762
1439804071.953412 -0.001331283 -0.015500568 0.280666798 -0.000346109 0.000455280 0.000049821 0.999999881
1439804072.015914 -0.001563262 -0.017448854 0.314778388 -0.000297768 0.000722353 -0.000701956 0.999999464
1439804072.078417 -0.001738936 -0.019336920 0.349425972 -0.000010643 0.001143440 -0.001242741 0.999998569
1439804072.140915 -0.001792662 -0.021416042 0.383731008 0.000362500 0.001609172 -0.001335021 0.999997735
1439804072.203422 -0.001777414 -0.023499954 0.418289244 0.000625846 0.001943153 -0.001531827 0.999996722
1439804072.265917 -0.001689914 -0.025251772 0.452526718 0.000878468 0.002075009 -0.001893517 0.999995649
1439804072.328420 -0.001959016 -0.027282843 0.486709267 0.001061855 0.002396493 -0.002532549 0.999993384
1439804072.390923 -0.001688467 -0.029485421 0.520438433 0.000752830 0.002388683 -0.002690120 0.999993205
1439804072.453422 -0.001839780 -0.031347599 0.554819584 0.000339292 0.002506691 -0.003355721 0.999991179
1439804072.515923 -0.001936586 -0.033363696 0.588753879 0.000112306 0.002616257 -0.003804371 0.999989331
1439804072.578426 -0.001800813 -0.035201155 0.622654021 0.000080929 0.002629476 -0.003810147 0.999989271
1439804072.640927 -0.002018264 -0.037223835 0.656374335 -0.000319613 0.002859463 -0.004427091 0.999986053
1439804072.703428 -0.002032812 -0.038727615 0.690344095 -0.001173477 0.003007422 -0.005209221 0.999981225
1439804072.765929 -0.002307544 -0.040522158 0.723831475 -0.002087973 0.003228789 -0.005198229 0.999979079
1439804072.828429 -0.002620000 -0.041986451 0.757510722 -0.002900991 0.003493153 -0.005553675 0.999974251
1439804072.890931 -0.002774092 -0.043798156 0.790674388 -0.003536966 0.003694548 -0.005821222 0.999969959
1439804072.953432 -0.002257312 -0.045540906 0.823747635 -0.003730576 0.003759524 -0.005907767 0.999968529
1439804073.015931 -0.002441732 -0.047506988 0.857522905 -0.003221318 0.004387657 -0.005202846 0.999971628
1439804073.078435 -0.002255033 -0.049060512 0.890642107 -0.002652750 0.004841953 -0.005124525 0.999971628
1439804073.140935 -0.002216259 -0.050964523 0.923355520 -0.002198617 0.005167231 -0.005751775 0.999967694
1439804073.203437 -0.002178503 -0.052511044 0.956758916 -0.001790028 0.005671990 -0.005325342 0.999968112
1439804073.265940 -0.001787129 -0.054257374 0.989744186 -0.001203759 0.006068917 -0.005274206 0.999966979
1439804073.328437 -0.001270030 -0.055861037 1.022013068 -0.000999570 0.006011168 -0.005229787 0.999967754
1439804073.390940 -0.000835381 -0.057638217 1.055084467 -0.000732996 0.006181111 -0.005448848 0.999965787
1439804073.453443 -0.000294038 -0.059532430 1.087642193 -0.000435307 0.006181328 -0.005273587 0.999966919
1439804073.515942 -0.000303843 -0.061275274 1.119844556 -0.000438165 0.006472077 -0.005184388 0.999965549
1439804073.578444 -0.000081237 -0.063155420 1.152488351 -0.000627449 0.006671145 -0.005917755 0.999960065
1439804073.640946 -0.000197290 -0.064750060 1.184451103 -0.000420186 0.006932966 -0.006450799 0.999955058
1439804073.703446 0.000004485 -0.066648848 1.216431022 -0.000206732 0.007057225 -0.006662250 0.999952853
1439804073.765948 0.000036659 -0.068562455 1.248671532 0.000046355 0.007362608 -0.006824974 0.999949634
1439804073.828450 0.000962622 -0.069880992 1.281368971 0.000943859 0.007108280 -0.007342194 0.999947309
1439804073.890949 0.000742733 -0.072170146 1.314213037 0.001393320 0.007457566 -0.006401772 0.999950707
1439804073.953451 0.000918655 -0.074170187 1.346062541 0.001383440 0.007623088 -0.005995580 0.999952018
1439804074.015954 0.001666512 -0.075855389 1.377984047 0.001012156 0.007626738 -0.006476037 0.999949455
1439804074.078456 0.001866998 -0.077426806 1.409763336 0.000270126 0.007794456 -0.007250335 0.999943316
1439804074.140956 0.001916246 -0.078894563 1.442342043 -0.001309762 0.007996347 -0.008770451 0.999928713
1439804074.203456 0.002344722 -0.080492094 1.474480629 -0.003126261 0.007844838 -0.008644159 0.999926984
1439804074.265958 0.002314340 -0.081959888 1.506057262 -0.004404831 0.007723541 -0.008686991 0.999922752
1439804074.328459 0.002278961 -0.083982356 1.538093925 -0.004445053 0.007656701 -0.007936544 0.999929309
1439804074.390961 0.003492303 -0.085403584 1.569914818 -0.003495646 0.007362000 -0.007424205 0.999939203
1439804074.453462 0.003577515 -0.087078221 1.600955009 -0.001799179 0.007651058 -0.007091925 0.999943972
1439804074.515962 0.003885508 -0.088943295 1.631980896 -0.000545154 0.007536279 -0.008119331 0.999938488
1439804074.578463 0.004120909 -0.090682581 1.663220167 0.000547342 0.007639586 -0.008954527 0.999930561
1439804074.640969 0.004434921 -0.091987677 1.695021033 0.000897320 0.007759548 -0.008809945 0.999930680
1439804074.703465 0.004888877 -0.093521342 1.726218104 0.000484878 0.007538490 -0.008742254 0.999933243
1439804074.765966 0.005389709 -0.095154539 1.757008672 -0.001245805 0.007188206 -0.006944227 0.999949276
1439804074.828468 0.005541634 -0.097052060 1.788768888 -0.002807069 0.007237977 -0.006730099 0.999947190
1439804074.890969 0.005765839 -0.098553270 1.819955587 -0.003768154 0.007428203 -0.007115108 0.999939978
1439804074.953470 0.006039629 -0.100106388 1.850671053 -0.003965026 0.007375455 -0.007613200 0.999935925
1439804075.015973 0.006140402 -0.101733483 1.881463289 -0.003668541 0.007446379 -0.008609491 0.999928474
1439804075.078473 0.006669916 -0.103454046 1.912055969 -0.003088173 0.007306445 -0.008686495 0.999930799
1439804075.140974 0.007152259 -0.105065718 1.942664266 -0.001650583 0.007090424 -0.009287443 0.999930322
1439804075.203479 0.006740900 -0.106498592 1.973702192 -0.000883818 0.007456184 -0.009909550 0.999922693
1439804075.265980 0.006878901 -0.108294718 2.004266262 -0.000769144 0.007579292 -0.010574559 0.999915063
1439804075.328477 0.006952129 -0.109703131 2.034621716 -0.000922395 0.007589226 -0.010961230 0.999910712
1439804075.390981 0.006872158 -0.111035474 2.065217972 -0.001037990 0.007490153 -0.010812791 0.999912977
1439804075.453479 0.006975517 -0.112838373 2.096353054 -0.001241139 0.007487128 -0.010723528 0.999913692
1439804075.515984 0.007674919 -0.113689192 2.126445532 -0.000738835 0.007363596 -0.009918883 0.999923408
1439804075.578484 0.007314058 -0.116317041 2.157248735 -0.000853537 0.007744631 -0.009758864 0.999922037
1439804075.640987 0.007675266 -0.117903903 2.187189579 -0.000434265 0.007802619 -0.009592456 0.999923468
1439804075.703485 0.007676223 -0.119516663 2.217228889 0.000013173 0.008072890 -0.009057350 0.999926388
1439804075.765986 0.008214921 -0.121330142 2.246949434 0.000689265 0.008136258 -0.007923017 0.999935269
1439804075.828487 0.008113809 -0.122730128 2.277181387 0.001333681 0.008176630 -0.006843981 0.999942243
1439804075.890987 0.007667869 -0.125001177 2.308082581 0.001775974 0.008345642 -0.006408990 0.999943078
1439804075.953488 0.009100668 -0.126861408 2.336787701 0.001747581 0.008103861 -0.006657548 0.999943495
1439804076.015990 0.009353187 -0.128244787 2.366930723 0.001777004 0.008190918 -0.006333618 0.999944806
1439804076.078490 0.009185532 -0.130698413 2.396270990 0.000785178 0.008296357 -0.005222212 0.999951661
1439804076.140993 0.009340838 -0.132570356 2.426221371 -0.000084980 0.008356242 -0.004882868 0.999953151
1439804076.203496 0.009234220 -0.134191111 2.455456972 -0.000717853 0.008366984 -0.004564478 0.999954283
1439804076.265997 0.010090208 -0.135782689 2.485242605 -0.000901225 0.008310221 -0.004367196 0.999955535
1439804076.328496 0.011529438 -0.137266830 2.514428616 -0.000786837 0.008175143 -0.003971105 0.999958336
1439804076.390998 0.010433149 -0.139241695 2.544196129 -0.001327395 0.008788087 -0.003767016 0.999953389
1439804076.453498 0.011794478 -0.140336752 2.572906256 -0.002645791 0.008321826 -0.004607300 0.999951243
1439804076.516000 0.011939518 -0.142842084 2.601670027 -0.004912138 0.008417704 -0.005523524 0.999937236
1439804076.578502 0.011850610 -0.143886939 2.630911350 -0.006361137 0.008609646 -0.005990253 0.999924779
1439804076.641002 0.012171637 -0.145227030 2.660281181 -0.007271322 0.008786917 -0.006622060 0.999913037
1439804076.703506 0.012212280 -0.146666214 2.689349651 -0.007137626 0.008841543 -0.006554175 0.999913931
1439804076.766007 0.013496257 -0.147935897 2.717985153 -0.006053554 0.008495024 -0.006638620 0.999923587
1439804076.828506 0.013956081 -0.149938166 2.745954037 -0.004204579 0.008726249 -0.006603765 0.999931276
1439804076.891006 0.013841890 -0.150333792 2.775434971 -0.001801570 0.008923421 -0.006046417 0.999940276
1439804076.953507 0.013747849 -0.152626991 2.803573847 -0.000775853 0.009226288 -0.006390328 0.999936700
1439804077.016010 0.014482982 -0.154097438 2.832401514 -0.000047177 0.009245607 -0.006465808 0.999936342
1439804077.078511 0.014545564 -0.156159744 2.863738775 -0.000033439 0.009498767 -0.005459936 0.999939978
1439804077.141011 0.015700024 -0.157322034 2.893001318 -0.000582475 0.009475628 -0.004543808 0.999944627
1439804077.203512 0.015091028 -0.157620952 2.922208071 -0.001172820 0.010069059 -0.004354955 0.999939144
1439804077.266014 0.015009955 -0.160001785 2.950398922 -0.002239241 0.010275647 -0.003700896 0.999937832
1439804077.328515 0.015581451 -0.160923213 2.979271173 -0.002731620 0.010414948 -0.004522488 0.999931812
1439804077.391016 0.015770294 -0.163244843 3.008700132 -0.003766077 0.010610796 -0.005525061 0.999921322
1439804077.453517 0.016154725 -0.164801538 3.036543131 -0.004422795 0.010640196 -0.006648480 0.999911487
1439804077.516019 0.016182370 -0.165734828 3.065497875 -0.004435567 0.010693524 -0.007222030 0.999906898
1439804077.578520 0.016915057 -0.167338148 3.093315363 -0.004270817 0.010497082 -0.007208426 0.999909818
1439804077.641021 0.017071627 -0.168493763 3.122005939 -0.003973920 0.010776426 -0.006647087 0.999911964
1439804077.703524 0.017343346 -0.169443637 3.149965048 -0.003969750 0.011081929 -0.006465092 0.999909818
1439804077.766023 0.019007456 -0.171540618 3.178360462 -0.004573188 0.010954263 -0.007080131 0.999904454
1439804077.828524 0.019556653 -0.172878668 3.206805468 -0.004583871 0.011181927 -0.007214572 0.999900937
1439804077.891025 0.019809425 -0.174879089 3.234612942 -0.004746391 0.011594608 -0.007323480 0.999894679
1439804077.953526 0.019276612 -0.175440729 3.262407064 -0.004173761 0.012035146 -0.007685166 0.999889314
1439804078.016028 0.019644935 -0.176953569 3.290080070 -0.003580981 0.012296609 -0.008262854 0.999883831
1439804078.078529 0.019939870 -0.178167120 3.317952156 -0.002117299 0.012595081 -0.008874403 0.999879062
1439804078.141031 0.020654939 -0.180300385 3.345199108 -0.001050566 0.012724354 -0.009106007 0.999877036
1439804078.203532 0.021029890 -0.181056708 3.372882843 0.000290986 0.013114350 -0.009122538 0.999872327
1439804078.266033 0.021547638 -0.182993799 3.400208235 0.000586332 0.013181520 -0.008889334 0.999873400
1439804078.328535 0.022009514 -0.184400380 3.427566290 0.000662683 0.013486942 -0.009108573 0.999867320
1439804078.391036 0.022754252 -0.185753733 3.455134869 0.000054800 0.013731902 -0.008469953 0.999869823
1439804078.453538 0.023502976 -0.187216789 3.482396841 -0.001081580 0.014078798 -0.007518363 0.999872029
1439804078.516037 0.024493329 -0.188166559 3.509618759 -0.002745681 0.014270656 -0.005675928 0.999878287
1439804078.578538 0.025284752 -0.189414084 3.537004948 -0.004270872 0.014545123 -0.005319164 0.999870896
1439804078.641039 0.025340632 -0.190669462 3.564095259 -0.005279413 0.014949802 -0.006249851 0.999854743
1439804078.703543 0.025944978 -0.191905186 3.591183424 -0.005675714 0.015346369 -0.006463706 0.999845266
