1439804071.453403 -0.000091185 -0.003470083 0.062404636 -0.000396177 0.000260611 -0.000689994 0.999999642
1439804071.515906 -0.000380043 -0.005225717 0.093496338 -0.000655695 0.000540461 -0.000561944 0.999999464
1439804071.578407 -0.000229188 -0.006914021 0.124374077 -0.000816489 0.000446710 -0.000356970 0.999999523
1439804071.640909 -0.000720299 -0.008714047 0.155454308 -0.001128232 0.000769997 -0.000839783 0.999998689
1439804071.703408 -0.000791841 -0.010415869 0.186577752 -0.001242630 0.000657334 -0.001015180 0.999998510
1439804071.765909 -0.000875093 -0.012099989 0.216903567 -0.001133088 0.000702236 -0.000404356 0.999998987
1439804071.828414 -0.000836095 -0.013813920 0.247636586 -0.001148823 0.000458248 -0.000281005 0.999999166
1439804071.890913 -0.001132417 -0.015616626 0.278191686 -0.001148759 0.000545542 -0.000250141 0.999999166
1439804071.953412 -0.001175566 -0.017197261 0.308990747 -0.000880722 0.000709239 -0.000680434 0.999999166
1439804072.015914 -0.001317476 -0.018700866 0.338974506 -0.000728825 0.000994012 -0.001414839 0.999998212
1439804072.078417 -0.001304322 -0.020600475 0.369296789 -0.000716643 0.001379317 -0.001811612 0.999997139
1439804072.140915 -0.001642354 -0.022032863 0.399465382 -0.000029781 0.001968053 -0.002269702 0.999995470
1439804072.203422 -0.001613862 -0.023799803 0.429857999 0.000259266 0.002372199 -0.002495700 0.999994040
1439804072.265917 -0.001540702 -0.025572300 0.459623545 0.000323712 0.002509642 -0.002837401 0.999992788
1439804072.328420 -0.001543421 -0.027305217 0.489726514 0.000540031 0.002660120 -0.003307666 0.999990821
1439804072.390923 -0.001609195 -0.029038116 0.519352734 0.000358846 0.002916583 -0.003574516 0.999989271
1439804072.453422 -0.001814426 -0.030640580 0.549614906 -0.000102282 0.003145412 -0.004324815 0.999985695
1439804072.515923 -0.001768672 -0.032507852 0.579031169 -0.000447442 0.003152040 -0.004726400 0.999983728
1439804072.578426 -0.001961525 -0.033796266 0.609258175 -0.000271687 0.003356231 -0.004880338 0.999982417
1439804072.640927 -0.001702713 -0.035539299 0.638280094 -0.000742164 0.003366723 -0.005304078 0.999979973
1439804072.703428 -0.001682547 -0.037165366 0.667937517 -0.001755202 0.003492546 -0.006015720 0.999974251
1439804072.765929 -0.001749632 -0.038733337 0.697402656 -0.002722509 0.003730771 -0.005937915 0.999971688
1439804072.828429 -0.002161639 -0.040520065 0.726934075 -0.003636350 0.004105485 -0.006571218 0.999963343
1439804072.890931 -0.001779574 -0.041493870 0.756617606 -0.004106125 0.004006110 -0.006783771 0.999960542
1439804072.953432 -0.001760795 -0.042975083 0.785859466 -0.004231615 0.004367921 -0.006820473 0.999958217
1439804073.015931 -0.001572559 -0.044567000 0.814929664 -0.003688801 0.004755190 -0.006028738 0.999963760
1439804073.078435 -0.001499541 -0.046037994 0.844256759 -0.003177589 0.005274865 -0.005998376 0.999963045
1439804073.140935 -0.001313318 -0.047480006 0.873243809 -0.002738842 0.005620961 -0.006675613 0.999958158
1439804073.203437 -0.001116667 -0.048766918 0.902419448 -0.002214258 0.006020268 -0.006288862 0.999959648
1439804073.265940 -0.000668187 -0.050285645 0.931235313 -0.001643567 0.006310957 -0.005857961 0.999961555
1439804073.328437 -0.000106740 -0.051927302 0.959921122 -0.001579451 0.006335451 -0.006131686 0.999959886
1439804073.390940 -0.000017084 -0.053346530 0.988916457 -0.001243114 0.006633625 -0.006316409 0.999957263
1439804073.453443 0.000447686 -0.054837197 1.017454028 -0.000850864 0.006868136 -0.006228312 0.999956667
1439804073.515942 0.000547540 -0.056502871 1.046370506 -0.000928066 0.006993926 -0.006090702 0.999956548
1439804073.578444 0.000739145 -0.058330677 1.074693084 -0.001224504 0.007145221 -0.006756464 0.999950886
1439804073.640946 0.001458378 -0.059598718 1.103355050 -0.001005167 0.006992813 -0.007194438 0.999949157
1439804073.703446 0.001593485 -0.061034247 1.131352186 -0.000690884 0.007273776 -0.007555504 0.999944746
1439804073.765948 0.002668018 -0.062334046 1.159899592 -0.000236573 0.006854508 -0.007427287 0.999948919
1439804073.828450 0.001529062 -0.064425915 1.189222455 0.000211028 0.007722189 -0.008042776 0.999937832
1439804073.890949 0.001871107 -0.066125765 1.217198133 0.000821284 0.007848926 -0.007501926 0.999940753
1439804073.953451 0.002175845 -0.067725368 1.245714188 0.000940062 0.008004416 -0.007196661 0.999941587
1439804074.015954 0.002496285 -0.069290601 1.273821115 0.000550663 0.008134444 -0.007530343 0.999938369
1439804074.078456 0.002734516 -0.070724517 1.301875353 -0.000329893 0.008288925 -0.008225450 0.999931753
1439804074.140956 0.002692267 -0.072016500 1.330653429 -0.001866800 0.008468218 -0.009879020 0.999913573
1439804074.203456 0.003053591 -0.073478013 1.358634233 -0.003687008 0.008358919 -0.009805378 0.999910176
1439804074.265958 0.003219316 -0.075097509 1.386348486 -0.005156882 0.008217965 -0.009779813 0.999905109
1439804074.328459 0.003586506 -0.076294370 1.414768815 -0.005006668 0.008022629 -0.009179735 0.999913156
1439804074.390961 0.003958298 -0.077805646 1.442450047 -0.004158271 0.007945519 -0.008539801 0.999923348
1439804074.453462 0.004049713 -0.079568528 1.469782352 -0.002595170 0.008186713 -0.008215041 0.999929368
1439804074.515962 0.004714457 -0.081135295 1.497854233 -0.001398549 0.007989260 -0.009083586 0.999925852
1439804074.578463 0.004574727 -0.082334794 1.525883436 -0.000032234 0.008395808 -0.010062253 0.999914110
1439804074.640969 0.004987644 -0.083793871 1.553213239 0.000205582 0.008407690 -0.009969883 0.999914944
1439804074.703465 0.005042819 -0.085079968 1.581048608 -0.000187079 0.008305296 -0.009789439 0.999917567
1439804074.765966 0.005747138 -0.086673647 1.609322667 -0.001983417 0.007826922 -0.008040430 0.999935091
1439804074.828468 0.005963759 -0.087892346 1.636950612 -0.003377435 0.007886075 -0.007772078 0.999933004
1439804074.890969 0.006750161 -0.089386873 1.663999557 -0.004427500 0.007749480 -0.008165075 0.999926805
1439804074.953470 0.006525241 -0.090981930 1.692223430 -0.004710115 0.007916605 -0.008714773 0.999919593
1439804075.015973 0.006844455 -0.092386484 1.719117522 -0.004491064 0.007982112 -0.009650795 0.999911487
1439804075.078473 0.007120017 -0.093288973 1.746591091 -0.003476736 0.007829657 -0.009719884 0.999916077
1439804075.140974 0.007136146 -0.094806589 1.773812771 -0.002263191 0.007819492 -0.010013609 0.999916732
1439804075.203479 0.007548943 -0.096061088 1.800469637 -0.001600942 0.007875303 -0.010681852 0.999910653
1439804075.265980 0.007609406 -0.097117722 1.827454448 -0.001266621 0.008069598 -0.011515465 0.999900341
1439804075.328477 0.007611100 -0.099127851 1.854934812 -0.001716380 0.008103357 -0.011870742 0.999895215
1439804075.390981 0.007467149 -0.100517228 1.881600499 -0.001990392 0.008074405 -0.011736042 0.999896526
1439804075.453479 0.007991601 -0.101739928 1.908468246 -0.002107150 0.007887651 -0.011433220 0.999901295
1439804075.515984 0.008554308 -0.102893457 1.935217738 -0.001678469 0.007860303 -0.011077131 0.999906361
1439804075.578484 0.008489108 -0.105126791 1.961680532 -0.001715273 0.008142205 -0.010677030 0.999908388
1439804075.640987 0.008736668 -0.106237322 1.989408851 -0.001148447 0.008190918 -0.010484387 0.999910831
1439804075.703485 0.008763509 -0.108010359 2.015998363 -0.000797472 0.008419086 -0.010074087 0.999913514
1439804075.765986 0.008849341 -0.109377772 2.042445421 -0.000037581 0.008614322 -0.008898184 0.999923289
1439804075.828487 0.009230237 -0.110556304 2.069132805 0.000627050 0.008563182 -0.007740411 0.999933183
1439804075.890987 0.009962194 -0.112716869 2.095446348 0.000798911 0.008419562 -0.007787586 0.999933898
1439804075.953488 0.010223657 -0.113839991 2.121784449 0.001043103 0.008445727 -0.007607370 0.999934852
1439804076.015990 0.010457393 -0.115427837 2.148051977 0.000846239 0.008553255 -0.007472381 0.999935150
1439804076.078490 0.010637630 -0.116722055 2.174334764 0.000112553 0.008617785 -0.006287129 0.999943078
1439804076.140993 0.011189882 -0.118147954 2.201068401 -0.000650728 0.008545904 -0.005855861 0.999946117
1439804076.203496 0.011639427 -0.119548507 2.227445602 -0.001320491 0.008517150 -0.005838688 0.999945819
1439804076.265997 0.012435324 -0.120945774 2.253373146 -0.001551421 0.008459697 -0.005794226 0.999946237
1439804076.328496 0.012394402 -0.122112021 2.280121326 -0.001297844 0.008751960 -0.005205773 0.999947309
1439804076.390998 0.013909169 -0.124026477 2.305845499 -0.002028090 0.008576409 -0.005342028 0.999946892
1439804076.453498 0.013431624 -0.124994673 2.331361771 -0.003302220 0.008678255 -0.005976172 0.999939024
1439804076.516000 0.013196791 -0.126551539 2.358326197 -0.005200595 0.008807689 -0.006581453 0.999926031
1439804076.578502 0.013182353 -0.127680749 2.384305000 -0.006734375 0.008995268 -0.007192026 0.999911010
1439804076.641002 0.013379790 -0.128980026 2.410543442 -0.007655703 0.009221611 -0.007779502 0.999897897
1439804076.703506 0.013715800 -0.130321935 2.436383724 -0.007500825 0.009227105 -0.007741485 0.999899328
1439804076.766007 0.014564982 -0.131874233 2.462324619 -0.006545867 0.009032520 -0.007804849 0.999907315
1439804076.828506 0.014474243 -0.133175552 2.487215757 -0.004505770 0.009351987 -0.007618275 0.999917090
1439804076.891006 0.015341040 -0.133735716 2.514320374 -0.002177981 0.009505592 -0.007627572 0.999923408
1439804076.953507 0.015187837 -0.135168880 2.539572477 -0.000865539 0.009779333 -0.007679467 0.999922335
1439804077.016010 0.016344730 -0.137001961 2.564492226 -0.000368671 0.009395313 -0.007476666 0.999927878
1439804077.078511 0.018068342 -0.138696373 2.591503859 -0.000440773 0.009149225 -0.006976165 0.999933720
1439804077.141011 0.017478518 -0.139957130 2.616240978 -0.001248316 0.009759265 -0.006205215 0.999932349
1439804077.203512 0.017190013 -0.141630664 2.642482996 -0.002343711 0.010237171 -0.005838009 0.999927819
1439804077.266014 0.017243739 -0.141777918 2.668481350 -0.002596348 0.010510662 -0.005484920 0.999926329
1439804077.328515 0.016289994 -0.143628120 2.693834066 -0.003582039 0.011169299 -0.006101759 0.999912560
1439804077.391016 0.017408691 -0.145049021 2.719766140 -0.004375273 0.011028370 -0.007284786 0.999903083
1439804077.453517 0.018706672 -0.146626890 2.744252205 -0.005133207 0.010643490 -0.008541486 0.999893725
1439804077.516019 0.017793301 -0.148056164 2.769184351 -0.005462630 0.011064986 -0.008797988 0.999885142
1439804077.578520 0.018596303 -0.148089945 2.794880152 -0.004580464 0.010871353 -0.008965186 0.999890208
1439804077.641021 0.019139331 -0.149667427 2.819774866 -0.004589626 0.010870983 -0.008282100 0.999896049
1439804077.703524 0.019999359 -0.150993720 2.844661236 -0.004848164 0.010878776 -0.008177538 0.999895632
1439804077.766023 0.019552559 -0.152067438 2.869560003 -0.005127501 0.011612188 -0.008635219 0.999882102
1439804077.828524 0.020109493 -0.153337598 2.894457579 -0.005242270 0.011828113 -0.008753682 0.999877989
1439804077.891025 0.020920165 -0.154038116 2.919034958 -0.004857237 0.011889061 -0.008961366 0.999877334
1439804077.953526 0.020922516 -0.155233607 2.943733692 -0.004571163 0.012327116 -0.009583900 0.999867618
1439804078.016028 0.021414198 -0.156989768 2.968216896 -0.004208501 0.012541278 -0.010275645 0.999859691
1439804078.078529 0.022331171 -0.158478990 2.992482185 -0.003114828 0.012582164 -0.010985654 0.999855638
1439804078.141031 0.022370473 -0.159138039 3.017012119 -0.001282304 0.012893627 -0.010954547 0.999856055
1439804078.203532 0.022731826 -0.160747737 3.041260719 -0.000527153 0.013209133 -0.010794209 0.999854326
1439804078.266033 0.023365073 -0.162101641 3.065471649 0.000025283 0.013344414 -0.010954931 0.999850929
1439804078.328535 0.023915026 -0.162938759 3.089993000 0.000353483 0.013618159 -0.011237330 0.999844074
1439804078.391036 0.024715718 -0.163795903 3.114448071 -0.000032714 0.013874385 -0.010673667 0.999846816
1439804078.453538 0.025014840 -0.165196940 3.138273954 -0.001258481 0.014216367 -0.009322755 0.999854684
1439804078.516037 0.025367990 -0.166240543 3.162450552 -0.003096194 0.014759389 -0.007589335 0.999857485
1439804078.578538 0.026249528 -0.167236313 3.186462879 -0.004597853 0.014896773 -0.007267085 0.999852061
1439804078.641039 0.027050503 -0.168593004 3.210719824 -0.005729205 0.015035508 -0.008436698 0.999834955
1439804078.703543 0.027407117 -0.169712812 3.234753132 -0.006119392 0.015543234 -0.008803810 0.999821723
