1439803697.196482 -0.011436369 -0.002520110 0.052636296 0.002009929 -0.079359233 -0.006998352 0.996819496
1439803697.258984 -0.013635735 -0.003002821 0.060613092 0.001857964 -0.088575959 -0.007019234 0.996042967
1439803697.321485 -0.015719427 -0.003489078 0.068565525 0.001279604 -0.097182363 -0.005917103 0.995248139
1439803697.383986 -0.017739460 -0.003891057 0.076148137 0.000734362 -0.104936473 -0.004367894 0.994469047
1439803697.446488 -0.020009967 -0.004349390 0.084043063 0.000164334 -0.111977555 -0.003614301 0.993704140
1439803697.508989 -0.022468051 -0.004733150 0.092508763 -0.000411122 -0.118442491 -0.004334548 0.992951393
1439803697.571488 -0.025267713 -0.005241724 0.101557069 -0.000611317 -0.124500766 -0.005380988 0.992204726
1439803697.633991 -0.027860802 -0.005602212 0.109536178 -0.000602463 -0.130295023 -0.006553573 0.991453409
1439803697.696493 -0.030928794 -0.006003866 0.118516132 -0.000239673 -0.135415867 -0.007963634 0.990756810
1439803697.758993 -0.033753559 -0.006472461 0.127164572 -0.000069893 -0.140264943 -0.008094541 0.990080893
1439803697.821493 -0.036851890 -0.007013855 0.136031985 0.000139467 -0.144565627 -0.007278647 0.989468455
1439803697.883993 -0.039749190 -0.007560058 0.144818798 0.000584992 -0.148770019 -0.006397349 0.988850951
1439803697.946494 -0.042712346 -0.008107168 0.153655797 0.001267822 -0.152625576 -0.005803830 0.988266230
1439803698.008995 -0.045829453 -0.008518538 0.162797555 0.002144940 -0.156043664 -0.005815614 0.987730682
1439803698.071496 -0.049005546 -0.009082326 0.171924621 0.002850922 -0.158827424 -0.005954015 0.987284303
1439803698.134001 -0.052587267 -0.009530555 0.181203038 0.003458069 -0.160752684 -0.006588200 0.986966670
1439803698.196499 -0.055897657 -0.010106763 0.190365270 0.003875047 -0.162335664 -0.008011960 0.986695468
1439803698.259000 -0.059571043 -0.010640803 0.199757859 0.004244534 -0.163814157 -0.010159578 0.986429751
1439803698.321501 -0.062936440 -0.011143481 0.209263131 0.004553967 -0.165308043 -0.011350635 0.986166120
1439803698.384005 -0.066471308 -0.011704681 0.218841910 0.004612093 -0.166275650 -0.012183151 0.985993266
1439803698.446504 -0.069947213 -0.012235845 0.228565559 0.004445226 -0.167018279 -0.013114850 0.985856533
1439803698.509006 -0.073894061 -0.012816709 0.238355428 0.003799184 -0.167364538 -0.012450244 0.985809147
1439803698.571507 -0.077275336 -0.013251961 0.248384729 0.002959364 -0.168071181 -0.010868299 0.985710502
1439803698.634008 -0.080847189 -0.013826582 0.258325189 0.002121203 -0.168458700 -0.010885690 0.985646307
1439803698.696512 -0.084491007 -0.014319642 0.268515825 0.001428322 -0.168643773 -0.011734402 0.985606194
1439803698.759011 -0.088180982 -0.014868397 0.278637648 0.001181904 -0.168629438 -0.012880161 0.985594630
1439803698.821512 -0.092173494 -0.015383224 0.289005071 0.001451286 -0.168593302 -0.013996155 0.985585272
1439803698.884017 -0.095937841 -0.016062396 0.299214989 0.001816176 -0.168477103 -0.015423230 0.985583246
1439803698.946517 -0.099699721 -0.016644167 0.309664965 0.002361465 -0.168607354 -0.015818067 0.985553503
1439803699.009019 -0.103427485 -0.017153662 0.320150375 0.002740294 -0.168789491 -0.015220759 0.985530794
1439803699.071518 -0.106989168 -0.017718906 0.330850363 0.003475613 -0.169055685 -0.014448403 0.985494435
1439803699.134022 -0.110894524 -0.018423360 0.341348857 0.003703233 -0.168930069 -0.014099239 0.985520244
1439803699.196521 -0.114749953 -0.019018147 0.352087915 0.003503466 -0.168939576 -0.014095846 0.985519409
1439803699.259021 -0.118623108 -0.019561954 0.362876475 0.003325191 -0.168945715 -0.015082818 0.985504329
1439803699.321523 -0.122524746 -0.020141074 0.373649567 0.003303955 -0.168711498 -0.016087871 0.985528648
1439803699.384027 -0.126687482 -0.020811774 0.384679288 0.002959347 -0.168582842 -0.016934281 0.985537529
1439803699.446526 -0.130527660 -0.021424826 0.395748109 0.002254103 -0.168845475 -0.016946707 0.985494256
1439803699.509026 -0.134631425 -0.022094427 0.406983525 0.002186293 -0.168986604 -0.016724596 0.985473990
1439803699.571528 -0.138628036 -0.022864541 0.418174118 0.002546711 -0.169012815 -0.016448844 0.985473275
1439803699.634030 -0.142498434 -0.023210365 0.429156750 0.003228980 -0.169233352 -0.015994325 0.985440910
1439803699.696529 -0.146409258 -0.023857469 0.440473288 0.003491247 -0.169463709 -0.016054407 0.985399485
1439803699.759030 -0.150504291 -0.024435883 0.451720923 0.003515539 -0.169556990 -0.015999509 0.985384226
1439803699.821533 -0.155043229 -0.025153283 0.463278145 0.003209169 -0.169408128 -0.015612801 0.985417068
1439803699.884031 -0.159166604 -0.025874941 0.474715412 0.002655638 -0.169627413 -0.015233424 0.985386968
1439803699.946531 -0.163222238 -0.026469637 0.486154705 0.002479677 -0.169952422 -0.015374017 0.985329211
1439803700.009033 -0.167725086 -0.027264185 0.497832656 0.002750308 -0.170001328 -0.015234227 0.985322237
1439803700.071532 -0.171769202 -0.027933579 0.509152889 0.003032111 -0.170145363 -0.016122531 0.985282421
1439803700.134033 -0.176075399 -0.028588865 0.520760596 0.003012591 -0.170259312 -0.016282354 0.985260129
1439803700.196534 -0.180362955 -0.029203294 0.532257855 0.002469994 -0.170478880 -0.016647978 0.985217571
1439803700.259036 -0.184641823 -0.029774817 0.543737054 0.001790540 -0.170707807 -0.017892340 0.985157609
1439803700.321536 -0.188946337 -0.030422550 0.555409133 0.000732927 -0.170959517 -0.017856395 0.985115945
1439803700.384040 -0.193168178 -0.031090137 0.566934645 -0.000168741 -0.171116665 -0.018155426 0.985083461
1439803700.446541 -0.197431803 -0.031864550 0.578484356 -0.000416486 -0.171268255 -0.018016687 0.985059619
1439803700.509040 -0.201621592 -0.032505035 0.590023756 0.000039122 -0.171582311 -0.017576383 0.985013008
1439803700.571545 -0.205866203 -0.033156835 0.601608396 0.000875974 -0.171909511 -0.017740358 0.984952569
1439803700.634047 -0.210246921 -0.033859119 0.613141954 0.001525339 -0.172136024 -0.018530468 0.984897673
1439803700.696546 -0.214662030 -0.034385242 0.624947309 0.001906693 -0.172558367 -0.019127464 0.984811723
1439803700.759048 -0.218973711 -0.034958776 0.636521578 0.001848831 -0.172842771 -0.019092923 0.984762609
1439803700.821550 -0.223282337 -0.035562053 0.648171544 0.001209441 -0.173354551 -0.018690646 0.984681368
1439803700.884051 -0.227576926 -0.036190990 0.659856260 0.000606716 -0.173812211 -0.018049760 0.984613240
1439803700.946552 -0.232059762 -0.036844362 0.671832919 0.000168914 -0.174076602 -0.018559849 0.984557211
1439803701.009051 -0.236498296 -0.037539102 0.683381796 0.000026688 -0.174103498 -0.019439884 0.984535456
1439803701.071552 -0.241013169 -0.038136769 0.695249736 0.000187680 -0.174468011 -0.019667454 0.984466374
1439803701.134057 -0.245489076 -0.038740095 0.706851721 0.000827876 -0.174826622 -0.021049578 0.984373868
1439803701.196557 -0.249958962 -0.039263707 0.718615890 0.001689896 -0.175165772 -0.022058118 0.984290361
1439803701.259059 -0.254427284 -0.039885867 0.730123222 0.002226801 -0.175315663 -0.023535937 0.984228373
1439803701.321559 -0.259118140 -0.040408086 0.742151618 0.002721613 -0.175565094 -0.024721900 0.984153628
1439803701.384059 -0.263693720 -0.041116107 0.753818452 0.002708756 -0.175696418 -0.026406031 0.984086454
1439803701.446564 -0.268226177 -0.041737672 0.765619516 0.003119633 -0.175772265 -0.027266761 0.984048247
1439803701.509062 -0.272610068 -0.042446312 0.777259707 0.003495077 -0.175936028 -0.026425108 0.984040678
1439803701.571564 -0.277165830 -0.043204408 0.789115787 0.003817946 -0.176014066 -0.025683977 0.984045148
1439803701.634065 -0.281588346 -0.043899145 0.800945401 0.004081890 -0.176251456 -0.024546996 0.984030604
1439803701.696566 -0.286059499 -0.044593129 0.812623501 0.004318180 -0.176329434 -0.025909159 0.983980715
1439803701.759067 -0.290626228 -0.045265373 0.824278057 0.004580625 -0.176480919 -0.027890531 0.983898222
1439803701.821569 -0.295293808 -0.045908839 0.835975289 0.004855310 -0.176704064 -0.028755864 0.983831882
1439803701.884070 -0.299783230 -0.046692062 0.847644627 0.005034596 -0.177155897 -0.028833419 0.983747482
1439803701.946571 -0.304237843 -0.047394849 0.859334171 0.005195794 -0.177647471 -0.027558299 0.983694494
1439803702.009072 -0.308571368 -0.048191514 0.871062696 0.005221662 -0.178081736 -0.026587693 0.983642578
1439803702.071574 -0.313140750 -0.048727039 0.882649541 0.005676853 -0.177933350 -0.026236212 0.983676374
1439803702.134076 -0.317538977 -0.049521204 0.894114435 0.005648725 -0.177825376 -0.026235456 0.983696043
1439803702.196576 -0.322165251 -0.050270300 0.905942082 0.005410455 -0.177498639 -0.027091663 0.983733177
1439803702.259077 -0.326637328 -0.051059596 0.917657316 0.005239299 -0.177523956 -0.026223812 0.983753026
1439803702.321579 -0.331017584 -0.051729389 0.929360807 0.005682259 -0.177689672 -0.025549857 0.983738422
1439803702.384084 -0.335367471 -0.052525632 0.941050112 0.005940264 -0.177855134 -0.024578013 0.983731806
1439803702.446582 -0.339703321 -0.053188376 0.952558041 0.006191980 -0.177931920 -0.023423646 0.983744502
1439803702.509082 -0.344193250 -0.053871073 0.964305401 0.006257304 -0.177993864 -0.022819187 0.983747065
1439803702.571582 -0.348462820 -0.054649066 0.975876570 0.005767885 -0.178049967 -0.021824714 0.983762443
1439803702.634085 -0.352880001 -0.055417225 0.987416625 0.005536588 -0.177989155 -0.021781312 0.983775795
1439803702.696583 -0.357120574 -0.056056637 0.998916626 0.005624169 -0.178212866 -0.021672057 0.983737171
1439803702.759086 -0.361731410 -0.056818649 1.010799408 0.005519711 -0.177978247 -0.020899491 0.983796954
1439803702.821588 -0.366149783 -0.057624955 1.022101998 0.005445040 -0.177968159 -0.020239957 0.983812988
1439803702.884085 -0.370660782 -0.058379285 1.033968449 0.006001359 -0.177918196 -0.019609917 0.983831584
1439803702.946586 -0.374994338 -0.059180863 1.045585871 0.006745311 -0.178103000 -0.018683644 0.983811319
1439803703.009091 -0.379406363 -0.059946377 1.057005048 0.007735257 -0.178099588 -0.018748987 0.983803391
1439803703.071587 -0.383802861 -0.060697261 1.068600178 0.007749112 -0.178310409 -0.018251576 0.983774483
1439803703.134087 -0.388241082 -0.061467294 1.080185533 0.007557060 -0.178473994 -0.017306203 0.983763397
1439803703.196592 -0.392653793 -0.062181637 1.091721177 0.007435408 -0.178712666 -0.016886694 0.983728290
1439803703.259094 -0.396956086 -0.063097566 1.103001952 0.006527005 -0.179065734 -0.015875505 0.983687341
1439803703.321590 -0.401344568 -0.063840665 1.114603281 0.005628166 -0.179374054 -0.015063569 0.983649492
1439803703.384090 -0.405813903 -0.064669013 1.126134634 0.005253479 -0.179378226 -0.014917484 0.983653009
1439803703.446598 -0.410149336 -0.065487988 1.137494206 0.005432860 -0.179550990 -0.015023527 0.983618915
1439803703.509094 -0.414673269 -0.066124894 1.149083138 0.005540697 -0.179790303 -0.014752956 0.983578742
1439803703.571594 -0.419081390 -0.066915825 1.160348177 0.004959834 -0.180022523 -0.015061095 0.983534694
1439803703.634094 -0.423511177 -0.067535020 1.171829581 0.004546930 -0.180379406 -0.015027118 0.983471811
1439803703.696597 -0.427815914 -0.068280213 1.183167338 0.004081238 -0.180838212 -0.014528617 0.983397067
1439803703.759098 -0.432264537 -0.068953402 1.194710851 0.003645205 -0.181134209 -0.014010900 0.983351827
1439803703.821598 -0.436668545 -0.069663472 1.206151009 0.003295166 -0.181452408 -0.013997266 0.983294606
1439803703.884100 -0.441286474 -0.070441946 1.217518210 0.003454459 -0.181581333 -0.014300346 0.983265877
1439803703.946602 -0.445715725 -0.071190059 1.228921890 0.004138267 -0.181774095 -0.014223219 0.983228743
1439803704.009101 -0.450362474 -0.071699187 1.240535617 0.004998546 -0.181998819 -0.013957939 0.983186960
1439803704.071603 -0.454677045 -0.072588190 1.251790166 0.005191311 -0.182332978 -0.013619939 0.983128786
1439803704.134104 -0.459146827 -0.073403925 1.263093114 0.005012946 -0.182626620 -0.013384067 0.983078480
1439803704.196606 -0.463517845 -0.074250415 1.274450183 0.005100118 -0.182986379 -0.013076519 0.983015239
1439803704.259107 -0.468073368 -0.074811645 1.285887480 0.004841183 -0.183196321 -0.012667293 0.982982814
1439803704.321608 -0.472472519 -0.075626276 1.297102809 0.004060505 -0.183518618 -0.013479716 0.982915401
1439803704.384109 -0.477102280 -0.076342449 1.308429122 0.003396433 -0.183660150 -0.014162484 0.982881904
1439803704.446610 -0.481552988 -0.077155091 1.319666624 0.003108159 -0.184042439 -0.013965658 0.982814193
1439803704.509112 -0.485969961 -0.077740796 1.331010342 0.003074454 -0.184574991 -0.013538945 0.982720375
1439803704.571613 -0.490413398 -0.078482009 1.342337489 0.003131245 -0.184985012 -0.012854734 0.982652247
1439803704.634114 -0.494859457 -0.079272486 1.353513360 0.003614109 -0.185237229 -0.013166042 0.982598960
1439803704.696614 -0.499438822 -0.079932518 1.364782095 0.004192864 -0.185336813 -0.014055255 0.982565582
1439803704.759114 -0.503801286 -0.080547623 1.375774384 0.004271436 -0.185431153 -0.015044763 0.982532799
1439803704.821616 -0.508355677 -0.081268609 1.386985302 0.004504934 -0.185399756 -0.015833091 0.982525289
1439803704.884119 -0.512775779 -0.082032681 1.398029685 0.004973691 -0.185481563 -0.016137345 0.982502639
1439803704.946618 -0.517381251 -0.082824722 1.409268737 0.005621836 -0.185475171 -0.016785564 0.982489526
1439803705.009119 -0.521855950 -0.083555259 1.420376658 0.006266031 -0.185495719 -0.017275319 0.982473195
1439803705.071622 -0.526229322 -0.084151223 1.431388974 0.007107577 -0.185463458 -0.017911641 0.982462168
1439803705.134121 -0.530624032 -0.084923714 1.442470908 0.007578663 -0.185445085 -0.017726189 0.982465506
1439803705.196622 -0.535006166 -0.085737817 1.453427196 0.007366020 -0.185318515 -0.018308846 0.982480288
1439803705.259124 -0.539374828 -0.086466521 1.464499831 0.007032157 -0.185307562 -0.019616524 0.982459605
1439803705.321625 -0.543773234 -0.087240614 1.475552201 0.007034619 -0.185299143 -0.019862993 0.982456207
1439803705.384126 -0.548445284 -0.087968841 1.486584783 0.007071331 -0.185016006 -0.020268884 0.982501030
1439803705.446628 -0.552660942 -0.088741280 1.497412801 0.006891687 -0.185120419 -0.020433737 0.982479215
1439803705.509129 -0.556963682 -0.089553379 1.508564949 0.006833707 -0.185370430 -0.020422844 0.982432723
1439803705.571631 -0.561740160 -0.090265401 1.519700050 0.007514241 -0.185156494 -0.019991979 0.982476950
1439803705.634131 -0.566021144 -0.091091335 1.530596614 0.007918528 -0.185209885 -0.019347204 0.982476592
1439803705.696633 -0.570487440 -0.091817841 1.541749716 0.007850160 -0.185104579 -0.018106215 0.982520640
1439803705.759133 -0.574755847 -0.092574939 1.552688599 0.008037442 -0.185170412 -0.017751839 0.982513189
1439803705.821636 -0.579006076 -0.093269587 1.563496351 0.008086158 -0.185067296 -0.018398669 0.982520342
1439803705.884136 -0.583393872 -0.094057195 1.574404120 0.007683802 -0.185064912 -0.018366264 0.982524633
1439803705.946636 -0.587544084 -0.094742633 1.585278988 0.007062849 -0.185194001 -0.018512785 0.982502222
1439803706.009138 -0.592163146 -0.095539749 1.596418858 0.005619261 -0.185132280 -0.018455589 0.982524216
1439803706.071640 -0.596349597 -0.096245185 1.607360482 0.004381071 -0.185337260 -0.017801192 0.982503951
1439803706.134139 -0.600755990 -0.097043090 1.618283033 0.003701741 -0.185125440 -0.017579114 0.982550681
1439803706.196640 -0.604961574 -0.097825840 1.629055023 0.003677789 -0.185042411 -0.017000884 0.982576609
1439803706.259141 -0.609359920 -0.098618045 1.639988184 0.003747067 -0.184907317 -0.016671456 0.982607424
1439803706.321644 -0.613515377 -0.099366814 1.650614500 0.004141259 -0.184844762 -0.016226262 0.982625067
1439803706.384144 -0.617999077 -0.100108206 1.661731958 0.004934860 -0.184640720 -0.016011076 0.982663274
1439803706.446646 -0.622195601 -0.100802757 1.672462225 0.005406685 -0.184750259 -0.015892802 0.982642114
1439803706.509146 -0.626308084 -0.101538092 1.683128476 0.005392199 -0.184944704 -0.015140410 0.982617497
1439803706.571652 -0.630786121 -0.102269381 1.694305301 0.005307240 -0.184796691 -0.015208453 0.982644737
1439803706.634148 -0.634946704 -0.102972783 1.705057502 0.005070529 -0.184947178 -0.015181279 0.982618093
1439803706.696650 -0.639354646 -0.103667490 1.715919256 0.004881058 -0.184871823 -0.015752576 0.982624233
1439803706.759150 -0.643588126 -0.104386635 1.726481795 0.004586484 -0.184827998 -0.016649149 0.982619166
1439803706.821652 -0.647914767 -0.105140619 1.737332225 0.004633486 -0.184958056 -0.016744405 0.982592821
1439803706.884152 -0.652105689 -0.105875157 1.747950315 0.004727016 -0.185191318 -0.017014850 0.982543766
1439803706.946655 -0.656553805 -0.106602281 1.758780479 0.005045074 -0.185358256 -0.017113285 0.982509077
1439803707.009156 -0.660770118 -0.107342236 1.769400716 0.005729775 -0.185768679 -0.016354015 0.982440710
1439803707.071657 -0.665122688 -0.107995570 1.780172229 0.006717948 -0.186056927 -0.015921827 0.982387006
1439803707.134160 -0.669438720 -0.108699970 1.790556312 0.007244332 -0.186296806 -0.016255755 0.982332289
1439803707.196658 -0.673697114 -0.109378204 1.801245928 0.007349192 -0.186561406 -0.016519435 0.982276917
1439803707.259159 -0.678081274 -0.110045046 1.811832786 0.007554128 -0.186734468 -0.017383309 0.982227564
1439803707.321661 -0.682328820 -0.110761076 1.822167397 0.007576394 -0.187033728 -0.017996361 0.982159436
1439803707.384162 -0.686675429 -0.111491449 1.832841516 0.007451915 -0.187515229 -0.017983528 0.982068777
1439803707.446664 -0.690866947 -0.112133615 1.843237042 0.007381536 -0.188128293 -0.017736482 0.981956542
1439803707.509167 -0.695114851 -0.113055065 1.853717446 0.007071231 -0.188717872 -0.017789194 0.981844723
1439803707.571666 -0.699294269 -0.113709226 1.864113569 0.007168681 -0.189368472 -0.017147744 0.981730163
1439803707.634168 -0.703730166 -0.114442185 1.874528408 0.007641695 -0.189747736 -0.017263915 0.981651306
1439803707.696670 -0.707830787 -0.115278646 1.884811282 0.007958311 -0.190354601 -0.017840452 0.981521010
1439803707.759172 -0.712100804 -0.115956806 1.894996405 0.008206589 -0.190884069 -0.018052761 0.981412232
1439803707.821672 -0.716524959 -0.116664805 1.905347109 0.008650706 -0.191322312 -0.018634629 0.981312215
1439803707.884173 -0.720721006 -0.117407508 1.915370584 0.008960482 -0.191906095 -0.018764492 0.981192946
1439803707.946674 -0.725005627 -0.118128866 1.925520182 0.009148392 -0.192478254 -0.018687518 0.981080651
1439803708.009175 -0.729109526 -0.118914060 1.935556293 0.008888875 -0.193061918 -0.018752424 0.980967104
1439803708.071677 -0.733436942 -0.119587407 1.945606351 0.008733676 -0.193424910 -0.018887907 0.980894387
1439803708.134179 -0.737573564 -0.120341197 1.955521941 0.008299183 -0.193723321 -0.018903732 0.980838954
1439803708.196679 -0.741831601 -0.121006213 1.965590119 0.008299618 -0.193997115 -0.018716272 0.980788410
1439803708.259181 -0.746009231 -0.121702254 1.975512743 0.008135881 -0.194255233 -0.019012041 0.980733037
1439803708.321684 -0.750130177 -0.122410402 1.985301971 0.007907525 -0.194634825 -0.019110758 0.980657697
1439803708.384184 -0.754516244 -0.123172946 1.995279193 0.007605137 -0.194863126 -0.018816974 0.980620444
1439803708.446685 -0.758709550 -0.123897597 2.005110502 0.007446238 -0.195207998 -0.019086272 0.980547845
1439803708.509186 -0.762923360 -0.124600030 2.014994621 0.007730187 -0.195657670 -0.019315105 0.980451524
1439803708.571687 -0.767099380 -0.125249445 2.024793863 0.007566140 -0.196125001 -0.018663384 0.980372131
1439803708.634188 -0.771204352 -0.125835001 2.034507275 0.007627741 -0.196610034 -0.018972378 0.980268538
1439803708.696692 -0.775412023 -0.126674190 2.044191122 0.007565540 -0.196750671 -0.019708922 0.980226219
1439803708.759191 -0.779561460 -0.127335131 2.053798676 0.007837379 -0.196996003 -0.019628061 0.980176449
1439803708.821693 -0.783748507 -0.128048897 2.063386440 0.008279337 -0.197160602 -0.019918285 0.980133832
1439803708.884194 -0.787888467 -0.128726587 2.072944403 0.008710057 -0.197282448 -0.020666964 0.980090141
1439803708.946695 -0.792036891 -0.129414141 2.082480669 0.008785638 -0.197455317 -0.021080213 0.980045855
1439803709.009197 -0.796118021 -0.130065367 2.091879368 0.009011085 -0.197654247 -0.022016931 0.979983091
1439803709.071699 -0.800419927 -0.130829513 2.101471424 0.009207138 -0.197393537 -0.022260716 0.980028331
1439803709.134199 -0.804407001 -0.131490245 2.110898733 0.009269371 -0.197352588 -0.022076271 0.980040133
1439803709.196701 -0.808490574 -0.132194817 2.120398521 0.009192308 -0.197175801 -0.022276849 0.980071902
1439803709.259204 -0.812519789 -0.132888392 2.129839897 0.009265582 -0.197062910 -0.022444613 0.980090082
1439803709.321705 -0.816614151 -0.133628309 2.139311790 0.009790366 -0.196876302 -0.022335038 0.980125010
1439803709.384205 -0.820603728 -0.134251073 2.148695469 0.010389921 -0.196707651 -0.023071907 0.980135620
1439803709.446706 -0.824829280 -0.134977549 2.158252954 0.010826290 -0.196308196 -0.024017390 0.980188251
1439803709.509208 -0.828791380 -0.135674790 2.167665005 0.010980171 -0.196212545 -0.024094488 0.980203807
1439803709.571709 -0.833057642 -0.136387274 2.177421331 0.010997381 -0.195897907 -0.024592573 0.980254173
1439803709.634210 -0.837100625 -0.137079820 2.186876535 0.010959599 -0.195647538 -0.024760582 0.980300367
1439803709.696711 -0.841179371 -0.137766376 2.196569204 0.010924351 -0.195332468 -0.024808230 0.980362415
1439803709.759213 -0.845160544 -0.138466969 2.206113100 0.011022135 -0.195050612 -0.025341297 0.980403781
1439803709.821717 -0.849346399 -0.139151067 2.215812683 0.010772551 -0.194549784 -0.025637543 0.980498374
1439803709.884218 -0.853508711 -0.139815181 2.225532532 0.010400379 -0.194073707 -0.026210627 0.980581582
1439803709.946717 -0.857528806 -0.140499771 2.235217094 0.010141999 -0.193755716 -0.026974475 0.980626464
1439803710.009219 -0.861572981 -0.141154230 2.244839668 0.010408997 -0.193250507 -0.027867706 0.980698407
1439803710.071720 -0.865668535 -0.141890436 2.254361391 0.011457735 -0.192751259 -0.028478485 0.980767369
1439803710.134225 -0.869688272 -0.142629042 2.263992786 0.012326154 -0.192236662 -0.028436331 0.980859041
1439803710.196725 -0.873624265 -0.143390775 2.273634911 0.012578098 -0.191737905 -0.027807651 0.980971515
1439803710.259226 -0.877584398 -0.144011766 2.283239841 0.012559180 -0.191136330 -0.027566943 0.981095910
1439803710.321728 -0.881494522 -0.144654542 2.292923450 0.012515457 -0.190585241 -0.027927911 0.981193483
1439803710.384230 -0.885532498 -0.145466030 2.302503824 0.012333783 -0.189866841 -0.028119124 0.981329560
1439803710.446729 -0.889452815 -0.146094576 2.312094927 0.011658236 -0.189337105 -0.028290715 0.981435239
1439803710.509229 -0.893421531 -0.146910384 2.321874857 0.010404967 -0.188565299 -0.028293047 0.981597841
1439803710.571733 -0.897187889 -0.147587061 2.331326008 0.009975488 -0.187983334 -0.028346816 0.981712401
1439803710.634235 -0.901167274 -0.148349121 2.341131449 0.010239495 -0.187372148 -0.028131174 0.981832683
1439803710.696735 -0.905056894 -0.149093553 2.350661039 0.011139174 -0.186860248 -0.028531045 0.981908917
1439803710.759236 -0.908859551 -0.149683908 2.360274076 0.011650722 -0.186300233 -0.028623868 0.982006669
1439803710.821739 -0.912729979 -0.150455460 2.369726181 0.011720539 -0.185719728 -0.029206092 0.982098699
1439803710.884240 -0.916607201 -0.151118159 2.379250765 0.012044576 -0.185297400 -0.029892504 0.982153893
1439803710.946737 -0.920448661 -0.151726365 2.388954163 0.011973863 -0.185011610 -0.030210778 0.982198894
1439803711.009238 -0.924283743 -0.152454451 2.398585558 0.011783993 -0.184781671 -0.029906325 0.982253790
1439803711.071740 -0.928150117 -0.153195977 2.408085585 0.011369529 -0.184380993 -0.029971007 0.982331991
1439803711.134239 -0.931942105 -0.153904989 2.417783499 0.011590810 -0.184375778 -0.029504394 0.982344508
1439803711.196739 -0.935757577 -0.154607430 2.427341223 0.012070477 -0.184233233 -0.028715953 0.982388854
1439803711.259253 -0.939573109 -0.155359805 2.436875105 0.012668292 -0.184234545 -0.029393140 0.982361019
1439803711.321740 -0.943374455 -0.156003356 2.446396351 0.012930986 -0.184161946 -0.030048773 0.982351363
1439803711.384241 -0.947178662 -0.156604484 2.455867529 0.012892294 -0.184020147 -0.030277425 0.982371449
1439803711.446747 -0.951052547 -0.157360703 2.465370178 0.012613116 -0.184020922 -0.030087149 0.982380748
1439803711.509242 -0.954676867 -0.158085525 2.474815130 0.012624579 -0.184221730 -0.029835207 0.982350647
1439803711.571742 -0.958590508 -0.158806682 2.484467506 0.012328320 -0.184276909 -0.028237978 0.982391298
1439803711.634244 -0.962368608 -0.159499422 2.493943214 0.012006840 -0.184200391 -0.027376857 0.982433975
1439803711.696744 -0.965840399 -0.160196394 2.503271341 0.011939676 -0.184279650 -0.028108908 0.982399285
1439803711.759244 -0.969514906 -0.160880625 2.512704611 0.012086667 -0.184298158 -0.028312517 0.982388139
1439803711.821745 -0.973116457 -0.161682129 2.522037268 0.012657464 -0.184434131 -0.026829751 0.982397079
1439803711.884245 -0.977038682 -0.162374929 2.531790495 0.012844577 -0.184388354 -0.026122976 0.982422292
1439803711.946747 -0.980804741 -0.163100883 2.541299582 0.012771997 -0.184464365 -0.026476128 0.982399523
1439803712.009246 -0.984614849 -0.163786620 2.550739050 0.012563986 -0.184577301 -0.026617743 0.982377172
1439803712.071747 -0.988490283 -0.164443210 2.560539246 0.012471604 -0.184622243 -0.028181087 0.982326269
1439803712.134247 -0.991169512 -0.165769234 2.569104910 0.011074428 -0.184857637 -0.030057758 0.982243121
1439803712.196751 -0.995990038 -0.166121379 2.578441143 0.010458837 -0.183991581 -0.030359503 0.982403159
1439803712.259248 -1.000157237 -0.166716069 2.588359594 0.010371454 -0.184151635 -0.031121872 0.982350290
1439803712.321749 -1.004069328 -0.168687493 2.596818447 0.009090069 -0.184062049 -0.031699400 0.982361257
1439803712.384252 -1.004368544 -0.168824077 2.597306252 0.009355946 -0.183363959 -0.031985238 0.982480049
1439803712.446751 -1.004510641 -0.169006765 2.597669125 0.009492680 -0.184096694 -0.032241344 0.982333302
1439803712.509254 -1.004523277 -0.168966934 2.597794294 0.010740992 -0.184362486 -0.031991091 0.982278824
1439803712.571756 -1.005020738 -0.169270337 2.598472834 0.011221522 -0.182455599 -0.033534605 0.982577980
1439803712.634256 -1.005020499 -0.169594377 2.598669052 0.010591860 -0.182278633 -0.034616314 0.982580304
1439803712.759259 -1.004904389 -0.169634372 2.599483252 0.011534943 -0.183041275 -0.035885278 0.982382357
1439803712.884260 -1.004387736 -0.168918222 2.599741936 0.012908017 -0.183432639 -0.035545714 0.982304573
1439803713.009261 -1.003960848 -0.168443725 2.598847151 0.014269277 -0.184151649 -0.034345143 0.982193947
