1439803816.198627 -0.000455831 -0.001981647 0.037000857 -0.000336595 -0.000057094 -0.000061144 0.999999940
1439803816.261129 -0.000186901 -0.003936227 0.073205017 -0.000490678 -0.000538841 -0.000041235 0.999999702
1439803816.323630 -0.001020454 -0.006044466 0.110682905 -0.000256484 -0.000415355 -0.000270894 0.999999821
1439803816.386131 -0.000954735 -0.008514901 0.146589637 -0.000392455 -0.000923712 -0.001156010 0.999998808
1439803816.448633 -0.002105952 -0.009975884 0.184569791 0.000126293 -0.000468056 -0.001777326 0.999998271
1439803816.511134 -0.002467882 -0.012080174 0.221468955 0.000117976 -0.000624212 -0.002118020 0.999997556
1439803816.573636 -0.002958549 -0.014167723 0.258644283 0.000043588 -0.000845347 -0.002398224 0.999996722
1439803816.636137 -0.003727773 -0.016073780 0.295971721 0.000321267 -0.000877953 -0.003016712 0.999994993
1439803816.698638 -0.004075574 -0.017879184 0.333585799 0.000573615 -0.000934669 -0.003776941 0.999992251
1439803816.761143 -0.004739301 -0.019821409 0.370940596 0.000635408 -0.000770518 -0.004320985 0.999990165
1439803816.823639 -0.005505607 -0.021726713 0.408975452 0.000541633 -0.000643791 -0.005255449 0.999985814
1439803816.886140 -0.005504203 -0.024065226 0.445798993 0.000200464 -0.000779784 -0.005647567 0.999983728
1439803816.948644 -0.005902610 -0.026210958 0.484051883 0.000390893 -0.000773932 -0.005927570 0.999982059
1439803817.011141 -0.006621937 -0.028305519 0.521682143 0.000853096 -0.000666442 -0.006492775 0.999978304
1439803817.073642 -0.007151017 -0.030408472 0.560120642 0.001131623 -0.000618375 -0.006788539 0.999976099
1439803817.136146 -0.007485336 -0.032312952 0.598062396 0.001538097 -0.000646588 -0.006686142 0.999976277
1439803817.198646 -0.007863358 -0.034518730 0.636168182 0.002154692 -0.000703553 -0.006876667 0.999973774
1439803817.261148 -0.008476848 -0.037234191 0.674176633 0.002888512 -0.000659900 -0.007491614 0.999967515
1439803817.323648 -0.008954280 -0.039281078 0.713284850 0.003231333 -0.000641737 -0.007200652 0.999968648
1439803817.386147 -0.009359181 -0.041372698 0.751926482 0.002656467 -0.000788291 -0.007201452 0.999970198
1439803817.448650 -0.009803669 -0.043612067 0.791178644 0.001780837 -0.000889404 -0.007374577 0.999970853
1439803817.511151 -0.010149548 -0.045575250 0.830085993 0.001552625 -0.001083400 -0.006456594 0.999977350
1439803817.573654 -0.010322880 -0.047717020 0.869313657 0.001843611 -0.001297002 -0.005080679 0.999984562
1439803817.636165 -0.010693353 -0.049985077 0.908388853 0.001534827 -0.001464934 -0.004983197 0.999985337
1439803817.698654 -0.011250886 -0.052289784 0.947620392 0.000869256 -0.001672395 -0.005090189 0.999985278
1439803817.761159 -0.011817660 -0.054402821 0.987110794 0.000044445 -0.001935047 -0.004585715 0.999987602
1439803817.823657 -0.012546543 -0.056842007 1.026482821 -0.000035237 -0.002164362 -0.004526042 0.999987423
1439803817.886158 -0.013244902 -0.058492646 1.066696286 0.000471621 -0.002468634 -0.004208846 0.999987960
1439803817.948659 -0.013335492 -0.060755040 1.106366515 0.000721099 -0.002900780 -0.003026312 0.999990940
1439803818.011161 -0.013707899 -0.063309923 1.145560145 0.001037018 -0.003250900 -0.001990884 0.999992192
1439803818.073662 -0.013977354 -0.065790549 1.185148835 0.001435244 -0.003607655 -0.001489495 0.999991357
1439803818.136163 -0.014953548 -0.067696787 1.224804044 0.002304675 -0.003670723 -0.001109359 0.999989986
1439803818.198665 -0.015414310 -0.070604824 1.263695359 0.002994567 -0.003978149 -0.001157095 0.999986947
1439803818.261166 -0.016888523 -0.072344646 1.304916024 0.003564285 -0.003876933 -0.001811212 0.999984503
1439803818.323667 -0.016824894 -0.075086430 1.343943357 0.003497007 -0.004393801 -0.001947263 0.999982357
1439803818.386169 -0.018193610 -0.077181593 1.384493113 0.003497960 -0.004671502 -0.001300424 0.999982119
1439803818.448670 -0.018900450 -0.079493321 1.425152063 0.003459636 -0.005069556 -0.000780985 0.999980867
1439803818.511175 -0.019304089 -0.082311608 1.464665055 0.003603342 -0.005406406 -0.000811216 0.999978542
1439803818.573673 -0.019871075 -0.085384078 1.504377127 0.003580602 -0.005594907 -0.000619760 0.999977767
1439803818.636176 -0.020558320 -0.087867670 1.544906735 0.003506541 -0.005733327 -0.000199200 0.999977410
1439803818.698678 -0.021905378 -0.089826733 1.586329818 0.003852427 -0.005914618 0.000392636 0.999975026
1439803818.761178 -0.022530053 -0.092761278 1.626333117 0.004430483 -0.006157329 0.000442105 0.999971151
1439803818.823678 -0.023610383 -0.094837442 1.667449117 0.005018424 -0.006249581 0.000253119 0.999967873
1439803818.886179 -0.024803273 -0.097591497 1.708304405 0.004835918 -0.006351783 -0.000020616 0.999968112
1439803818.948681 -0.025452796 -0.100499570 1.748652458 0.004516312 -0.006511179 0.000206094 0.999968588
1439803819.011186 -0.026515391 -0.102865972 1.789625287 0.004692994 -0.006599104 0.000516270 0.999967098
1439803819.073684 -0.027268296 -0.105705962 1.830639601 0.004820920 -0.006629943 0.000788661 0.999966085
1439803819.136189 -0.027885785 -0.108386055 1.871509910 0.004537709 -0.006726193 0.000876978 0.999966681
1439803819.198687 -0.028723896 -0.110750034 1.912401199 0.004245491 -0.006820477 0.001354422 0.999966800
1439803819.261188 -0.029289300 -0.113096394 1.953459024 0.004237995 -0.006966445 0.002453410 0.999963760
1439803819.323690 -0.029907264 -0.115810931 1.994485497 0.004017176 -0.007089537 0.002733253 0.999963045
1439803819.386205 -0.030593039 -0.118276805 2.035737991 0.003572626 -0.007140168 0.002561808 0.999964833
1439803819.448693 -0.032099489 -0.120713383 2.077696085 0.002824895 -0.006990291 0.001858510 0.999969840
1439803819.511194 -0.032700174 -0.123098098 2.119423151 0.001979018 -0.007167603 0.001493943 0.999971211
1439803819.573695 -0.033167817 -0.125760257 2.160249949 0.001022797 -0.007332055 0.001098835 0.999971986
1439803819.636197 -0.034518246 -0.127861321 2.201959133 0.000452986 -0.007339140 0.000719104 0.999972701
1439803819.698697 -0.035548858 -0.130458042 2.243290424 -0.000150128 -0.007489708 0.000247982 0.999971926
1439803819.761199 -0.036453865 -0.132600665 2.284293652 -0.000415527 -0.007554243 -0.000263323 0.999971330
1439803819.823703 -0.037582844 -0.134954825 2.325903654 -0.000686557 -0.007454674 -0.000146682 0.999971986
1439803819.886204 -0.038105212 -0.137147889 2.366346836 -0.000828425 -0.007427670 0.000039510 0.999972045
1439803819.948703 -0.038935538 -0.139283255 2.407004595 -0.000718147 -0.007158773 -0.000455135 0.999974012
1439803820.011205 -0.040193606 -0.141214043 2.448266983 -0.000473621 -0.006557014 -0.001148155 0.999977767
1439803820.073706 -0.041219160 -0.143377423 2.488744736 -0.000231115 -0.006143259 -0.001402790 0.999980092
1439803820.136209 -0.042273797 -0.145601496 2.529096842 0.000138164 -0.005750588 -0.002180769 0.999981046
1439803820.198708 -0.043218393 -0.148107663 2.569174528 0.000370202 -0.005453581 -0.002835724 0.999981046
1439803820.261210 -0.043370008 -0.150309086 2.609427929 0.000682199 -0.005264595 -0.003070483 0.999981165
1439803820.323712 -0.044023067 -0.152436018 2.649205208 0.001019500 -0.005015192 -0.003324207 0.999981403
1439803820.386213 -0.044696201 -0.155005947 2.689176321 0.001648793 -0.004749611 -0.003191866 0.999982238
1439803820.448715 -0.045376655 -0.157407179 2.729132175 0.002010342 -0.004451988 -0.003051961 0.999983430
1439803820.511214 -0.045874640 -0.159735531 2.768269300 0.001746135 -0.004233003 -0.003335912 0.999983907
1439803820.573714 -0.046716057 -0.161906168 2.807874680 0.001254357 -0.003789189 -0.004121097 0.999983490
1439803820.636216 -0.047126058 -0.164270997 2.847031116 0.000963760 -0.003602519 -0.003928801 0.999985337
1439803820.698716 -0.047631454 -0.166622311 2.885979414 0.000559622 -0.003580923 -0.003547099 0.999987125
1439803820.761217 -0.048176918 -0.169016942 2.923231363 0.000239166 -0.003712554 -0.002947877 0.999988735
1439803820.823720 -0.048929296 -0.171252877 2.960891724 -0.000061473 -0.003990737 -0.002589514 0.999988675
1439803820.886218 -0.049462669 -0.173618510 2.998363018 -0.000316474 -0.004661828 -0.002416861 0.999986172
1439803820.948722 -0.050485834 -0.175696120 3.035507202 -0.000592965 -0.005338255 -0.002489056 0.999982476
1439803821.011219 -0.051426359 -0.177516073 3.071994305 -0.000973700 -0.006044737 -0.002599009 0.999977887
1439803821.073719 -0.052361917 -0.179371104 3.107980490 -0.001070850 -0.006694742 -0.002941325 0.999972701
1439803821.136219 -0.053793643 -0.181632578 3.144450903 -0.000887409 -0.007059705 -0.003413943 0.999968827
1439803821.198722 -0.054876585 -0.183668599 3.180034876 -0.000778711 -0.007554332 -0.003863441 0.999963701
1439803821.261221 -0.056225829 -0.185650691 3.215816975 -0.000720086 -0.008091887 -0.004572112 0.999956548
1439803821.323722 -0.057516299 -0.187282622 3.252125978 -0.000358016 -0.008746003 -0.004753517 0.999950409
1439803821.386223 -0.058656007 -0.189550981 3.286433458 0.000292887 -0.009306723 -0.004792311 0.999945164
1439803821.448722 -0.059529141 -0.191751063 3.320765257 0.001077057 -0.009912396 -0.004583966 0.999939799
1439803821.511223 -0.061098922 -0.193511412 3.355865240 0.001398865 -0.010289068 -0.004555998 0.999935687
1439803821.573725 -0.059660863 -0.194426835 3.386879921 0.001266601 -0.011216424 -0.004830346 0.999924660
1439803821.636228 -0.061206784 -0.197081983 3.421076775 0.001169541 -0.011714289 -0.004294008 0.999921501
1439803821.698727 -0.061308682 -0.198548526 3.453717709 0.001081728 -0.012482080 -0.003779811 0.999914348
1439803821.761229 -0.063693374 -0.200587839 3.487359524 0.000856946 -0.012577889 -0.004006880 0.999912500
1439803821.823729 -0.064899735 -0.202455208 3.520681143 0.000566432 -0.012870055 -0.003676785 0.999910295
1439803821.886232 -0.065746307 -0.204176992 3.552806139 0.000364164 -0.013337535 -0.003631421 0.999904394
1439803821.948732 -0.066453204 -0.207054719 3.585220575 -0.000131037 -0.013756569 -0.003865601 0.999897897
1439803822.011234 -0.067740761 -0.208520815 3.613898754 -0.000187652 -0.014144360 -0.003681763 0.999893129
1439803822.073737 -0.069121674 -0.210483804 3.646816015 0.000052998 -0.013908198 -0.003252818 0.999897957
1439803822.136237 -0.069309391 -0.212963015 3.676761150 0.000065944 -0.013923928 -0.003258761 0.999897778
1439803822.198740 -0.070269182 -0.215021491 3.708009720 0.000184571 -0.013772340 -0.003025759 0.999900579
1439803822.261239 -0.070771433 -0.217133135 3.738333702 0.000117619 -0.013816329 -0.002838118 0.999900520
1439803822.323743 -0.071665719 -0.219181702 3.769865990 0.000546376 -0.013789689 -0.002088596 0.999902606
1439803822.386243 -0.073469006 -0.219459489 3.798951387 0.001397491 -0.013708862 -0.001255175 0.999904275
1439803822.448743 -0.074170575 -0.221845835 3.829471827 0.001748398 -0.013778221 -0.000510038 0.999903381
1439803822.511247 -0.075161569 -0.223673105 3.859857321 0.001879786 -0.013788424 -0.000475375 0.999903023
1439803822.573748 -0.076323025 -0.225246459 3.890376806 0.001962801 -0.013898833 0.000142277 0.999901474
1439803822.636248 -0.078365281 -0.226665050 3.920017481 0.002171532 -0.014061293 0.000500562 0.999898672
1439803822.698750 -0.078515902 -0.229298592 3.950719833 0.002446158 -0.014574399 0.000975215 0.999890327
1439803822.761255 -0.080195144 -0.230233073 3.979417562 0.003013914 -0.015019447 0.001423190 0.999881625
1439803822.823756 -0.081695475 -0.231690839 4.009538651 0.003150963 -0.015704779 0.001821188 0.999870062
1439803822.886255 -0.082187638 -0.234344050 4.038484097 0.002891902 -0.016777074 0.002324266 0.999852359
1439803822.948759 -0.083472095 -0.235989586 4.067716122 0.003154016 -0.017724451 0.002891718 0.999833763
1439803823.011256 -0.085385174 -0.237722993 4.096251488 0.003216133 -0.018670334 0.003060632 0.999815822
1439803823.073757 -0.086806193 -0.239736840 4.124564171 0.002999548 -0.019846393 0.003446295 0.999792635
1439803823.136259 -0.088728949 -0.241562068 4.153105259 0.002521483 -0.021061435 0.003419596 0.999769151
1439803823.198761 -0.090691134 -0.243322521 4.181112766 0.002349402 -0.022671537 0.003574012 0.999733806
1439803823.261277 -0.092552915 -0.244725883 4.208421230 0.002527750 -0.024484906 0.003552105 0.999690711
1439803823.323763 -0.094971344 -0.246119812 4.236988544 0.002691723 -0.026370784 0.003622326 0.999642074
1439803823.386264 -0.097291455 -0.247479767 4.264204502 0.002777555 -0.028704513 0.004318180 0.999574780
1439803823.448768 -0.099930629 -0.249214277 4.291407108 0.002248784 -0.031404015 0.004761444 0.999492884
1439803823.511267 -0.102421030 -0.250919968 4.317755222 0.001378654 -0.034720249 0.005106102 0.999383032
1439803823.573768 -0.105511218 -0.252574772 4.343832970 0.001329124 -0.038438246 0.005506836 0.999244928
1439803823.636270 -0.109129190 -0.254261762 4.370109558 0.001949246 -0.042564463 0.005490208 0.999076724
1439803823.698772 -0.112711400 -0.256010711 4.395474434 0.002716691 -0.047216635 0.005653700 0.998865008
1439803823.761272 -0.116592884 -0.257492870 4.420726299 0.003359386 -0.052467927 0.005780833 0.998600245
1439803823.823774 -0.121245891 -0.259433299 4.446187973 0.003286471 -0.058259893 0.005916523 0.998278499
1439803823.886275 -0.126328230 -0.261052847 4.471286297 0.003146651 -0.064790323 0.005673449 0.997877836
1439803823.948776 -0.132015765 -0.262864739 4.496377468 0.003251917 -0.071834072 0.005991246 0.997393310
1439803824.011280 -0.137997091 -0.264322191 4.521237850 0.003804723 -0.079496644 0.006579842 0.996806204
1439803824.073779 -0.144503176 -0.266322881 4.545462608 0.004083487 -0.087576754 0.006278854 0.996129632
1439803824.136281 -0.151591241 -0.268011779 4.569215298 0.004577321 -0.096107088 0.006111144 0.995341718
1439803824.198785 -0.159374118 -0.269894212 4.593458652 0.005093810 -0.105200209 0.006023477 0.994419813
1439803824.261285 -0.167576671 -0.271475911 4.616827488 0.005801782 -0.114632197 0.005756627 0.993374348
1439803824.323785 -0.176516414 -0.273431450 4.640063286 0.006544676 -0.124512695 0.005388273 0.992181778
1439803824.386289 -0.185836315 -0.275153905 4.662802696 0.007403918 -0.134896055 0.005677999 0.990815818
1439803824.448790 -0.195662379 -0.277289808 4.685234070 0.008238123 -0.145600900 0.005928745 0.989291310
1439803824.511289 -0.205951095 -0.279236615 4.707032204 0.009175119 -0.156668574 0.006009908 0.987590313
1439803824.573791 -0.216713786 -0.281143278 4.728472710 0.009781868 -0.168295890 0.006391336 0.985667229
1439803824.636292 -0.228332996 -0.282975912 4.749426842 0.010443284 -0.180217594 0.006039447 0.983552754
1439803824.698794 -0.240651965 -0.284976691 4.770241737 0.011511344 -0.192586809 0.006393494 0.981191576
1439803824.761295 -0.253313541 -0.286796421 4.790338039 0.012417979 -0.205569252 0.006574541 0.978541732
1439803824.823797 -0.267176151 -0.288697481 4.810250282 0.013059264 -0.218800753 0.005757118 0.975665152
1439803824.886298 -0.281149387 -0.290413201 4.829670429 0.013172140 -0.232366845 0.006353373 0.972518265
1439803824.948800 -0.296113372 -0.292373598 4.848731041 0.012918311 -0.246350050 0.005320794 0.969080210
1439803825.011302 -0.311702013 -0.294222832 4.866901875 0.012708877 -0.260856748 0.003527133 0.965287387
1439803825.073801 -0.328091860 -0.296053082 4.884356022 0.012565197 -0.275760680 0.002872531 0.961139917
1439803825.136303 -0.344676018 -0.297953427 4.901220322 0.012943037 -0.291026413 0.002550909 0.956624031
1439803825.198805 -0.362372637 -0.299750209 4.918129921 0.013586895 -0.306737900 0.002700949 0.951693237
1439803825.261306 -0.379716873 -0.301916212 4.933550358 0.014227127 -0.322932333 0.003285169 0.946309388
1439803825.323806 -0.398781061 -0.303726792 4.948955536 0.015091623 -0.339385390 0.002812741 0.940522134
1439803825.386306 -0.417678356 -0.305800915 4.962558746 0.015742011 -0.356779158 0.001745929 0.934054494
1439803825.448807 -0.438205957 -0.307189763 4.976328850 0.016461149 -0.374638349 0.000694727 0.927024603
1439803825.511307 -0.458508492 -0.308798224 4.988226891 0.017270597 -0.392988741 -0.001119467 0.919380367
1439803825.573808 -0.479769707 -0.310040891 4.999418736 0.017874764 -0.411210895 -0.002644545 0.911361158
1439803825.636309 -0.501351595 -0.311413050 5.009714603 0.018199310 -0.429317176 -0.004196161 0.902960658
1439803825.698809 -0.523324251 -0.312858999 5.019330978 0.018209407 -0.447395146 -0.005835474 0.894131958
1439803825.761309 -0.546179771 -0.314130694 5.027981281 0.018846700 -0.465000182 -0.007817033 0.885075450
1439803825.823813 -0.569323778 -0.315607816 5.035874367 0.019748146 -0.482329518 -0.009339011 0.875717461
1439803825.886313 -0.592849970 -0.317201436 5.043167591 0.020279646 -0.499482960 -0.010470877 0.866023004
1439803825.948811 -0.616582513 -0.319305182 5.048999310 0.020430496 -0.516280591 -0.012224154 0.856088519
1439803826.011317 -0.641068578 -0.320966184 5.054909229 0.020527160 -0.532905221 -0.013397067 0.845819831
1439803826.073813 -0.666181922 -0.322474986 5.059747696 0.021061601 -0.548685193 -0.015105920 0.835627139
1439803826.136312 -0.691797018 -0.324147880 5.064417839 0.021861151 -0.563761115 -0.016556134 0.825482488
1439803826.198814 -0.718279839 -0.324961483 5.068527699 0.023062205 -0.578215301 -0.017403785 0.815372467
1439803826.261320 -0.742031217 -0.327653617 5.067823887 0.022820264 -0.591591358 -0.017957389 0.805714846
