0.104128 0.000645377 -0.000510394 0.043837216 -0.000697371 -0.000410912 0.000240992 0.999999642
0.208254 0.000162685 -0.001018227 0.085332975 -0.000808868 -0.000468504 0.000699395 0.999999344
0.312504 -0.000062069 -0.001890836 0.127557993 -0.000443097 -0.000472625 0.001411906 0.999998808
0.416625 -0.000390201 -0.002610771 0.169742823 -0.000522060 -0.000334649 0.001703757 0.999998331
0.520755 -0.000511400 -0.003315191 0.212399185 -0.000977616 -0.000418158 0.002032490 0.999997377
0.625004 -0.000673323 -0.003899480 0.256343156 -0.001546803 -0.000202787 0.002624980 0.999995291
0.729128 -0.000906674 -0.004649973 0.297682852 -0.001846445 -0.000337664 0.002317629 0.999995589
0.833252 -0.001206344 -0.005179211 0.340392977 -0.000873203 -0.000485408 0.001880721 0.999997735
0.937506 -0.001407622 -0.005865949 0.383512259 0.000167732 -0.000666981 0.000480651 0.999999642
1.041630 -0.002058347 -0.006536563 0.426295549 0.000685569 -0.000446856 -0.001356021 0.999998748
1.145875 -0.002411898 -0.007393381 0.469316006 0.000657046 -0.000419319 -0.002427195 0.999996722
1.250003 -0.002773044 -0.007937422 0.512667358 0.000387548 -0.000314170 -0.003138949 0.999994934
1.354255 -0.002711265 -0.008698491 0.556674659 -0.001031653 -0.000272860 -0.001846489 0.999997735
1.458401 -0.002717702 -0.009397868 0.599529505 -0.001860927 -0.000267942 0.000174493 0.999998212
1.562526 -0.002947490 -0.010054720 0.642906606 -0.000739952 -0.000374659 0.001418985 0.999998629
1.666754 -0.003164105 -0.010713660 0.686456382 0.000240137 -0.000293358 0.001992951 0.999997914
1.771007 -0.003290656 -0.011568027 0.730333447 0.001054491 -0.000201336 0.000845053 0.999999046
1.875129 -0.004176268 -0.012177826 0.774377525 -0.000003828 0.000563107 -0.000486961 0.999999762
1.979377 -0.004186716 -0.012841893 0.818274021 -0.001770998 0.000627446 -0.000854182 0.999997854
2.083502 -0.004480272 -0.013378704 0.862217903 -0.002833860 0.000986031 0.000282397 0.999995470
2.187759 -0.004629200 -0.013663911 0.906714559 -0.001720562 0.000755479 0.002156969 0.999995887
2.291881 -0.004506294 -0.014631379 0.950257480 -0.000799806 0.000790481 0.002686793 0.999995768
2.396132 -0.004471011 -0.015403798 0.994992614 0.000298592 0.000967768 0.002701109 0.999995828
2.500257 -0.004916024 -0.016139755 1.039123416 0.000821195 0.001354759 0.000891229 0.999998331
2.604383 -0.004825833 -0.016935669 1.083621025 0.001840294 0.001444684 0.000694882 0.999997020
2.708628 -0.005248976 -0.017726092 1.128267169 0.001727808 0.001639813 -0.000006068 0.999997139
2.812757 -0.005115052 -0.018679311 1.173372746 0.000974162 0.001299033 0.000204944 0.999998629
2.916881 -0.005577507 -0.019613216 1.218095183 0.000216903 0.001364367 -0.000716227 0.999998748
3.021006 -0.006063346 -0.020390028 1.262431145 0.000083030 0.001566225 -0.002148738 0.999996424
3.125256 -0.006315955 -0.021234665 1.307277918 0.000323793 0.001693322 -0.003236569 0.999993265
3.229379 -0.006764127 -0.021687284 1.352916002 0.000312046 0.001710359 -0.004465721 0.999988496
3.333502 -0.006823141 -0.022456277 1.398242950 0.000271255 0.001554929 -0.004956583 0.999986470
3.437629 -0.006679525 -0.023423240 1.444096208 0.000171607 0.001269681 -0.004159722 0.999990523
3.541754 -0.006707098 -0.024294004 1.489020348 0.000412346 0.000753275 -0.004198535 0.999990821
3.645880 -0.006900458 -0.025140425 1.534351707 0.000356833 0.000499423 -0.004173485 0.999991119
3.750007 -0.007039960 -0.026241975 1.580880046 -0.000449597 -0.000281772 -0.003664071 0.999993145
3.854131 -0.007452934 -0.026454942 1.625864267 0.000106788 -0.000523927 -0.004427416 0.999990046
3.958276 -0.007609780 -0.027540987 1.672895908 -0.000321864 -0.001328409 -0.004234518 0.999990106
4.062383 -0.007848660 -0.028049309 1.718674302 -0.000597820 -0.001861315 -0.003906868 0.999990463
4.166506 -0.008582431 -0.029090878 1.765034437 -0.001354082 -0.002190175 -0.003258629 0.999991357
4.270633 -0.008996419 -0.029946800 1.811208487 -0.001438378 -0.002247983 -0.002694490 0.999992788
4.374756 -0.009333038 -0.030491663 1.857738018 -0.001103319 -0.002651577 -0.001313174 0.999994993
4.478884 -0.009858605 -0.031249952 1.903562665 -0.001437968 -0.002676611 -0.000908061 0.999994934
4.583132 -0.010145535 -0.031976450 1.949387908 -0.001602390 -0.002355137 -0.000131069 0.999995947
4.687259 -0.010455659 -0.032725424 1.996075511 -0.001963811 -0.002236056 0.000599659 0.999995410
4.791384 -0.010682262 -0.033541325 2.041171551 -0.001730763 -0.001978536 0.001242871 0.999995768
4.895505 -0.010823566 -0.034470949 2.087171316 -0.001287022 -0.001700507 0.001670655 0.999996305
4.999630 -0.011312684 -0.035064168 2.133493662 -0.001131958 -0.001489974 0.001725496 0.999996781
5.103758 -0.011199214 -0.035901979 2.178808928 -0.000969621 -0.001334335 0.001217981 0.999997914
5.207869 -0.012311939 -0.036600236 2.225251436 -0.001696457 -0.000758825 -0.000590454 0.999998093
5.311998 -0.012545925 -0.037393291 2.271313429 -0.002245628 -0.000574838 -0.002284506 0.999994695
5.416245 -0.013284569 -0.037941955 2.316806078 -0.002487940 -0.000000757 -0.004355980 0.999987423
5.520244 -0.013969372 -0.038699392 2.362032652 -0.002361189 0.000451732 -0.006929699 0.999973059
5.624505 -0.014345757 -0.039364614 2.407636881 -0.002027386 0.000694609 -0.008270412 0.999963462
5.728633 -0.014390755 -0.040283173 2.452148676 -0.001962095 0.001047816 -0.009296852 0.999954283
5.832639 -0.014715051 -0.040855832 2.498707056 -0.002127567 0.001009878 -0.009166487 0.999955177
5.936757 -0.015106469 -0.041498028 2.543161869 -0.001935720 0.001362529 -0.008977076 0.999956906
6.040889 -0.015260279 -0.042404234 2.588111639 -0.001663778 0.001183717 -0.008003025 0.999965906
6.145012 -0.015131664 -0.043250147 2.633134604 -0.001842662 0.000991013 -0.007647146 0.999968588
6.249010 -0.015442861 -0.043797884 2.678250074 -0.001722474 0.000827604 -0.007715707 0.999968410
6.353135 -0.015648976 -0.044482440 2.722941875 -0.001331889 0.000619278 -0.007842381 0.999968171
6.457260 -0.015965404 -0.044953939 2.768059969 -0.001390833 0.000271657 -0.007957138 0.999967337
6.561386 -0.016086103 -0.045554794 2.813063860 -0.001882722 -0.000349125 -0.007447399 0.999970436
6.665511 -0.016228506 -0.046620674 2.857672691 -0.002451261 -0.000848768 -0.006478350 0.999975622
6.769636 -0.016953466 -0.046992391 2.902806520 -0.002513310 -0.001361068 -0.005231444 0.999982238
6.873636 -0.016966149 -0.047784515 2.947133780 -0.002663814 -0.001780385 -0.004460565 0.999984920
6.977759 -0.017469093 -0.048400763 2.991349220 -0.002363505 -0.001880302 -0.003816850 0.999988139
7.081885 -0.017768703 -0.049124353 3.035592794 -0.002113117 -0.002168483 -0.003301550 0.999989927
7.186013 -0.018172853 -0.050055396 3.078382015 -0.001966826 -0.002061797 -0.003526529 0.999989748
7.290011 -0.018588858 -0.050648332 3.124195099 -0.001618481 -0.002185203 -0.003416303 0.999990463
7.394135 -0.018793665 -0.051613104 3.167660952 -0.001350305 -0.002216747 -0.004034935 0.999988496
7.498256 -0.019610064 -0.052250665 3.212009430 -0.001495272 -0.001906742 -0.004506749 0.999986887
7.602386 -0.020012390 -0.052925069 3.256316900 -0.002153833 -0.001784359 -0.005052527 0.999983311
7.706383 -0.020448945 -0.053623132 3.300091743 -0.002866703 -0.001751955 -0.005619483 0.999978542
7.810511 -0.020886336 -0.054518007 3.342461586 -0.002305605 -0.001473651 -0.005135599 0.999983072
7.914632 -0.021167282 -0.055054381 3.387334824 -0.000952404 -0.001664975 -0.005253314 0.999984384
8.018763 -0.020785768 -0.055591878 3.431000471 -0.000335482 -0.002067770 -0.004815536 0.999986231
8.122760 -0.021644514 -0.056588456 3.474408627 -0.001022066 -0.001748605 -0.003879314 0.999990404
8.226883 -0.021938555 -0.057276450 3.518179417 -0.001936238 -0.001413852 -0.002775521 0.999993265
8.331011 -0.022171583 -0.057821643 3.561668873 -0.002144232 -0.001066333 -0.001998598 0.999995112
8.435138 -0.022202030 -0.058355607 3.605157375 -0.001328359 -0.000714669 -0.001694547 0.999997437
8.539282 -0.022845417 -0.059253674 3.648264885 -0.000351398 -0.000295269 -0.002746913 0.999996126
8.643387 -0.023049664 -0.059951130 3.691979408 0.000862352 0.000225808 -0.003819492 0.999992311
8.747509 -0.023391197 -0.060782988 3.735169888 0.000741536 0.000963781 -0.005570583 0.999983728
8.851635 -0.023425426 -0.061638147 3.778002739 -0.000204361 0.001647326 -0.005885772 0.999981284
8.955763 -0.023689603 -0.062461160 3.822477102 -0.001328831 0.002097683 -0.006313041 0.999976993
9.059886 -0.023334574 -0.063217349 3.866023779 -0.001538758 0.002498980 -0.005988642 0.999977767
9.164012 -0.023697900 -0.063782968 3.909504890 -0.001189159 0.003069473 -0.006111702 0.999975860
9.268135 -0.023430094 -0.064263083 3.952821493 -0.000977749 0.003576604 -0.006806715 0.999969959
9.372259 -0.023692664 -0.065321401 3.996332407 -0.000928399 0.004203450 -0.007939219 0.999959230
9.476392 -0.023476828 -0.065781049 4.039732933 -0.000453232 0.004697825 -0.008188085 0.999955356
9.580513 -0.023521964 -0.066730082 4.083138466 0.000007517 0.005299852 -0.009108867 0.999944448
9.684640 -0.023285348 -0.067397282 4.126750946 0.000148046 0.005700904 -0.008371964 0.999948680
9.788784 -0.023114730 -0.068258956 4.170375347 -0.000467155 0.006251924 -0.008356734 0.999945402
9.892888 -0.023119714 -0.069055229 4.213837147 -0.000996655 0.006859725 -0.007727697 0.999946117
9.997010 -0.022498406 -0.069675066 4.257824421 -0.001055026 0.006879656 -0.007423719 0.999948204
10.101140 -0.022093520 -0.070488475 4.300883293 -0.001207123 0.006899512 -0.006209954 0.999956191
10.205260 -0.022116110 -0.070996195 4.344592571 -0.001454549 0.006897199 -0.005571947 0.999959588
10.309390 -0.021806292 -0.071391314 4.388507843 -0.001130033 0.006727889 -0.004732516 0.999965489
10.413390 -0.021457519 -0.072256200 4.431700230 -0.001181778 0.006115392 -0.004244695 0.999971569
10.517510 -0.021017995 -0.072808258 4.475121021 -0.001505819 0.005520661 -0.003486621 0.999977529
10.621640 -0.020553954 -0.073688492 4.518651009 -0.001704098 0.004893041 -0.002628281 0.999983132
10.725760 -0.020364020 -0.074295096 4.562636852 -0.001675692 0.004289900 -0.002350058 0.999986649
10.829890 -0.020497143 -0.074876368 4.605073452 -0.001315954 0.003854446 -0.002358134 0.999988914
10.934020 -0.020518843 -0.075360484 4.648269653 -0.001075442 0.003629452 -0.002434131 0.999989867
11.038140 -0.020074699 -0.076386116 4.691707611 -0.000001454 0.002831559 -0.000971723 0.999995530
11.142270 -0.019673999 -0.077103712 4.735145092 0.000316655 0.002275981 0.001921130 0.999995530
11.246390 -0.019483466 -0.078080498 4.778536797 -0.001082894 0.001736274 0.005597460 0.999982238
11.350520 -0.019099385 -0.078693807 4.821560860 -0.001895887 0.000907136 0.009000110 0.999957263
11.454640 -0.019000217 -0.079449296 4.865240574 -0.000117158 0.000448339 0.010481100 0.999944925
11.558780 -0.018963991 -0.080094457 4.908972263 0.001532529 0.000693557 0.010125268 0.999947309
11.663020 -0.019525733 -0.081384301 4.952120304 0.002241525 0.001202007 0.008694663 0.999958932
11.767160 -0.019469298 -0.081981212 4.995784283 0.002600396 0.001573823 0.008401275 0.999960124
11.871260 -0.019528339 -0.083194792 5.039103985 0.000632311 0.001896761 0.010414716 0.999943733
11.975390 -0.019334968 -0.083800353 5.082654953 -0.000595250 0.002252456 0.012994669 0.999912858
12.079640 -0.018805353 -0.084671348 5.126737118 -0.001370221 0.002062819 0.014919940 0.999885619
12.183770 -0.018259641 -0.085568786 5.170476913 -0.001526579 0.001924705 0.015871676 0.999871016
12.287890 -0.018641142 -0.086119696 5.213688374 -0.001824045 0.002548478 0.014959342 0.999883175
12.392020 -0.019054674 -0.086683206 5.256995678 -0.001367831 0.003346379 0.013029585 0.999908566
12.496260 -0.019022241 -0.087519936 5.300690651 -0.000202681 0.003669087 0.011024542 0.999932468
12.600390 -0.018980123 -0.088001683 5.344135284 0.000111035 0.004047689 0.009265493 0.999948859
12.704520 -0.018964749 -0.089041516 5.388330460 -0.000689136 0.004319939 0.008605121 0.999953389
12.808640 -0.019303910 -0.089806445 5.432322025 -0.000351373 0.004335775 0.007669334 0.999961138
12.912790 -0.018938534 -0.090468258 5.476579666 0.000801766 0.003907361 0.006676075 0.999969721
13.016890 -0.018378902 -0.091076784 5.521581650 0.002441625 0.003193790 0.004450519 0.999981999
13.121140 -0.018971879 -0.092176355 5.565190792 0.002950073 0.003540771 0.002158918 0.999987066
13.225270 -0.018999670 -0.093150146 5.608680248 0.002474241 0.003953928 -0.000612585 0.999988914
13.329390 -0.019186784 -0.093877316 5.654479027 0.001427609 0.004093796 -0.001898454 0.999988794
13.433520 -0.019220859 -0.094757915 5.697519779 0.000245133 0.004617158 -0.002131344 0.999987006
13.537640 -0.018904086 -0.095412239 5.743628979 -0.000177330 0.003841788 -0.000855107 0.999992251
13.641770 -0.018445212 -0.096190698 5.788623333 -0.000228341 0.002890124 0.000448671 0.999995708
13.745910 -0.018491659 -0.097078092 5.832998753 0.001822417 0.001863153 0.000402531 0.999996543
13.850020 -0.018727329 -0.097888008 5.877822399 0.004203795 0.001232858 -0.000638659 0.999990165
13.954150 -0.019176994 -0.099055111 5.922695637 0.004294371 0.000910142 -0.002726899 0.999986649
14.058400 -0.020121075 -0.099915072 5.966853142 0.004093647 0.001332967 -0.004838822 0.999979019
14.162520 -0.019869097 -0.101109311 6.013723850 0.002146818 0.000894526 -0.005627200 0.999981463
14.266640 -0.019841403 -0.102179833 6.059082508 0.001011831 0.001054654 -0.005968037 0.999981105
14.370770 -0.020532142 -0.102755994 6.105008602 0.000712883 0.001250352 -0.005778769 0.999982238
14.474890 -0.020661574 -0.103444062 6.150382042 0.000510726 0.001342502 -0.004928081 0.999986827
14.579010 -0.020731734 -0.104264833 6.196556091 0.000164649 0.001303464 -0.003409958 0.999993324
14.683140 -0.020725125 -0.105068356 6.242436886 0.000048556 0.001634637 -0.001847041 0.999996960
14.787290 -0.020393627 -0.105858617 6.288807392 -0.000473653 0.001446939 -0.000409858 0.999998748
14.891390 -0.020470757 -0.106531128 6.334687710 -0.001194837 0.001903441 0.001691137 0.999996066
14.995520 -0.020489464 -0.107349813 6.380984783 -0.001193915 0.001909222 0.002998254 0.999992967
15.099640 -0.020131912 -0.108170569 6.427628517 0.000995601 0.001764201 0.002193508 0.999995530
15.203790 -0.020867605 -0.108921483 6.473716259 0.003677387 0.002210815 -0.001895249 0.999988973
15.308020 -0.021192864 -0.109879807 6.520446301 0.003742269 0.002794201 -0.006399668 0.999968588
15.412140 -0.021995135 -0.111043043 6.566978455 0.001758200 0.003614898 -0.010359653 0.999938250
15.516270 -0.021800056 -0.111733489 6.612811565 0.000754380 0.003927134 -0.010732646 0.999934435
15.620390 -0.021781299 -0.112711884 6.660871029 0.000456398 0.003551923 -0.009870011 0.999944866
15.724520 -0.021677908 -0.113323458 6.708512783 0.000584146 0.003114048 -0.008250428 0.999960899
15.828640 -0.021484811 -0.114404522 6.755177021 0.000825206 0.002542256 -0.007268562 0.999970019
15.932650 -0.021613779 -0.114959970 6.802534103 0.001143924 0.002206213 -0.007594037 0.999968052
16.036770 -0.021642279 -0.116139121 6.849755287 0.000940689 0.002192772 -0.008126834 0.999964118
16.140900 -0.021267524 -0.116959058 6.896676540 0.000568885 0.001994806 -0.008303681 0.999963343
16.245020 -0.021821948 -0.117840014 6.944732189 0.000856476 0.002003580 -0.008319627 0.999962986
16.349140 -0.021805117 -0.118872933 6.992371082 0.001306769 0.001897924 -0.008200048 0.999963701
16.453270 -0.022041054 -0.119556412 7.040218353 0.001553745 0.001668701 -0.007985717 0.999965489
16.557390 -0.022244841 -0.120872520 7.087512970 0.001419680 0.001652789 -0.008159626 0.999964356
16.661520 -0.022390084 -0.121671885 7.136249542 0.001596800 0.001403140 -0.008294745 0.999963343
16.765650 -0.022711230 -0.122380748 7.184369087 0.001906966 0.001377648 -0.008452102 0.999961495
16.869650 -0.022841876 -0.123332255 7.232728004 0.001978413 0.001116947 -0.008799498 0.999958694
16.973770 -0.023107477 -0.124879047 7.281554699 0.001669401 0.001002078 -0.008478413 0.999962151
17.077890 -0.023369290 -0.125389189 7.329735756 0.002032706 0.000872844 -0.008816082 0.999958694
17.182030 -0.023803642 -0.126452878 7.377835274 0.002014131 0.000921707 -0.008196587 0.999963939
17.286140 -0.023797983 -0.127404749 7.427244663 0.002179238 0.000912319 -0.007656566 0.999967873
17.390270 -0.024047781 -0.128384471 7.476178169 0.002100601 0.000991629 -0.007024122 0.999972641
17.494400 -0.024059122 -0.129552469 7.525414467 0.001557471 0.000975255 -0.006228396 0.999978900
17.598420 -0.024468929 -0.130397186 7.574724674 0.001678777 0.001101328 -0.007154439 0.999972343
17.702520 -0.024644550 -0.131411955 7.623955250 0.001734328 0.001049199 -0.006726741 0.999975324
17.806640 -0.025189485 -0.132247359 7.673444748 0.002199337 0.001598183 -0.007165715 0.999970615
17.910650 -0.024513863 -0.133476824 7.722618103 0.001605762 0.001120252 -0.007216979 0.999972045
18.014770 -0.024672177 -0.134302765 7.772402763 0.000637230 0.001536439 -0.007792102 0.999968231
18.118900 -0.024714421 -0.135394543 7.821094513 0.000320724 0.001764498 -0.007225815 0.999972284
18.223020 -0.024910558 -0.136122301 7.870729446 0.001262554 0.002064462 -0.007464399 0.999969184
18.327020 -0.024690613 -0.136801854 7.920215130 0.002154739 0.002108456 -0.007849876 0.999964654
18.431150 -0.025177497 -0.138143972 7.970159054 0.001688241 0.002506272 -0.008048061 0.999963045
18.535360 -0.025426444 -0.139121652 8.019621849 0.001152994 0.002636466 -0.007945562 0.999964297
18.639420 -0.025528543 -0.140133858 8.069293022 0.001010715 0.002497248 -0.008274774 0.999962151
18.743480 -0.025651775 -0.141189933 8.118895531 0.000802777 0.002477775 -0.008311780 0.999962032
18.847540 -0.025487747 -0.142043948 8.168617249 0.000920132 0.002444497 -0.009114380 0.999955058
18.951650 -0.025552329 -0.142968431 8.218910217 0.000888994 0.002494623 -0.009753688 0.999948919
19.055650 -0.025318582 -0.143995315 8.268846512 0.000764949 0.002298319 -0.009933941 0.999947727
19.159650 -0.025679231 -0.145246327 8.318262100 0.000356511 0.002570127 -0.009100377 0.999955237
19.263770 -0.025550030 -0.145891681 8.368856430 0.000211798 0.002326290 -0.008159688 0.999963939
19.367870 -0.025624726 -0.146737874 8.419103622 -0.000107434 0.002460201 -0.006959849 0.999972761
19.471780 -0.025526058 -0.147744909 8.469026566 0.000151985 0.002274675 -0.006192581 0.999978244
19.575900 -0.025283700 -0.148298830 8.520001411 0.000929506 0.001768675 -0.005642535 0.999982059
19.679910 -0.025806554 -0.149422497 8.569112778 -0.000137142 0.002645080 -0.004771138 0.999985099
19.784020 -0.025631469 -0.150200039 8.619147301 -0.001040397 0.002701737 -0.003796929 0.999988616
19.888070 -0.026168235 -0.150745049 8.669835091 -0.000283361 0.003099338 -0.003639943 0.999988556
19.992130 -0.025623724 -0.151542604 8.719834328 0.000118240 0.002937606 -0.003319950 0.999990165
20.096150 -0.025641974 -0.152466223 8.770169258 0.000232170 0.003326728 -0.003740978 0.999987423
20.200150 -0.025882103 -0.153492585 8.820716858 0.000129945 0.003965164 -0.004675217 0.999981225
20.304270 -0.025669821 -0.154392838 8.871407509 0.000336959 0.004348869 -0.005417832 0.999975801
20.408270 -0.025757246 -0.155274197 8.922347069 0.000469048 0.004856108 -0.005945811 0.999970436
20.512310 -0.025314741 -0.156395927 8.971944809 0.000492002 0.005208629 -0.006296993 0.999966502
20.616400 -0.025032677 -0.157259881 9.022278786 0.001127134 0.005412912 -0.006794995 0.999961615
20.720420 -0.024601154 -0.158351123 9.072188377 0.001198308 0.005957373 -0.006383362 0.999961138
20.824520 -0.024002977 -0.159324229 9.124519348 0.000944421 0.005997366 -0.005974404 0.999963701
20.928690 -0.023891926 -0.160161063 9.173886299 0.000608629 0.006646352 -0.005556647 0.999962270
21.032780 -0.023612142 -0.161005229 9.224593163 0.000635990 0.006871631 -0.005133213 0.999962986
21.136780 -0.023276567 -0.162015066 9.275961876 0.001727571 0.006792299 -0.004583131 0.999964952
21.240880 -0.022526272 -0.163420573 9.325325966 0.002620477 0.006624914 -0.003987265 0.999966681
21.344920 -0.022139542 -0.164255768 9.375411987 0.002853532 0.006372198 -0.004386742 0.999965966
21.448900 -0.021786191 -0.165672541 9.426935196 0.002589739 0.005840669 -0.003867642 0.999972105
21.552900 -0.020870522 -0.166685358 9.477458000 0.002764246 0.005186972 -0.003329372 0.999977171
21.657020 -0.021295629 -0.167664170 9.528611183 0.002998140 0.005100029 -0.003860475 0.999975026
21.761020 -0.021208853 -0.168940663 9.579393387 0.002661693 0.004805061 -0.003933331 0.999977171
21.865030 -0.021043308 -0.170174494 9.629714012 0.002575836 0.004371654 -0.003564671 0.999980748
21.969150 -0.020822778 -0.171488971 9.681316376 0.001618466 0.003754900 -0.002538052 0.999988437
22.073170 -0.020737812 -0.172468305 9.732674599 0.001100067 0.003648432 -0.004032120 0.999984562
22.177150 -0.019998170 -0.173206925 9.784612656 0.001038077 0.003750208 -0.003931110 0.999984682
22.281150 -0.020182513 -0.174276024 9.836711884 0.001251559 0.004414970 -0.004364368 0.999979913
22.385270 -0.019775070 -0.174892873 9.888845444 0.001386155 0.004531933 -0.003450274 0.999982774
22.489270 -0.019294828 -0.176198453 9.939812660 0.001879972 0.004589458 -0.002753905 0.999983907
22.593280 -0.018800721 -0.177330017 9.991741180 0.002886218 0.004718459 -0.001772984 0.999983132
22.697420 -0.018530510 -0.178676844 10.043354988 0.003233561 0.004539975 -0.001678975 0.999983013
22.801400 -0.018482424 -0.179837435 10.095781326 0.003773572 0.003602335 -0.002393487 0.999983549
22.905400 -0.018273633 -0.181021988 10.148220062 0.003412212 0.002443318 -0.002558591 0.999987900
23.009400 -0.017843187 -0.182146311 10.200972557 0.001931586 0.002129885 -0.003388953 0.999990106
23.113490 -0.018226646 -0.183302000 10.253266335 0.000209263 0.002543037 -0.002423801 0.999993801
23.217420 -0.017787691 -0.183958262 10.306015968 0.000056215 0.002320059 -0.002280517 0.999994695
23.321400 -0.018167600 -0.185018718 10.358218193 0.000521074 0.002712312 -0.001535140 0.999994993
23.425400 -0.017943576 -0.185583144 10.411179543 0.000847505 0.002879452 -0.001473100 0.999994397
23.529550 -0.017985582 -0.186960906 10.463242531 0.000433797 0.003041790 -0.001232174 0.999994516
23.633550 -0.017771542 -0.187830254 10.516596794 0.000549446 0.003196679 -0.001332585 0.999993861
23.737530 -0.017656051 -0.188951612 10.568468094 0.001027805 0.003403462 -0.002104959 0.999991477
23.841660 -0.017578512 -0.190060928 10.620657921 0.001238436 0.003754129 -0.002483498 0.999989092
23.945650 -0.017223589 -0.191191912 10.673075676 0.000245146 0.004036322 -0.001551292 0.999990582
24.049650 -0.017018363 -0.192296848 10.726727486 -0.000293200 0.004007400 -0.001167169 0.999991238
24.153670 -0.016858570 -0.193456307 10.777591705 0.000292459 0.004025369 -0.000848198 0.999991477
24.257780 -0.016367719 -0.194687247 10.829068184 0.000275229 0.003973736 -0.001802157 0.999990463
24.361780 -0.016574442 -0.195463777 10.881649971 0.001290894 0.003936762 -0.002348203 0.999988616
24.465780 -0.016286366 -0.196908996 10.933197975 0.002489554 0.003549859 -0.003062075 0.999985874
24.569780 -0.016521998 -0.197935671 10.985304832 0.002362062 0.003172365 -0.003648910 0.999985516
24.673900 -0.016005505 -0.198920190 11.038445473 0.000751883 0.002464622 -0.004196334 0.999987900
24.777900 -0.016821332 -0.200144589 11.088638306 -0.000833585 0.002309018 -0.004717979 0.999985814
24.882030 -0.017086647 -0.200982958 11.140257835 -0.000113981 0.001748832 -0.005054947 0.999985695
24.986020 -0.017345600 -0.201814085 11.192041397 0.000649484 0.000939778 -0.004716975 0.999988198
25.090170 -0.017337343 -0.202917650 11.242946625 -0.000143576 -0.000129311 -0.004008168 0.999991953
25.194150 -0.017466202 -0.203869626 11.294815063 -0.000389854 -0.000624912 -0.003252346 0.999994457
25.298280 -0.017905900 -0.204934537 11.345903397 -0.000079917 -0.000778381 -0.003030974 0.999995112
25.402400 -0.018133130 -0.205904156 11.397436142 0.000377257 -0.000901725 -0.002761790 0.999995708
25.506530 -0.018771097 -0.206555933 11.448694229 0.000563051 -0.000813599 -0.002678868 0.999995947
25.610540 -0.019035511 -0.207775474 11.500370979 0.000426382 -0.000851924 -0.002478988 0.999996483
25.714650 -0.019463668 -0.208714515 11.551270485 0.000815137 -0.000757202 -0.002330437 0.999996662
25.818650 -0.019844819 -0.209684908 11.602213860 0.001242327 -0.000882918 -0.002200777 0.999996424
25.922780 -0.019699018 -0.210753322 11.654504776 0.001272734 -0.001073684 -0.001623167 0.999997258
26.026980 -0.020416804 -0.211841971 11.704853058 0.001525271 -0.000872336 -0.001921164 0.999996603
26.130900 -0.020938484 -0.213109404 11.755952835 0.001950649 -0.000912355 -0.001292845 0.999996841
26.235050 -0.021016572 -0.214142412 11.807582855 0.001207047 -0.000827139 -0.000518696 0.999998808
26.339150 -0.021555681 -0.214980781 11.859040260 0.000888858 -0.000798386 -0.000032406 0.999999285
26.443290 -0.021236559 -0.216136307 11.910090446 0.001350496 -0.000965852 0.000443732 0.999998510
26.547800 -0.021730682 -0.217272386 11.960879326 0.001330494 -0.000933862 -0.000141655 0.999998689
26.651410 -0.021730004 -0.218417019 12.012780190 0.001079463 -0.000802684 -0.000869089 0.999998748
26.757930 -0.023109129 -0.219203144 12.064329147 0.000738626 -0.000087612 -0.001466993 0.999998629
26.862580 -0.022281252 -0.220344186 12.116215706 0.000720327 -0.000461433 -0.001758323 0.999998093
26.963660 -0.023082979 -0.221194550 12.167428017 0.001381699 -0.000103875 -0.001624490 0.999997735
27.067820 -0.023003086 -0.222444415 12.219323158 0.001166321 -0.000127780 -0.001572500 0.999998033
27.171920 -0.023228075 -0.223366052 12.271182060 0.001350127 0.000058602 -0.001853410 0.999997377
27.276060 -0.023342427 -0.224372149 12.323147774 0.001254350 0.000115610 -0.002412928 0.999996305
27.380140 -0.023694031 -0.225305766 12.375075340 0.001091425 0.000386232 -0.003286638 0.999993920
27.484700 -0.024039343 -0.226386771 12.426935196 0.001312271 0.000698386 -0.003887264 0.999991357
27.588410 -0.024153423 -0.227417901 12.478541374 0.001603819 0.000777610 -0.004210437 0.999989569
27.692530 -0.024436546 -0.228258237 12.530117035 0.001716645 0.000937737 -0.004749096 0.999986768
27.796540 -0.024581347 -0.229339004 12.582073212 0.001224351 0.001096937 -0.005322910 0.999984443
27.900670 -0.024934910 -0.230378106 12.633916855 0.001106490 0.001345754 -0.005822455 0.999981523
28.005230 -0.025323939 -0.231452599 12.685927391 0.001244138 0.001566306 -0.006281985 0.999978304
28.108940 -0.025575776 -0.232203305 12.738048553 0.001279866 0.001775521 -0.006378459 0.999977231
