0.104128 0.000400496 -0.000753388 0.043873660 -0.000799752 -0.000349403 0.000226786 0.999999583
0.208254 -0.000030765 -0.001079620 0.085134588 -0.000838803 -0.000408659 0.000666645 0.999999344
0.312504 -0.000314755 -0.001902015 0.127169311 -0.000439669 -0.000370546 0.001372244 0.999998868
0.416625 -0.000686654 -0.002628188 0.169031084 -0.000512856 -0.000187276 0.001597384 0.999998569
0.520755 -0.000806540 -0.003291087 0.211778745 -0.000939543 -0.000238552 0.001982454 0.999997556
0.625004 -0.000887275 -0.003874776 0.254151523 -0.001517149 -0.000149711 0.002680770 0.999995232
0.729128 -0.001104046 -0.004592902 0.296577305 -0.001829587 -0.000225878 0.002402276 0.999995410
0.833252 -0.001389101 -0.005086507 0.339176238 -0.000802549 -0.000347253 0.001827440 0.999997914
0.937506 -0.001671604 -0.005861646 0.381886780 0.000168546 -0.000430470 0.000451603 0.999999762
1.041630 -0.002386326 -0.006463563 0.425478071 0.000708484 -0.000240970 -0.001332932 0.999998808
1.145875 -0.002561152 -0.007411933 0.467556715 0.000659749 -0.000284392 -0.002418462 0.999996781
1.250003 -0.002857243 -0.008018527 0.510761321 0.000322247 -0.000208769 -0.003182686 0.999994874
1.354255 -0.002778645 -0.008752394 0.554527104 -0.001044845 -0.000154183 -0.001881500 0.999997675
1.458401 -0.003023648 -0.009391411 0.597203553 -0.001866431 -0.000053501 0.000091736 0.999998271
1.562526 -0.003140645 -0.009973761 0.640487552 -0.000686928 -0.000214836 0.001290071 0.999998927
1.666754 -0.003285587 -0.010714348 0.683911324 0.000236703 -0.000194079 0.001970694 0.999997973
1.771007 -0.003509643 -0.011575280 0.727651298 0.001017213 0.000036189 0.000765610 0.999999225
1.875129 -0.004157826 -0.012148082 0.772559583 -0.000020891 0.000616057 -0.000546320 0.999999642
1.979377 -0.004140228 -0.012878268 0.815318704 -0.001825274 0.000765272 -0.000730858 0.999997795
2.083502 -0.004754177 -0.013279323 0.859999478 -0.002726978 0.001519435 0.000387819 0.999995053
2.187759 -0.004427504 -0.013937869 0.902595878 -0.001923489 0.000883421 0.002486664 0.999994636
2.291881 -0.004700947 -0.014695630 0.946839929 -0.000839182 0.001020547 0.002677573 0.999995530
2.396132 -0.004671445 -0.015286065 0.990563214 0.000467755 0.001255131 0.002458367 0.999996066
2.500257 -0.005084722 -0.015972380 1.035070300 0.000880428 0.001784758 0.000934754 0.999997556
2.604383 -0.005093599 -0.016898319 1.079573035 0.001904920 0.001785939 0.000551464 0.999996424
2.708628 -0.005247165 -0.017519217 1.123912334 0.001763681 0.002085951 0.000052716 0.999996245
2.812757 -0.005229389 -0.018680278 1.169103503 0.001020633 0.001768259 0.000096366 0.999997914
2.916881 -0.005018428 -0.019527055 1.214375734 0.000250639 0.001397609 -0.000442817 0.999998927
3.021006 -0.005655205 -0.020170549 1.259156108 0.000109817 0.001587246 -0.001923810 0.999996901
3.125256 -0.005607312 -0.021228649 1.303923368 0.000074893 0.001565799 -0.003055747 0.999994099
3.229379 -0.005950471 -0.021690695 1.348840594 0.000195586 0.001713853 -0.004379972 0.999988914
3.333502 -0.006173125 -0.022469211 1.394496202 0.000245513 0.001719607 -0.005257098 0.999984622
3.437629 -0.005965759 -0.023435647 1.439393163 0.000077228 0.001239365 -0.004328485 0.999989867
3.541754 -0.005551776 -0.023878144 1.486120939 0.000562043 0.000234781 -0.004090635 0.999991417
3.645880 -0.006396000 -0.025046654 1.530105472 0.000280081 0.000439596 -0.003768384 0.999992728
3.750007 -0.006520305 -0.025772214 1.576806426 -0.000386054 -0.000131136 -0.003700643 0.999993026
3.854131 -0.006760093 -0.026503775 1.621689439 -0.000130518 -0.000669333 -0.003743635 0.999992728
3.958276 -0.007308477 -0.027292743 1.667615652 -0.000266864 -0.001236791 -0.004160904 0.999990523
4.062383 -0.007233266 -0.027953099 1.713879704 -0.000622046 -0.001956717 -0.004247435 0.999988854
4.166506 -0.007115393 -0.029078960 1.759994745 -0.001282644 -0.001981454 -0.003541261 0.999990940
4.270633 -0.007975960 -0.029573042 1.805438638 -0.001314887 -0.002422916 -0.002723619 0.999992490
4.374756 -0.007309644 -0.030484222 1.851347685 -0.001110581 -0.002814307 -0.001556532 0.999994218
4.478884 -0.008654614 -0.031143045 1.897219777 -0.001243693 -0.002706186 -0.000629949 0.999995351
4.583132 -0.008592423 -0.032172203 1.943221211 -0.001830376 -0.002584934 0.000131140 0.999994993
4.687259 -0.009378634 -0.032551412 1.988606095 -0.001897211 -0.002261389 0.000656014 0.999995410
4.791384 -0.009630556 -0.033358276 2.035215855 -0.001819303 -0.002028099 0.001704118 0.999994814
4.895505 -0.009605452 -0.034174219 2.080602884 -0.001445032 -0.002038954 0.002426774 0.999993920
4.999630 -0.010308212 -0.034678284 2.126966715 -0.000946439 -0.001456434 0.001811064 0.999996841
5.103758 -0.010390381 -0.035666544 2.171973944 -0.001022645 -0.001283836 0.001065020 0.999998093
5.207869 -0.010631278 -0.036510956 2.217540503 -0.001686573 -0.001076300 -0.000607384 0.999997795
5.311998 -0.011295985 -0.037144650 2.262959719 -0.002298914 -0.000569643 -0.002152558 0.999994874
5.416245 -0.011825329 -0.037715595 2.309097290 -0.002628691 -0.000206849 -0.003737587 0.999989510
5.520244 -0.012374906 -0.038529556 2.353438616 -0.002287930 0.000184632 -0.006676675 0.999975085
5.624505 -0.012918929 -0.039295830 2.398705959 -0.001979908 0.000490403 -0.008483297 0.999961913
5.728633 -0.013133926 -0.040036045 2.443588257 -0.002139829 0.000842500 -0.008769345 0.999958932
5.832639 -0.013394689 -0.040586852 2.489119530 -0.001976056 0.001064907 -0.009328038 0.999953985
5.936757 -0.013645686 -0.041377261 2.533895016 -0.002124802 0.001132371 -0.008481730 0.999961138
6.040889 -0.013759566 -0.042303883 2.578502893 -0.001917245 0.000998394 -0.007322230 0.999970853
6.145012 -0.014056840 -0.042755347 2.623873472 -0.001721265 0.000947417 -0.007526976 0.999969721
6.249010 -0.014149400 -0.043570653 2.668481350 -0.001625774 0.000942614 -0.007785535 0.999967933
6.353135 -0.014549442 -0.044288035 2.713246584 -0.001465316 0.000533577 -0.007619483 0.999969721
6.457260 -0.014608927 -0.045057710 2.756872416 -0.001497874 0.000333749 -0.008147734 0.999965608
6.561386 -0.015158073 -0.045056950 2.802824736 -0.001770278 -0.000262582 -0.007593458 0.999969542
6.665511 -0.015186809 -0.046389423 2.847906113 -0.002526545 -0.001033654 -0.006368966 0.999975979
6.769636 -0.015678395 -0.046660364 2.891618967 -0.002562066 -0.001403620 -0.005420691 0.999981046
6.873636 -0.015702283 -0.047428682 2.936622858 -0.002738787 -0.001994373 -0.003973178 0.999986351
6.977759 -0.016135337 -0.048031487 2.980426073 -0.002349646 -0.002159949 -0.003676237 0.999988139
7.081885 -0.016892169 -0.048691548 3.023736477 -0.002255053 -0.001993215 -0.002863203 0.999991357
7.186013 -0.016799223 -0.049321953 3.068373203 -0.001827783 -0.002446805 -0.003185520 0.999990284
7.290011 -0.017535569 -0.049862664 3.112138033 -0.001329877 -0.002138771 -0.003739971 0.999989808
7.394135 -0.017813312 -0.050773054 3.155702353 -0.001214451 -0.002238158 -0.003760654 0.999989688
7.498256 -0.018372767 -0.051379621 3.199194670 -0.001245475 -0.001830097 -0.004485321 0.999987483
7.602386 -0.018961826 -0.052457683 3.242746830 -0.002186489 -0.001841765 -0.004784269 0.999984503
7.706383 -0.019086655 -0.052986063 3.286462784 -0.002830916 -0.001876803 -0.005353066 0.999979913
7.810511 -0.019781385 -0.053649023 3.329810143 -0.002025012 -0.001740633 -0.005219498 0.999982774
7.914632 -0.019710869 -0.054627508 3.373460531 -0.000994966 -0.001892769 -0.004753178 0.999986410
8.018763 -0.020366728 -0.055174038 3.416517973 -0.000251371 -0.001858461 -0.004732307 0.999987006
8.122760 -0.020894887 -0.055914953 3.459435940 -0.000858582 -0.001598459 -0.003673261 0.999991596
8.226883 -0.021108819 -0.056618031 3.503354311 -0.001816578 -0.001509493 -0.002565398 0.999993920
8.331011 -0.021226734 -0.057369206 3.546441317 -0.002176032 -0.001140716 -0.001532237 0.999995828
8.435138 -0.021478824 -0.058035545 3.589303017 -0.001419785 -0.000721430 -0.001272990 0.999997914
8.539282 -0.021777794 -0.058695965 3.632208347 -0.000228669 -0.000214113 -0.002452430 0.999996960
8.643387 -0.022204641 -0.059530087 3.675292253 0.000879746 0.000242796 -0.003632737 0.999992967
8.747509 -0.022284189 -0.060147718 3.718537092 0.000890906 0.000906794 -0.005267943 0.999985278
8.851635 -0.022732416 -0.061258826 3.761766195 -0.000228668 0.001600641 -0.005734441 0.999982238
8.955763 -0.022579741 -0.061946601 3.805615187 -0.001369962 0.002013716 -0.005842613 0.999979973
9.059886 -0.022746976 -0.062798373 3.848609447 -0.001609511 0.002465042 -0.005420628 0.999980986
9.164012 -0.022932027 -0.063023753 3.891835690 -0.000999799 0.003111936 -0.005851724 0.999977529
9.268135 -0.022831349 -0.064184748 3.935276985 -0.001138746 0.003581598 -0.006587525 0.999971211
9.372259 -0.022500264 -0.064440735 3.979490280 -0.000817452 0.003914877 -0.007437544 0.999964356
9.476392 -0.022721339 -0.065515414 4.021637917 -0.000394939 0.004743506 -0.008106816 0.999955833
9.580513 -0.022198692 -0.066543058 4.064926147 -0.000155760 0.005074321 -0.008628149 0.999949872
9.684640 -0.022604991 -0.066942140 4.108305931 0.000157481 0.005834098 -0.008330957 0.999948263
9.788784 -0.022554953 -0.067905717 4.151936054 -0.000617769 0.006414380 -0.008167433 0.999945879
9.892888 -0.022062659 -0.068395652 4.195011139 -0.000853536 0.006693691 -0.007382897 0.999949992
9.997010 -0.021432079 -0.069153599 4.238343716 -0.000996517 0.006661293 -0.006760755 0.999954462
10.101140 -0.021448750 -0.069916517 4.281880856 -0.001106945 0.006891097 -0.005938504 0.999957979
10.205260 -0.021234013 -0.070487469 4.325529099 -0.001392551 0.006979406 -0.005262956 0.999960840
10.309390 -0.020887308 -0.071181595 4.368436337 -0.001178195 0.006608780 -0.004332256 0.999968052
10.413390 -0.020622157 -0.071563102 4.412688732 -0.000839018 0.005991399 -0.003800200 0.999974489
10.517510 -0.020154051 -0.072524264 4.455790520 -0.001462338 0.005385964 -0.002932070 0.999980152
10.621640 -0.019750942 -0.073201209 4.499189377 -0.001624459 0.004658883 -0.002341844 0.999985099
10.725760 -0.019526824 -0.073990248 4.542177200 -0.001686570 0.004121379 -0.002041987 0.999988019
10.829890 -0.019558560 -0.074701674 4.585605621 -0.001440670 0.003597405 -0.001730550 0.999991000
10.934020 -0.019588010 -0.075301014 4.628683090 -0.001237820 0.003222145 -0.001769415 0.999992490
11.038140 -0.019584071 -0.075953074 4.672368050 0.000005695 0.002761770 -0.000705450 0.999995947
11.142270 -0.019114817 -0.076798826 4.715112209 0.000212161 0.002189883 0.002199986 0.999995172
11.246390 -0.018763434 -0.077461958 4.758821011 -0.000871873 0.001643150 0.005927983 0.999980688
11.350520 -0.018246992 -0.078299247 4.802138329 -0.001789042 0.000695545 0.009397801 0.999953985
11.454640 -0.018231763 -0.078858159 4.845368385 0.000041180 0.000133236 0.011090536 0.999938488
11.558780 -0.018291291 -0.079584226 4.888442993 0.001610312 0.000406509 0.010523953 0.999943256
11.663020 -0.018195704 -0.080887288 4.932161331 0.002295260 0.000705899 0.009203109 0.999954760
11.767160 -0.018747151 -0.081754334 4.975071907 0.002532349 0.001334936 0.009237191 0.999953210
11.871260 -0.018886125 -0.082809776 5.018190861 0.000788563 0.001845983 0.010793158 0.999939740
11.975390 -0.018430235 -0.083707936 5.061707973 -0.000745165 0.001799405 0.013725667 0.999903917
12.079640 -0.018112550 -0.084158763 5.105675697 -0.001254175 0.001803427 0.015476196 0.999877810
12.183770 -0.018124584 -0.085005999 5.148603916 -0.001205810 0.001911693 0.016246106 0.999865472
12.287890 -0.018113730 -0.085538656 5.192093849 -0.001611732 0.002387801 0.015113830 0.999881625
12.392020 -0.018329501 -0.086300023 5.235500813 -0.001097404 0.002909265 0.013218037 0.999907792
12.496260 -0.019076027 -0.087142780 5.279026985 -0.000085302 0.003688639 0.011359324 0.999928653
12.600390 -0.018519700 -0.087756507 5.323023319 0.000284949 0.003722644 0.009850709 0.999944508
12.704520 -0.018571295 -0.088854671 5.367372513 -0.000487352 0.003919286 0.008850015 0.999953032
12.808640 -0.018777486 -0.089367934 5.410816193 -0.000084628 0.003903100 0.007831853 0.999961734
12.912790 -0.018756349 -0.090278596 5.455043793 0.001115846 0.003697969 0.007052915 0.999967635
13.016890 -0.018952843 -0.090884149 5.498450756 0.002600887 0.003517388 0.004748119 0.999979138
13.121140 -0.019096900 -0.092068002 5.542865753 0.003037779 0.003394928 0.002311133 0.999986947
13.225270 -0.019154400 -0.092755437 5.586735725 0.002635367 0.003511690 -0.000231645 0.999990344
13.329390 -0.019255072 -0.093475394 5.630699635 0.001847335 0.004000653 -0.001847680 0.999988556
13.433520 -0.019439153 -0.094511598 5.675325394 0.000615261 0.004059017 -0.002249730 0.999989033
13.537640 -0.019881524 -0.095328711 5.719415188 0.000267975 0.004046360 -0.001059004 0.999991179
13.641770 -0.019101389 -0.096198380 5.763920784 0.000027957 0.002863565 0.000421004 0.999995828
13.745910 -0.018753894 -0.097221039 5.809344769 0.001879931 0.001402514 0.000787886 0.999996960
13.850020 -0.019162865 -0.097995982 5.853231907 0.004275198 0.001043368 -0.000340354 0.999990284
13.954150 -0.019814756 -0.098906815 5.898005009 0.004638527 0.000963826 -0.002783286 0.999984860
14.058400 -0.019944612 -0.100158960 5.942722321 0.004205157 0.000654720 -0.004583578 0.999980450
14.162520 -0.020452403 -0.101261124 5.987229347 0.002589208 0.001066598 -0.006105922 0.999977410
14.266640 -0.020625461 -0.102171250 6.033365726 0.001514555 0.001022551 -0.006205741 0.999979079
14.370770 -0.020899484 -0.102850184 6.078016758 0.001257349 0.001147897 -0.006057574 0.999980211
14.474890 -0.021042759 -0.103833139 6.124204159 0.000682682 0.001090935 -0.004915300 0.999987066
14.579010 -0.020789903 -0.104194678 6.169479847 0.000689512 0.001039074 -0.003490818 0.999993086
14.683140 -0.020911917 -0.105481252 6.215753555 0.000457097 0.001105770 -0.002273750 0.999996662
14.787290 -0.020392157 -0.106224485 6.261744499 -0.000134280 0.001112037 -0.000627409 0.999999166
14.891390 -0.020706655 -0.107101865 6.307872295 -0.001008876 0.001505475 0.001556371 0.999997139
14.995520 -0.020985568 -0.107657373 6.353617191 -0.000857581 0.001907206 0.002682141 0.999994218
15.099640 -0.020782305 -0.108751804 6.399925232 0.001239642 0.001789267 0.001841000 0.999995947
15.203790 -0.020821558 -0.109529704 6.445860863 0.003906056 0.002021790 -0.001960985 0.999988377
15.308020 -0.021584027 -0.110577561 6.492081165 0.003848949 0.002666791 -0.006492498 0.999967933
15.412140 -0.021884799 -0.111560829 6.538320541 0.001853260 0.003208425 -0.010249081 0.999940634
15.516270 -0.022204213 -0.112449415 6.585443974 0.000934573 0.003690065 -0.010775892 0.999934733
15.620390 -0.021930400 -0.113148071 6.631983280 0.000748736 0.003402988 -0.010129952 0.999942601
15.724520 -0.021962173 -0.113956794 6.678760052 0.000873231 0.002853506 -0.008202380 0.999961913
15.828640 -0.021414230 -0.114833504 6.725962162 0.001250378 0.002258073 -0.007364346 0.999969542
15.932650 -0.021765433 -0.115688205 6.772224903 0.001455065 0.002044592 -0.007708741 0.999967158
16.036770 -0.021900998 -0.116787285 6.819037914 0.001160318 0.002180047 -0.008384208 0.999961793
16.140900 -0.022142222 -0.117601924 6.866968632 0.000847570 0.001992250 -0.008916030 0.999957919
16.245020 -0.022328554 -0.118306190 6.913948536 0.001264191 0.001890333 -0.008647181 0.999960005
16.349140 -0.022568816 -0.119352169 6.961765766 0.001761353 0.001679658 -0.008560733 0.999960363
16.453270 -0.022451293 -0.120218620 7.009035110 0.001829797 0.001422706 -0.007838892 0.999966562
16.557390 -0.022909554 -0.121375456 7.058006287 0.001900194 0.001328858 -0.008264827 0.999963164
16.661520 -0.022851920 -0.122524574 7.106138229 0.001822149 0.001016202 -0.008072146 0.999965250
16.765650 -0.023264879 -0.123396866 7.154042721 0.002058829 0.001075567 -0.008462920 0.999961495
16.869650 -0.023265582 -0.124309391 7.202360630 0.002264139 0.000819412 -0.009013761 0.999956489
16.973770 -0.024031956 -0.125445127 7.250460625 0.002277539 0.000824121 -0.008738652 0.999958873
17.077890 -0.024334209 -0.126573935 7.299396992 0.002155573 0.000683224 -0.008884760 0.999957979
17.182030 -0.024535140 -0.127589598 7.347394943 0.002185254 0.000734710 -0.008644200 0.999960005
17.286140 -0.024516005 -0.128710598 7.395985603 0.002133071 0.000685159 -0.007859257 0.999966621
17.390270 -0.024683041 -0.129692838 7.444595337 0.002225349 0.000651019 -0.007197015 0.999971390
17.494400 -0.024654187 -0.130515084 7.493655205 0.002045531 0.000683774 -0.006867638 0.999974072
17.598420 -0.025132922 -0.131746083 7.542508602 0.001774886 0.000742024 -0.006665670 0.999975920
17.702520 -0.025609571 -0.133142129 7.591026783 0.001664613 0.000718316 -0.006652145 0.999976218
17.806640 -0.025692075 -0.133789733 7.640246868 0.002211752 0.000929317 -0.007283622 0.999970615
17.910650 -0.025838230 -0.135022923 7.689059258 0.001721072 0.001133082 -0.007773452 0.999967635
18.014770 -0.025649020 -0.135835752 7.737613678 0.000658637 0.001470371 -0.008050793 0.999966323
18.118900 -0.026123066 -0.136832848 7.787366867 0.000501040 0.001780125 -0.007870916 0.999967277
18.223020 -0.026475683 -0.137464941 7.836741447 0.001355803 0.002047745 -0.007398109 0.999969602
18.327020 -0.026446339 -0.138689503 7.886015415 0.002102894 0.002262980 -0.008338478 0.999960423
18.431150 -0.026522677 -0.139626876 7.935503483 0.001907659 0.002332044 -0.008641622 0.999958098
18.535360 -0.026644599 -0.140870199 7.985194683 0.001273693 0.002346541 -0.008739651 0.999958277
18.639420 -0.026977748 -0.141596034 8.034092903 0.001177522 0.002306671 -0.008800229 0.999957919
18.743480 -0.027436502 -0.142669216 8.083280563 0.001078508 0.002551990 -0.008809969 0.999957383
18.847540 -0.027029797 -0.143571898 8.132225990 0.001032101 0.002267803 -0.009591555 0.999950945
18.951650 -0.027219176 -0.144430891 8.181699753 0.001117394 0.002453819 -0.010279905 0.999943554
19.055650 -0.026827961 -0.145386890 8.231205940 0.001038404 0.002284723 -0.010829515 0.999938190
19.159650 -0.027196229 -0.146254838 8.281226158 0.000961374 0.002187842 -0.009699326 0.999950111
19.263770 -0.027161468 -0.147283286 8.330920219 0.000519270 0.002242105 -0.008764361 0.999958932
19.367870 -0.027101550 -0.148081049 8.380460739 0.000221233 0.002216406 -0.007599656 0.999968648
19.471780 -0.027033206 -0.149163812 8.429747581 0.000406522 0.001996613 -0.006861893 0.999974370
19.575900 -0.027355798 -0.149830282 8.479003906 0.000975990 0.002127182 -0.006230461 0.999977827
19.679910 -0.027408212 -0.150676101 8.529067993 0.000256773 0.002414165 -0.005389896 0.999982536
19.784020 -0.026859973 -0.151109099 8.578992844 -0.000289936 0.002346695 -0.004323163 0.999987841
19.888070 -0.027166393 -0.152289569 8.628382683 -0.000162128 0.002462640 -0.004024764 0.999988854
19.992130 -0.027564332 -0.152838364 8.678380013 0.000439737 0.002869807 -0.003796249 0.999988616
20.096150 -0.027076423 -0.153982967 8.727412224 0.000518938 0.003025156 -0.004035324 0.999987125
20.200150 -0.027077921 -0.154830009 8.777678490 0.000598796 0.003560718 -0.005119784 0.999980390
20.304270 -0.027057819 -0.155841798 8.827201843 0.000764192 0.004002649 -0.005842740 0.999974608
20.408270 -0.027001008 -0.156817794 8.877408981 0.001022183 0.004507214 -0.006821393 0.999966085
20.512310 -0.026870303 -0.157807633 8.927080154 0.000999659 0.004834919 -0.006867658 0.999964237
20.616400 -0.026637085 -0.158746570 8.977855682 0.001716416 0.005105984 -0.007359797 0.999958396
20.720420 -0.026296265 -0.159688905 9.026534081 0.001742413 0.005572701 -0.006779238 0.999959946
20.824520 -0.025588140 -0.160951391 9.076627731 0.001420673 0.005850149 -0.006361855 0.999961615
20.928690 -0.025846303 -0.161620334 9.126915932 0.001117894 0.006432184 -0.006012107 0.999960601
21.032780 -0.025455967 -0.162483051 9.177189827 0.001151949 0.006511442 -0.005544048 0.999962747
21.136780 -0.025014661 -0.163558304 9.227466583 0.002282693 0.006607058 -0.004937933 0.999963403
21.240880 -0.024342082 -0.165093049 9.277266502 0.003202469 0.006301343 -0.004588426 0.999964476
21.344920 -0.023806334 -0.166350424 9.327034950 0.003074076 0.005843149 -0.004826352 0.999966562
21.448900 -0.023592964 -0.167327106 9.377122879 0.003165366 0.005566339 -0.004174305 0.999970794
21.552900 -0.023295902 -0.168654829 9.426287651 0.003314835 0.005056283 -0.004170571 0.999972999
21.657020 -0.022937819 -0.169781640 9.476459503 0.003459848 0.004604041 -0.004401473 0.999973714
21.761020 -0.022988431 -0.171168387 9.525728226 0.003188094 0.004469413 -0.004787154 0.999973476
21.865030 -0.022761136 -0.172192663 9.576939583 0.003063503 0.003838645 -0.003790085 0.999980748
21.969150 -0.022471257 -0.173604295 9.627557755 0.002167305 0.003264938 -0.002806751 0.999988377
22.073170 -0.022384584 -0.174464494 9.678361893 0.001626262 0.003036258 -0.004251012 0.999985039
22.177150 -0.021998934 -0.175270543 9.729540825 0.001565683 0.003306853 -0.004356428 0.999983788
22.281150 -0.022027001 -0.176215872 9.780558586 0.001830352 0.003783321 -0.004608035 0.999980509
22.385270 -0.021698609 -0.177183956 9.831343651 0.001897207 0.003929466 -0.003947901 0.999982715
22.489270 -0.021734431 -0.178171813 9.882080078 0.002545341 0.004056659 -0.003334123 0.999983013
22.593280 -0.021067545 -0.179434881 9.933575630 0.003416889 0.004109393 -0.002342545 0.999982953
22.697420 -0.021130227 -0.180765167 9.985360146 0.003852615 0.003984028 -0.002043806 0.999982595
22.801400 -0.020513140 -0.182078496 10.035891533 0.004351539 0.002852626 -0.002585658 0.999983132
22.905400 -0.020569082 -0.182955727 10.088159561 0.004116242 0.001653517 -0.002962312 0.999985754
23.009400 -0.020792708 -0.184486717 10.139565468 0.002297839 0.001622839 -0.003570678 0.999989688
23.113490 -0.020749275 -0.185733989 10.191702843 0.000571287 0.001673838 -0.002538152 0.999995232
23.217420 -0.020738538 -0.186419025 10.243679047 0.000471942 0.001942442 -0.002386906 0.999995172
23.321400 -0.020651691 -0.187168479 10.295815468 0.001188132 0.001936592 -0.002117650 0.999995172
23.425400 -0.020739570 -0.188270822 10.347188950 0.001192435 0.002201811 -0.001566114 0.999995649
23.529550 -0.020618640 -0.189363182 10.399059296 0.000958779 0.002315496 -0.001382640 0.999995887
23.633550 -0.020737864 -0.190564588 10.450600624 0.000894617 0.002608009 -0.001529099 0.999994993
23.737530 -0.020514108 -0.191219866 10.503578186 0.001564484 0.002541719 -0.002383670 0.999992669
23.841660 -0.020730771 -0.192772642 10.554134369 0.001674527 0.003129855 -0.002712704 0.999989986
23.945650 -0.020696655 -0.193884954 10.606368065 0.000659422 0.003472569 -0.001884104 0.999991953
24.049650 -0.020627074 -0.195091352 10.657363892 0.000227973 0.003677357 -0.001643229 0.999991834
24.153670 -0.020136908 -0.196125343 10.709095001 0.000704759 0.003399596 -0.001038134 0.999993443
24.257780 -0.020470276 -0.197014377 10.759890556 0.000896352 0.003594082 -0.001910025 0.999991298
24.361780 -0.020617552 -0.197874516 10.811641693 0.002078735 0.003514320 -0.002896759 0.999987483
24.465780 -0.020279475 -0.199361771 10.862530708 0.003324288 0.003117379 -0.003520319 0.999983430
24.569780 -0.020359747 -0.200699329 10.913675308 0.002962710 0.002660105 -0.004068821 0.999983788
24.673900 -0.020323280 -0.201927155 10.964309692 0.001184063 0.002155229 -0.004549620 0.999986589
24.777900 -0.020664640 -0.202896610 11.016052246 -0.000169538 0.001718570 -0.005108849 0.999985456
24.882030 -0.021013109 -0.203721851 11.067161560 0.000565735 0.001114815 -0.005387417 0.999984682
24.986020 -0.021288514 -0.204478562 11.117977142 0.001425381 0.000313853 -0.005144260 0.999985695
25.090170 -0.021428835 -0.205797017 11.168452263 0.000599822 -0.000616346 -0.004529804 0.999989331
25.194150 -0.021698678 -0.206870750 11.219368935 0.000262559 -0.001137227 -0.003778982 0.999992192
25.298280 -0.021952616 -0.207837075 11.270044327 0.000719672 -0.001381621 -0.003560693 0.999992430
25.402400 -0.022696592 -0.209009424 11.320801735 0.001014570 -0.001294999 -0.003289392 0.999993205
25.506530 -0.022993322 -0.210162342 11.370778084 0.000935619 -0.001201934 -0.003354182 0.999993205
25.610540 -0.023354817 -0.211126074 11.421918869 0.001132085 -0.001335423 -0.003046683 0.999993801
25.714650 -0.023619091 -0.212088585 11.472615242 0.001408697 -0.001211788 -0.002456920 0.999995232
25.818650 -0.023990437 -0.213329077 11.522593498 0.001733725 -0.001499565 -0.002632768 0.999993920
25.922780 -0.024160124 -0.214408845 11.573304176 0.001634321 -0.001591379 -0.002195387 0.999994993
26.026980 -0.024727538 -0.215553895 11.623653412 0.001996574 -0.001241653 -0.002558204 0.999993980
26.130900 -0.025120363 -0.216810822 11.674346924 0.002587211 -0.001490783 -0.001811857 0.999993861
26.235050 -0.026097206 -0.217458859 11.725095749 0.002085217 -0.001173554 -0.001312005 0.999996245
26.339150 -0.025571132 -0.219033897 11.775515556 0.001244545 -0.001598584 0.000019278 0.999997973
26.443290 -0.025588751 -0.219978884 11.826515198 0.001901457 -0.001800603 -0.000028494 0.999996543
26.547800 -0.026479201 -0.221003667 11.876935959 0.002069941 -0.001387344 -0.000702548 0.999996662
26.651410 -0.026798526 -0.222237617 11.926557541 0.001461550 -0.001427415 -0.001175031 0.999997258
26.757930 -0.027199430 -0.223101914 11.978624344 0.001195009 -0.001109882 -0.001875844 0.999996901
26.862580 -0.027663812 -0.224229723 12.029632568 0.001302047 -0.000891695 -0.002022222 0.999996722
26.963660 -0.028199118 -0.225046486 12.080610275 0.001902466 -0.000820232 -0.001961007 0.999995947
27.067820 -0.028194116 -0.226420283 12.131963730 0.001747452 -0.000700195 -0.002080889 0.999996066
27.171920 -0.028502822 -0.227342680 12.183305740 0.001971185 -0.000527418 -0.002358938 0.999995112
27.276060 -0.028693695 -0.228430897 12.234772682 0.001818391 -0.000453387 -0.002834939 0.999994218
27.380140 -0.029148117 -0.229383618 12.286186218 0.001688667 -0.000194327 -0.003835458 0.999991179
27.484700 -0.029543579 -0.230556011 12.337455750 0.001873011 0.000114618 -0.004456857 0.999988317
27.588410 -0.029816866 -0.231693253 12.388575554 0.002094353 0.000261756 -0.004827785 0.999986112
27.692530 -0.030121181 -0.232591301 12.439871788 0.002238422 0.000391834 -0.005322631 0.999983251
27.796540 -0.030260623 -0.233630732 12.491447449 0.001832177 0.000530453 -0.005793402 0.999981403
27.900670 -0.030618411 -0.234804779 12.542861938 0.001628585 0.000707359 -0.006398248 0.999977946
28.005230 -0.031073457 -0.235776484 12.594527245 0.001904269 0.000951583 -0.006888341 0.999974012
28.108940 -0.031374369 -0.236765400 12.646103859 0.001800990 0.001142381 -0.006938916 0.999973655
