#frame chA chB nCorr nA nB MNR GNR DICE
4 0 1 0 214 368 0 0 0
5 0 1 0 234 336 0 0 0
6 0 1 0 220 318 0 0 0
7 0 1 0 254 295 0 0 0
8 0 1 24 280 286 0.0857143 0.0848104 0.0848057
9 0 1 30 241 259 0.124481 0.120078 0.12
10 0 1 33 279 294 0.11828 0.115223 0.115183
11 0 1 28 244 264 0.114754 0.110322 0.110236
12 0 1 26 257 303 0.101167 0.093172 0.0928571
13 0 1 22 221 265 0.0995475 0.0909083 0.090535
14 0 1 23 230 275 0.1 0.0914529 0.0910891
15 0 1 26 207 244 0.125604 0.115689 0.115299
16 0 1 20 240 240 0.0833333 0.0833333 0.0833333
17 0 1 17 229 184 0.0923913 0.0828175 0.0823245
18 0 1 16 266 188 0.0851064 0.0715485 0.0704846
19 0 1 12 233 171 0.0701754 0.0601181 0.0594059
20 0 1 10 273 172 0.0581395 0.0461482 0.0449438
21 0 1 11 309 156 0.0705128 0.0501015 0.0473118
22 0 1 11 324 151 0.0728477 0.0497315 0.0463158
23 0 1 13 337 155 0.083871 0.0568804 0.0528455
24 0 1 14 296 118 0.118644 0.0749102 0.0676328
25 0 1 10 318 157 0.0636943 0.0447545 0.0421053
26 0 1 4 265 137 0.0291971 0.0209931 0.0199005
27 0 1 3 291 191 0.0157068 0.012725 0.0124481
28 0 1 3 232 155 0.0193548 0.0158202 0.0155039
29 0 1 1 207 173 0.00578035 0.00528435 0.00526316
30 0 1 0 172 130 0 0 0
31 0 1 2 152 120 0.0166667 0.0148087 0.0147059
32 0 1 3 103 79 0.0379747 0.0332575 0.032967
33 0 1 3 129 86 0.0348837 0.0284824 0.027907
34 0 1 2 107 57 0.0350877 0.0256095 0.0243902
35 0 1 2 125 63 0.031746 0.0225374 0.0212766
36 0 1 1 103 31 0.0322581 0.017697 0.0149254
37 0 1 1 120 75 0.0133333 0.0105409 0.0102564
38 0 1 2 95 53 0.0377358 0.0281858 0.027027
39 0 1 2 109 92 0.0217391 0.0199721 0.0199005
40 0 1 2 85 60 0.0333333 0.0280056 0.0275862
41 0 1 4 110 96 0.0416667 0.0389249 0.038835
42 0 1 2 69 64 0.03125 0.0300965 0.0300752
43 0 1 2 110 111 0.0181818 0.0180997 0.0180995
44 0 1 2 84 88 0.0238095 0.0232621 0.0232558
45 0 1 7 122 129 0.057377 0.0557986 0.0557769
46 0 1 4 88 87 0.045977 0.045715 0.0457143
47 0 1 3 128 137 0.0234375 0.0226546 0.0226415
48 0 1 4 99 111 0.040404 0.0381576 0.0380952
49 0 1 4 148 173 0.027027 0.024998 0.0249221
50 0 1 3 121 138 0.0247934 0.0232161 0.023166
51 0 1 1 177 207 0.00564972 0.0052243 0.00520833
52 0 1 3 152 151 0.0198676 0.0198021 0.019802
53 0 1 4 230 220 0.0181818 0.0177822 0.0177778
54 0 1 4 176 181 0.0227273 0.0224112 0.022409
55 0 1 7 134 138 0.0522388 0.0514762 0.0514706
56 0 1 5 195 184 0.0271739 0.0263963 0.0263852
57 0 1 3 149 133 0.0225564 0.0213109 0.0212766
58 0 1 5 221 195 0.025641 0.0240855 0.0240385
59 0 1 3 159 159 0.0188679 0.0188679 0.0188679
60 0 1 7 231 188 0.037234 0.0335902 0.0334129
61 0 1 4 176 145 0.0275862 0.0250392 0.0249221
62 0 1 3 214 166 0.0180723 0.015917 0.0157895
63 0 1 5 231 220 0.0227273 0.0221795 0.0221729
64 0 1 7 157 169 0.044586 0.0429739 0.0429448
65 0 1 8 212 210 0.0380952 0.0379151 0.0379147
66 0 1 9 196 181 0.0497238 0.0477832 0.0477454
67 0 1 11 242 237 0.0464135 0.0459315 0.045929
68 0 1 7 196 182 0.0384615 0.0370625 0.037037
69 0 1 15 239 219 0.0684932 0.0655647 0.0655022
70 0 1 12 185 181 0.0662983 0.0655777 0.0655738
71 0 1 11 241 211 0.0521327 0.0487801 0.0486726
72 0 1 12 202 171 0.0701754 0.0645665 0.0643432
73 0 1 15 275 234 0.0641026 0.0591312 0.0589391
74 0 1 14 226 204 0.0686275 0.0652017 0.0651163
75 0 1 16 296 240 0.0666667 0.06003 0.0597015
76 0 1 14 221 190 0.0736842 0.0683211 0.0681265
77 0 1 14 288 255 0.054902 0.0516609 0.0515654
78 0 1 11 222 224 0.0495495 0.0493279 0.0493274
79 0 1 16 329 261 0.0613027 0.0546012 0.0542373
80 0 1 5 260 200 0.025 0.0219265 0.0217391
81 0 1 11 207 180 0.0611111 0.0569864 0.0568475
82 0 1 8 253 217 0.0368664 0.0341429 0.0340426
83 0 1 9 192 177 0.0508475 0.0488208 0.0487805
84 0 1 9 187 158 0.056962 0.0523592 0.0521739
85 0 1 5 208 218 0.0240385 0.0234807 0.0234742
86 0 1 5 197 171 0.0292398 0.027242 0.0271739
87 0 1 10 165 152 0.0657895 0.0631446 0.0630915
88 0 1 10 221 242 0.0452489 0.043241 0.0431965
89 0 1 13 193 205 0.0673575 0.0653563 0.0653266
90 0 1 11 179 183 0.0614525 0.0607772 0.0607735
91 0 1 10 240 227 0.0440529 0.0428432 0.0428266
92 0 1 15 200 197 0.0761421 0.0755689 0.0755668
93 0 1 11 160 153 0.0718954 0.0703051 0.0702875
94 0 1 9 215 209 0.0430622 0.0424571 0.0424528
95 0 1 11 193 177 0.0621469 0.0595151 0.0594595
96 0 1 10 164 142 0.0704225 0.0655291 0.0653595
97 0 1 3 236 191 0.0157068 0.0141302 0.0140515
98 0 1 3 188 149 0.0201342 0.0179246 0.0178042
99 0 1 4 146 120 0.0333333 0.0302199 0.0300752
100 0 1 4 203 171 0.0233918 0.0214691 0.0213904
101 0 1 7 143 144 0.048951 0.0487808 0.0487805
102 0 1 8 112 112 0.0714286 0.0714286 0.0714286
103 0 1 6 145 151 0.0413793 0.0405489 0.0405405
104 0 1 9 107 129 0.0841122 0.0766048 0.0762712
105 0 1 11 160 159 0.0691824 0.0689659 0.0689655
106 0 1 11 137 140 0.080292 0.079427 0.0794224
107 0 1 12 128 122 0.0983607 0.0960277 0.096
108 0 1 10 173 159 0.0628931 0.0602946 0.060241
109 0 1 8 161 142 0.056338 0.0529094 0.0528053
110 0 1 7 130 131 0.0538462 0.0536402 0.0536398
111 0 1 6 243 222 0.027027 0.0258328 0.0258065
112 0 1 7 212 190 0.0368421 0.0348781 0.0348259
113 0 1 7 192 161 0.0434783 0.0398139 0.0396601
114 0 1 5 154 127 0.0393701 0.0357526 0.0355872
115 0 1 10 239 175 0.0571429 0.048897 0.0483092
116 0 1 8 220 144 0.0555556 0.0449467 0.043956
117 0 1 5 215 142 0.0352113 0.0286158 0.0280112
118 0 1 5 181 118 0.0423729 0.0342129 0.0334448
119 0 1 7 242 185 0.0378378 0.033083 0.0327869
120 0 1 9 231 154 0.0584416 0.0477173 0.0467532
121 0 1 8 200 132 0.0606061 0.0492366 0.0481928
122 0 1 6 291 225 0.0266667 0.0234484 0.0232558
123 0 1 9 261 187 0.0481283 0.0407382 0.0401786
124 0 1 10 229 169 0.0591716 0.0508322 0.0502513
125 0 1 8 191 159 0.0503145 0.0459066 0.0457143
126 0 1 4 299 219 0.0182648 0.0156316 0.015444
127 0 1 10 208 178 0.0561798 0.0519707 0.0518135
128 0 1 10 244 220 0.0454545 0.0431612 0.0431034
129 0 1 7 190 164 0.0426829 0.0396551 0.039548
130 0 1 12 228 168 0.0714286 0.0613139 0.0606061
131 0 1 10 238 215 0.0465116 0.0442071 0.0441501
132 0 1 6 185 144 0.0416667 0.0367607 0.0364742
133 0 1 3 217 219 0.0138249 0.0137616 0.0137615
134 0 1 3 172 157 0.0191083 0.0182561 0.0182371
135 0 1 2 234 200 0.01 0.009245 0.00921659
136 0 1 2 196 157 0.0127389 0.0114012 0.0113314
137 0 1 2 196 182 0.010989 0.0105893 0.010582
138 0 1 2 156 111 0.018018 0.0151987 0.0149813
139 0 1 3 170 108 0.0277778 0.0221404 0.0215827
140 0 1 4 143 110 0.0363636 0.031893 0.0316206
141 0 1 3 119 85 0.0352941 0.029829 0.0294118
142 0 1 6 137 114 0.0526316 0.0480108 0.0478088
143 0 1 1 99 63 0.015873 0.0126623 0.0123457
144 0 1 2 111 88 0.0227273 0.0202361 0.0201005
145 0 1 3 84 62 0.0483871 0.0415706 0.0410959
146 0 1 3 113 91 0.032967 0.0295843 0.0294118
147 0 1 1 87 68 0.0147059 0.0130013 0.0129032
148 0 1 2 124 131 0.016129 0.0156922 0.0156863
149 0 1 2 94 99 0.0212766 0.0207323 0.0207254
150 0 1 6 147 167 0.0408163 0.0382943 0.0382166
151 0 1 2 116 126 0.0172414 0.0165431 0.0165289
152 0 1 3 110 108 0.0277778 0.0275241 0.0275229
153 0 1 1 92 73 0.0136986 0.0122024 0.0121212
154 0 1 3 144 117 0.025641 0.0231125 0.0229885
155 0 1 1 131 94 0.0106383 0.00901157 0.00888889
156 0 1 1 100 75 0.0133333 0.011547 0.0114286
157 0 1 1 173 121 0.00826446 0.00691169 0.00680272
158 0 1 1 140 90 0.0111111 0.00890871 0.00869565
159 0 1 3 129 70 0.0428571 0.0315702 0.0301508
160 0 1 2 216 147 0.0136054 0.0112239 0.0110193
161 0 1 1 167 122 0.00819672 0.00700587 0.00692042
162 0 1 2 146 96 0.0208333 0.0168934 0.0165289
163 0 1 0 217 133 0 0 0
164 0 1 1 168 109 0.00917431 0.00738979 0.00722022
165 0 1 1 247 189 0.00529101 0.00462829 0.00458716
166 0 1 0 186 145 0 0 0
167 0 1 2 249 188 0.0106383 0.00924382 0.00915332
168 0 1 4 205 153 0.0261438 0.0225859 0.0223464
169 0 1 5 278 191 0.026178 0.0216986 0.021322
170 0 1 3 208 147 0.0204082 0.0171566 0.0169014
171 0 1 4 279 185 0.0216216 0.0176065 0.0172414
172 0 1 5 194 126 0.0396825 0.0319804 0.03125
173 0 1 7 222 150 0.0466667 0.0383598 0.0376344
174 0 1 5 147 113 0.0442478 0.0387947 0.0384615
175 0 1 4 206 137 0.0291971 0.0238104 0.0233236
176 0 1 3 145 98 0.0306122 0.0251666 0.0246914
177 0 1 4 180 133 0.0300752 0.0258522 0.0255591
178 0 1 4 138 101 0.039604 0.0338813 0.0334728
179 0 1 5 158 133 0.037594 0.0344918 0.0343643
180 0 1 3 113 87 0.0344828 0.0302568 0.03
181 0 1 3 131 138 0.0229008 0.0223124 0.0223048
182 0 1 2 72 100 0.0277778 0.0235702 0.0232558
183 0 1 2 85 129 0.0235294 0.0190997 0.0186916
184 0 1 3 64 88 0.046875 0.0399751 0.0394737
185 0 1 2 91 112 0.021978 0.0198107 0.0197044
186 0 1 2 66 96 0.030303 0.0251259 0.0246914
187 0 1 3 79 127 0.0379747 0.0299506 0.0291262
188 0 1 2 61 97 0.0327869 0.0260004 0.0253165
189 0 1 4 77 142 0.0519481 0.0382534 0.0365297
190 0 1 3 67 109 0.0447761 0.0351051 0.0340909
191 0 1 2 68 96 0.0294118 0.0247537 0.0243902
192 0 1 3 105 137 0.0285714 0.025013 0.0247934
193 0 1 4 77 107 0.0519481 0.0440679 0.0434783
194 0 1 6 72 103 0.0833333 0.0696733 0.0685714
195 0 1 5 114 131 0.0438596 0.0409149 0.0408163
196 0 1 4 90 108 0.0444444 0.040572 0.040404
197 0 1 4 67 89 0.0597015 0.0517997 0.0512821
198 0 1 4 121 128 0.0330578 0.0321412 0.0321285
199 0 1 9 101 114 0.0891089 0.0838744 0.0837209
200 0 1 10 84 88 0.119048 0.116311 0.116279
201 0 1 10 135 121 0.0826446 0.0782421 0.078125
202 0 1 10 107 93 0.107527 0.100246 0.1
203 0 1 6 147 132 0.0454545 0.043073 0.0430108
204 0 1 8 124 111 0.0720721 0.0681895 0.0680851
205 0 1 8 95 93 0.0860215 0.0851112 0.0851064
206 0 1 8 169 144 0.0555556 0.0512821 0.0511182
207 0 1 8 148 126 0.0634921 0.0585833 0.0583942
208 0 1 10 136 109 0.0917431 0.0821329 0.0816327
209 0 1 7 106 94 0.0744681 0.0701263 0.07
210 0 1 6 162 141 0.0425532 0.0396994 0.039604
211 0 1 11 133 121 0.0909091 0.086711 0.0866142
212 0 1 7 104 100 0.07 0.0686406 0.0686275
213 0 1 5 156 132 0.0378788 0.0348434 0.0347222
214 0 1 3 152 110 0.0272727 0.0232008 0.0229008
215 0 1 2 105 97 0.0206186 0.0198175 0.019802
216 0 1 1 208 151 0.00662252 0.00564261 0.00557103
217 0 1 4 152 118 0.0338983 0.0298674 0.0296296
218 0 1 4 117 90 0.0444444 0.0389804 0.0386473
219 0 1 5 151 126 0.0396825 0.036249 0.0361011
220 0 1 4 116 110 0.0363636 0.0354107 0.0353982
221 0 1 4 170 129 0.0310078 0.027011 0.0267559
222 0 1 3 127 111 0.027027 0.0252672 0.0252101
223 0 1 9 171 134 0.0671642 0.0594555 0.0590164
224 0 1 7 133 97 0.0721649 0.0616292 0.0608696
225 0 1 12 165 124 0.0967742 0.0838935 0.083045
226 0 1 14 131 100 0.14 0.122319 0.121212
227 0 1 13 164 110 0.118182 0.0967888 0.0948905
228 0 1 10 113 80 0.125 0.105176 0.103627
229 0 1 12 182 125 0.096 0.0795592 0.0781759
230 0 1 11 150 116 0.0948276 0.0833908 0.0827068
231 0 1 9 134 99 0.0909091 0.0781398 0.0772532
232 0 1 11 161 137 0.080292 0.0740661 0.0738255
233 0 1 12 137 114 0.105263 0.0960215 0.0956175
234 0 1 11 166 160 0.06875 0.0674961 0.0674847
235 0 1 9 145 130 0.0692308 0.0655521 0.0654545
236 0 1 13 189 164 0.0792683 0.0738398 0.0736544
237 0 1 12 143 132 0.0909091 0.0873426 0.0872727
238 0 1 15 201 153 0.0980392 0.0855357 0.0847458
239 0 1 14 159 112 0.125 0.104911 0.103321
240 0 1 12 160 122 0.0983607 0.0858897 0.0851064
241 0 1 10 176 152 0.0657895 0.0611395 0.0609756
242 0 1 13 171 176 0.0760234 0.0749357 0.074928
243 0 1 13 184 216 0.0706522 0.065209 0.065
244 0 1 12 164 162 0.0740741 0.073621 0.0736196
245 0 1 17 188 174 0.0977011 0.093993 0.0939227
246 0 1 16 155 134 0.119403 0.11102 0.110727
247 0 1 15 192 155 0.0967742 0.086951 0.0864553
248 0 1 11 173 131 0.0839695 0.0730691 0.0723684
249 0 1 14 237 166 0.0843373 0.070583 0.0694789
250 0 1 14 198 141 0.0992908 0.0837888 0.0825959
251 0 1 14 264 199 0.0703518 0.0610801 0.0604752
252 0 1 15 217 160 0.09375 0.080501 0.0795756
253 0 1 14 284 191 0.0732984 0.0601108 0.0589474
254 0 1 8 223 166 0.0481928 0.0415799 0.0411311
255 0 1 8 284 184 0.0434783 0.0349963 0.034188
256 0 1 7 217 149 0.0469799 0.0389292 0.0382514
257 0 1 6 282 164 0.0365854 0.0279 0.0269058
258 0 1 8 232 149 0.0536913 0.0430282 0.0419948
259 0 1 6 280 181 0.0331492 0.0266522 0.0260304
260 0 1 5 211 143 0.034965 0.0287846 0.0282486
261 0 1 7 272 195 0.0358974 0.0303946 0.0299786
262 0 1 7 229 166 0.0421687 0.0359026 0.035443
263 0 1 10 245 209 0.0478469 0.044192 0.0440529
264 0 1 6 200 168 0.0357143 0.0327327 0.0326087
265 0 1 7 292 205 0.0341463 0.0286108 0.028169
266 0 1 6 230 187 0.0320856 0.0289312 0.028777
267 0 1 3 247 220 0.0136364 0.0128695 0.012848
268 0 1 1 205 191 0.0052356 0.00505366 0.00505051
269 0 1 6 271 229 0.0262009 0.0240851 0.024
270 0 1 6 225 207 0.0289855 0.0278019 0.0277778
271 0 1 10 279 244 0.0409836 0.0383268 0.0382409
272 0 1 11 227 208 0.0528846 0.050623 0.0505747
273 0 1 8 262 275 0.0305344 0.0298039 0.0297952
274 0 1 11 213 225 0.0516432 0.0502472 0.0502283
275 0 1 20 228 278 0.0877193 0.0794402 0.0790514
276 0 1 17 202 225 0.0841584 0.0797411 0.0796253
277 0 1 16 261 258 0.0620155 0.0616581 0.061657
278 0 1 14 225 242 0.0622222 0.0599969 0.0599572
279 0 1 20 277 300 0.0722022 0.0693792 0.0693241
280 0 1 23 232 246 0.0991379 0.0962756 0.0962343
281 0 1 14 275 281 0.0509091 0.0503626 0.0503597
282 0 1 11 221 228 0.0497738 0.0490037 0.0489978
283 0 1 10 272 259 0.03861 0.0376761 0.0376648
284 0 1 6 243 246 0.0246914 0.0245403 0.0245399
285 0 1 14 272 304 0.0514706 0.0486863 0.0486111
286 0 1 14 238 246 0.0588235 0.0578591 0.0578512
287 0 1 17 346 306 0.0555556 0.0522457 0.0521472
288 0 1 19 268 253 0.0750988 0.0729669 0.0729367
289 0 1 19 243 199 0.0954774 0.086402 0.0859729
290 0 1 7 343 303 0.0231023 0.0217135 0.0216718
291 0 1 14 301 273 0.0512821 0.0488386 0.0487805
292 0 1 15 256 251 0.059761 0.0591745 0.0591716
293 0 1 12 362 337 0.0356083 0.0343567 0.0343348
294 0 1 14 345 290 0.0482759 0.0442608 0.0440945
295 0 1 13 303 260 0.05 0.0463165 0.0461812
296 0 1 13 464 374 0.0347594 0.0312067 0.0310263
297 0 1 25 437 317 0.0788644 0.0671691 0.066313
298 0 1 21 388 281 0.0747331 0.063599 0.0627803
299 0 1 22 499 378 0.0582011 0.0506555 0.050171
300 0 1 29 457 335 0.0865672 0.0741169 0.0732323
301 0 1 24 428 279 0.0860215 0.0694524 0.0678925
302 0 1 22 543 389 0.0565553 0.0478683 0.0472103
303 0 1 38 521 366 0.103825 0.087021 0.0856821
304 0 1 39 495 311 0.125402 0.099399 0.0967742
305 0 1 30 654 392 0.0765306 0.0592501 0.0573614
306 0 1 42 612 334 0.125749 0.0928967 0.0887949
307 0 1 39 567 330 0.118182 0.0901605 0.0869565
308 0 1 37 707 412 0.0898058 0.0685557 0.0661305
309 0 1 50 657 369 0.135501 0.101549 0.0974659
310 0 1 54 619 325 0.166154 0.120395 0.114407
311 0 1 43 684 395 0.108861 0.082726 0.0797034
312 0 1 66 677 375 0.176 0.130989 0.125475
313 0 1 71 598 346 0.205202 0.156088 0.150424
314 0 1 53 668 406 0.130542 0.101771 0.0986965
315 0 1 59 595 336 0.175595 0.131954 0.126745
316 0 1 47 625 392 0.119898 0.0949543 0.0924287
317 0 1 40 543 339 0.117994 0.093231 0.090703
318 0 1 45 570 365 0.123288 0.0986572 0.0962567
319 0 1 35 506 304 0.115132 0.0892393 0.0864198
320 0 1 42 406 247 0.17004 0.132629 0.128637
321 0 1 35 478 297 0.117845 0.0928915 0.0903226
322 0 1 46 419 250 0.184 0.142128 0.137519
323 0 1 51 397 210 0.242857 0.17663 0.16804
324 0 1 48 473 280 0.171429 0.131896 0.12749
325 0 1 48 391 219 0.219178 0.164033 0.157377
326 0 1 51 383 179 0.284916 0.19478 0.181495
327 0 1 42 455 234 0.179487 0.128717 0.121916
328 0 1 46 386 171 0.269006 0.179047 0.165171
329 0 1 47 326 150 0.313333 0.212541 0.197479
330 0 1 24 427 171 0.140351 0.0888176 0.0802676
331 0 1 20 347 127 0.15748 0.0952716 0.0843882
332 0 1 19 267 100 0.19 0.116278 0.103542
333 0 1 13 341 134 0.0970149 0.0608154 0.0547368
334 0 1 7 267 78 0.0897436 0.048506 0.0405797
335 0 1 4 232 58 0.0689655 0.0344828 0.0275862
336 0 1 4 242 71 0.056338 0.0305157 0.0255591
337 0 1 3 198 59 0.0508475 0.0277564 0.0233463
338 0 1 1 187 95 0.0105263 0.0075027 0.0070922
339 0 1 4 155 70 0.0571429 0.0384012 0.0355556
340 0 1 2 224 104 0.0192308 0.0131036 0.0121951
341 0 1 2 150 61 0.0327869 0.0209083 0.0189573
342 0 1 1 184 89 0.011236 0.00781441 0.00732601
343 0 1 1 155 67 0.0149254 0.00981289 0.00900901
344 0 1 2 224 96 0.0208333 0.0136386 0.0125
345 0 1 3 178 70 0.0428571 0.0268759 0.0241935
346 0 1 3 256 100 0.03 0.01875 0.0168539
347 0 1 5 211 77 0.0649351 0.0392268 0.0347222
348 0 1 5 288 131 0.0381679 0.0257418 0.0238663
349 0 1 4 209 108 0.037037 0.0266241 0.0252366
350 0 1 4 279 175 0.0228571 0.0181025 0.0176211
351 0 1 4 233 137 0.0291971 0.0223883 0.0216216
352 0 1 9 267 188 0.0478723 0.0401706 0.0395604
353 0 1 8 224 165 0.0484848 0.0416125 0.0411311
354 0 1 11 271 231 0.047619 0.0439645 0.0438247
355 0 1 6 213 186 0.0322581 0.0301443 0.0300752
356 0 1 8 271 248 0.0322581 0.0308588 0.0308285
357 0 1 8 224 209 0.0382775 0.0369737 0.0369515
358 0 1 11 279 239 0.0460251 0.0425982 0.042471
359 0 1 8 214 210 0.0380952 0.0377375 0.0377358
360 0 1 9 253 227 0.0396476 0.0375551 0.0375
361 0 1 9 216 183 0.0491803 0.0452679 0.0451128
362 0 1 11 244 198 0.0555556 0.0500455 0.0497738
363 0 1 9 203 168 0.0535714 0.0487349 0.0485175
364 0 1 12 247 210 0.0571429 0.0526894 0.0525164
365 0 1 11 196 163 0.0674847 0.0615419 0.0612813
366 0 1 12 246 189 0.0634921 0.0556523 0.0551724
367 0 1 13 178 154 0.0844156 0.0785187 0.0783133
368 0 1 12 211 194 0.0618557 0.0593115 0.0592593
369 0 1 12 185 157 0.0764331 0.0704118 0.0701754
370 0 1 10 218 183 0.0546448 0.0500664 0.0498753
371 0 1 13 182 150 0.0866667 0.0786796 0.0783133
372 0 1 14 246 183 0.0765027 0.0659834 0.0652681
373 0 1 11 214 138 0.0797101 0.0640098 0.0625
374 0 1 15 281 176 0.0852273 0.06745 0.0656455
375 0 1 13 240 151 0.0860927 0.0682888 0.0664962
376 0 1 12 306 164 0.0731707 0.0535672 0.0510638
377 0 1 12 237 137 0.0875912 0.0665958 0.0641711
378 0 1 21 261 149 0.14094 0.106489 0.102439
379 0 1 17 229 121 0.140496 0.102127 0.0971429
380 0 1 21 260 152 0.138158 0.105636 0.101942
381 0 1 11 203 115 0.0956522 0.0719939 0.0691824
382 0 1 13 254 146 0.0890411 0.0675072 0.065
383 0 1 12 211 132 0.0909091 0.071904 0.0699708
384 0 1 15 289 196 0.0765306 0.0630252 0.0618557
385 0 1 10 240 156 0.0641026 0.0516811 0.050505
386 0 1 7 254 191 0.0366492 0.0317808 0.0314607
387 0 1 3 197 154 0.0194805 0.0172238 0.017094
388 0 1 8 158 113 0.0707965 0.0598718 0.0590406
389 0 1 5 230 147 0.0340136 0.0271924 0.0265252
390 0 1 7 192 108 0.0648148 0.0486111 0.0466667
391 0 1 5 148 80 0.0625 0.0459509 0.0438596
392 0 1 4 225 132 0.030303 0.0232104 0.022409
393 0 1 4 167 96 0.0416667 0.0315912 0.0304183
394 0 1 5 238 134 0.0373134 0.0279981 0.0268817
395 0 1 4 167 103 0.038835 0.0304988 0.0296296
396 0 1 7 223 134 0.0522388 0.0404942 0.0392157
397 0 1 7 155 105 0.0666667 0.0548703 0.0538462
398 0 1 9 211 154 0.0584416 0.0499276 0.0493151
399 0 1 7 156 121 0.0578512 0.0509499 0.0505415
400 0 1 6 203 137 0.0437956 0.0359785 0.0352941
401 0 1 7 148 108 0.0648148 0.0553675 0.0546875
402 0 1 6 170 126 0.047619 0.040996 0.0405405
403 0 1 3 124 83 0.0361446 0.0295714 0.0289855
404 0 1 5 178 125 0.04 0.0335201 0.0330033
405 0 1 5 144 100 0.05 0.0416667 0.0409836
406 0 1 4 195 152 0.0263158 0.0232338 0.0230548
407 0 1 1 147 109 0.00917431 0.00790002 0.0078125
408 0 1 2 187 145 0.0137931 0.0121458 0.0120482
409 0 1 2 144 115 0.0173913 0.0155417 0.015444
410 0 1 5 206 175 0.0285714 0.026334 0.0262467
411 0 1 5 166 133 0.037594 0.0336504 0.0334448
412 0 1 4 197 168 0.0238095 0.0219873 0.0219178
413 0 1 5 158 112 0.0446429 0.0375866 0.037037
414 0 1 4 201 141 0.0283688 0.0237603 0.0233918
415 0 1 3 170 102 0.0294118 0.0227823 0.0220588
416 0 1 4 191 125 0.032 0.0258874 0.0253165
417 0 1 2 154 93 0.0215054 0.016712 0.0161943
418 0 1 3 188 131 0.0229008 0.0191164 0.0188088
419 0 1 4 143 100 0.04 0.0334497 0.0329218
420 0 1 3 173 128 0.0234375 0.0201601 0.0199336
421 0 1 3 140 98 0.0306122 0.025612 0.0252101
422 0 1 6 175 142 0.0422535 0.0380617 0.0378549
423 0 1 3 136 124 0.0241935 0.0231015 0.0230769
424 0 1 6 172 153 0.0392157 0.0369863 0.0369231
425 0 1 7 141 147 0.0496454 0.0486217 0.0486111
426 0 1 7 206 199 0.0351759 0.0345731 0.0345679
427 0 1 5 164 151 0.0331126 0.0317731 0.031746
428 0 1 4 206 189 0.021164 0.0202719 0.0202532
429 0 1 4 179 158 0.0253165 0.0237851 0.0237389
430 0 1 9 244 211 0.042654 0.0396649 0.0395604
431 0 1 7 220 179 0.0391061 0.0352744 0.0350877
432 0 1 5 164 139 0.0359712 0.0331162 0.0330033
433 0 1 4 232 196 0.0204082 0.0187581 0.0186916
434 0 1 5 198 163 0.0306748 0.0278319 0.0277008
435 0 1 4 267 218 0.0183486 0.0165797 0.0164948
436 0 1 5 242 169 0.0295858 0.024724 0.0243309
437 0 1 7 223 131 0.0534351 0.0409553 0.039548
438 0 1 8 264 180 0.0444444 0.0366988 0.036036
439 0 1 8 219 167 0.0479042 0.0418321 0.0414508
440 0 1 5 286 199 0.0251256 0.0209585 0.0206186
441 0 1 7 233 170 0.0411765 0.0351719 0.0347395
442 0 1 11 275 216 0.0509259 0.0451335 0.0448065
443 0 1 9 267 198 0.0454545 0.039143 0.0387097
444 0 1 9 326 251 0.0358566 0.0314628 0.0311958
445 0 1 5 287 226 0.0221239 0.0196325 0.0194932
446 0 1 11 360 300 0.0366667 0.0334719 0.0333333
447 0 1 9 312 268 0.0335821 0.0311242 0.0310345
448 0 1 26 293 238 0.109244 0.098458 0.0979284
449 0 1 22 362 298 0.0738255 0.0669823 0.0666667
450 0 1 29 327 265 0.109434 0.0985147 0.097973
451 0 1 20 287 227 0.0881057 0.0783567 0.077821
452 0 1 12 383 295 0.040678 0.0357002 0.0353982
453 0 1 18 307 252 0.0714286 0.0647147 0.0644007
454 0 1 12 298 184 0.0652174 0.0512465 0.0497925
455 0 1 13 332 260 0.05 0.0442474 0.0439189
456 0 1 19 283 217 0.0875576 0.0766709 0.076
457 0 1 17 260 185 0.0918919 0.0775133 0.0764045
458 0 1 17 287 211 0.0805687 0.0690823 0.0682731
459 0 1 16 258 192 0.0833333 0.0718885 0.0711111
460 0 1 15 234 163 0.0920245 0.076805 0.0755668
461 0 1 7 292 205 0.0341463 0.0286108 0.028169
462 0 1 20 258 189 0.10582 0.090571 0.0894855
463 0 1 22 242 156 0.141026 0.113228 0.110553
464 0 1 14 267 229 0.0611354 0.056618 0.0564516
465 0 1 22 253 187 0.117647 0.101144 0.1
466 0 1 19 204 142 0.133803 0.111633 0.109827
467 0 1 18 231 194 0.0927835 0.0850287 0.0847059
468 0 1 12 185 149 0.0805369 0.0722774 0.0718563
469 0 1 8 248 200 0.04 0.0359211 0.0357143
470 0 1 7 194 162 0.0432099 0.0394857 0.0393258
471 0 1 9 214 176 0.0511364 0.0463745 0.0461538
472 0 1 7 176 123 0.0569106 0.0475761 0.0468227
473 0 1 10 202 155 0.0645161 0.0565143 0.0560224
474 0 1 6 147 113 0.0530973 0.0465536 0.0461538
475 0 1 9 168 146 0.0616438 0.0574661 0.0573248
476 0 1 4 112 116 0.0357143 0.0350931 0.0350877
477 0 1 4 148 140 0.0285714 0.0277885 0.0277778
478 0 1 1 98 96 0.0104167 0.0103098 0.0103093
479 0 1 2 131 128 0.015625 0.0154451 0.015444
480 0 1 3 102 100 0.03 0.0297044 0.029703
481 0 1 4 113 115 0.0353982 0.0350891 0.0350877
482 0 1 4 132 139 0.030303 0.0295301 0.0295203
483 0 1 2 192 166 0.0120482 0.0112028 0.0111732
484 0 1 3 147 132 0.0227273 0.0215365 0.0215054
485 0 1 6 160 130 0.0461538 0.0416025 0.0413793
486 0 1 6 155 124 0.0483871 0.0432787 0.0430108
487 0 1 2 177 133 0.0150376 0.0130352 0.0129032
488 0 1 3 190 148 0.0202703 0.0178901 0.0177515
489 0 1 1 148 115 0.00869565 0.00766514 0.00760456
490 0 1 5 209 161 0.0310559 0.0272574 0.027027
491 0 1 6 171 136 0.0441176 0.0393445 0.0390879
492 0 1 4 245 176 0.0227273 0.0192629 0.0190024
493 0 1 5 207 133 0.037594 0.0301342 0.0294118
494 0 1 4 286 175 0.0228571 0.0178796 0.0173536
495 0 1 6 236 146 0.0410959 0.0323235 0.0314136
496 0 1 6 254 167 0.0359281 0.0291324 0.0285036
497 0 1 8 218 132 0.0606061 0.0471601 0.0457143
498 0 1 9 276 159 0.0566038 0.0429625 0.0413793
499 0 1 6 235 118 0.0508475 0.036031 0.0339943
500 0 1 9 301 172 0.0523256 0.0395544 0.038055
501 0 1 9 232 129 0.0697674 0.052024 0.0498615
502 0 1 10 276 148 0.0675676 0.0494783 0.0471698
503 0 1 11 210 111 0.0990991 0.0720479 0.0685358
504 0 1 8 243 129 0.0620155 0.0451848 0.0430108
505 0 1 7 194 110 0.0636364 0.0479182 0.0460526
506 0 1 12 209 133 0.0902256 0.0719751 0.0701754
507 0 1 10 185 109 0.0917431 0.0704208 0.0680272
508 0 1 12 220 132 0.0909091 0.0704179 0.0681818
509 0 1 14 194 116 0.12069 0.093325 0.0903226
510 0 1 9 243 157 0.0573248 0.0460776 0.045
511 0 1 9 198 137 0.0656934 0.0546449 0.0537313
512 0 1 13 244 152 0.0855263 0.0675036 0.0656566
513 0 1 19 201 152 0.125 0.108701 0.107649
514 0 1 19 161 114 0.166667 0.140245 0.138182
515 0 1 23 207 177 0.129944 0.120159 0.119792
516 0 1 21 180 150 0.14 0.127802 0.127273
517 0 1 20 243 199 0.100503 0.0909495 0.0904977
518 0 1 16 210 170 0.0941176 0.084681 0.0842105
519 0 1 16 191 129 0.124031 0.101932 0.1
520 0 1 12 242 150 0.08 0.0629837 0.0612245
521 0 1 11 186 124 0.0887097 0.0724311 0.0709677
522 0 1 9 156 103 0.0873786 0.0710005 0.0694981
523 0 1 8 197 141 0.0567376 0.0480007 0.0473373
524 0 1 10 155 120 0.0833333 0.0733236 0.0727273
525 0 1 6 123 104 0.0576923 0.0530496 0.0528634
526 0 1 6 168 134 0.0447761 0.0399893 0.0397351
527 0 1 8 134 117 0.0683761 0.0638917 0.063745
528 0 1 10 111 96 0.104167 0.096873 0.0966184
529 0 1 10 172 147 0.0680272 0.0628894 0.0626959
530 0 1 11 142 119 0.092437 0.0846204 0.0842912
531 0 1 6 137 94 0.0638298 0.0528722 0.0519481
532 0 1 9 181 140 0.0642857 0.0565378 0.0560748
533 0 1 9 151 118 0.0762712 0.0674238 0.0669145
534 0 1 7 145 95 0.0736842 0.059642 0.0583333
535 0 1 12 214 122 0.0983607 0.0742668 0.0714286
536 0 1 11 154 106 0.103774 0.0860953 0.0846154
537 0 1 9 137 92 0.0978261 0.0801656 0.0786026
538 0 1 11 195 130 0.0846154 0.0690882 0.0676923
539 0 1 8 181 123 0.0650406 0.0536165 0.0526316
540 0 1 10 153 88 0.113636 0.0861813 0.0829876
541 0 1 7 228 125 0.056 0.0414644 0.0396601
542 0 1 8 203 116 0.0689655 0.052133 0.0501567
543 0 1 8 178 88 0.0909091 0.0639203 0.0601504
544 0 1 11 247 139 0.0791367 0.0593659 0.0569948
545 0 1 14 220 116 0.12069 0.087637 0.0833333
546 0 1 10 185 99 0.10101 0.0738919 0.0704225
547 0 1 6 216 104 0.0576923 0.040032 0.0375
548 0 1 4 171 80 0.05 0.0341993 0.0318725
549 0 1 4 209 104 0.0384615 0.0271313 0.0255591
550 0 1 3 143 80 0.0375 0.0280484 0.0269058
551 0 1 5 207 107 0.046729 0.0335964 0.0318471
552 0 1 5 175 100 0.05 0.0377964 0.0363636
553 0 1 6 240 153 0.0392157 0.0313112 0.0305344
554 0 1 6 196 135 0.0444444 0.0368856 0.0362538
555 0 1 10 278 179 0.0558659 0.0448282 0.0437637
556 0 1 9 242 138 0.0652174 0.0492488 0.0473684
557 0 1 10 345 203 0.0492611 0.037787 0.0364963
558 0 1 9 264 169 0.0532544 0.0426086 0.0415704
559 0 1 11 300 211 0.0521327 0.0437211 0.0430528
560 0 1 10 248 165 0.0606061 0.0494347 0.0484262
561 0 1 13 316 222 0.0585586 0.0490821 0.0483271
562 0 1 12 246 197 0.0609137 0.0545106 0.0541761
563 0 1 12 301 239 0.0502092 0.0447403 0.0444444
564 0 1 7 264 171 0.0409357 0.0329456 0.0321839
565 0 1 8 340 241 0.033195 0.0279474 0.0275387
566 0 1 9 279 190 0.0473684 0.0390898 0.0383795
567 0 1 12 304 217 0.0552995 0.0467213 0.0460653
568 0 1 9 236 172 0.0523256 0.0446707 0.0441176
569 0 1 11 244 202 0.0544554 0.0495475 0.0493274
570 0 1 11 169 151 0.0728477 0.068859 0.06875
571 0 1 9 199 183 0.0491803 0.0471618 0.0471204
572 0 1 9 151 130 0.0692308 0.0642366 0.0640569
573 0 1 12 187 143 0.0839161 0.0733825 0.0727273
574 0 1 8 118 104 0.0769231 0.0722158 0.0720721
575 0 1 5 141 132 0.0378788 0.03665 0.03663
576 0 1 4 89 92 0.0449438 0.044205 0.0441989
577 0 1 2 124 121 0.0165289 0.0163278 0.0163265
578 0 1 3 84 87 0.0357143 0.0350931 0.0350877
579 0 1 2 93 106 0.0215054 0.0201435 0.0201005
580 0 1 0 69 83 0 0 0
581 0 1 1 111 129 0.00900901 0.00835687 0.00833333
582 0 1 0 87 111 0 0 0
583 0 1 1 78 83 0.0128205 0.0124284 0.0124224
584 0 1 1 95 108 0.0105263 0.00987248 0.00985222
585 0 1 3 74 85 0.0405405 0.0378265 0.0377358
586 0 1 1 107 134 0.00934579 0.00835133 0.00829876
587 0 1 1 82 102 0.0121951 0.0109344 0.0108696
588 0 1 1 54 58 0.0185185 0.0178685 0.0178571
589 0 1 3 57 52 0.0576923 0.0551039 0.0550459
590 0 1 2 39 50 0.0512821 0.0452911 0.0449438
591 0 1 2 63 74 0.031746 0.0292917 0.0291971
592 0 1 1 53 51 0.0196078 0.0192343 0.0192308
593 0 1 1 44 42 0.0238095 0.0232621 0.0232558
594 0 1 0 88 72 0 0 0
595 0 1 1 76 48 0.0208333 0.0165567 0.016129
596 0 1 1 149 90 0.0111111 0.00863546 0.0083682
597 0 1 1 120 61 0.0163934 0.0116881 0.0110497
598 0 1 2 95 58 0.0344828 0.0269435 0.0261438
599 0 1 2 161 93 0.0215054 0.0163446 0.015748
600 0 1 4 139 75 0.0533333 0.0391762 0.0373832
601 0 1 2 110 53 0.0377358 0.0261936 0.0245399
602 0 1 0 142 72 0 0 0
603 0 1 3 167 113 0.0265487 0.0218385 0.0214286
604 0 1 4 128 83 0.0481928 0.0388075 0.0379147
605 0 1 4 215 108 0.037037 0.02625 0.0247678
606 0 1 6 158 78 0.0769231 0.0540475 0.0508475
607 0 1 4 223 125 0.032 0.0239581 0.0229885
608 0 1 4 174 91 0.043956 0.0317881 0.0301887
609 0 1 3 223 117 0.025641 0.0185727 0.0176471
610 0 1 5 174 93 0.0537634 0.0393056 0.0374532
611 0 1 8 198 127 0.0629921 0.0504493 0.0492308
612 0 1 7 158 103 0.0679612 0.054872 0.0536398
613 0 1 7 193 139 0.0503597 0.0427378 0.0421687
614 0 1 7 140 117 0.0598291 0.0546942 0.0544747
615 0 1 6 170 122 0.0491803 0.0416626 0.0410959
616 0 1 7 216 160 0.04375 0.037654 0.037234
617 0 1 6 169 119 0.0504202 0.0423092 0.0416667
618 0 1 4 183 140 0.0285714 0.0249902 0.0247678
619 0 1 6 142 111 0.0540541 0.0477909 0.0474308
620 0 1 7 188 129 0.0542636 0.0449494 0.044164
621 0 1 9 162 128 0.0703125 0.0625 0.062069
622 0 1 9 210 175 0.0514286 0.0469476 0.0467532
623 0 1 7 178 148 0.0472973 0.0431278 0.0429448
624 0 1 5 222 201 0.0248756 0.0236699 0.0236407
625 0 1 6 217 180 0.0333333 0.0303588 0.0302267
626 0 1 14 194 145 0.0965517 0.0834725 0.0825959
627 0 1 14 261 219 0.0639269 0.0585579 0.0583333
628 0 1 18 223 189 0.0952381 0.0876777 0.0873786
629 0 1 16 196 154 0.103896 0.0920941 0.0914286
630 0 1 14 255 233 0.0600858 0.0574354 0.057377
631 0 1 11 213 177 0.0621469 0.0566521 0.0564103
632 0 1 13 254 222 0.0585586 0.0547457 0.0546218
633 0 1 5 216 180 0.0277778 0.0253575 0.0252525
634 0 1 4 251 250 0.016 0.0159681 0.0159681
635 0 1 9 225 197 0.0456853 0.0427482 0.042654
636 0 1 13 253 229 0.0567686 0.0540089 0.0539419
637 0 1 12 185 180 0.0666667 0.0657596 0.0657534
638 0 1 9 165 140 0.0642857 0.0592156 0.0590164
639 0 1 3 109 66 0.0454545 0.0353701 0.0342857
640 0 1 2 123 91 0.021978 0.0189041 0.0186916
641 0 1 1 117 74 0.0135135 0.0107471 0.0104712
642 0 1 0 136 97 0 0 0
643 0 1 1 139 107 0.00934579 0.00819975 0.00813008
644 0 1 4 164 114 0.0350877 0.029254 0.028777
645 0 1 5 183 110 0.0454545 0.035241 0.0341297
646 0 1 9 208 126 0.0714286 0.0555937 0.0538922
647 0 1 6 193 113 0.0530973 0.0406287 0.0392157
648 0 1 8 183 131 0.0610687 0.0516688 0.0509554
649 0 1 10 185 116 0.0862069 0.068263 0.0664452
650 0 1 10 197 124 0.0806452 0.0639817 0.0623053
651 0 1 15 191 127 0.11811 0.0963103 0.0943396
652 0 1 15 184 118 0.127119 0.101798 0.0993377
653 0 1 16 304 264 0.0606061 0.0564783 0.056338
654 0 1 17 307 258 0.0658915 0.0604046 0.060177
655 0 1 13 294 252 0.0515873 0.0477606 0.047619
656 0 1 12 274 214 0.0560748 0.0495563 0.0491803
657 0 1 18 247 194 0.0927835 0.0822286 0.0816327
658 0 1 22 227 169 0.130178 0.112322 0.111111
659 0 1 34 343 293 0.116041 0.10725 0.106918
660 0 1 35 364 298 0.11745 0.10627 0.10574
661 0 1 40 379 308 0.12987 0.117075 0.116448
662 0 1 46 364 303 0.151815 0.138511 0.137931
663 0 1 59 369 293 0.201365 0.179434 0.178248
664 0 1 62 356 290 0.213793 0.19296 0.19195
665 0 1 64 354 272 0.235294 0.20625 0.204473
666 0 1 59 335 253 0.233202 0.202661 0.20068
667 0 1 55 328 258 0.213178 0.189067 0.187713
668 0 1 69 333 266 0.259398 0.231839 0.230384
669 0 1 58 347 282 0.205674 0.185412 0.18442
670 0 1 63 341 279 0.225806 0.20425 0.203226
671 0 1 65 337 287 0.226481 0.209005 0.208333
672 0 1 53 328 283 0.187279 0.173959 0.173486
673 0 1 68 344 275 0.247273 0.221087 0.219709
674 0 1 57 339 260 0.219231 0.191994 0.190317
675 0 1 49 321 231 0.212121 0.179944 0.177536
676 0 1 57 299 225 0.253333 0.21976 0.217557
677 0 1 55 318 246 0.223577 0.196644 0.195035
678 0 1 66 344 271 0.243542 0.216162 0.214634
679 0 1 71 367 281 0.252669 0.221092 0.219136
680 0 1 70 365 274 0.255474 0.221348 0.219092
681 0 1 68 370 288 0.236111 0.208311 0.206687
682 0 1 74 358 284 0.260563 0.232076 0.23053
683 0 1 73 368 292 0.25 0.222694 0.221212
684 0 1 69 364 282 0.244681 0.215364 0.213622
685 0 1 77 360 292 0.263699 0.237491 0.236196
686 0 1 74 361 290 0.255172 0.228707 0.227343
687 0 1 75 368 286 0.262238 0.231182 0.229358
688 0 1 76 365 278 0.273381 0.238586 0.236392
689 0 1 72 366 289 0.249135 0.221382 0.219847
690 0 1 73 356 278 0.26259 0.232047 0.230284
691 0 1 82 361 277 0.296029 0.259311 0.257053
692 0 1 81 360 280 0.289286 0.255126 0.253125
693 0 1 81 352 282 0.287234 0.257092 0.25552
694 0 1 80 355 286 0.27972 0.251069 0.24961
695 0 1 72 337 279 0.258065 0.234809 0.233766
696 0 1 65 342 268 0.242537 0.2147 0.213115
697 0 1 71 343 274 0.259124 0.231599 0.230146
698 0 1 55 346 257 0.214008 0.184441 0.182421
699 0 1 67 346 267 0.250936 0.220435 0.218597
700 0 1 71 347 272 0.261029 0.231105 0.229402
701 0 1 72 344 268 0.268657 0.23713 0.235294
702 0 1 82 336 283 0.289753 0.26592 0.264943
703 0 1 77 343 268 0.287313 0.253966 0.252046
704 0 1 76 343 279 0.272401 0.245677 0.244373
705 0 1 73 344 271 0.269373 0.239089 0.237398
706 0 1 79 339 274 0.288321 0.25921 0.257749
707 0 1 71 343 276 0.257246 0.230758 0.229402
708 0 1 69 330 266 0.259398 0.23289 0.231544
709 0 1 79 338 272 0.290441 0.260546 0.259016
710 0 1 71 339 290 0.244828 0.226443 0.225755
711 0 1 74 352 275 0.269091 0.237845 0.236045
712 0 1 78 355 271 0.287823 0.251476 0.249201
713 0 1 68 354 266 0.255639 0.221598 0.219355
714 0 1 69 347 274 0.251825 0.223774 0.222222
715 0 1 73 361 277 0.263538 0.23085 0.22884
716 0 1 71 349 277 0.256318 0.228352 0.226837
717 0 1 74 350 276 0.268116 0.238091 0.236422
718 0 1 73 339 265 0.275472 0.243557 0.241722
719 0 1 64 337 268 0.238806 0.21296 0.21157
720 0 1 65 333 255 0.254902 0.22306 0.221088
721 0 1 66 333 263 0.250951 0.22302 0.221477
722 0 1 65 316 254 0.255906 0.229431 0.22807
723 0 1 71 328 247 0.287449 0.249444 0.246957
724 0 1 62 307 244 0.254098 0.226531 0.225045
725 0 1 52 414 309 0.168285 0.145386 0.143845
726 0 1 49 434 306 0.160131 0.134459 0.132432
727 0 1 65 406 292 0.222603 0.188781 0.186246
728 0 1 59 385 293 0.201365 0.175666 0.174041
729 0 1 65 362 267 0.243446 0.209076 0.206677
730 0 1 73 426 310 0.235484 0.20088 0.19837
731 0 1 76 415 292 0.260274 0.218322 0.214993
732 0 1 64 411 284 0.225352 0.187327 0.184173
733 0 1 66 379 262 0.251908 0.209447 0.205928
734 0 1 65 449 341 0.190616 0.166117 0.164557
735 0 1 72 435 315 0.228571 0.194506 0.192
736 0 1 60 419 309 0.194175 0.16675 0.164835
737 0 1 69 396 275 0.250909 0.209091 0.205663
738 0 1 69 372 255 0.270588 0.224031 0.220096
739 0 1 65 445 314 0.207006 0.173888 0.171278
740 0 1 64 409 289 0.221453 0.186153 0.183381
741 0 1 68 408 255 0.266667 0.210819 0.205128
742 0 1 63 477 290 0.217241 0.169388 0.164276
743 0 1 70 474 263 0.26616 0.198258 0.189959
744 0 1 61 437 233 0.261803 0.191166 0.18209
745 0 1 56 460 253 0.221344 0.164153 0.157083
746 0 1 51 423 221 0.230769 0.166803 0.158385
747 0 1 50 401 191 0.26178 0.180668 0.168919
748 0 1 33 459 219 0.150685 0.104084 0.0973451
749 0 1 31 396 181 0.171271 0.115791 0.107452
750 0 1 24 373 152 0.157895 0.100794 0.0914286
751 0 1 18 437 248 0.0725806 0.0546772 0.0525547
752 0 1 14 367 218 0.0642202 0.0494956 0.0478632
753 0 1 16 339 175 0.0914286 0.0656903 0.0622568
754 0 1 10 365 229 0.0436681 0.0345888 0.03367
755 0 1 11 282 173 0.0635838 0.0498018 0.0483516
756 0 1 7 289 172 0.0406977 0.0313968 0.0303688
757 0 1 5 210 126 0.0396825 0.030738 0.0297619
758 0 1 7 198 110 0.0636364 0.0474317 0.0454545
759 0 1 5 143 60 0.0833333 0.0539792 0.0492611
760 0 1 3 153 67 0.0447761 0.0296304 0.0272727
761 0 1 1 124 57 0.0175439 0.0118947 0.0110497
762 0 1 4 171 98 0.0408163 0.0308993 0.0297398
763 0 1 4 124 93 0.0430108 0.0372484 0.0368664
764 0 1 4 162 116 0.0344828 0.0291792 0.028777
765 0 1 3 121 86 0.0348837 0.0294089 0.0289855
766 0 1 2 161 143 0.013986 0.013181 0.0131579
767 0 1 0 104 86 0 0 0
768 0 1 2 130 124 0.016129 0.0157524 0.015748
769 0 1 3 91 82 0.0365854 0.0347291 0.0346821
770 0 1 4 137 92 0.0434783 0.0356292 0.0349345
771 0 1 1 90 57 0.0175439 0.0139618 0.0136054
772 0 1 0 129 75 0 0 0
773 0 1 0 83 51 0 0 0
774 0 1 1 136 82 0.0121951 0.00946943 0.00917431
775 0 1 0 94 57 0 0 0
776 0 1 0 153 97 0 0 0
777 0 1 0 118 81 0 0 0
778 0 1 5 166 135 0.037037 0.0334002 0.0332226
779 0 1 3 119 84 0.0357143 0.030006 0.0295567
780 0 1 2 129 88 0.0227273 0.0187713 0.0184332
781 0 1 0 92 62 0 0 0
782 0 1 2 121 93 0.0215054 0.0188537 0.0186916
783 0 1 2 77 56 0.0357143 0.0304572 0.0300752
784 0 1 0 130 99 0 0 0
785 0 1 0 84 72 0 0 0
786 0 1 1 171 117 0.00854701 0.00706983 0.00694444
787 0 1 1 104 87 0.0114943 0.0105129 0.0104712
788 0 1 2 185 102 0.0196078 0.0145594 0.0139373
789 0 1 1 114 68 0.0147059 0.0113578 0.010989
790 0 1 2 161 84 0.0238095 0.017198 0.0163265
791 0 1 2 190 128 0.015625 0.0128247 0.0125786
792 0 1 3 184 145 0.0206897 0.0183666 0.0182371
793 0 1 1 175 145 0.00689655 0.00627765 0.00625
794 0 1 1 206 151 0.00662252 0.00566993 0.00560224
795 0 1 3 211 188 0.0159574 0.0150626 0.0150376
796 0 1 4 227 176 0.0227273 0.020012 0.0198511
797 0 1 2 153 118 0.0169492 0.0148848 0.0147601
798 0 1 2 136 146 0.0147059 0.0141933 0.0141844
799 0 1 4 119 116 0.0344828 0.0340453 0.0340426
800 0 1 5 134 143 0.0373134 0.0361202 0.0361011
801 0 1 4 184 183 0.0218579 0.0217984 0.0217984
802 0 1 1 139 129 0.00775194 0.00746789 0.00746269
803 0 1 0 149 120 0 0 0
804 0 1 0 99 68 0 0 0
805 0 1 1 108 106 0.00943396 0.0093462 0.00934579
806 0 1 2 82 70 0.0285714 0.0263982 0.0263158
807 0 1 1 114 106 0.00943396 0.00909693 0.00909091
808 0 1 0 80 84 0 0 0
809 0 1 1 152 116 0.00862069 0.00753094 0.00746269
810 0 1 2 113 82 0.0243902 0.020777 0.0205128
811 0 1 2 171 136 0.0147059 0.0131148 0.0130293
812 0 1 2 130 100 0.02 0.0175412 0.0173913
813 0 1 3 189 122 0.0245902 0.0197565 0.0192926
814 0 1 3 133 95 0.0315789 0.0266891 0.0263158
815 0 1 2 156 121 0.0165289 0.0145571 0.0144404
816 0 1 3 153 141 0.0212766 0.0204252 0.0204082
817 0 1 0 113 101 0 0 0
818 0 1 0 133 117 0 0 0
819 0 1 0 123 110 0 0 0
820 0 1 2 83 73 0.0273973 0.0256939 0.025641
821 0 1 1 96 87 0.0114943 0.0109422 0.010929
822 0 1 0 83 63 0 0 0
823 0 1 5 104 67 0.0746269 0.0598985 0.0584795
824 0 1 3 88 48 0.0625 0.0461593 0.0441176
825 0 1 8 113 71 0.112676 0.0893144 0.0869565
826 0 1 3 96 49 0.0612245 0.0437409 0.0413793
827 0 1 6 145 91 0.0659341 0.0522332 0.0508475
828 0 1 5 116 69 0.0724638 0.0558877 0.0540541
829 0 1 3 182 120 0.025 0.0202999 0.0198676
830 0 1 4 139 88 0.0454545 0.0361669 0.0352423
831 0 1 3 173 113 0.0265487 0.0214565 0.020979
832 0 1 5 121 96 0.0520833 0.0463919 0.046083
833 0 1 4 156 128 0.03125 0.0283069 0.028169
834 0 1 4 141 93 0.0430108 0.0349308 0.034188
835 0 1 3 182 113 0.0265487 0.0209193 0.020339
836 0 1 4 140 79 0.0506329 0.0380349 0.0365297
837 0 1 2 166 112 0.0178571 0.0146679 0.0143885
838 0 1 2 130 84 0.0238095 0.019139 0.0186916
839 0 1 2 164 94 0.0212766 0.0161081 0.0155039
840 0 1 3 119 73 0.0410959 0.0321874 0.03125
841 0 1 3 181 101 0.029703 0.0221882 0.0212766
842 0 1 2 135 74 0.027027 0.02001 0.0191388
843 0 1 3 148 112 0.0267857 0.0233014 0.0230769
844 0 1 1 121 83 0.0120482 0.00997857 0.00980392
845 0 1 3 172 129 0.0232558 0.0201401 0.0199336
846 0 1 2 139 99 0.020202 0.0170492 0.0168067
847 0 1 1 199 138 0.00724638 0.0060344 0.00593472
848 0 1 0 136 97 0 0 0
849 0 1 6 182 143 0.041958 0.0371918 0.0369231
850 0 1 4 156 119 0.0336134 0.0293578 0.0290909
851 0 1 4 205 130 0.0307692 0.0245026 0.0238806
852 0 1 4 164 86 0.0465116 0.0336813 0.032
853 0 1 5 184 122 0.0409836 0.0333719 0.0326797
854 0 1 8 141 100 0.08 0.0673722 0.06639
855 0 1 6 197 130 0.0461538 0.0374927 0.0366972
856 0 1 8 165 108 0.0740741 0.0599289 0.0586081
857 0 1 8 228 161 0.0496894 0.0417551 0.0411311
858 0 1 6 183 136 0.0441176 0.0380326 0.0376176
859 0 1 9 240 167 0.0538922 0.0449551 0.044226
860 0 1 7 189 149 0.0469799 0.0417132 0.0414201
861 0 1 7 231 176 0.0397727 0.0347165 0.034398
862 0 1 8 191 155 0.0516129 0.0464951 0.0462428
863 0 1 5 214 207 0.0241546 0.0237563 0.023753
864 0 1 6 181 175 0.0342857 0.0337127 0.0337079
865 0 1 8 211 211 0.0379147 0.0379147 0.0379147
866 0 1 7 184 177 0.039548 0.0387885 0.0387812
867 0 1 6 205 211 0.0292683 0.0288492 0.0288462
868 0 1 3 147 173 0.0204082 0.0188122 0.01875
869 0 1 0 171 183 0 0 0
870 0 1 2 136 134 0.0149254 0.0148152 0.0148148
871 0 1 1 137 159 0.00729927 0.0067755 0.00675676
872 0 1 0 114 127 0 0 0
873 0 1 1 130 150 0.00769231 0.00716115 0.00714286
874 0 1 1 111 121 0.00900901 0.00862871 0.00862069
875 0 1 0 160 163 0 0 0
876 0 1 0 124 134 0 0 0
877 0 1 6 151 178 0.0397351 0.0365976 0.0364742
878 0 1 6 133 155 0.0451128 0.0417888 0.0416667
879 0 1 8 148 211 0.0540541 0.0452708 0.0445682
880 0 1 4 136 184 0.0294118 0.0252861 0.025
881 0 1 5 184 237 0.0271739 0.0239435 0.023753
882 0 1 1 155 191 0.00645161 0.00581189 0.00578035
883 0 1 2 213 248 0.00938967 0.00870191 0.00867679
884 0 1 3 170 213 0.0176471 0.0157655 0.0156658
885 0 1 5 200 254 0.025 0.0221839 0.0220264
886 0 1 6 169 216 0.035503 0.0314037 0.0311688
887 0 1 7 205 259 0.0341463 0.0303788 0.0301724
888 0 1 7 168 237 0.0416667 0.0350808 0.0345679
889 0 1 10 206 303 0.0485437 0.0400263 0.0392927
890 0 1 15 187 272 0.0802139 0.0665099 0.0653595
891 0 1 16 166 248 0.0963855 0.078857 0.0772947
892 0 1 18 198 311 0.0909091 0.072537 0.0707269
893 0 1 10 157 263 0.0636943 0.0492121 0.047619
894 0 1 2 173 276 0.0115607 0.00915277 0.00890869
895 0 1 2 135 243 0.0148148 0.0110423 0.010582
896 0 1 4 141 295 0.0283688 0.0196128 0.0183486
897 0 1 2 114 238 0.0175439 0.012142 0.0113636
898 0 1 3 120 263 0.025 0.016887 0.0156658
899 0 1 4 100 215 0.04 0.0272798 0.0253968
900 0 1 3 108 225 0.0277778 0.019245 0.018018
901 0 1 3 75 195 0.04 0.0248069 0.0222222
902 0 1 6 59 180 0.101695 0.0582223 0.0502092
903 0 1 5 77 196 0.0649351 0.0407002 0.03663
904 0 1 5 64 171 0.078125 0.0477949 0.0425532
905 0 1 3 63 191 0.047619 0.0273486 0.023622
906 0 1 3 48 165 0.0625 0.03371 0.028169
907 0 1 4 72 206 0.0555556 0.0328443 0.028777
908 0 1 5 57 169 0.0877193 0.0509435 0.0442478
909 0 1 3 95 215 0.0315789 0.0209913 0.0193548
910 0 1 1 68 168 0.0147059 0.00935602 0.00847458
911 0 1 3 80 172 0.0375 0.0255748 0.0238095
912 0 1 2 83 165 0.0240964 0.0170903 0.016129
913 0 1 1 74 153 0.0135135 0.00939806 0.00881057
914 0 1 2 77 136 0.025974 0.0195441 0.0187793
915 0 1 2 85 154 0.0235294 0.0174808 0.0167364
916 0 1 1 64 99 0.015625 0.012563 0.0122699
917 0 1 3 80 103 0.0375 0.033049 0.0327869
918 0 1 5 110 132 0.0454545 0.0414941 0.0413223
919 0 1 2 89 97 0.0224719 0.0215253 0.0215054
920 0 1 2 132 113 0.0176991 0.0163758 0.0163265
921 0 1 1 118 91 0.010989 0.00965024 0.00956938
922 0 1 4 202 132 0.030303 0.0244961 0.0239521
923 0 1 2 144 92 0.0217391 0.0173762 0.0169492
924 0 1 2 215 127 0.015748 0.0121034 0.0116959
925 0 1 3 171 97 0.0309278 0.0232936 0.0223881
926 0 1 10 209 126 0.0793651 0.0616228 0.0597015
927 0 1 7 163 96 0.0729167 0.0559588 0.0540541
928 0 1 7 189 147 0.047619 0.0419961 0.0416667
929 0 1 8 155 130 0.0615385 0.0563576 0.0561404
930 0 1 11 214 164 0.0670732 0.058717 0.0582011
931 0 1 8 174 142 0.056338 0.0508945 0.0506329
932 0 1 9 208 147 0.0612245 0.0514698 0.0507042
933 0 1 11 195 142 0.0774648 0.0661045 0.0652819
934 0 1 9 148 98 0.0918367 0.0747306 0.0731707
935 0 1 6 153 119 0.0504202 0.0444664 0.0441176
936 0 1 7 139 103 0.0679612 0.0585022 0.0578512
937 0 1 9 187 148 0.0608108 0.0540992 0.0537313
938 0 1 7 173 110 0.0636364 0.0507433 0.04947
939 0 1 6 216 158 0.0379747 0.0324785 0.0320856
940 0 1 4 182 130 0.0307692 0.0260047 0.025641
941 0 1 7 203 177 0.039548 0.0369286 0.0368421
942 0 1 2 167 139 0.0143885 0.013127 0.0130719
943 0 1 7 194 174 0.0402299 0.0380998 0.0380435
944 0 1 6 187 140 0.0428571 0.0370823 0.0366972
945 0 1 11 216 171 0.0643275 0.0572358 0.0568475
946 0 1 11 183 132 0.0833333 0.070775 0.0698413
947 0 1 10 214 155 0.0645161 0.0549069 0.0542005
948 0 1 10 187 118 0.0847458 0.0673191 0.0655738
949 0 1 6 212 149 0.0402685 0.033759 0.033241
950 0 1 8 183 120 0.0666667 0.0539851 0.0528053
951 0 1 4 210 153 0.0261438 0.0223154 0.0220386
952 0 1 3 171 134 0.0223881 0.0198185 0.0196721
953 0 1 4 218 179 0.0223464 0.0202491 0.0201511
954 0 1 4 189 150 0.0266667 0.0237566 0.0235988
955 0 1 7 205 163 0.0429448 0.0382937 0.0380435
956 0 1 9 165 127 0.0708661 0.0621725 0.0616438
957 0 1 6 186 148 0.0405405 0.036163 0.0359281
958 0 1 6 156 109 0.0550459 0.0460125 0.045283
959 0 1 7 190 162 0.0432099 0.0398992 0.0397727
960 0 1 7 154 142 0.0492958 0.0473362 0.0472973
961 0 1 8 185 164 0.0487805 0.0459285 0.0458453
962 0 1 6 170 136 0.0441176 0.03946 0.0392157
963 0 1 4 127 98 0.0408163 0.0358546 0.0355556
964 0 1 6 165 123 0.0487805 0.0421169 0.0416667
965 0 1 4 159 103 0.038835 0.0312567 0.0305344
966 0 1 4 185 156 0.025641 0.0235457 0.0234604
967 0 1 2 160 125 0.016 0.0141421 0.0140351
968 0 1 4 215 137 0.0291971 0.0233067 0.0227273
969 0 1 4 172 114 0.0350877 0.0285656 0.027972
970 0 1 4 141 94 0.0425532 0.0347445 0.0340426
971 0 1 5 175 101 0.049505 0.0376089 0.0362319
972 0 1 8 165 96 0.0833333 0.0635642 0.0613027
973 0 1 8 217 162 0.0493827 0.042668 0.0422164
974 0 1 7 176 119 0.0588235 0.0483691 0.0474576
975 0 1 9 197 140 0.0642857 0.0541933 0.0534125
976 0 1 6 160 128 0.046875 0.0419263 0.0416667
977 0 1 13 208 159 0.081761 0.0714847 0.0708447
978 0 1 12 172 138 0.0869565 0.0778892 0.0774194
979 0 1 15 207 176 0.0852273 0.0785868 0.078329
980 0 1 14 171 169 0.0828402 0.0823544 0.0823529
981 0 1 17 213 225 0.0798122 0.0776547 0.0776256
982 0 1 17 191 189 0.0899471 0.0894749 0.0894737
983 0 1 16 153 136 0.117647 0.110919 0.110727
984 0 1 14 196 183 0.0765027 0.0739221 0.0738786
985 0 1 13 190 164 0.0792683 0.0736452 0.0734463
986 0 1 8 233 206 0.038835 0.0365156 0.0364465
987 0 1 11 208 184 0.0597826 0.0562279 0.0561224
988 0 1 9 173 141 0.0638298 0.0576249 0.0573248
989 0 1 11 211 186 0.0591398 0.0555258 0.0554156
990 0 1 13 196 152 0.0855263 0.0753171 0.0747126
991 0 1 15 153 109 0.137615 0.116153 0.114504
992 0 1 10 199 169 0.0591716 0.0545293 0.0543478
993 0 1 15 143 120 0.125 0.114507 0.114068
994 0 1 11 132 101 0.108911 0.0952676 0.0944206
995 0 1 14 158 164 0.0886076 0.0869716 0.0869565
996 0 1 16 148 144 0.111111 0.109599 0.109589
997 0 1 15 125 112 0.133929 0.126773 0.126582
998 0 1 13 176 180 0.0738636 0.0730383 0.0730337
999 0 1 12 166 161 0.0745342 0.0734031 0.0733945
1000 0 1 12 148 152 0.0810811 0.0800071 0.08
1001 0 1 15 144 130 0.115385 0.109632 0.109489
1002 0 1 16 190 176 0.0909091 0.0874957 0.0874317
1003 0 1 13 172 147 0.0884354 0.0817562 0.0815047
1004 0 1 13 255 239 0.0543933 0.0526592 0.0526316
1005 0 1 6 236 219 0.0273973 0.0263921 0.0263736
1006 0 1 6 199 198 0.030303 0.0302268 0.0302267
1007 0 1 7 183 171 0.0409357 0.0395708 0.039548
1008 0 1 13 237 242 0.0548523 0.0542827 0.0542797
1009 0 1 15 249 239 0.0627615 0.0614883 0.0614754
1010 0 1 13 230 209 0.062201 0.0592934 0.0592255
1011 0 1 13 206 180 0.0722222 0.0675108 0.0673575
1012 0 1 15 259 234 0.0641026 0.0609303 0.0608519
1013 0 1 18 252 223 0.0807175 0.0759311 0.0757895
1014 0 1 16 216 199 0.080402 0.0771732 0.0771084
1015 0 1 11 248 272 0.0443548 0.0423528 0.0423077
1016 0 1 14 211 252 0.0663507 0.0607137 0.0604752
1017 0 1 10 189 211 0.0529101 0.0500758 0.05
1018 0 1 14 243 288 0.0576132 0.0529211 0.0527307
1019 0 1 17 198 246 0.0858586 0.077028 0.0765766
1020 0 1 16 185 214 0.0864865 0.0804132 0.0802005
1021 0 1 17 239 241 0.0711297 0.070834 0.0708333
1022 0 1 20 210 217 0.0952381 0.0936894 0.0936768
1023 0 1 21 198 203 0.106061 0.104746 0.104738
1024 0 1 21 255 268 0.0823529 0.0803308 0.0803059
1025 0 1 22 214 234 0.102804 0.0983123 0.0982143
1026 0 1 27 225 232 0.12 0.118176 0.118162
1027 0 1 25 192 222 0.130208 0.121091 0.120773
1028 0 1 27 265 297 0.101887 0.0962415 0.0960854
1029 0 1 29 257 282 0.11284 0.107723 0.107607
1030 0 1 31 240 270 0.129167 0.12178 0.121569
1031 0 1 26 237 245 0.109705 0.107899 0.107884
1032 0 1 29 219 223 0.13242 0.131227 0.131222
1033 0 1 33 281 305 0.117438 0.112723 0.112628
1034 0 1 27 249 260 0.108434 0.106115 0.10609
1035 0 1 29 255 252 0.115079 0.1144 0.114398
1036 0 1 22 221 211 0.104265 0.101879 0.101852
1037 0 1 28 251 294 0.111554 0.103074 0.102752
1038 0 1 23 240 259 0.0958333 0.0922513 0.0921844
1039 0 1 24 217 238 0.110599 0.105607 0.105495
1040 0 1 18 269 277 0.0669145 0.0659411 0.0659341
1041 0 1 18 250 250 0.072 0.072 0.072
1042 0 1 21 227 227 0.092511 0.092511 0.092511
1043 0 1 18 279 306 0.0645161 0.0616041 0.0615385
1044 0 1 19 265 267 0.0716981 0.0714291 0.0714286
1045 0 1 24 235 260 0.102128 0.0970936 0.0969697
1046 0 1 20 268 345 0.0746269 0.0657738 0.0652529
1047 0 1 24 236 306 0.101695 0.0893089 0.0885609
1048 0 1 19 227 288 0.0837004 0.0743095 0.0737864
1049 0 1 22 258 358 0.0852713 0.0723888 0.0714286
1050 0 1 26 240 321 0.108333 0.0936732 0.0926916
1051 0 1 23 232 300 0.0991379 0.0871813 0.0864662
1052 0 1 22 256 358 0.0859375 0.072671 0.0716612
1053 0 1 19 225 336 0.0844444 0.0691023 0.0677362
1054 0 1 20 209 280 0.0956938 0.0826757 0.0817996
1055 0 1 19 255 323 0.0745098 0.0662037 0.0657439
1056 0 1 18 212 285 0.0849057 0.0732288 0.0724346
1057 0 1 13 181 253 0.0718232 0.0607497 0.0599078
1058 0 1 14 201 294 0.0696517 0.0575912 0.0565657
1059 0 1 15 175 256 0.0857143 0.0708683 0.0696056
1060 0 1 12 161 226 0.0745342 0.0629092 0.0620155
1061 0 1 12 200 295 0.06 0.0494032 0.0484848
1062 0 1 12 194 271 0.0618557 0.0523354 0.0516129
1063 0 1 1 84 68 0.0147059 0.0132314 0.0131579
1064 0 1 4 73 58 0.0689655 0.061473 0.0610687
1065 0 1 8 159 78 0.102564 0.0718363 0.0675105
1066 0 1 12 229 155 0.0774194 0.0636939 0.0625
1067 0 1 14 341 240 0.0583333 0.0489379 0.0481928
1068 0 1 19 293 218 0.087156 0.0751781 0.074364
1069 0 1 23 288 187 0.122995 0.0991085 0.0968421
1070 0 1 19 257 182 0.104396 0.0878519 0.0865604
1071 0 1 23 309 295 0.0779661 0.0761794 0.0761589
1072 0 1 26 268 267 0.0973783 0.0971964 0.0971963
1073 0 1 29 245 203 0.142857 0.130037 0.129464
1074 0 1 24 252 190 0.126316 0.109682 0.108597
1075 0 1 22 361 273 0.0805861 0.070079 0.0694006
1076 0 1 29 303 226 0.128319 0.110821 0.109641
1077 0 1 24 283 215 0.111628 0.0972969 0.0963855
1078 0 1 25 270 192 0.130208 0.109801 0.108225
1079 0 1 22 227 157 0.140127 0.116536 0.114583
1080 0 1 31 283 224 0.138393 0.123124 0.122288
1081 0 1 29 229 193 0.150259 0.137944 0.137441
1082 0 1 30 220 184 0.163043 0.149108 0.148515
1083 0 1 26 203 155 0.167742 0.146575 0.145251
1084 0 1 20 180 147 0.136054 0.122952 0.122324
1085 0 1 21 259 220 0.0954545 0.0879748 0.0876827
1086 0 1 24 233 210 0.114286 0.108498 0.108352
1087 0 1 23 203 187 0.122995 0.118048 0.117949
1088 0 1 19 203 161 0.118012 0.105098 0.104396
1089 0 1 24 300 255 0.0941176 0.0867722 0.0864865
1090 0 1 29 285 245 0.118367 0.109747 0.109434
1091 0 1 28 282 234 0.119658 0.109 0.108527
1092 0 1 29 302 240 0.120833 0.107718 0.107011
1093 0 1 26 300 219 0.118721 0.101436 0.100193
1094 0 1 28 271 221 0.126697 0.114413 0.113821
1095 0 1 32 263 222 0.144144 0.132433 0.131959
1096 0 1 35 263 213 0.164319 0.147877 0.147059
1097 0 1 36 268 236 0.152542 0.143146 0.142857
1098 0 1 40 255 222 0.18018 0.168118 0.167715
1099 0 1 35 253 214 0.163551 0.150418 0.149893
1100 0 1 38 258 216 0.175926 0.160971 0.160338

# ---------- Global Summary ----------
# CorrFrames: 1097
avg_CorrEdges: 14.3318
avg_match_A: 214.623
avg_match_B: 171.848
global_RI_MNR: 0.0833983
global_RI_GNR: 0.0746262
global_RI_DICE: 0.0741677

# ---------- Per-Channel Summary ----------
chA: 0 chB: 1 | avgC: 14.3318 avgA: 214.623 avgB: 171.848 MNR: 0.0722744 GNR: 0.0621911 DICE: 0.0612729
