#frame chA chB nCorr nA nB MNR GNR DICE
4 0 1 0 214 368 0 0 0
5 0 1 0 234 336 0 0 0
6 0 1 0 220 318 0 0 0
7 0 1 0 254 295 0 0 0
8 0 1 24 280 286 0.0857143 0.0848104 0.0848057
9 0 1 30 242 259 0.123967 0.119829 0.11976
10 0 1 33 279 294 0.11828 0.115223 0.115183
11 0 1 30 246 263 0.121951 0.117944 0.117878
12 0 1 26 260 304 0.1 0.0924804 0.0921986
13 0 1 22 219 264 0.100457 0.0914953 0.0910973
14 0 1 23 226 276 0.10177 0.0920914 0.0916335
15 0 1 26 210 244 0.12381 0.11486 0.114537
16 0 1 20 239 239 0.083682 0.083682 0.083682
17 0 1 17 230 186 0.0913979 0.0821918 0.0817308
18 0 1 16 263 190 0.0842105 0.0715756 0.0706402
19 0 1 12 232 171 0.0701754 0.0602475 0.0595534
20 0 1 11 275 173 0.0635838 0.0504317 0.0491071
21 0 1 12 305 158 0.0759494 0.0546642 0.0518359
22 0 1 10 325 153 0.0653595 0.0448449 0.041841
23 0 1 11 346 159 0.0691824 0.0468982 0.0435644
24 0 1 14 354 172 0.0813954 0.0567365 0.0532319
25 0 1 9 337 177 0.0508475 0.0368503 0.0350195
26 0 1 5 282 146 0.0342466 0.0246416 0.0233645
27 0 1 3 321 206 0.0145631 0.0116664 0.0113852
28 0 1 5 253 171 0.0292398 0.0240387 0.0235849
29 0 1 1 215 177 0.00564972 0.00512618 0.00510204
30 0 1 1 175 128 0.0078125 0.00668153 0.00660066
31 0 1 4 100 66 0.0606061 0.0492366 0.0481928
32 0 1 4 122 91 0.043956 0.0379629 0.0375587
33 0 1 7 113 63 0.111111 0.0829638 0.0795455
34 0 1 6 113 62 0.0967742 0.071683 0.0685714
35 0 1 4 97 59 0.0677966 0.0528747 0.0512821
36 0 1 4 108 61 0.0655738 0.0492814 0.0473373
37 0 1 5 90 41 0.121951 0.0823108 0.0763359
38 0 1 4 104 92 0.0434783 0.040893 0.0408163
39 0 1 4 88 80 0.05 0.0476731 0.047619
40 0 1 5 68 51 0.0980392 0.0849044 0.0840336
41 0 1 5 96 87 0.0574713 0.054711 0.0546448
42 0 1 3 63 55 0.0545455 0.0509647 0.0508475
43 0 1 3 104 101 0.029703 0.0292714 0.0292683
44 0 1 2 71 80 0.028169 0.0265372 0.0264901
45 0 1 5 118 115 0.0434783 0.042922 0.0429185
46 0 1 2 87 82 0.0243902 0.023679 0.0236686
47 0 1 3 120 137 0.025 0.0233975 0.0233463
48 0 1 3 99 114 0.030303 0.0282391 0.028169
49 0 1 3 78 100 0.0384615 0.0339683 0.0337079
50 0 1 4 116 164 0.0344828 0.0290007 0.0285714
51 0 1 1 94 134 0.0106383 0.00891012 0.00877193
52 0 1 3 90 99 0.0333333 0.0317821 0.031746
53 0 1 3 164 176 0.0182927 0.0176581 0.0176471
54 0 1 4 149 134 0.0298507 0.0283083 0.0282686
55 0 1 3 107 109 0.0280374 0.027779 0.0277778
56 0 1 3 177 169 0.0177515 0.0173457 0.017341
57 0 1 4 138 130 0.0307692 0.0298641 0.0298507
58 0 1 3 220 181 0.0165746 0.0150339 0.0149626
59 0 1 0 154 151 0 0 0
60 0 1 2 230 187 0.0106952 0.00964374 0.00959233
61 0 1 2 158 151 0.013245 0.0129483 0.012945
62 0 1 5 197 172 0.0290698 0.0271627 0.0271003
63 0 1 8 229 228 0.0350877 0.035011 0.0350109
64 0 1 9 165 169 0.0545455 0.0538961 0.0538922
65 0 1 6 217 203 0.0295567 0.0285873 0.0285714
66 0 1 12 205 173 0.0693642 0.0637208 0.0634921
67 0 1 15 227 223 0.0672646 0.0666693 0.0666667
68 0 1 12 196 169 0.0710059 0.0659341 0.0657534
69 0 1 15 257 214 0.0700935 0.0639614 0.0636943
70 0 1 13 199 175 0.0742857 0.0696623 0.0695187
71 0 1 11 238 217 0.0506912 0.0484032 0.0483516
72 0 1 15 190 172 0.0872093 0.0829756 0.0828729
73 0 1 17 270 238 0.0714286 0.0670623 0.0669291
74 0 1 14 224 203 0.0689655 0.0656532 0.0655738
75 0 1 15 297 239 0.0627615 0.0563007 0.0559702
76 0 1 11 220 187 0.0588235 0.0542326 0.0540541
77 0 1 13 287 252 0.0515873 0.0483395 0.0482375
78 0 1 9 220 218 0.0412844 0.0410963 0.0410959
79 0 1 13 315 256 0.0507812 0.0457792 0.0455341
80 0 1 5 257 195 0.025641 0.022335 0.0221239
81 0 1 8 332 256 0.03125 0.0274411 0.0272109
82 0 1 4 257 196 0.0204082 0.0178224 0.01766
83 0 1 7 301 257 0.0272374 0.025168 0.0250896
84 0 1 7 244 228 0.0307018 0.0296781 0.029661
85 0 1 8 254 283 0.0314961 0.0298387 0.0297952
86 0 1 9 217 229 0.0414747 0.0403734 0.0403587
87 0 1 13 280 294 0.0464286 0.0453096 0.0452962
88 0 1 10 232 239 0.0431034 0.0424675 0.0424628
89 0 1 15 306 313 0.0490196 0.0484684 0.0484653
90 0 1 16 242 270 0.0661157 0.0625937 0.0625
91 0 1 15 199 209 0.0753769 0.0735515 0.0735294
92 0 1 14 240 276 0.0583333 0.0543961 0.0542636
93 0 1 14 219 240 0.0639269 0.0610661 0.0610022
94 0 1 8 175 190 0.0457143 0.0438727 0.0438356
95 0 1 8 244 225 0.0355556 0.0341432 0.0341151
96 0 1 10 198 196 0.0510204 0.0507621 0.0507614
97 0 1 7 280 265 0.0264151 0.0256978 0.0256881
98 0 1 6 206 194 0.0309278 0.0300135 0.03
99 0 1 10 256 222 0.045045 0.0419473 0.041841
100 0 1 4 181 177 0.0225989 0.0223478 0.0223464
101 0 1 3 215 234 0.0139535 0.013375 0.013363
102 0 1 6 146 173 0.0410959 0.037753 0.0376176
103 0 1 5 158 203 0.0316456 0.0279186 0.0277008
104 0 1 7 122 164 0.057377 0.0494876 0.048951
105 0 1 8 162 184 0.0493827 0.0463365 0.0462428
106 0 1 5 140 150 0.0357143 0.0345033 0.0344828
107 0 1 8 194 167 0.0479042 0.0444458 0.0443213
108 0 1 10 175 151 0.0662252 0.0615166 0.0613497
109 0 1 8 245 222 0.036036 0.0343029 0.0342612
110 0 1 8 226 181 0.0441989 0.0395546 0.039312
111 0 1 11 205 170 0.0647059 0.0589239 0.0586667
112 0 1 8 305 243 0.0329218 0.0293858 0.0291971
113 0 1 14 265 216 0.0648148 0.0585165 0.0582121
114 0 1 13 239 183 0.0710383 0.0621611 0.0616114
115 0 1 11 287 232 0.0474138 0.0426293 0.0423892
116 0 1 16 256 195 0.0820513 0.0716115 0.0709534
117 0 1 14 344 267 0.0524345 0.0461948 0.0458265
118 0 1 12 279 220 0.0545455 0.0484359 0.0480962
119 0 1 13 248 200 0.065 0.0583717 0.0580357
120 0 1 14 302 254 0.0551181 0.0505484 0.0503597
121 0 1 9 275 237 0.0379747 0.0352535 0.0351562
122 0 1 13 335 305 0.0426229 0.0406697 0.040625
123 0 1 14 294 256 0.0546875 0.051031 0.0509091
124 0 1 11 256 218 0.0504587 0.0465634 0.0464135
125 0 1 11 307 298 0.0369128 0.0363677 0.0363636
126 0 1 11 254 245 0.044898 0.0440953 0.0440882
127 0 1 10 212 194 0.0515464 0.0493096 0.0492611
128 0 1 12 239 219 0.0547945 0.0524518 0.0524017
129 0 1 8 179 161 0.0496894 0.0471249 0.0470588
130 0 1 5 155 132 0.0378788 0.0349556 0.0348432
131 0 1 5 177 168 0.0297619 0.0289954 0.0289855
132 0 1 3 143 124 0.0241935 0.022529 0.0224719
133 0 1 3 174 187 0.0172414 0.0166313 0.0166205
134 0 1 3 148 145 0.0206897 0.0204789 0.0204778
135 0 1 1 196 188 0.00531915 0.00520946 0.00520833
136 0 1 0 173 147 0 0 0
137 0 1 3 173 178 0.017341 0.0170958 0.017094
138 0 1 2 128 113 0.0176991 0.0166298 0.0165975
139 0 1 1 152 93 0.0107527 0.00841079 0.00816326
140 0 1 2 111 63 0.031746 0.0239165 0.0229885
141 0 1 3 159 102 0.0294118 0.0235571 0.0229885
142 0 1 4 107 73 0.0547945 0.0452592 0.0444444
143 0 1 2 123 90 0.0222222 0.0190089 0.0187793
144 0 1 2 84 69 0.0289855 0.0262703 0.0261438
145 0 1 1 110 78 0.0128205 0.0107958 0.0106383
146 0 1 2 120 91 0.021978 0.019139 0.0189573
147 0 1 2 123 127 0.0162602 0.016002 0.016
148 0 1 1 136 171 0.00735294 0.00655741 0.00651466
149 0 1 1 107 131 0.00934579 0.00844642 0.00840336
150 0 1 4 153 194 0.0261438 0.0232174 0.0230548
151 0 1 2 124 154 0.016129 0.014473 0.0143885
152 0 1 5 185 207 0.027027 0.0255505 0.0255102
153 0 1 6 161 153 0.0392157 0.038229 0.0382166
154 0 1 5 203 200 0.025 0.0248146 0.0248139
155 0 1 3 165 143 0.020979 0.0195304 0.0194805
156 0 1 4 215 176 0.0227273 0.0205629 0.0204604
157 0 1 6 155 141 0.0425532 0.040586 0.0405405
158 0 1 6 208 201 0.0298507 0.0293442 0.0293399
159 0 1 8 189 162 0.0493827 0.0457195 0.045584
160 0 1 7 147 113 0.0619469 0.0543125 0.0538462
161 0 1 3 208 175 0.0171429 0.0157243 0.0156658
162 0 1 5 181 142 0.0352113 0.0311879 0.0309598
163 0 1 4 233 196 0.0204082 0.0187178 0.018648
164 0 1 2 207 157 0.0127389 0.0110942 0.010989
165 0 1 6 264 208 0.0288462 0.0256046 0.0254237
166 0 1 5 200 164 0.0304878 0.0276079 0.0274725
167 0 1 9 261 199 0.0452261 0.0394908 0.0391304
168 0 1 5 201 155 0.0322581 0.0283274 0.0280899
169 0 1 5 294 197 0.0253807 0.0207761 0.0203666
170 0 1 7 199 151 0.0463576 0.0403816 0.04
171 0 1 6 259 181 0.0331492 0.0277116 0.0272727
172 0 1 7 206 129 0.0542636 0.0429407 0.041791
173 0 1 11 244 144 0.0763889 0.0586836 0.056701
174 0 1 7 164 111 0.0630631 0.0518818 0.0509091
175 0 1 6 208 133 0.0451128 0.036074 0.0351906
176 0 1 6 144 100 0.06 0.05 0.0491803
177 0 1 5 173 136 0.0367647 0.032597 0.0323625
178 0 1 4 138 104 0.0384615 0.033389 0.0330578
179 0 1 4 153 136 0.0294118 0.0277297 0.0276817
180 0 1 2 117 98 0.0204082 0.0186777 0.0186047
181 0 1 3 139 139 0.0215827 0.0215827 0.0215827
182 0 1 2 81 100 0.0246914 0.0222222 0.0220994
183 0 1 1 87 131 0.0114943 0.00936709 0.00917431
184 0 1 1 69 94 0.0144928 0.0124169 0.0122699
185 0 1 2 85 112 0.0235294 0.020498 0.0203046
186 0 1 2 68 99 0.0294118 0.0243757 0.0239521
187 0 1 3 80 132 0.0375 0.0291937 0.0283019
188 0 1 3 65 104 0.0461538 0.0364878 0.035503
189 0 1 4 75 149 0.0533333 0.0378387 0.0357143
190 0 1 4 70 118 0.0571429 0.0440119 0.0425532
191 0 1 4 61 110 0.0655738 0.0488314 0.0467836
192 0 1 4 101 144 0.039604 0.0331679 0.0326531
193 0 1 4 75 113 0.0533333 0.04345 0.0425532
194 0 1 7 129 173 0.0542636 0.0468576 0.0463576
195 0 1 4 104 137 0.0384615 0.0335107 0.033195
196 0 1 4 87 106 0.045977 0.0416531 0.0414508
197 0 1 5 115 130 0.0434783 0.040893 0.0408163
198 0 1 7 113 112 0.0625 0.0622228 0.0622222
199 0 1 8 126 145 0.0634921 0.0591862 0.0590406
200 0 1 10 113 111 0.0900901 0.0892893 0.0892857
201 0 1 11 169 163 0.0674847 0.0662759 0.0662651
202 0 1 10 132 119 0.0840336 0.0797884 0.0796813
203 0 1 8 160 156 0.0512821 0.050637 0.0506329
204 0 1 7 154 131 0.0534351 0.0492836 0.0491228
205 0 1 8 210 184 0.0434783 0.0406978 0.0406091
206 0 1 10 187 154 0.0649351 0.0589276 0.058651
207 0 1 11 164 127 0.0866142 0.07622 0.0756014
208 0 1 13 238 160 0.08125 0.0666185 0.0653266
209 0 1 9 196 136 0.0661765 0.0551245 0.0542169
210 0 1 10 262 200 0.05 0.0436852 0.04329
211 0 1 10 200 163 0.0613497 0.0553849 0.0550964
212 0 1 8 230 195 0.0410256 0.0377754 0.0376471
213 0 1 9 205 152 0.0592105 0.0509852 0.0504202
214 0 1 7 249 193 0.0362694 0.0319315 0.0316742
215 0 1 5 206 153 0.0326797 0.0281638 0.0278552
216 0 1 4 248 209 0.0191388 0.0175696 0.0175055
217 0 1 7 174 153 0.0457516 0.042902 0.0428135
218 0 1 6 222 162 0.037037 0.0316386 0.03125
219 0 1 6 262 191 0.0314136 0.0268216 0.0264901
220 0 1 8 193 149 0.0536913 0.0471757 0.0467836
221 0 1 7 207 163 0.0429448 0.0381083 0.0378378
222 0 1 12 132 131 0.0916031 0.0912554 0.0912548
223 0 1 15 169 150 0.1 0.0942111 0.0940439
224 0 1 13 132 107 0.121495 0.109387 0.108787
225 0 1 13 160 130 0.1 0.0901388 0.0896552
226 0 1 11 138 104 0.105769 0.0918198 0.0909091
227 0 1 11 171 115 0.0956522 0.0784415 0.0769231
228 0 1 7 125 89 0.0786517 0.0663664 0.0654206
229 0 1 8 185 135 0.0592593 0.0506218 0.05
230 0 1 5 149 120 0.0416667 0.0373927 0.0371747
231 0 1 10 138 102 0.0980392 0.084287 0.0833333
232 0 1 11 159 133 0.0827068 0.0756429 0.0753425
233 0 1 14 136 115 0.121739 0.111946 0.111554
234 0 1 12 170 159 0.0754717 0.0729891 0.0729483
235 0 1 14 145 128 0.109375 0.102764 0.102564
236 0 1 14 182 153 0.0915033 0.083897 0.0835821
237 0 1 12 148 123 0.097561 0.0889402 0.0885609
238 0 1 17 183 147 0.115646 0.103649 0.10303
239 0 1 14 151 111 0.126126 0.108138 0.10687
240 0 1 15 157 117 0.128205 0.110675 0.109489
241 0 1 11 107 90 0.122222 0.112093 0.111675
242 0 1 14 124 128 0.112903 0.111125 0.111111
243 0 1 17 105 122 0.161905 0.150202 0.14978
244 0 1 16 100 102 0.16 0.158424 0.158416
245 0 1 14 140 135 0.103704 0.101835 0.101818
246 0 1 10 118 99 0.10101 0.0925212 0.0921659
247 0 1 11 184 136 0.0808824 0.0695367 0.06875
248 0 1 10 153 114 0.0877193 0.0757185 0.0749064
249 0 1 16 127 96 0.166667 0.144905 0.143498
250 0 1 13 218 136 0.0955882 0.0754998 0.0734463
251 0 1 14 174 122 0.114754 0.096089 0.0945946
252 0 1 14 258 172 0.0813954 0.066459 0.0651163
253 0 1 11 206 134 0.0820896 0.0662074 0.0647059
254 0 1 8 149 119 0.0672269 0.0600791 0.0597015
255 0 1 8 236 146 0.0547945 0.043098 0.0418848
256 0 1 3 192 122 0.0245902 0.0196016 0.0191083
257 0 1 3 269 152 0.0197368 0.0148362 0.0142518
258 0 1 5 216 129 0.0387597 0.0299535 0.0289855
259 0 1 6 282 164 0.0365854 0.0279 0.0269058
260 0 1 5 206 134 0.0373134 0.0300943 0.0294118
261 0 1 10 269 185 0.0540541 0.0448268 0.0440529
262 0 1 12 217 156 0.0769231 0.0652212 0.0643432
263 0 1 11 254 198 0.0555556 0.0490505 0.0486726
264 0 1 9 199 157 0.0573248 0.0509174 0.0505618
265 0 1 9 291 212 0.0424528 0.036235 0.0357853
266 0 1 6 218 187 0.0320856 0.0297168 0.0296296
267 0 1 6 259 212 0.0283019 0.0256055 0.0254777
268 0 1 3 208 187 0.0160428 0.0152114 0.0151899
269 0 1 10 251 223 0.044843 0.0422679 0.0421941
270 0 1 8 223 201 0.039801 0.0377867 0.0377358
271 0 1 10 273 248 0.0403226 0.038432 0.0383877
272 0 1 15 223 217 0.0691244 0.0681882 0.0681818
273 0 1 6 260 268 0.0230769 0.0227299 0.0227273
274 0 1 9 215 219 0.0418605 0.0414764 0.0414747
275 0 1 24 233 282 0.103004 0.0936286 0.0932039
276 0 1 22 199 219 0.110553 0.105384 0.105263
277 0 1 18 257 265 0.0700389 0.0689736 0.0689655
278 0 1 18 220 249 0.0818182 0.0769062 0.0767591
279 0 1 22 282 297 0.0780142 0.0760186 0.0759931
280 0 1 24 237 241 0.101266 0.100422 0.100418
281 0 1 13 270 278 0.0481481 0.0474503 0.0474453
282 0 1 11 209 220 0.0526316 0.0512989 0.0512821
283 0 1 9 274 251 0.0358566 0.0343187 0.0342857
284 0 1 8 251 241 0.033195 0.032527 0.0325203
285 0 1 14 274 302 0.0510949 0.0486686 0.0486111
286 0 1 13 245 246 0.0530612 0.0529533 0.0529532
287 0 1 17 343 303 0.0561056 0.0527328 0.0526316
288 0 1 15 275 250 0.06 0.0572078 0.0571429
289 0 1 17 240 202 0.0841584 0.0772089 0.0769231
290 0 1 7 348 304 0.0230263 0.0215215 0.0214724
291 0 1 15 296 274 0.0547445 0.0526708 0.0526316
292 0 1 15 268 252 0.0595238 0.0577196 0.0576923
293 0 1 11 375 335 0.0328358 0.0310352 0.0309859
294 0 1 14 328 284 0.0492958 0.0458703 0.0457516
295 0 1 14 305 260 0.0538462 0.0497155 0.0495575
296 0 1 16 461 380 0.0421053 0.0382277 0.0380499
297 0 1 25 438 326 0.0766871 0.0661598 0.065445
298 0 1 21 392 285 0.0736842 0.0628281 0.0620384
299 0 1 22 491 378 0.0582011 0.0510665 0.0506329
300 0 1 29 448 332 0.0873494 0.0751952 0.074359
301 0 1 23 553 398 0.0577889 0.0490257 0.0483701
302 0 1 25 522 360 0.0694444 0.0576705 0.0566893
303 0 1 39 468 326 0.119632 0.0998465 0.0982368
304 0 1 44 649 437 0.100686 0.0826208 0.0810313
305 0 1 44 579 374 0.117647 0.0945535 0.09234
306 0 1 43 574 341 0.1261 0.0971931 0.0939891
307 0 1 39 704 450 0.0866667 0.0692902 0.067591
308 0 1 57 633 366 0.155738 0.118422 0.114114
309 0 1 60 600 347 0.172911 0.131496 0.126716
310 0 1 62 712 410 0.15122 0.114752 0.110517
311 0 1 63 637 343 0.183673 0.134779 0.128571
312 0 1 74 615 316 0.234177 0.167861 0.158969
313 0 1 74 694 413 0.179177 0.138222 0.133695
314 0 1 60 597 338 0.177515 0.133569 0.128342
315 0 1 67 555 296 0.226351 0.165304 0.157462
316 0 1 60 607 385 0.155844 0.124116 0.120968
317 0 1 49 512 316 0.155063 0.12182 0.118357
318 0 1 43 446 271 0.158672 0.123685 0.119944
319 0 1 28 510 334 0.0838323 0.0678422 0.0663507
320 0 1 35 404 260 0.134615 0.107992 0.105422
321 0 1 29 357 193 0.150259 0.11048 0.105455
322 0 1 35 441 272 0.128676 0.101057 0.0981767
323 0 1 46 424 214 0.214953 0.15271 0.144201
324 0 1 36 358 177 0.20339 0.143013 0.134579
325 0 1 36 446 239 0.150628 0.110265 0.105109
326 0 1 38 391 183 0.20765 0.142059 0.132404
327 0 1 39 374 149 0.261745 0.16521 0.14914
328 0 1 36 467 200 0.18 0.117796 0.107946
329 0 1 37 389 151 0.245033 0.152665 0.137037
330 0 1 33 331 115 0.286957 0.169142 0.147982
331 0 1 24 402 143 0.167832 0.100099 0.0880734
332 0 1 18 313 113 0.159292 0.0957108 0.084507
333 0 1 9 260 85 0.105882 0.0605405 0.0521739
334 0 1 5 300 118 0.0423729 0.0265747 0.0239234
335 0 1 5 255 80 0.0625 0.035007 0.0298507
336 0 1 4 192 48 0.0833333 0.0416667 0.0333333
337 0 1 3 211 77 0.038961 0.0235361 0.0208333
338 0 1 4 162 56 0.0714286 0.0419961 0.0366972
339 0 1 2 190 89 0.0224719 0.0153801 0.0143369
340 0 1 2 140 66 0.030303 0.0208063 0.0194175
341 0 1 2 179 84 0.0238095 0.0163104 0.0152091
342 0 1 1 153 60 0.0166667 0.0104371 0.00938967
343 0 1 1 243 101 0.00990099 0.00638317 0.00581395
344 0 1 2 192 68 0.0294118 0.0175035 0.0153846
345 0 1 1 249 93 0.0107527 0.00657141 0.00584795
346 0 1 1 226 66 0.0151515 0.00818792 0.00684932
347 0 1 3 263 110 0.0272727 0.0176379 0.0160858
348 0 1 4 224 96 0.0416667 0.0272772 0.025
349 0 1 5 278 152 0.0328947 0.0243235 0.0232558
350 0 1 4 245 126 0.031746 0.0227663 0.0215633
351 0 1 4 292 202 0.019802 0.01647 0.0161943
352 0 1 6 222 161 0.0372671 0.0317367 0.0313316
353 0 1 9 277 222 0.0405405 0.0362933 0.0360721
354 0 1 5 223 183 0.0273224 0.024751 0.0246305
355 0 1 14 258 228 0.0614035 0.0577233 0.0576132
356 0 1 9 233 187 0.0481283 0.0431165 0.0428571
357 0 1 11 265 240 0.0458333 0.0436178 0.0435644
358 0 1 7 236 196 0.0357143 0.0325472 0.0324074
359 0 1 13 264 229 0.0567686 0.0528717 0.0527383
360 0 1 8 223 176 0.0454545 0.0403814 0.0401003
361 0 1 14 266 227 0.061674 0.0569737 0.0567951
362 0 1 9 229 178 0.0505618 0.0445774 0.044226
363 0 1 15 275 207 0.0724638 0.0628695 0.0622407
364 0 1 14 229 188 0.0744681 0.0674732 0.0671463
365 0 1 13 236 211 0.0616114 0.0582567 0.0581655
366 0 1 13 195 165 0.0787879 0.0724743 0.0722222
367 0 1 17 234 193 0.0880829 0.0799949 0.0796253
368 0 1 12 186 144 0.0833333 0.0733236 0.0727273
369 0 1 14 194 184 0.076087 0.0741 0.0740741
370 0 1 12 173 149 0.0805369 0.0747421 0.0745342
371 0 1 15 234 202 0.0742574 0.0689934 0.0688073
372 0 1 9 197 165 0.0545455 0.0499192 0.0497238
373 0 1 12 265 181 0.0662983 0.0547922 0.0538117
374 0 1 13 230 145 0.0896552 0.0711861 0.0693333
375 0 1 20 288 193 0.103627 0.0848311 0.0831601
376 0 1 16 238 149 0.107383 0.0849647 0.0826873
377 0 1 17 264 163 0.104294 0.0819508 0.0796253
378 0 1 12 219 130 0.0923077 0.0711193 0.0687679
379 0 1 18 245 149 0.120805 0.0942098 0.0913706
380 0 1 15 217 133 0.112782 0.0882949 0.0857143
381 0 1 12 248 151 0.0794702 0.0620107 0.0601504
382 0 1 8 210 128 0.0625 0.048795 0.0473373
383 0 1 13 265 171 0.0760234 0.0610692 0.059633
384 0 1 11 231 141 0.0780142 0.0609505 0.0591398
385 0 1 8 283 186 0.0430108 0.0348691 0.0341151
386 0 1 4 210 127 0.0314961 0.0244934 0.0237389
387 0 1 5 272 192 0.0260417 0.0218794 0.0215517
388 0 1 3 217 133 0.0225564 0.017659 0.0171429
389 0 1 3 163 97 0.0309278 0.0238584 0.0230769
390 0 1 2 217 139 0.0143885 0.0115158 0.011236
391 0 1 5 188 103 0.0485437 0.0359313 0.0343643
392 0 1 4 242 165 0.0242424 0.0200175 0.019656
393 0 1 3 186 122 0.0245902 0.0199152 0.0194805
394 0 1 5 234 151 0.0331126 0.0265995 0.025974
395 0 1 3 184 111 0.027027 0.0209919 0.020339
396 0 1 4 228 138 0.0289855 0.0225503 0.0218579
397 0 1 4 179 116 0.0344828 0.027759 0.0271186
398 0 1 7 234 165 0.0424242 0.0356244 0.0350877
399 0 1 4 154 134 0.0298507 0.027845 0.0277778
400 0 1 6 193 139 0.0431655 0.0366324 0.0361446
401 0 1 5 145 109 0.0458716 0.0397716 0.0393701
402 0 1 6 184 120 0.05 0.0403786 0.0394737
403 0 1 2 142 82 0.0243902 0.0185344 0.0178571
404 0 1 3 190 121 0.0247934 0.0197857 0.0192926
405 0 1 4 154 95 0.0421053 0.0330703 0.0321285
406 0 1 4 197 142 0.028169 0.0239157 0.0235988
407 0 1 3 152 97 0.0309278 0.0247066 0.0240964
408 0 1 2 202 143 0.013986 0.0117676 0.0115942
409 0 1 2 169 113 0.0176991 0.0144726 0.0141844
410 0 1 2 204 171 0.0116959 0.0107082 0.0106667
411 0 1 3 174 135 0.0222222 0.019574 0.0194175
412 0 1 3 203 168 0.0178571 0.016245 0.0161725
413 0 1 3 156 115 0.026087 0.022398 0.0221402
414 0 1 3 211 138 0.0217391 0.0175809 0.017192
415 0 1 4 170 102 0.0392157 0.0303763 0.0294118
416 0 1 5 193 130 0.0384615 0.031566 0.0309598
417 0 1 3 158 92 0.0326087 0.0248828 0.024
418 0 1 5 189 135 0.037037 0.031302 0.0308642
419 0 1 6 135 104 0.0576923 0.050637 0.0502092
420 0 1 4 167 138 0.0289855 0.0263489 0.0262295
421 0 1 5 144 107 0.046729 0.0402807 0.0398406
422 0 1 4 172 148 0.027027 0.0250706 0.025
423 0 1 3 139 133 0.0225564 0.0220642 0.0220588
424 0 1 5 172 161 0.0310559 0.0300464 0.03003
425 0 1 8 142 156 0.056338 0.0537506 0.0536913
426 0 1 6 199 202 0.0301508 0.029926 0.0299252
427 0 1 5 164 155 0.0322581 0.0313604 0.031348
428 0 1 4 207 193 0.0207254 0.0200123 0.02
429 0 1 4 182 159 0.0251572 0.023514 0.0234604
430 0 1 8 241 217 0.0368664 0.0349826 0.0349345
431 0 1 9 213 185 0.0486486 0.0453385 0.0452261
432 0 1 4 253 218 0.0183486 0.0170322 0.0169851
433 0 1 4 222 200 0.02 0.0189832 0.0189573
434 0 1 5 281 237 0.021097 0.019375 0.019305
435 0 1 5 246 210 0.0238095 0.0219985 0.0219298
436 0 1 7 284 233 0.0300429 0.027212 0.0270793
437 0 1 10 255 191 0.052356 0.045312 0.044843
438 0 1 11 204 158 0.0696203 0.0612702 0.0607735
439 0 1 11 257 221 0.0497738 0.0461562 0.0460251
440 0 1 10 215 175 0.0571429 0.0515539 0.0512821
441 0 1 11 248 212 0.0518868 0.0479732 0.0478261
442 0 1 13 215 178 0.0730337 0.0664529 0.0661578
443 0 1 17 269 245 0.0693878 0.0662201 0.0661479
444 0 1 11 238 205 0.0536585 0.0497998 0.0496614
445 0 1 10 293 274 0.0364963 0.0352932 0.0352734
446 0 1 8 269 239 0.0334728 0.0315511 0.0314961
447 0 1 11 357 318 0.0345912 0.0326471 0.0325926
448 0 1 19 307 293 0.0648464 0.0633506 0.0633333
449 0 1 14 273 231 0.0606061 0.0557495 0.0555556
450 0 1 17 371 330 0.0515152 0.0485853 0.0485021
451 0 1 15 322 278 0.0539568 0.050135 0.05
452 0 1 10 316 233 0.0429185 0.0368535 0.0364299
453 0 1 14 387 292 0.0479452 0.0416468 0.0412371
454 0 1 9 341 212 0.0424528 0.0334732 0.0325497
455 0 1 15 384 283 0.0530035 0.0455022 0.0449775
456 0 1 12 346 258 0.0465116 0.0401637 0.0397351
457 0 1 12 282 195 0.0615385 0.0511728 0.0503145
458 0 1 14 324 250 0.056 0.049191 0.0487805
459 0 1 20 276 244 0.0819672 0.0770691 0.0769231
460 0 1 18 239 185 0.0972973 0.0856027 0.0849057
461 0 1 16 283 213 0.0751174 0.0651684 0.0645161
462 0 1 20 265 196 0.102041 0.0877564 0.0867679
463 0 1 25 249 159 0.157233 0.125644 0.122549
464 0 1 18 272 229 0.0786026 0.0721224 0.0718563
465 0 1 23 238 191 0.120419 0.107875 0.107226
466 0 1 22 250 220 0.1 0.0938083 0.093617
467 0 1 17 215 155 0.109677 0.0931245 0.0918919
468 0 1 11 227 199 0.0552764 0.0517551 0.0516432
469 0 1 7 208 156 0.0448718 0.0388601 0.0384615
470 0 1 9 250 192 0.046875 0.0410792 0.040724
471 0 1 7 200 145 0.0482759 0.0411054 0.0405797
472 0 1 9 225 183 0.0491803 0.0443533 0.0441176
473 0 1 6 182 128 0.046875 0.0393107 0.0387097
474 0 1 4 179 162 0.0246914 0.0234896 0.0234604
475 0 1 6 143 124 0.0483871 0.045058 0.0449438
476 0 1 7 144 170 0.0486111 0.0447396 0.044586
477 0 1 5 109 106 0.0471698 0.0465162 0.0465116
478 0 1 5 134 136 0.0373134 0.0370381 0.037037
479 0 1 6 95 95 0.0631579 0.0631579 0.0631579
480 0 1 7 127 119 0.0588235 0.0569407 0.0569106
481 0 1 4 87 78 0.0512821 0.0485571 0.0484848
482 0 1 6 113 101 0.0594059 0.0561631 0.0560748
483 0 1 2 84 72 0.0277778 0.0257172 0.025641
484 0 1 4 133 101 0.039604 0.0345123 0.034188
485 0 1 5 187 138 0.0362319 0.031125 0.0307692
486 0 1 5 116 89 0.0561798 0.0492092 0.0487805
487 0 1 3 149 114 0.0263158 0.0230184 0.0228137
488 0 1 3 176 117 0.025641 0.020906 0.0204778
489 0 1 4 204 159 0.0251572 0.0222099 0.0220386
490 0 1 2 173 124 0.016129 0.0136551 0.013468
491 0 1 5 203 167 0.0299401 0.0271559 0.027027
492 0 1 7 182 151 0.0463576 0.0422254 0.042042
493 0 1 7 243 176 0.0397727 0.0338484 0.0334129
494 0 1 3 205 136 0.0220588 0.017967 0.0175953
495 0 1 8 254 193 0.0414508 0.0361322 0.0357942
496 0 1 9 207 141 0.0638298 0.0526802 0.0517241
497 0 1 7 267 188 0.037234 0.0312438 0.0307692
498 0 1 5 223 154 0.0324675 0.0269809 0.0265252
499 0 1 10 295 182 0.0549451 0.0431572 0.0419287
500 0 1 5 254 145 0.0344828 0.0260537 0.0250627
501 0 1 6 276 183 0.0327869 0.0266975 0.0261438
502 0 1 6 241 143 0.041958 0.0323202 0.03125
503 0 1 8 260 132 0.0606061 0.0431834 0.0408163
504 0 1 3 208 97 0.0309278 0.0211205 0.0196721
505 0 1 15 227 130 0.115385 0.0873186 0.0840336
506 0 1 16 186 107 0.149533 0.113415 0.109215
507 0 1 14 217 126 0.111111 0.0846668 0.0816327
508 0 1 14 193 113 0.123894 0.0948004 0.0915033
509 0 1 13 226 154 0.0844156 0.0696833 0.0684211
510 0 1 10 207 122 0.0819672 0.0629267 0.0607903
511 0 1 12 245 148 0.0810811 0.0630184 0.0610687
512 0 1 13 201 126 0.103175 0.0816883 0.0795107
513 0 1 16 255 163 0.0981595 0.0784795 0.076555
514 0 1 16 209 138 0.115942 0.0942122 0.092219
515 0 1 19 238 174 0.109195 0.0933664 0.092233
516 0 1 15 223 159 0.0943396 0.07966 0.078534
517 0 1 10 185 128 0.078125 0.0649844 0.0638978
518 0 1 10 228 168 0.0595238 0.0510949 0.050505
519 0 1 13 198 135 0.0962963 0.079514 0.0780781
520 0 1 11 175 113 0.0973451 0.078223 0.0763889
521 0 1 11 226 148 0.0743243 0.0601461 0.0588235
522 0 1 7 173 114 0.0614035 0.0498451 0.0487805
523 0 1 7 157 98 0.0714286 0.0564333 0.054902
524 0 1 7 170 129 0.0542636 0.0472693 0.0468227
525 0 1 7 141 110 0.0636364 0.0562072 0.0557769
526 0 1 8 113 88 0.0909091 0.0802249 0.079602
527 0 1 8 158 129 0.0620155 0.0560359 0.0557491
528 0 1 12 144 111 0.108108 0.0949158 0.0941176
529 0 1 11 128 89 0.123596 0.103061 0.101382
530 0 1 11 180 145 0.0758621 0.0680883 0.0676923
531 0 1 9 161 126 0.0714286 0.0631894 0.0627178
532 0 1 12 136 115 0.104348 0.095954 0.0956175
533 0 1 10 179 136 0.0735294 0.064092 0.0634921
534 0 1 14 157 120 0.116667 0.101997 0.101083
535 0 1 15 154 103 0.145631 0.1191 0.116732
536 0 1 11 207 128 0.0859375 0.0675776 0.0656716
537 0 1 11 180 109 0.100917 0.0785314 0.0761246
538 0 1 10 156 86 0.116279 0.0863353 0.0826446
539 0 1 7 212 141 0.0496454 0.0404875 0.0396601
540 0 1 8 181 121 0.0661157 0.0540578 0.0529801
541 0 1 9 166 99 0.0909091 0.0702055 0.0679245
542 0 1 9 243 145 0.062069 0.0479463 0.0463918
543 0 1 10 198 115 0.0869565 0.0662702 0.0638978
544 0 1 11 263 158 0.0696203 0.0539618 0.0522565
545 0 1 8 237 142 0.056338 0.0436085 0.0422164
546 0 1 8 193 108 0.0740741 0.0554114 0.0531561
547 0 1 9 204 119 0.0756303 0.0577636 0.0557276
548 0 1 6 166 97 0.0618557 0.0472837 0.0456274
549 0 1 3 189 102 0.0294118 0.0216068 0.0206186
550 0 1 3 139 88 0.0340909 0.0271252 0.0264317
551 0 1 5 211 112 0.0446429 0.0325252 0.0309598
552 0 1 2 173 99 0.020202 0.0152823 0.0147059
553 0 1 4 235 146 0.0273973 0.0215948 0.0209974
554 0 1 4 192 130 0.0307692 0.0253185 0.0248447
555 0 1 7 280 175 0.04 0.0316228 0.0307692
556 0 1 7 231 137 0.0510949 0.0393488 0.0380435
557 0 1 9 314 197 0.0456853 0.0361863 0.035225
558 0 1 7 254 166 0.0421687 0.03409 0.0333333
559 0 1 10 305 207 0.0483092 0.0397983 0.0390625
560 0 1 8 261 167 0.0479042 0.0383188 0.0373832
561 0 1 8 314 224 0.0357143 0.0301648 0.0297398
562 0 1 9 254 193 0.0466321 0.0406487 0.0402685
563 0 1 13 307 238 0.0546218 0.0480934 0.0477064
564 0 1 8 259 174 0.045977 0.0376847 0.0369515
565 0 1 6 326 244 0.0245902 0.0212739 0.0210526
566 0 1 10 279 190 0.0526316 0.0434331 0.0426439
567 0 1 12 286 213 0.056338 0.0486193 0.0480962
568 0 1 9 227 176 0.0511364 0.045027 0.044665
569 0 1 10 249 202 0.049505 0.0445887 0.0443459
570 0 1 8 165 155 0.0516129 0.0500244 0.05
571 0 1 8 193 180 0.0444444 0.0429215 0.0428954
572 0 1 9 154 134 0.0671642 0.0626513 0.0625
573 0 1 13 192 149 0.0872483 0.0768599 0.0762463
574 0 1 9 111 104 0.0865385 0.0837653 0.0837209
575 0 1 3 123 129 0.0243902 0.0238163 0.0238095
576 0 1 2 82 92 0.0243902 0.0230266 0.0229885
577 0 1 1 128 119 0.00840336 0.00810255 0.00809717
578 0 1 2 77 86 0.025974 0.0245774 0.0245399
579 0 1 2 90 102 0.0222222 0.0208741 0.0208333
580 0 1 0 63 78 0 0 0
581 0 1 1 111 126 0.00900901 0.00845577 0.00843882
582 0 1 1 90 104 0.0111111 0.0103362 0.0103093
583 0 1 1 73 78 0.0136986 0.0132523 0.013245
584 0 1 1 99 104 0.010101 0.00985521 0.00985222
585 0 1 3 76 82 0.0394737 0.0380021 0.0379747
586 0 1 1 112 130 0.00892857 0.00828742 0.00826446
587 0 1 1 80 101 0.0125 0.0111249 0.0110497
588 0 1 1 88 93 0.0113636 0.0110539 0.0110497
589 0 1 2 49 58 0.0408163 0.0375161 0.0373832
590 0 1 3 57 77 0.0526316 0.0452833 0.0447761
591 0 1 3 51 61 0.0588235 0.0537862 0.0535714
592 0 1 2 73 80 0.0273973 0.0261712 0.0261438
593 0 1 0 61 68 0 0 0
594 0 1 0 120 118 0 0 0
595 0 1 2 100 73 0.0273973 0.0234082 0.0231214
596 0 1 1 79 64 0.015625 0.0140636 0.013986
597 0 1 1 153 71 0.0140845 0.00959456 0.00892857
598 0 1 3 129 63 0.047619 0.0332779 0.03125
599 0 1 2 157 92 0.0217391 0.0166413 0.0160643
600 0 1 2 135 80 0.025 0.019245 0.0186047
601 0 1 3 196 95 0.0315789 0.0219852 0.0206186
602 0 1 2 131 57 0.0350877 0.023145 0.0212766
603 0 1 3 176 96 0.03125 0.0230797 0.0220588
604 0 1 2 144 65 0.0307692 0.0206725 0.0191388
605 0 1 6 237 106 0.0566038 0.0378551 0.0349854
606 0 1 3 160 81 0.037037 0.0263523 0.0248963
607 0 1 7 226 118 0.059322 0.042865 0.0406977
608 0 1 8 170 92 0.0869565 0.0639693 0.0610687
609 0 1 5 233 117 0.042735 0.030283 0.0285714
610 0 1 3 167 90 0.0333333 0.0244704 0.0233463
611 0 1 4 201 136 0.0294118 0.0241932 0.0237389
612 0 1 4 165 102 0.0392157 0.0308332 0.0299625
613 0 1 5 213 133 0.037594 0.0297067 0.0289017
614 0 1 5 139 105 0.047619 0.0413874 0.0409836
615 0 1 5 168 125 0.04 0.0345033 0.0341297
616 0 1 5 212 158 0.0316456 0.0273196 0.027027
617 0 1 5 170 124 0.0403226 0.0344377 0.0340136
618 0 1 4 184 142 0.028169 0.0247461 0.0245399
619 0 1 6 150 114 0.0526316 0.0458831 0.0454545
620 0 1 6 183 133 0.0451128 0.0384592 0.0379747
621 0 1 8 164 133 0.0601504 0.0541679 0.0538721
622 0 1 8 210 172 0.0465116 0.0420936 0.0418848
623 0 1 6 186 151 0.0397351 0.0358019 0.0356083
624 0 1 7 149 143 0.048951 0.0479553 0.0479452
625 0 1 5 244 199 0.0251256 0.0226907 0.0225734
626 0 1 16 227 170 0.0941176 0.0814484 0.0806045
627 0 1 15 216 165 0.0909091 0.0794552 0.0787402
628 0 1 12 197 141 0.0851064 0.072001 0.0710059
629 0 1 12 239 221 0.0542986 0.0522139 0.0521739
630 0 1 10 203 167 0.0598802 0.0543117 0.0540541
631 0 1 9 221 182 0.0494506 0.0448756 0.044665
632 0 1 11 213 185 0.0594595 0.0554137 0.0552764
633 0 1 9 248 249 0.0362903 0.0362174 0.0362173
634 0 1 7 219 198 0.0353535 0.0336158 0.0335731
635 0 1 11 281 234 0.0470085 0.0428975 0.0427184
636 0 1 14 232 183 0.0765027 0.0679452 0.0674699
637 0 1 16 246 198 0.0808081 0.072497 0.0720721
638 0 1 12 154 123 0.097561 0.0871903 0.0866426
639 0 1 8 146 98 0.0816327 0.0668807 0.0655738
640 0 1 3 77 54 0.0555556 0.0465242 0.0458015
641 0 1 2 105 100 0.02 0.019518 0.0195122
642 0 1 1 111 93 0.0107527 0.00984231 0.00980392
643 0 1 2 118 91 0.021978 0.0193005 0.0191388
644 0 1 3 139 108 0.0277778 0.0244851 0.0242915
645 0 1 6 153 104 0.0576923 0.0475652 0.0466926
646 0 1 12 179 140 0.0857143 0.0758037 0.0752351
647 0 1 10 325 248 0.0403226 0.0352235 0.034904
648 0 1 10 342 238 0.0420168 0.0350508 0.0344828
649 0 1 10 314 238 0.0420168 0.0365802 0.0362319
650 0 1 11 322 242 0.0454545 0.0394055 0.0390071
651 0 1 15 318 224 0.0669643 0.0562022 0.0553506
652 0 1 33 301 223 0.147982 0.127373 0.125954
653 0 1 44 303 224 0.196429 0.168891 0.166983
654 0 1 37 288 232 0.159483 0.14314 0.142308
655 0 1 28 280 218 0.12844 0.113332 0.11245
656 0 1 31 285 208 0.149038 0.127323 0.125761
657 0 1 35 249 180 0.194444 0.165323 0.16317
658 0 1 24 356 287 0.0836237 0.0750836 0.0746501
659 0 1 37 404 322 0.114907 0.102585 0.101928
660 0 1 42 423 324 0.12963 0.113451 0.11245
661 0 1 40 423 328 0.121951 0.107387 0.106525
662 0 1 66 426 312 0.211538 0.181035 0.178862
663 0 1 77 423 309 0.249191 0.212981 0.210383
664 0 1 71 424 296 0.239865 0.200415 0.197222
665 0 1 70 409 291 0.24055 0.202904 0.2
666 0 1 70 393 268 0.261194 0.215692 0.2118
667 0 1 63 374 250 0.252 0.206032 0.201923
668 0 1 77 461 355 0.216901 0.190338 0.188725
669 0 1 67 463 354 0.189266 0.165494 0.164015
670 0 1 72 457 351 0.205128 0.179771 0.178218
671 0 1 76 465 369 0.205962 0.183474 0.182254
672 0 1 90 462 382 0.235602 0.214235 0.21327
673 0 1 102 476 377 0.270557 0.240783 0.239156
674 0 1 97 479 362 0.267956 0.232943 0.230678
675 0 1 87 463 337 0.25816 0.220249 0.2175
676 0 1 85 416 309 0.275081 0.237079 0.234483
677 0 1 92 440 334 0.275449 0.239987 0.237726
678 0 1 115 469 367 0.313352 0.277191 0.27512
679 0 1 111 498 384 0.289062 0.25383 0.251701
680 0 1 114 510 391 0.29156 0.255289 0.253052
681 0 1 123 515 383 0.321149 0.27695 0.273942
682 0 1 127 510 390 0.325641 0.284765 0.282222
683 0 1 122 512 400 0.305 0.269584 0.267544
684 0 1 109 498 392 0.278061 0.2467 0.244944
685 0 1 115 515 391 0.294118 0.256275 0.253863
686 0 1 115 505 384 0.299479 0.261148 0.258718
687 0 1 123 516 381 0.322835 0.277407 0.274247
688 0 1 128 512 384 0.333333 0.288675 0.285714
689 0 1 108 509 386 0.279793 0.243653 0.241341
690 0 1 116 494 378 0.306878 0.268441 0.266055
691 0 1 127 499 374 0.339572 0.29398 0.290951
692 0 1 128 490 380 0.336842 0.296633 0.294253
693 0 1 117 493 371 0.315364 0.273574 0.270833
694 0 1 125 491 382 0.327225 0.288627 0.286369
695 0 1 114 484 357 0.319328 0.274251 0.271106
696 0 1 106 462 362 0.292818 0.259197 0.257282
697 0 1 108 468 358 0.301676 0.263851 0.261501
698 0 1 100 475 348 0.287356 0.245959 0.243013
699 0 1 103 487 365 0.282192 0.244302 0.241784
700 0 1 115 486 364 0.315934 0.273419 0.270588
701 0 1 115 488 351 0.327635 0.277865 0.274136
702 0 1 122 468 371 0.328841 0.292786 0.290822
703 0 1 119 480 359 0.331476 0.286668 0.283671
704 0 1 109 468 359 0.303621 0.265923 0.263603
705 0 1 110 467 358 0.307263 0.269025 0.266667
706 0 1 118 466 351 0.336182 0.291767 0.288862
707 0 1 118 462 359 0.328691 0.289744 0.287454
708 0 1 114 468 348 0.327586 0.282483 0.279412
709 0 1 118 461 362 0.325967 0.288853 0.286756
710 0 1 121 475 375 0.322667 0.286697 0.284706
711 0 1 127 484 373 0.340483 0.2989 0.296383
712 0 1 128 487 367 0.348774 0.30277 0.299766
713 0 1 121 494 371 0.326146 0.282641 0.279769
714 0 1 128 492 380 0.336842 0.29603 0.293578
715 0 1 122 496 363 0.336088 0.287518 0.284051
716 0 1 114 481 371 0.307278 0.269864 0.267606
717 0 1 117 490 354 0.330508 0.280922 0.277251
718 0 1 111 470 360 0.308333 0.26985 0.26747
719 0 1 103 477 358 0.28771 0.249251 0.246707
720 0 1 104 470 354 0.293785 0.254966 0.252427
721 0 1 108 451 346 0.312139 0.273399 0.271016
722 0 1 101 451 327 0.308868 0.263002 0.25964
723 0 1 111 448 333 0.333333 0.287384 0.284251
724 0 1 104 433 320 0.325 0.279392 0.276228
725 0 1 99 436 318 0.311321 0.265876 0.262599
726 0 1 96 416 322 0.298137 0.262299 0.260163
727 0 1 99 415 301 0.328904 0.28011 0.276536
728 0 1 99 391 302 0.327815 0.2881 0.285714
729 0 1 91 383 297 0.306397 0.269814 0.267647
730 0 1 91 361 275 0.330909 0.288816 0.286164
731 0 1 83 417 310 0.267742 0.23085 0.228336
732 0 1 83 401 314 0.264331 0.233906 0.232168
733 0 1 83 401 295 0.281356 0.241321 0.238506
734 0 1 74 390 292 0.253425 0.219285 0.217009
735 0 1 78 385 275 0.283636 0.239716 0.236364
736 0 1 75 427 356 0.210674 0.192363 0.191571
737 0 1 76 446 328 0.231707 0.198705 0.196382
738 0 1 70 403 297 0.23569 0.202333 0.2
739 0 1 57 372 258 0.22093 0.18399 0.180952
740 0 1 66 471 317 0.208202 0.170806 0.167513
741 0 1 58 443 267 0.217228 0.168644 0.16338
742 0 1 55 430 238 0.231092 0.171925 0.164671
743 0 1 51 482 261 0.195402 0.143789 0.137281
744 0 1 57 412 242 0.235537 0.180517 0.174312
745 0 1 54 413 205 0.263415 0.185585 0.174757
746 0 1 50 429 231 0.21645 0.158831 0.151515
747 0 1 51 404 200 0.255 0.179417 0.168874
748 0 1 37 383 157 0.235669 0.150887 0.137037
749 0 1 33 457 218 0.151376 0.104551 0.0977778
750 0 1 32 419 187 0.171123 0.11432 0.105611
751 0 1 25 351 162 0.154321 0.10484 0.0974659
752 0 1 22 419 274 0.080292 0.0649292 0.0634921
753 0 1 19 364 230 0.0826087 0.0656658 0.0639731
754 0 1 13 325 177 0.0734463 0.054202 0.0517928
755 0 1 14 350 235 0.0595745 0.0488158 0.0478632
756 0 1 11 237 158 0.0696203 0.0568447 0.0556962
757 0 1 8 226 169 0.0473373 0.0409348 0.0405063
758 0 1 4 156 91 0.043956 0.033572 0.0323887
759 0 1 3 173 89 0.0337079 0.024177 0.0229008
760 0 1 2 120 63 0.031746 0.0230022 0.0218579
761 0 1 3 161 87 0.0344828 0.0253483 0.0241935
762 0 1 4 123 73 0.0547945 0.042213 0.0408163
763 0 1 3 166 108 0.0277778 0.0224055 0.0218978
764 0 1 4 125 84 0.047619 0.039036 0.0382775
765 0 1 3 164 122 0.0245902 0.021209 0.020979
766 0 1 1 110 99 0.010101 0.00958266 0.00956938
767 0 1 0 150 129 0 0 0
768 0 1 0 109 89 0 0 0
769 0 1 2 124 110 0.0181818 0.0171247 0.017094
770 0 1 2 157 114 0.0175439 0.0149495 0.0147601
771 0 1 1 168 114 0.00877193 0.00722592 0.0070922
772 0 1 1 170 104 0.00961538 0.00752071 0.00729927
773 0 1 0 106 62 0 0 0
774 0 1 1 146 110 0.00909091 0.00789091 0.0078125
775 0 1 2 117 79 0.0253165 0.0208029 0.0204082
776 0 1 3 175 113 0.0265487 0.0213335 0.0208333
777 0 1 3 117 96 0.03125 0.0283069 0.028169
778 0 1 3 174 144 0.0208333 0.0189524 0.0188679
779 0 1 1 122 94 0.0106383 0.00933805 0.00925926
780 0 1 3 137 95 0.0315789 0.0262966 0.0258621
781 0 1 1 130 132 0.00769231 0.00763381 0.00763359
782 0 1 1 146 158 0.00684932 0.00658408 0.00657895
783 0 1 1 152 166 0.00657895 0.00629541 0.00628931
784 0 1 0 154 168 0 0 0
785 0 1 1 119 118 0.00847458 0.00843889 0.00843882
786 0 1 2 174 151 0.013245 0.0123386 0.0123077
787 0 1 6 130 100 0.06 0.0526235 0.0521739
788 0 1 4 189 118 0.0338983 0.0267848 0.0260586
789 0 1 3 115 80 0.0375 0.0312772 0.0307692
790 0 1 4 154 86 0.0465116 0.0347576 0.0333333
791 0 1 3 112 73 0.0410959 0.033178 0.0324324
792 0 1 4 126 108 0.037037 0.0342896 0.034188
793 0 1 2 85 62 0.0322581 0.0275502 0.0272109
794 0 1 2 113 98 0.0204082 0.0190054 0.0189573
795 0 1 2 105 87 0.0229885 0.0209255 0.0208333
796 0 1 3 168 125 0.024 0.020702 0.0204778
797 0 1 2 112 85 0.0235294 0.020498 0.0203046
798 0 1 3 141 115 0.026087 0.0235593 0.0234375
799 0 1 3 97 85 0.0352941 0.0330389 0.032967
800 0 1 3 149 131 0.0229008 0.021473 0.0214286
801 0 1 1 98 88 0.0113636 0.0107683 0.0107527
802 0 1 0 147 138 0 0 0
803 0 1 0 84 77 0 0 0
804 0 1 1 133 114 0.00877193 0.00812123 0.00809717
805 0 1 2 70 67 0.0298507 0.0292041 0.0291971
806 0 1 2 131 104 0.0192308 0.0171347 0.0170213
807 0 1 1 86 78 0.0128205 0.0122097 0.0121951
808 0 1 0 140 123 0 0 0
809 0 1 0 102 76 0 0 0
810 0 1 1 168 127 0.00787402 0.0068461 0.00677966
811 0 1 2 127 119 0.0168067 0.0162688 0.0162602
812 0 1 1 87 93 0.0114943 0.0111173 0.0111111
813 0 1 0 156 91 0 0 0
814 0 1 1 91 58 0.0172414 0.0137647 0.0134228
815 0 1 1 140 95 0.0105263 0.0086711 0.00851064
816 0 1 1 94 62 0.016129 0.0130991 0.0128205
817 0 1 0 124 103 0 0 0
818 0 1 0 76 59 0 0 0
819 0 1 0 110 87 0 0 0
820 0 1 0 111 100 0 0 0
821 0 1 0 120 106 0 0 0
822 0 1 1 124 111 0.00900901 0.00852369 0.00851064
823 0 1 2 142 107 0.0186916 0.0162253 0.0160643
824 0 1 2 141 95 0.0210526 0.0172806 0.0169492
825 0 1 4 159 113 0.0353982 0.0298416 0.0294118
826 0 1 3 132 76 0.0394737 0.0299521 0.0288462
827 0 1 5 159 98 0.0510204 0.0400552 0.0389105
828 0 1 4 134 80 0.05 0.0386334 0.0373832
829 0 1 3 170 127 0.023622 0.0204171 0.020202
830 0 1 3 134 94 0.0319149 0.0267304 0.0263158
831 0 1 2 174 114 0.0175439 0.0142005 0.0138889
832 0 1 4 134 91 0.043956 0.0362232 0.0355556
833 0 1 2 172 124 0.016129 0.0136948 0.0135135
834 0 1 4 146 91 0.043956 0.0347027 0.0337553
835 0 1 4 184 115 0.0347826 0.0274981 0.0267559
836 0 1 2 137 82 0.0243902 0.0188696 0.0182648
837 0 1 3 173 115 0.026087 0.0212691 0.0208333
838 0 1 4 118 85 0.0470588 0.0399401 0.0394089
839 0 1 2 163 93 0.0215054 0.0162441 0.015625
840 0 1 4 117 76 0.0526316 0.042419 0.0414508
841 0 1 3 169 103 0.0291262 0.0227384 0.0220588
842 0 1 1 114 73 0.0136986 0.0109619 0.0106952
843 0 1 2 144 115 0.0173913 0.0155417 0.015444
844 0 1 0 111 87 0 0 0
845 0 1 2 171 126 0.015873 0.0136253 0.013468
846 0 1 2 140 94 0.0212766 0.0174342 0.017094
847 0 1 3 204 143 0.020979 0.0175646 0.0172911
848 0 1 1 142 98 0.0102041 0.00847701 0.00833333
849 0 1 7 179 142 0.0492958 0.0439063 0.0436137
850 0 1 5 161 116 0.0431034 0.0365871 0.0361011
851 0 1 4 194 129 0.0310078 0.0252851 0.0247678
852 0 1 4 162 84 0.047619 0.0342896 0.0325203
853 0 1 5 184 124 0.0403226 0.0331017 0.0324675
854 0 1 6 145 98 0.0612245 0.0503332 0.0493827
855 0 1 6 197 133 0.0451128 0.0370674 0.0363636
856 0 1 9 157 111 0.0810811 0.0681759 0.0671642
857 0 1 9 223 163 0.0552147 0.0472059 0.0466321
858 0 1 7 179 134 0.0522388 0.045198 0.0447284
859 0 1 9 229 166 0.0542169 0.0461605 0.0455696
860 0 1 9 193 150 0.06 0.0528954 0.0524781
861 0 1 8 238 178 0.0449438 0.0388679 0.0384615
862 0 1 9 188 155 0.0580645 0.0527227 0.0524781
863 0 1 6 230 213 0.028169 0.027108 0.027088
864 0 1 6 196 176 0.0340909 0.0323048 0.0322581
865 0 1 9 212 212 0.0424528 0.0424528 0.0424528
866 0 1 8 185 178 0.0449438 0.0440853 0.0440771
867 0 1 7 203 212 0.0344828 0.0337429 0.0337349
868 0 1 3 155 172 0.0193548 0.0183735 0.0183486
869 0 1 1 168 186 0.00595238 0.00565704 0.00564972
870 0 1 3 140 137 0.0218978 0.0216619 0.0216607
871 0 1 2 142 166 0.0140845 0.0130266 0.012987
872 0 1 2 108 133 0.0185185 0.0166875 0.0165975
873 0 1 2 136 154 0.0147059 0.0138198 0.0137931
874 0 1 1 110 123 0.00909091 0.00859708 0.00858369
875 0 1 0 163 162 0 0 0
876 0 1 0 127 136 0 0 0
877 0 1 5 151 175 0.0331126 0.0307583 0.0306748
878 0 1 4 126 147 0.031746 0.0293911 0.029304
879 0 1 8 155 207 0.0516129 0.0446621 0.0441989
880 0 1 4 138 181 0.0289855 0.0253094 0.0250784
881 0 1 5 124 153 0.0403226 0.0363006 0.0361011
882 0 1 2 169 201 0.0118343 0.0108515 0.0108108
883 0 1 4 156 184 0.025641 0.0236096 0.0235294
884 0 1 2 134 154 0.0149254 0.0139225 0.0138889
885 0 1 1 187 243 0.00534759 0.00469111 0.00465116
886 0 1 4 167 205 0.0239521 0.0216185 0.0215054
887 0 1 7 161 178 0.0434783 0.04135 0.0412979
888 0 1 7 125 167 0.056 0.048449 0.0479452
889 0 1 8 162 229 0.0493827 0.041535 0.0409207
890 0 1 10 144 206 0.0694444 0.0580611 0.0571429
891 0 1 9 139 197 0.0647482 0.0543879 0.0535714
892 0 1 10 106 160 0.0943396 0.0767869 0.075188
893 0 1 7 126 227 0.0555556 0.0413904 0.0396601
894 0 1 1 109 187 0.00917431 0.00700432 0.00675676
895 0 1 0 120 249 0 0 0
896 0 1 4 109 226 0.0366972 0.0254855 0.0238806
897 0 1 1 117 258 0.00854701 0.00575569 0.00533333
898 0 1 1 87 225 0.0114943 0.00714742 0.00641026
899 0 1 0 108 229 0 0 0
900 0 1 1 87 193 0.0114943 0.00771723 0.00714286
901 0 1 3 100 231 0.03 0.0197385 0.0181269
902 0 1 2 74 201 0.027027 0.016399 0.0145455
903 0 1 1 81 202 0.0123457 0.00781775 0.00706714
904 0 1 0 64 177 0 0 0
905 0 1 1 75 189 0.0133333 0.00839921 0.00757576
906 0 1 0 54 159 0 0 0
907 0 1 4 75 201 0.0533333 0.0325785 0.0289855
908 0 1 3 54 168 0.0555556 0.031497 0.027027
909 0 1 3 86 221 0.0348837 0.0217609 0.019544
910 0 1 1 65 162 0.0153846 0.00974509 0.00881057
911 0 1 3 80 176 0.0375 0.0252825 0.0234375
912 0 1 3 55 124 0.0545455 0.036327 0.0335196
913 0 1 2 70 132 0.0285714 0.0208063 0.019802
914 0 1 1 49 96 0.0204082 0.0145803 0.0137931
915 0 1 2 71 121 0.028169 0.0215778 0.0208333
916 0 1 0 59 77 0 0 0
917 0 1 3 79 85 0.0379747 0.0366099 0.0365854
918 0 1 4 73 85 0.0547945 0.0507796 0.0506329
919 0 1 1 61 62 0.0163934 0.0162607 0.0162602
920 0 1 1 86 73 0.0136986 0.0126209 0.0125786
921 0 1 1 76 65 0.0153846 0.0142278 0.0141844
922 0 1 2 61 52 0.0384615 0.035511 0.0353982
923 0 1 1 117 81 0.0123457 0.0102722 0.010101
924 0 1 0 109 66 0 0 0
925 0 1 0 105 53 0 0 0
926 0 1 1 158 84 0.0119048 0.00868024 0.00826446
927 0 1 1 121 68 0.0147059 0.0110243 0.010582
928 0 1 1 174 111 0.00900901 0.00719555 0.00701754
929 0 1 2 137 100 0.02 0.0170872 0.0168776
930 0 1 3 199 140 0.0214286 0.0179734 0.0176991
931 0 1 4 184 123 0.0325203 0.0265888 0.0260586
932 0 1 5 135 88 0.0568182 0.0458735 0.044843
933 0 1 7 168 113 0.0619469 0.0508047 0.0498221
934 0 1 6 118 78 0.0769231 0.0625407 0.0612245
935 0 1 5 159 91 0.0549451 0.0415672 0.04
936 0 1 6 120 83 0.0722892 0.0601204 0.0591133
937 0 1 10 193 136 0.0735294 0.0617237 0.0607903
938 0 1 7 154 104 0.0673077 0.0553122 0.0542636
939 0 1 5 130 81 0.0617284 0.0487254 0.0473934
940 0 1 2 199 121 0.0165289 0.0128887 0.0125
941 0 1 5 157 97 0.0515464 0.0405167 0.0393701
942 0 1 4 206 144 0.0277778 0.0232244 0.0228571
943 0 1 4 159 126 0.031746 0.0282603 0.0280702
944 0 1 5 207 169 0.0295858 0.0267326 0.0265957
945 0 1 5 183 130 0.0384615 0.032417 0.0319489
946 0 1 6 225 166 0.0361446 0.031046 0.0306905
947 0 1 5 180 127 0.0393701 0.0330698 0.0325733
948 0 1 9 198 143 0.0629371 0.0534862 0.0527859
949 0 1 3 238 169 0.0177515 0.0149585 0.014742
950 0 1 7 189 115 0.0608696 0.0474808 0.0460526
951 0 1 4 209 156 0.025641 0.0221526 0.0219178
952 0 1 5 185 128 0.0390625 0.0324922 0.0319489
953 0 1 5 208 179 0.027933 0.0259126 0.0258398
954 0 1 7 186 158 0.0443038 0.0408332 0.0406977
955 0 1 5 210 177 0.0282486 0.0259343 0.0258398
956 0 1 3 166 142 0.0211268 0.0195399 0.0194805
957 0 1 6 195 149 0.0402685 0.0351999 0.0348837
958 0 1 8 151 106 0.0754717 0.0632337 0.0622568
959 0 1 8 174 165 0.0484848 0.0472143 0.0471976
960 0 1 7 148 139 0.0503597 0.0488045 0.0487805
961 0 1 6 192 164 0.0365854 0.0338126 0.0337079
962 0 1 3 177 137 0.0218978 0.0192652 0.0191083
963 0 1 1 202 156 0.00641026 0.00563329 0.00558659
964 0 1 1 167 126 0.00793651 0.00689377 0.00682594
965 0 1 3 190 158 0.0189873 0.0173147 0.0172414
966 0 1 4 160 129 0.0310078 0.0278423 0.0276817
967 0 1 6 190 156 0.0384615 0.0348508 0.0346821
968 0 1 7 172 111 0.0630631 0.0506608 0.04947
969 0 1 8 201 139 0.057554 0.0478613 0.0470588
970 0 1 6 171 117 0.0512821 0.042419 0.0416667
971 0 1 7 205 129 0.0542636 0.0430453 0.0419162
972 0 1 8 193 129 0.0620155 0.050701 0.0496894
973 0 1 8 222 183 0.0437158 0.0396906 0.0395062
974 0 1 12 175 131 0.0916031 0.079255 0.0784314
975 0 1 13 186 151 0.0860927 0.0775708 0.0771513
976 0 1 9 155 144 0.0625 0.0602415 0.0602007
977 0 1 8 210 172 0.0465116 0.0420936 0.0418848
978 0 1 9 168 146 0.0616438 0.0574661 0.0573248
979 0 1 6 201 185 0.0324324 0.0311148 0.0310881
980 0 1 9 183 168 0.0535714 0.0513289 0.0512821
981 0 1 9 207 209 0.0434783 0.0432697 0.0432692
982 0 1 10 186 191 0.0537634 0.0530551 0.0530504
983 0 1 10 226 207 0.0483092 0.0462339 0.0461894
984 0 1 7 191 175 0.04 0.038288 0.0382514
985 0 1 10 245 233 0.0429185 0.0418542 0.041841
986 0 1 6 211 176 0.0340909 0.0311353 0.0310078
987 0 1 7 276 234 0.0299145 0.0275445 0.027451
988 0 1 10 250 188 0.0531915 0.0461266 0.0456621
989 0 1 12 269 232 0.0517241 0.0480354 0.0479042
990 0 1 12 229 200 0.06 0.0560723 0.0559441
991 0 1 16 248 228 0.0701754 0.0672863 0.0672269
992 0 1 8 212 178 0.0449438 0.0411824 0.0410256
993 0 1 13 218 195 0.0666667 0.0630518 0.062954
994 0 1 14 153 160 0.0915033 0.0894792 0.0894569
995 0 1 17 183 205 0.0928962 0.0877701 0.0876289
996 0 1 15 172 178 0.0872093 0.0857269 0.0857143
997 0 1 11 209 222 0.0526316 0.0510673 0.0510441
998 0 1 9 189 192 0.047619 0.0472456 0.0472441
999 0 1 11 158 166 0.0696203 0.0679219 0.0679012
1000 0 1 9 202 206 0.0445545 0.0441198 0.0441176
1001 0 1 8 176 184 0.0454545 0.0444554 0.0444444
1002 0 1 10 219 252 0.0456621 0.0425675 0.0424628
1003 0 1 9 203 220 0.044335 0.0425876 0.0425532
1004 0 1 8 185 197 0.0432432 0.0419055 0.0418848
1005 0 1 7 250 247 0.0283401 0.0281695 0.028169
1006 0 1 9 234 241 0.0384615 0.0378989 0.0378947
1007 0 1 8 214 205 0.0390244 0.038195 0.0381862
1008 0 1 7 269 272 0.0260223 0.0258784 0.025878
1009 0 1 11 251 264 0.0438247 0.0427321 0.0427184
1010 0 1 17 230 239 0.073913 0.072508 0.0724947
1011 0 1 15 267 290 0.0561798 0.0539059 0.05386
1012 0 1 13 257 253 0.0513834 0.050982 0.0509804
1013 0 1 15 238 246 0.0630252 0.0619919 0.0619835
1014 0 1 11 269 282 0.0408922 0.0399385 0.0399274
1015 0 1 13 228 254 0.0570175 0.0540206 0.0539419
1016 0 1 15 219 239 0.0684932 0.0655647 0.0655022
1017 0 1 13 245 279 0.0530612 0.0497231 0.0496183
1018 0 1 17 217 255 0.078341 0.0722685 0.0720339
1019 0 1 16 193 235 0.0829016 0.075129 0.0747664
1020 0 1 16 232 271 0.0689655 0.0638104 0.0636183
1021 0 1 19 212 234 0.0896226 0.0853056 0.0852018
1022 0 1 18 193 213 0.0932643 0.0887777 0.0886699
1023 0 1 15 240 276 0.0625 0.0582815 0.0581395
1024 0 1 17 208 239 0.0817308 0.0762462 0.0760626
1025 0 1 16 191 218 0.0837696 0.0784107 0.0782396
1026 0 1 20 260 298 0.0769231 0.0718514 0.0716846
1027 0 1 20 238 293 0.0840336 0.0757369 0.0753296
1028 0 1 19 236 267 0.0805085 0.0756906 0.0755467
1029 0 1 16 221 232 0.0723982 0.070661 0.0706402
1030 0 1 27 282 301 0.0957447 0.0926736 0.0926244
1031 0 1 23 262 276 0.0877863 0.0855308 0.0855019
1032 0 1 24 260 244 0.0983607 0.0952861 0.0952381
1033 0 1 23 323 336 0.0712074 0.0698163 0.0698027
1034 0 1 30 293 285 0.105263 0.103816 0.103806
1035 0 1 28 281 285 0.0996441 0.0989424 0.0989399
1036 0 1 25 300 315 0.0833333 0.081325 0.0813008
1037 0 1 27 266 310 0.101504 0.0940247 0.09375
1038 0 1 20 251 267 0.0796813 0.0772569 0.0772201
1039 0 1 20 288 339 0.0694444 0.0640079 0.0637958
1040 0 1 24 238 300 0.10084 0.0898177 0.0892193
1041 0 1 25 247 272 0.101215 0.0964511 0.0963391
1042 0 1 30 286 313 0.104895 0.100269 0.100167
1043 0 1 31 259 278 0.119691 0.115529 0.115456
1044 0 1 33 228 249 0.144737 0.138499 0.138365
1045 0 1 25 279 312 0.0896057 0.0847346 0.0846024
1046 0 1 26 246 292 0.105691 0.0970095 0.0966543
1047 0 1 27 239 279 0.112971 0.104559 0.104247
1048 0 1 23 222 259 0.103604 0.0959183 0.0956341
1049 0 1 32 269 346 0.118959 0.10489 0.104065
1050 0 1 28 239 302 0.117155 0.104221 0.103512
1051 0 1 24 237 284 0.101266 0.0925077 0.0921305
1052 0 1 21 252 337 0.0833333 0.0720616 0.0713073
1053 0 1 21 224 315 0.09375 0.0790569 0.0779221
1054 0 1 21 208 265 0.100962 0.0894468 0.0887949
1055 0 1 20 252 317 0.0793651 0.070762 0.0702988
1056 0 1 20 196 280 0.102041 0.0853735 0.0840336
1057 0 1 12 172 252 0.0697674 0.057639 0.0566038
1058 0 1 14 201 293 0.0696517 0.0576894 0.0566802
1059 0 1 15 177 254 0.0847458 0.0707437 0.0696056
1060 0 1 12 150 227 0.08 0.0650313 0.0636605
1061 0 1 15 176 295 0.0852273 0.06583 0.0636943
1062 0 1 15 167 261 0.0898204 0.0718477 0.0700935
1063 0 1 15 147 226 0.102041 0.0822959 0.080429
1064 0 1 47 450 396 0.118687 0.111338 0.111111
1065 0 1 32 368 297 0.107744 0.0967939 0.0962406
1066 0 1 30 311 268 0.11194 0.103914 0.103627
1067 0 1 28 261 231 0.121212 0.114033 0.113821
1068 0 1 27 238 247 0.113445 0.111359 0.11134
1069 0 1 25 280 330 0.0892857 0.082244 0.0819672
1070 0 1 19 243 289 0.0781893 0.0716971 0.0714286
1071 0 1 20 214 257 0.0934579 0.0852818 0.0849257
1072 0 1 25 252 244 0.102459 0.10082 0.100806
1073 0 1 22 239 217 0.101382 0.0966037 0.0964912
1074 0 1 23 297 246 0.0934959 0.0850907 0.0847145
1075 0 1 18 260 215 0.0837209 0.0761319 0.0757895
1076 0 1 22 237 181 0.121547 0.106221 0.105263
1077 0 1 23 239 178 0.129213 0.111511 0.110312
1078 0 1 25 326 256 0.0976562 0.0865389 0.0859107
1079 0 1 21 271 221 0.0950226 0.0858101 0.0853659
1080 0 1 29 261 204 0.142157 0.125679 0.124731
1081 0 1 22 239 179 0.122905 0.106365 0.105263
1082 0 1 27 282 252 0.107143 0.101284 0.101124
1083 0 1 23 258 215 0.106977 0.097656 0.0972516
1084 0 1 22 230 201 0.109453 0.10232 0.102088
1085 0 1 25 225 193 0.129534 0.119969 0.119617
1086 0 1 26 312 282 0.0921986 0.0876539 0.0875421
1087 0 1 29 277 269 0.107807 0.106239 0.106227
1088 0 1 29 258 236 0.122881 0.117526 0.117409
1089 0 1 32 258 217 0.147465 0.135242 0.134737
1090 0 1 39 238 213 0.183099 0.173215 0.172949
1091 0 1 44 314 303 0.145215 0.142648 0.142626
1092 0 1 51 319 307 0.166124 0.162969 0.162939
1093 0 1 45 324 285 0.157895 0.148087 0.147783
1094 0 1 55 333 308 0.178571 0.171738 0.171607
1095 0 1 59 335 297 0.198653 0.187047 0.186709
1096 0 1 57 314 293 0.194539 0.187921 0.187809
1097 0 1 53 303 296 0.179054 0.176974 0.176962
1098 0 1 52 292 294 0.178082 0.177475 0.177474
1099 0 1 56 302 299 0.187291 0.186358 0.186356
1100 0 1 68 298 287 0.236934 0.23252 0.232479

# ---------- Global Summary ----------
# CorrFrames: 1097
avg_CorrEdges: 17.2078
avg_match_A: 226.458
avg_match_B: 183.707
global_RI_MNR: 0.0936698
global_RI_GNR: 0.0843664
global_RI_DICE: 0.0839069

# ---------- Per-Channel Summary ----------
chA: 0 chB: 1 | avgC: 17.2078 avgA: 226.458 avgB: 183.707 MNR: 0.0750452 GNR: 0.0646753 DICE: 0.0637487
